0 0.015582386363636364 0.6535384615384616 0.03028409090909091 0.13319230769230778
0 0.4805113636363636 0.22670192307692305 0.05167613636363644 0.06994230769230768
0 0.13897017045454546 0.5814423076923078 0.05484375 0.050615384615384604
0 0.8683451704545455 0.41466346153846156 0.09336647727272714 0.17328846153846156
0 0.8318607954545455 0.7081442307692308 0.03965909090909101 0.05967307692307687
0 0.2068465909090909 0.7196346153846155 0.032244318181818166 0.0446538461538461
0 0.2781107954545454 0.4761923076923077 0.05284090909090908 0.0777307692307692
0 0.18814630681818184 0.6922307692307693 0.029218750000000012 0.031653846153846116
0 0.4489204545454545 0.01933653846153846 0.07130681818181817 0.03851923076923077
0 0.8172798295454545 0.014490384615384615 0.03194602272727274 0.02851923076923077
0 0.40471590909090904 0.3001826923076923 0.08190340909090912 0.10182692307692305
0 0.1467471590909091 0.49976923076923074 0.05164772727272727 0.04819230769230775
0 0.6965269886363636 0.33135576923076926 0.07032670454545453 0.11009615384615384
0 0.02524857954545455 0.18386538461538462 0.049900568181818185 0.10984615384615386
0 0.9787215909090908 0.1591923076923077 0.04255681818181823 0.07123076923076921
0 0.10888494318181818 0.7251346153846153 0.05038352272727273 0.11834615384615378
0 0.5985866477272727 0.5203269230769231 0.04362215909090906 0.10450000000000001
0 0.8261292613636364 0.2085096153846154 0.020582386363636376 0.02563461538461538
0 0.06817471590909091 0.016778846153846155 0.04092329545454545 0.03355769230769231
0 0.15767045454545456 0.04031730769230769 0.0659375 0.06282692307692307
0 0.9488636363636364 0.7370865384615384 0.0246306818181817 0.02359615384615392
0 0.1739559659090909 0.025413461538461538 0.08759943181818185 0.050826923076923075
0 0.3962642045454545 0.49586538461538465 0.07241477272727272 0.0937307692307693
0 0.07727982954545455 0.075875 0.02745738636363635 0.03932692307692308
0 0.738018465909091 0.13088461538461538 0.05899147727272731 0.09780769230769229
0 0.5328267045454546 0.34370192307692304 0.09863636363636363 0.12405769230769229
0 0.14765625 0.13324999999999998 0.018664772727272728 0.021653846153846162
0 0.555965909090909 0.45483653846153843 0.05980113636363631 0.12574999999999997
0 0.37997869318181815 0.2535673076923077 0.09961647727272727 0.1398653846153846
0 0.3936008522727273 0.18453846153846154 0.02188920454545458 0.029423076923076916
0 0.045973011363636365 0.665451923076923 0.04896306818181818 0.115173076923077
0 0.9669247159090908 0.025144230769230773 0.050525568181818255 0.05005769230769231
0 0.20206676136363635 0.768576923076923 0.050497159090909086 0.051846153846153806
0 0.9816264204545455 0.7847788461538462 0.036747159090909094 0.06486538461538455
0 0.0980681818181818 0.666673076923077 0.06053977272727273 0.08607692307692306
0 0.2836647727272727 0.5590384615384616 0.02434659090909093 0.024153846153846158
0 0.2282315340909091 0.9803076923076923 0.03623579545454548 0.03938461538461542
0 0.011590909090909091 0.04446153846153846 0.022926136363636364 0.08892307692307692
0 0.9186221590909092 0.39975 0.08576704545454544 0.10934615384615387
0 0.21929687499999997 0.6517980769230769 0.11833806818181816 0.14148076923076933
0 0.9046377840909091 0.30864423076923075 0.12058238636363634 0.09594230769230766
0 0.18700284090909092 0.5039807692307692 0.026676136363636346 0.03038461538461546
0 0.8176349431818182 0.1873173076923077 0.0207244318181817 0.041173076923076916
0 0.21157670454545452 0.23936538461538462 0.013522727272727287 0.02553846153846157
0 0.18602272727272726 0.7389326923076923 0.03423295454545454 0.030096153846153804
0 0.9772514204545455 0.8058846153846154 0.044446022727272674 0.0833076923076924
0 0.12446732954545454 0.6162403846153846 0.04975852272727273 0.06017307692307685
0 0.3080255681818182 0.2170576923076923 0.05409090909090907 0.07634615384615386
0 0.7066477272727273 0.29067307692307687 0.03937499999999996 0.04238461538461537
0 0.012727272727272728 0.2942019230769231 0.02502840909090909 0.1214423076923077
0 0.9846022727272726 0.07042307692307694 0.030511363636363663 0.10342307692307692
0 0.15046164772727275 0.7194519230769231 0.03907670454545455 0.11309615384615385
0 0.035625 0.032163461538461544 0.04028409090909091 0.06432692307692309
0 0.9116406250000001 0.29020192307692305 0.06120738636363641 0.044826923076923084
