0 0.9170241477272728 0.3333653846153846 0.09026988636363646 0.09469230769230771
0 0.26389914772727274 0.7318076923076924 0.041321022727272734 0.11757692307692305
0 0.2626278409090909 0.2966634615384615 0.07409090909090908 0.10821153846153848
0 0.2734161931818182 0.3851153846153846 0.07583806818181821 0.09557692307692311
0 0.2328693181818182 0.2705961538461539 0.09275568181818183 0.10346153846153848
0 0.08026278409090909 0.062625 0.12691761363636364 0.12525
0 0.12316051136363636 0.8752211538461538 0.06731534090909091 0.0991346153846154
0 0.7589772727272728 0.5607596153846154 0.11124999999999999 0.11378846153846157
0 0.2987926136363636 0.17735576923076923 0.0683806818181818 0.08528846153846155
0 0.25808238636363634 0.9647692307692308 0.06892045454545452 0.07046153846153844
0 0.20779119318181818 0.33575 0.03907670454545453 0.0679230769230769
0 0.4405965909090909 0.5605384615384615 0.020909090909090947 0.02638461538461533
0 0.669609375 0.21834615384615383 0.0505823863636363 0.0703846153846154
0 0.9237642045454545 0.425375 0.024801136363636254 0.03275
0 0.9361647727272726 0.22167307692307694 0.08190340909090904 0.1270769230769231
0 0.4632741477272727 0.9141538461538462 0.060553977272727266 0.0600769230769231
0 0.049857954545454546 0.042567307692307696 0.09971590909090909 0.08513461538461539
0 0.9177982954545455 0.18 0.02803977272727274 0.03173076923076923
0 0.7609019886363636 0.6472692307692308 0.12160511363636366 0.17007692307692307
0 0.029467329545454547 0.513423076923077 0.05893465909090909 0.11107692307692311
0 0.2938352272727273 0.3235096153846154 0.06534090909090909 0.06555769230769232
0 0.46581676136363637 0.6349903846153847 0.08228693181818175 0.13451923076923075
0 0.8973011363636364 0.2702403846153846 0.05082386363636376 0.0833653846153846
0 0.05066051136363636 0.6788557692307692 0.10132102272727272 0.16848076923076927
0 0.028323863636363637 0.8104134615384616 0.05664772727272727 0.13148076923076923
0 0.28210937500000005 0.5185769230769232 0.08839488636363635 0.1115769230769231
0 0.7940127840909089 0.7227307692307692 0.09569602272727273 0.16469230769230767
0 0.42510653409090904 0.9317211538461538 0.1166051136363636 0.1365576923076923
0 0.29699573863636364 0.11395192307692308 0.06632102272727272 0.0611346153846154
0 0.5575994318181817 0.6483076923076924 0.10713068181818185 0.15157692307692305
0 0.9892471590909092 0.44195192307692305 0.0215056818181818 0.05198076923076923
0 0.819453125 0.07691346153846154 0.04174715909090907 0.06686538461538462
0 0.21818181818181817 0.9764519230769231 0.06267045454545456 0.047096153846153864
0 0.4894318181818182 0.9597884615384616 0.06889204545454546 0.08042307692307692
0 0.4955042613636364 0.5694134615384616 0.05223011363636369 0.1092884615384615
0 0.22558238636363637 0.3930192307692308 0.07116477272727276 0.07819230769230769
0 0.09774857954545454 0.14567307692307693 0.0911221590909091 0.07073076923076924
0 0.11398437500000001 0.26034615384615384 0.08234375000000001 0.11784615384615388
0 0.21528409090909092 0.6881346153846154 0.09448863636363636 0.12311538461538458
0 0.5485866477272727 0.5685865384615384 0.09072443181818182 0.12036538461538457
0 0.17564630681818183 0.9105480769230769 0.053224431818181796 0.10063461538461535
