0 0.2929332386363636 0.4649230769230769 0.05484375000000002 0.13488461538461535
0 0.12781960227272726 0.8322980769230769 0.03666193181818182 0.043096153846153895
0 0.8401704545454546 0.11389423076923076 0.06278409090909097 0.1259423076923077
0 0.5189133522727273 0.117375 0.055411931818181805 0.08748076923076924
0 0.08732954545454547 0.23555769230769233 0.04048295454545456 0.08823076923076925
0 0.12609375 0.12359615384615384 0.08758522727272727 0.17223076923076924
0 0.13926136363636363 0.9317211538461538 0.06482954545454546 0.1365576923076923
0 0.9299857954545455 0.13297115384615385 0.07150568181818186 0.08225
0 0.6878196022727273 0.7247403846153846 0.023196022727272704 0.040134615384615394
0 0.718359375 0.4509423076923077 0.031008522727272704 0.02980769230769231
0 0.6102201704545455 0.18715384615384614 0.06805397727272731 0.07153846153846155
0 0.08919744318181819 0.19649038461538465 0.05799715909090908 0.10263461538461542
0 0.8980113636363637 0.04533653846153846 0.06917613636363627 0.09067307692307693
0 0.8869886363636365 0.15107692307692308 0.041818181818181734 0.09642307692307692
0 0.09752840909090908 0.1669423076923077 0.05397727272727273 0.08553846153846155
0 0.5902698863636363 0.8523076923076923 0.04076704545454544 0.046653846153846136
0 0.9019176136363637 0.7069519230769231 0.19616477272727276 0.27940384615384606
0 0.40046875 0.02135576923076923 0.07409090909090908 0.04159615384615385
0 0.7112997159090909 0.49513461538461545 0.026605113636363663 0.060038461538461485
0 0.9807031249999999 0.23147115384615383 0.013565340909091006 0.01863461538461538
0 0.046321022727272725 0.08841346153846154 0.09264204545454545 0.13840384615384616
0 0.5822301136363636 0.8793365384615385 0.08443181818181818 0.07425000000000002
0 0.013586647727272727 0.7817596153846154 0.027173295454545453 0.0991346153846154
0 0.36772727272727274 0.4693942307692307 0.16079545454545457 0.2620192307692307
0 0.17387073863636363 0.8533942307692307 0.05504261363636364 0.12525
0 0.027514204545454547 0.25422115384615385 0.05502840909090909 0.08590384615384616
0 0.8818821022727273 0.09185576923076923 0.054360795454545426 0.06140384615384615
0 0.12456676136363636 0.802875 0.07529829545454546 0.11017307692307686
0 0.5661505681818183 0.13409615384615384 0.07926136363636366 0.1621153846153846
0 0.23161221590909092 0.9091634615384615 0.09015625 0.14721153846153848
0 0.7169460227272727 0.5233942307692308 0.016164772727272722 0.024365384615384646
0 0.8509232954545454 0.9756730769230769 0.06977272727272728 0.04865384615384617
0 0.9399644886363636 0.08239423076923076 0.056803977272727284 0.04828846153846154
0 0.9387642045454545 0.04352884615384615 0.05318181818181826 0.06382692307692307
0 0.8017968750000001 0.9696442307692308 0.07208806818181818 0.06021153846153847
0 0.622862215909091 0.8472596153846154 0.04049715909090908 0.11974999999999997
0 0.02435369318181818 0.8410384615384616 0.04870738636363636 0.044307692307692347
0 0.859375 0.05773076923076923 0.04298295454545453 0.07342307692307692
0 0.19548295454545456 0.9507019230769231 0.088125 0.0985961538461538
0 0.02421164772727273 0.6200384615384614 0.04842329545454546 0.07269230769230771
