0 0.8002272727272728 0.4649230769230769 0.04974431818181815 0.05069230769230766
0 0.6347869318181818 0.46651923076923074 0.05321022727272724 0.057884615384615375
0 0.55671875 0.017442307692307694 0.0855965909090909 0.03488461538461539
0 0.2211150568181818 0.015932692307692307 0.11521306818181819 0.031865384615384615
0 0.24671164772727272 0.07180769230769231 0.06069602272727275 0.07384615384615384
0 0.3488423295454545 0.46347115384615384 0.08788352272727269 0.13667307692307695
0 0.28852982954545453 0.1669423076923077 0.04348011363636366 0.07311538461538461
0 0.20051136363636363 0.5745288461538461 0.09758522727272725 0.10221153846153842
0 0.09321732954545454 0.19707692307692307 0.06251420454545455 0.09073076923076921
0 0.3980539772727273 0.26441346153846157 0.08201704545454547 0.0799423076923077
0 0.1878622159090909 0.07902884615384616 0.06776988636363637 0.09590384615384616
0 0.4176917613636364 0.5155384615384616 0.12174715909090915 0.1595
0 0.50453125 0.7182307692307692 0.15232954545454547 0.13776923076923075
0 0.39891335227272723 0.9456826923076923 0.08041193181818179 0.10828846153846143
0 0.2276917613636364 0.40973076923076923 0.1745028409090909 0.2273846153846154
0 0.3330681818181818 0.27140384615384616 0.04278409090909092 0.08642307692307692
0 0.7326775568181819 0.21333653846153847 0.11774147727272725 0.21017307692307696
0 0.4525213068181818 0.7715673076923077 0.05330965909090905 0.06894230769230762
0 0.25977272727272727 0.17406730769230766 0.049090909090909095 0.059826923076923076
0 0.7234659090909091 0.4598653846153846 0.029943181818181876 0.0637307692307692
0 0.1520809659090909 0.6372115384615386 0.08475852272727273 0.12823076923076923
0 0.08787642045454545 0.36374038461538466 0.06481534090909093 0.07390384615384617
0 0.029140625 0.3292596153846154 0.05828125 0.046019230769230784
0 0.283984375 0.7007884615384615 0.1344744318181818 0.15619230769230763
0 0.23364346590909094 0.03525961538461539 0.08015624999999997 0.05651923076923077
0 0.11811789772727273 0.07354807692307694 0.058338068181818185 0.10090384615384616
0 0.4675 0.6445192307692307 0.08125000000000006 0.12453846153846151
0 0.13458806818181818 0.0692403846153846 0.044488636363636355 0.06421153846153846
0 0.27612926136363636 0.6562788461538461 0.1175994318181818 0.11678846153846158
0 0.43551846590909093 0.025451923076923077 0.02393465909090904 0.03825
0 0.026470170454545458 0.534326923076923 0.052940340909090916 0.12184615384615381
0 0.4155752840909091 0.6133942307692308 0.08240056818181817 0.06848076923076915
0 0.8756178977272726 0.38123076923076926 0.0609517045454545 0.0708076923076923
0 0.05969460227272728 0.29783653846153846 0.06921875000000001 0.08144230769230773
0 0.14625710227272729 0.04733653846153846 0.08470170454545455 0.04425
0 0.3857741477272727 0.1916346153846154 0.061775568181818154 0.09853846153846153
0 0.6122230113636363 0.03521153846153846 0.06257102272727266 0.07042307692307692
0 0.19103693181818182 0.1598173076923077 0.06031249999999999 0.08451923076923076
0 0.12384232954545454 0.8959134615384615 0.051718749999999994 0.11313461538461546
0 0.19748579545454545 0.6415480769230769 0.04664772727272726 0.06363461538461533
0 0.5066619318181819 0.03466346153846154 0.06298295454545459 0.06932692307692308
0 0.29746448863636366 0.48391346153846154 0.1311505681818182 0.0957884615384616
0 0.5781107954545455 0.07478846153846154 0.06701704545454547 0.09292307692307691
0 0.37000000000000005 0.15957692307692306 0.058948863636363674 0.13476923076923075
0 0.6513849431818182 0.4945384615384616 0.06549715909090911 0.07573076923076928
0 0.14710227272727272 0.12948076923076923 0.056818181818181816 0.07176923076923075
0 0.10439630681818182 0.7234134615384615 0.062457386363636375 0.11536538461538463
0 0.418984375 0.6642884615384614 0.04615056818181811 0.04865384615384617
0 0.8972585227272727 0.6198269230769231 0.052954545454545414 0.12123076923076916
0 0.9792897727272728 0.029124999999999998 0.04110795454545446 0.058249999999999996
0 0.5445383522727273 0.1792403846153846 0.03845170454545454 0.04367307692307694
0 0.12366477272727273 0.2576634615384616 0.09971590909090908 0.11009615384615387
0 0.2947585227272727 0.5806250000000001 0.1590909090909091 0.15498076923076928
0 0.9455823863636365 0.04897115384615385 0.058096590909090876 0.09721153846153847
0 0.33154829545454545 0.1649326923076923 0.052471590909090905 0.11240384615384615
0 0.6779971590909091 0.5114711538461539 0.07414772727272734 0.10098076923076926
0 0.9875142045454546 0.1101923076923077 0.02465909090909093 0.10242307692307694
0 0.774815340909091 0.5018557692307692 0.07701704545454549 0.08690384615384615
0 0.022826704545454546 0.48690384615384613 0.04565340909090909 0.05861538461538465
0 0.34076704545454545 0.7085961538461539 0.05696022727272727 0.10638461538461537
0 0.04423295454545455 0.38776923076923075 0.0884659090909091 0.08430769230769232
0 0.21558948863636365 0.18284615384615385 0.050497159090909106 0.07453846153846153
0 0.31448153409090907 0.20777884615384615 0.05822443181818179 0.0940192307692308
0 0.24171164772727274 0.12065384615384614 0.06558238636363635 0.09638461538461537
0 0.5984303977272728 0.9087788461538462 0.09268465909090909 0.09440384615384621
0 0.4351633522727273 0.4208653846153846 0.05819602272727269 0.11730769230769231
0 0.7148366477272727 0.5139326923076923 0.09870738636363638 0.1490192307692308
0 0.38919034090909094 0.7890673076923077 0.047499999999999994 0.06394230769230769
0 0.37096590909090915 0.6370480769230769 0.056335227272727266 0.09151923076923073
0 0.12663352272727274 0.019490384615384614 0.0574715909090909 0.03890384615384616
0 0.15875 0.01794230769230769 0.049573863636363645 0.03588461538461538
0 0.015767045454545454 0.2925961538461538 0.03153409090909091 0.09549999999999999
0 0.5593892045454546 0.8027884615384616 0.024204545454545402 0.041230769230769224
0 0.5191761363636364 0.07205769230769231 0.05894886363636364 0.09946153846153846
0 0.3649147727272727 0.7217692307692307 0.04326704545454547 0.0976153846153846
0 0.96640625 0.0641826923076923 0.06576704545454538 0.06086538461538462
0 0.13480823863636363 0.5364423076923077 0.056633522727272734 0.0964230769230769
0 0.16917613636363635 0.5227115384615385 0.09329545454545453 0.09980769230769226
