0 0.5252201704545455 0.4824519230769231 0.09907670454545454 0.11709615384615382
0 0.7462002840909091 0.9856538461538461 0.04859374999999989 0.028692307692307722
0 0.6880823863636363 0.3098942307692308 0.029517045454545497 0.03786538461538461
0 0.08671164772727273 0.6708173076923076 0.05029829545454545 0.07455769230769227
0 0.21563920454545454 0.6184519230769231 0.08340909090909089 0.09482692307692309
0 0.4432457386363636 0.6094038461538461 0.05779829545454545 0.06226923076923076
0 0.020063920454545456 0.16408653846153848 0.04012784090909091 0.08082692307692307
0 0.7496519886363636 0.07404807692307691 0.0191051136363637 0.02844230769230769
0 0.5205042613636364 0.2607596153846154 0.07313920454545456 0.1080576923076923
0 0.07046875 0.7565865384615383 0.04329545454545454 0.06594230769230773
0 0.5161789772727272 0.9178557692307692 0.05582386363636365 0.16394230769230758
0 0.5034019886363637 0.41511538461538466 0.06251420454545453 0.08461538461538462
0 0.6795383522727273 0.6135192307692308 0.02589488636363639 0.030384615384615406
0 0.20826704545454547 0.025278846153846152 0.030681818181818175 0.03544230769230769
0 0.4857102272727273 0.5737403846153847 0.05542613636363634 0.07505769230769237
0 0.90625 0.3701923076923077 0.02556818181818182 0.025
0 0.5716690340909091 0.9149423076923077 0.07987215909090911 0.1404615384615384
0 0.03388494318181818 0.6001826923076924 0.06757102272727272 0.09617307692307701
0 0.6252840909090909 0.753125 0.10812500000000001 0.087826923076923
0 0.6057883522727273 0.8135384615384614 0.07703124999999994 0.09696153846153849
0 0.11774857954545456 0.7458173076923078 0.06717329545454546 0.07801923076923076
0 0.43164772727272727 0.879 0.058977272727272705 0.10219230769230767
0 0.46958806818181825 0.41271153846153846 0.053863636363636384 0.08942307692307692
0 0.6984090909090909 0.8159326923076923 0.03971590909090914 0.10059615384615385
0 0.901484375 0.08342307692307693 0.06419034090909098 0.11
0 0.12300426136363636 0.6544423076923077 0.10759943181818182 0.12284615384615384
0 0.6883877840909091 0.9066826923076924 0.0668323863636363 0.09367307692307689
0 0.6840056818181818 0.24496153846153845 0.05321022727272724 0.07519230769230771
0 0.4123863636363637 0.814326923076923 0.04874999999999999 0.06226923076923076
0 0.6480894886363636 0.855576923076923 0.07901988636363635 0.12880769230769223
0 0.46487215909090907 0.820451923076923 0.0279261363636364 0.048980769230769286
0 0.6904048295454546 0.2864903846153846 0.08078125000000001 0.061519230769230784
0 0.02362215909090909 0.21347115384615384 0.04724431818181818 0.06798076923076925
0 0.4400994318181819 0.43454807692307695 0.05937500000000002 0.09048076923076925
0 0.9554829545454545 0.8777788461538462 0.06718749999999994 0.09044230769230764
0 0.47843750000000007 0.7980961538461538 0.04874999999999999 0.08834615384615384
0 0.46880681818181813 0.8790000000000001 0.04363636363636359 0.07346153846153844
0 0.9805539772727272 0.8990673076923077 0.03889204545454545 0.06886538461538462
0 0.4774573863636364 0.4765865384615385 0.02477272727272727 0.03832692307692309
0 0.27224431818181816 0.9728749999999999 0.023352272727272725 0.025557692307692236
0 0.3895809659090909 0.6479903846153847 0.06132102272727275 0.10859615384615379
0 0.1469034090909091 0.03443269230769231 0.018948863636363642 0.028096153846153847
0 0.515 0.6908365384615385 0.051107954545454574 0.1037884615384616
0 0.5601633522727273 0.8491249999999999 0.06765624999999999 0.10582692307692314
0 0.45051846590909095 0.5032115384615384 0.049531250000000006 0.06599999999999999
0 0.3746164772727273 0.1354423076923077 0.057556818181818195 0.11426923076923078
0 0.039488636363636365 0.40973076923076923 0.07897727272727273 0.15265384615384614
0 0.5362286931818182 0.7767980769230769 0.06919034090909096 0.13094230769230775
0 0.4395170454545454 0.7658846153846154 0.04874999999999999 0.1357307692307692
0 0.7231818181818181 0.8851249999999999 0.040482954545454544 0.1282884615384615
0 0.844012784090909 0.28018269230769227 0.06174715909090897 0.061519230769230784
0 0.5613920454545455 0.21497115384615384 0.05661931818181812 0.09421153846153846
0 0.16170454545454546 0.9702692307692307 0.07042613636363636 0.05946153846153849
0 0.045 0.5128076923076923 0.06553977272727272 0.07153846153846152
0 0.4737144886363636 0.7100000000000001 0.057400568181818136 0.11019230769230771
0 0.3270454545454546 0.1221923076923077 0.049886363636363645 0.05038461538461539
0 0.1225284090909091 0.7716730769230769 0.04616477272727273 0.0642307692307693
0 0.39901988636363633 0.7592403846153847 0.061335227272727284 0.07024999999999995
0 0.3082457386363636 0.053125 0.039133522727272746 0.10128846153846154
0 0.3435440340909091 0.07519230769230771 0.04603693181818181 0.10596153846153848
0 0.9532457386363636 0.13140384615384615 0.09350852272727278 0.11996153846153845
