0 0.887315340909091 0.11667307692307692 0.032784090909090964 0.035653846153846154
0 0.5767258522727272 0.8898076923076923 0.06669034090909089 0.06469230769230766
0 0.06409801136363637 0.2247307692307692 0.08387784090909091 0.09338461538461536
0 0.08838068181818182 0.17578846153846153 0.06071022727272728 0.06126923076923077
0 0.3748224431818182 0.4668076923076923 0.16501420454545454 0.2478846153846154
0 0.35397017045454543 0.3858557692307692 0.08436079545454543 0.10605769230769233
0 0.025184659090909087 0.6221346153846153 0.04704545454545454 0.08600000000000005
0 0.03434659090909091 0.17706730769230766 0.06869318181818182 0.08440384615384615
0 0.7467613636363637 0.051278846153846154 0.06232954545454545 0.06848076923076923
0 0.03199573863636363 0.1101923076923077 0.06399147727272726 0.07165384615384617
0 0.1222159090909091 0.10772115384615384 0.0646875 0.11798076923076922
0 0.8721661931818182 0.16240384615384615 0.06904829545454531 0.08942307692307692
0 0.8224005681818182 0.05328846153846154 0.048892045454545396 0.06388461538461539
0 0.14607954545454546 0.15198076923076922 0.05982954545454546 0.11523076923076922
0 0.8333522727272729 0.11547115384615385 0.0758522727272727 0.0764423076923077
0 0.9304758522727272 0.14172115384615383 0.056463068181818184 0.08278846153846153
0 0.7816903409090908 0.9792980769230769 0.05056818181818185 0.03821153846153836
0 0.8369744318181819 0.9577980769230768 0.114090909090909 0.08121153846153839
0 0.1395099431818182 0.9211730769230769 0.09526988636363636 0.15446153846153834
0 0.18302556818181817 0.9140192307692308 0.07644886363636362 0.1624230769230769
0 0.05063920454545454 0.082 0.10127840909090909 0.13534615384615384
0 0.682890625 0.5501538461538462 0.2716903409090909 0.265923076923077
0 0.9490980113636364 0.10393269230769231 0.05887784090909081 0.05836538461538462
0 0.5285795454545454 0.1105576923076923 0.06741477272727278 0.08099999999999999
0 0.6031676136363636 0.137375 0.10872159090909085 0.10040384615384616
0 0.6558380681818182 0.15904807692307693 0.057301136363636325 0.09128846153846154
0 0.024524147727272728 0.25203846153846154 0.049048295454545456 0.06276923076923077
0 0.031264204545454546 0.8111153846153846 0.06252840909090909 0.15630769230769237
0 0.6297088068181819 0.865875 0.05731534090909094 0.13805769230769224
0 0.17799005681818184 0.8014134615384616 0.06404829545454543 0.08444230769230775
0 0.12279119318181818 0.8054038461538462 0.07163352272727273 0.12892307692307686
0 0.16113636363636363 0.7597692307692309 0.062357954545454536 0.08330769230769229
0 0.8595312499999999 0.02783653846153846 0.06306818181818179 0.05567307692307692
0 0.9439701704545456 0.7497788461538462 0.11205965909090908 0.2510192307692307
0 0.8732741477272729 0.7293461538461539 0.1425142045454546 0.2572307692307692
0 0.6882812500000001 0.7230000000000001 0.021278409090909115 0.03842307692307685
0 0.5731747159090909 0.8014326923076923 0.07473011363636366 0.09798076923076932
0 0.5675071022727273 0.8539519230769231 0.06811079545454544 0.055711538461538514
