0 0.34037642045454547 0.667826923076923 0.07458806818181817 0.07938461538461544
0 0.8478693181818183 0.03601923076923077 0.08866477272727268 0.07203846153846154
0 0.9630397727272727 0.4229807692307692 0.07247159090909089 0.1264230769230769
0 0.5826491477272727 0.7470769230769231 0.04805397727272733 0.06684615384615383
0 0.6877272727272726 0.4215961538461539 0.043607954545454526 0.08803846153846154
0 0.23126420454545454 0.735798076923077 0.05781249999999998 0.0585961538461539
0 0.8456178977272728 0.32440384615384615 0.05555397727272729 0.09715384615384612
0 0.6469886363636363 0.4099038461538461 0.03786931818181822 0.10473076923076925
0 0.8831036931818183 0.14909615384615385 0.1019460227272727 0.0943076923076923
0 0.09393465909090909 0.7246634615384616 0.08559659090909091 0.17271153846153847
0 0.7641477272727273 0.1258846153846154 0.061022727272727326 0.11911538461538462
0 0.06180397727272728 0.06677884615384616 0.05258522727272728 0.07301923076923077
0 0.6308238636363637 0.5315961538461539 0.04718749999999996 0.089
0 0.6844247159090909 0.7180288461538461 0.08830965909090903 0.08763461538461548
0 0.8924928977272728 0.370625 0.07407670454545451 0.09401923076923074
0 0.5381747159090909 0.4015192307692308 0.06345170454545448 0.0604230769230769
0 0.2665909090909091 0.6822019230769231 0.07045454545454545 0.08625000000000005
0 0.38626420454545457 0.9330480769230769 0.056761363636363686 0.07686538461538467
0 0.36993607954545454 0.9104134615384615 0.04200284090909094 0.06317307692307686
0 0.24294744318181818 0.6911538461538461 0.027514204545454553 0.05330769230769225
0 0.9439914772727274 0.24977884615384613 0.03372159090909092 0.059326923076923097
0 0.7488068181818182 0.5655961538461539 0.06539772727272722 0.08123076923076925
0 0.2446803977272727 0.033394230769230766 0.05899147727272727 0.06678846153846153
0 0.6535227272727272 0.6293461538461538 0.02786931818181819 0.029076923076923087
0 0.018011363636363638 0.08838461538461538 0.023267045454545457 0.034230769230769224
0 0.5437002840909091 0.31575 0.04362215909090906 0.06796153846153846
0 0.4366548295454545 0.6452403846153846 0.08899147727272733 0.14648076923076925
0 0.6774360795454545 0.5090673076923078 0.07078124999999998 0.06240384615384613
0 0.6232386363636363 0.45310576923076923 0.04011363636363638 0.06890384615384618
0 0.2661931818181818 0.722298076923077 0.03889204545454545 0.05009615384615387
0 0.7169389204545454 0.6466634615384615 0.06419034090909098 0.07909615384615384
0 0.4812571022727273 0.40390384615384617 0.05859375 0.07576923076923073
0 0.4324431818181818 0.22514423076923074 0.025284090909090843 0.030134615384615388
0 0.8290411931818181 0.11651923076923078 0.056633522727272734 0.0921923076923077
0 0.6078551136363637 0.10876923076923077 0.07920454545454544 0.07988461538461539
0 0.9694389204545455 0.18611538461538463 0.04146306818181826 0.10542307692307691
0 0.5210653409090908 0.2979230769230769 0.05596590909090906 0.09915384615384616
0 0.4000852272727272 0.1708269230769231 0.060340909090909035 0.06115384615384615
0 0.46644176136363635 0.3731538461538461 0.08163352272727277 0.06596153846153849
0 0.7385298295454544 0.19799038461538462 0.048877840909090864 0.13371153846153847
0 0.5415269886363636 0.9139711538461538 0.023934659090909124 0.029211538461538455
0 0.9200852272727272 0.32736538461538467 0.15982954545454542 0.12961538461538463
0 0.6725 0.6548750000000001 0.04278409090909092 0.05601923076923076
0 0.8412144886363635 0.4095480769230769 0.05316761363636357 0.07817307692307693
0 0.8152911931818182 0.36 0.04799715909090904 0.0753076923076923
0 0.13950284090909093 0.3841923076923077 0.10752840909090909 0.11180769230769227
0 0.7337926136363635 0.59875 0.07164772727272718 0.07019230769230769
0 0.01122159090909091 0.5358076923076923 0.02221590909090909 0.06461538461538466
0 0.2175426136363636 0.4163653846153846 0.06741477272727274 0.1506153846153846
0 0.21517755681818185 0.6813653846153847 0.04217329545454549 0.0685
0 0.15484374999999997 0.5220192307692307 0.07954545454545453 0.08261538461538463
0 0.4163849431818182 0.25595192307692305 0.052258522727272674 0.05294230769230772
0 0.15905539772727273 0.47547115384615385 0.09134943181818182 0.08351923076923073
0 0.6644886363636364 0.1030673076923077 0.050227272727272745 0.07394230769230768
0 0.8506889204545455 0.2001153846153846 0.08058238636363639 0.0725769230769231
0 0.4688494318181818 0.16033653846153847 0.10619318181818181 0.10951923076923076
0 0.37498579545454547 0.6465673076923077 0.028806818181818183 0.04101923076923074
0 0.7002414772727273 0.5319038461538462 0.019346590909090834 0.05238461538461529
0 0.6667400568181818 0.5553076923076923 0.06913352272727274 0.06796153846153852
0 0.8944389204545454 0.07408653846153847 0.08495738636363645 0.07940384615384617
0 0.46143465909090914 0.299076923076923 0.07315340909090909 0.09311538461538459
0 0.6733096590909091 0.46338461538461534 0.06423295454545458 0.04011538461538459
0 0.04743607954545454 0.7101826923076924 0.08475852272727272 0.1615576923076923
0 0.18501420454545456 0.5637788461538461 0.06102272727272726 0.08032692307692316
0 0.6122869318181818 0.39925000000000005 0.05056818181818185 0.089
0 0.9615198863636363 0.10192307692307692 0.06607954545454543 0.06207692307692308
0 0.6660511363636363 0.3198365384615385 0.10619318181818181 0.09082692307692311
0 0.6726491477272727 0.6082211538461538 0.05072443181818179 0.0557115384615384
0 0.5760014204545455 0.5128846153846154 0.08225852272727269 0.1496923076923077
0 0.9406889204545454 0.17357692307692307 0.034247159090908946 0.09857692307692309
0 0.45452414772727273 0.20825 0.02359375000000002 0.03103846153846154
0 0.1951846590909091 0.20468269230769232 0.0302840909090909 0.04455769230769231
0 0.2903622159090909 0.45675961538461535 0.09640625000000001 0.08625
0 0.6446448863636364 0.6069038461538462 0.022926136363636343 0.03423076923076925
0 0.1705184659090909 0.6630384615384615 0.06640624999999999 0.12003846153846157
0 0.6047017045454545 0.9672403846153846 0.0605681818181818 0.06505769230769227
0 0.5347585227272728 0.4655673076923077 0.08749999999999995 0.09390384615384613
0 0.9546093750000001 0.26963461538461536 0.032031250000000094 0.0479230769230769
0 0.34332386363636364 0.16991346153846154 0.05661931818181816 0.053480769230769235
0 0.49350852272727275 0.5115865384615385 0.0725852272727273 0.11440384615384612
0 0.37041903409090904 0.4718173076923076 0.0832528409090909 0.09082692307692306
0 0.5354829545454546 0.3643846153846154 0.06667613636363635 0.0604230769230769
0 0.5611647727272727 0.1822403846153846 0.05866477272727266 0.07621153846153846
0 0.49155539772727275 0.2431730769230769 0.06910511363636361 0.07211538461538458
0 0.32873579545454545 0.19845192307692305 0.030000000000000006 0.03651923076923076
0 0.6090340909090909 0.16969230769230767 0.07821022727272728 0.06207692307692308
0 0.435830965909091 0.13515384615384615 0.03490056818181817 0.04276923076923079
0 0.6159943181818183 0.6062211538461538 0.049886363636363645 0.07301923076923082
