0 0.6748153409090909 0.20892307692307693 0.0527556818181818 0.13007692307692312
0 0.19800426136363639 0.4763173076923077 0.058877840909090914 0.07651923076923076
0 0.6653835227272727 0.42490384615384613 0.015596590909090935 0.023307692307692317
0 0.13595170454545455 0.1898173076923077 0.0584659090909091 0.14971153846153845
0 0.4499502840909091 0.09663461538461539 0.07316761363636362 0.09699999999999999
0 0.8501633522727272 0.5283076923076924 0.017002840909090947 0.026730769230769297
0 0.14289772727272726 0.6512980769230768 0.06693181818181816 0.08901923076923081
0 0.14358664772727273 0.06327884615384616 0.09901988636363636 0.10098076923076922
0 0.7784375 0.10060576923076922 0.08278409090909088 0.1541730769230769
0 0.3760582386363636 0.1198076923076923 0.04302556818181817 0.04392307692307692
0 0.06499289772727274 0.5766346153846155 0.04123579545454546 0.04626923076923077
0 0.2701704545454545 0.7260480769230769 0.016903409090909097 0.033211538461538424
0 0.6526491477272728 0.4336346153846154 0.017855113636363627 0.027307692307692342
0 0.5828480113636364 0.9632788461538461 0.11629261363636365 0.07221153846153837
0 0.9775071022727272 0.41592307692307695 0.044985795454545396 0.14146153846153847
0 0.9009232954545454 0.9657884615384617 0.07167613636363641 0.06730769230769242
0 0.829921875 0.7816826923076924 0.13453125000000005 0.134326923076923
0 0.26126420454545457 0.45181730769230766 0.06480113636363637 0.07621153846153846
0 0.9924573863636365 0.9541057692307692 0.014772727272727241 0.08921153846153855
0 0.15852982954545453 0.28933653846153845 0.029446022727272734 0.036326923076923104
0 0.7347159090909091 0.25519230769230766 0.10178977272727276 0.1265
0 0.36508522727272724 0.8650673076923077 0.03312499999999999 0.0764423076923077
0 0.08763494318181819 0.167375 0.05779829545454546 0.1361346153846154
0 0.6330610795454545 0.9795384615384616 0.05944602272727276 0.04038461538461539
0 0.2717400568181818 0.8115576923076923 0.0407244318181818 0.05023076923076924
0 0.44341619318181813 0.6059326923076923 0.022457386363636367 0.030519230769230778
0 0.38732954545454545 0.8559326923076924 0.05772727272727271 0.09586538461538455
0 0.2268039772727273 0.09841346153846153 0.06914772727272724 0.08682692307692308
0 0.6351065340909091 0.22338461538461538 0.05228693181818182 0.0625384615384615
0 0.2711860795454546 0.8620192307692308 0.042457386363636385 0.06769230769230777
0 0.6229119318181818 0.46846153846153843 0.08588068181818179 0.1196153846153846
0 0.3343323863636364 0.2652019230769231 0.0618465909090909 0.08909615384615384
0 0.2840553977272728 0.22657692307692306 0.053650568181818195 0.08269230769230769
0 0.3411079545454545 0.8856538461538461 0.02403409090909089 0.03169230769230762
0 0.3843536931818182 0.29179807692307697 0.07464488636363638 0.11778846153846156
0 0.28024147727272725 0.14684615384615385 0.05781249999999998 0.08092307692307693
0 0.13388494318181818 0.2931634615384615 0.09183238636363637 0.12432692307692308
0 0.21000710227272726 0.3537019230769231 0.0879119318181818 0.06171153846153847
0 0.1401775568181818 0.5539615384615385 0.06526988636363637 0.08003846153846154
0 0.4261860795454545 0.7900865384615385 0.04578124999999995 0.06521153846153852
0 0.8367684659090909 0.011692307692307693 0.04674715909090905 0.023384615384615386
0 0.16376420454545457 0.17504807692307695 0.05170454545454546 0.14263461538461542
0 0.8806178977272728 0.5291634615384615 0.025553977272727287 0.04001923076923077
