0 0.8651988636363636 0.5727019230769231 0.0336079545454545 0.05136538461538469
0 0.3841619318181818 0.11236538461538462 0.025596590909090885 0.034346153846153846
0 0.4480681818181818 0.6850096153846155 0.021789772727272772 0.02867307692307697
0 0.5315838068181818 0.5078653846153847 0.02970170454545458 0.04815384615384619
0 0.16357244318181818 0.46936538461538463 0.03555397727272727 0.05049999999999998
0 0.5790909090909091 0.9908557692307692 0.02718749999999998 0.01828846153846152
0 0.6769886363636364 0.9784038461538461 0.03275568181818182 0.03580769230769243
0 0.5558451704545455 0.16098076923076923 0.045184659090909095 0.053730769230769256
0 0.17713778409090908 0.626375 0.026889204545454536 0.044173076923076864
0 0.44052556818181815 0.3441826923076923 0.08911931818181819 0.0800576923076923
0 0.7069389204545454 0.011817307692307691 0.024928977272727207 0.023634615384615382
0 0.5119602272727273 0.47307692307692306 0.01647727272727276 0.024961538461538497
0 0.28659801136363633 0.9474903846153846 0.04055397727272725 0.06351923076923072
0 0.6999786931818182 0.945076923076923 0.034474431818181876 0.04784615384615384
0 0.2829403409090909 0.9817403846153846 0.05355113636363635 0.03640384615384617
0 0.11029829545454546 0.42057692307692307 0.024943181818181823 0.03346153846153847
0 0.6586576704545455 0.7944423076923077 0.020525568181818166 0.02830769230769236
0 0.4861931818181818 0.9780673076923078 0.02906249999999997 0.035519230769230824
0 0.20086647727272727 0.8816346153846154 0.023409090909090935 0.03288461538461543
0 0.6774431818181819 0.41884615384615387 0.026420454545454577 0.02965384615384613
0 0.6213849431818183 0.7408269230769231 0.031661931818181846 0.04492307692307695
0 0.27782670454545455 0.2664326923076923 0.039687499999999994 0.05021153846153846
0 0.04029119318181818 0.2962980769230769 0.03822443181818182 0.052596153846153834
0 0.8664985795454545 0.5365961538461538 0.03404829545454549 0.03669230769230766
0 0.8768323863636364 0.8860384615384616 0.07545454545454545 0.12688461538461543
0 0.07629971590909092 0.9902115384615384 0.026661931818181824 0.01957692307692309
0 0.2567045454545455 0.9788076923076924 0.022329545454545453 0.03288461538461532
0 0.4820738636363636 0.9100961538461538 0.028181818181818228 0.03700000000000002
0 0.6968607954545455 0.2998365384615385 0.027755681818181846 0.04198076923076925
0 0.11348011363636364 0.951875 0.0765625 0.09382692307692311
0 0.13892045454545457 0.6137596153846153 0.021590909090909095 0.03490384615384622
0 0.21789062499999998 0.5719711538461537 0.027116477272727278 0.03786538461538461
0 0.8737642045454546 0.46260576923076924 0.024545454545454506 0.03786538461538461
0 0.7803196022727273 0.9867019230769232 0.026889204545454473 0.026596153846153815
0 0.7521519886363638 0.0871346153846154 0.03251420454545453 0.03757692307692308
0 0.18078835227272727 0.38645192307692305 0.022542613636363642 0.03640384615384611
0 0.9718323863636364 0.7150865384615385 0.0336079545454545 0.04844230769230769
0 0.8022088068181819 0.792298076923077 0.031463068181818314 0.08274999999999995
0 0.8907315340909091 0.6148461538461539 0.0297017045454545 0.05107692307692308
0 0.009161931818181819 0.023932692307692308 0.018323863636363638 0.03682692307692308
0 0.2503977272727273 0.29607692307692307 0.042500000000000024 0.06153846153846154
0 0.5785227272727272 0.42517307692307693 0.04025568181818178 0.09219230769230768
0 0.02002840909090909 0.789096153846154 0.04005681818181818 0.055461538461538416
0 0.2011931818181818 0.9372692307692307 0.03230113636363634 0.045499999999999936
0 0.6942542613636363 0.2677788461538462 0.06115056818181812 0.06225000000000001
0 0.2038849431818182 0.3858653846153846 0.02970170454545454 0.04696153846153849
0 0.8844673295454545 0.04386538461538462 0.04336647727272724 0.041692307692307695
0 0.6561434659090909 0.048807692307692316 0.030582386363636326 0.03434615384615385
0 0.6622443181818182 0.07647115384615384 0.027755681818181846 0.03171153846153846
0 0.5164559659090909 0.8013653846153846 0.029048295454545438 0.04507692307692307
0 0.8856321022727273 0.9863461538461538 0.026889204545454636 0.027307692307692286
0 0.6883167613636364 0.5926346153846154 0.02492897727272729 0.03465384615384612
0 0.5402059659090909 0.3733461538461538 0.09333806818181824 0.07203846153846155
0 0.27047585227272725 0.911923076923077 0.052031249999999994 0.05842307692307691
0 0.8120667613636364 0.8862884615384615 0.012428977272727272 0.01746153846153854
0 0.6751420454545454 0.01416346153846154 0.04053977272727276 0.02832692307692308
0 0.8669815340909092 0.34445192307692307 0.01941761363636374 0.028403846153846172
0 0.9480255681818183 0.8807115384615385 0.10394886363636356 0.14899999999999994
0 0.877734375 0.0062307692307692316 0.02515624999999989 0.012461538461538463
0 0.5294744318181818 0.8286057692307692 0.026619318181818195 0.04628846153846163
0 0.56484375 0.22605769230769232 0.022556818181818174 0.034346153846153846
0 0.6996590909090908 0.8274807692307692 0.02690340909090909 0.036846153846153896
0 0.2501988636363636 0.5120865384615384 0.02579545454545454 0.03140384615384612
0 0.4220170454545455 0.8925096153846154 0.03730113636363635 0.03609615384615381
0 0.483984375 0.4291923076923077 0.02600852272727273 0.039346153846153864
0 0.9746448863636363 0.6369038461538461 0.04011363636363638 0.05196153846153843
0 0.24296164772727272 0.45478846153846153 0.02299715909090909 0.03726923076923076
0 0.6752911931818182 0.8104711538461539 0.039644886363636396 0.05736538461538469
0 0.8725142045454546 0.7202307692307692 0.04142045454545466 0.05049999999999998
0 0.6765909090909091 0.6512884615384615 0.03389204545454547 0.06638461538461535
0 0.050042613636363635 0.10504807692307692 0.03946022727272727 0.03640384615384617
0 0.9394318181818182 0.12102884615384615 0.04792613636363638 0.05313461538461539
0 0.13230113636363636 0.7490865384615384 0.023210227272727278 0.030519230769230778
0 0.8734303977272727 0.37053846153846154 0.02703124999999996 0.03765384615384618
0 0.7291335227272726 0.8694903846153846 0.02428977272727276 0.03582692307692307
0 0.7308735795454545 0.9004615384615384 0.03296874999999997 0.03611538461538456
0 0.47558238636363637 0.880576923076923 0.026931818181818234 0.029076923076923087
0 0.12921164772727273 0.4354134615384615 0.049786931818181814 0.044826923076923084
0 0.22203835227272728 0.298375 0.04401988636363638 0.07278846153846158
0 0.04925426136363636 0.38196153846153846 0.048735795454545455 0.05530769230769229
0 0.29845170454545455 0.5963365384615386 0.02948863636363639 0.044903846153846086
0 0.5546661931818182 0.8985480769230769 0.022769886363636326 0.03463461538461537
0 0.6549502840909092 0.11588461538461539 0.053338068181818195 0.04873076923076924
0 0.48831676136363633 0.7968653846153846 0.03328125000000001 0.054076923076923085
0 0.6002982954545455 0.22032692307692306 0.028409090909090908 0.033461538461538445
0 0.8817329545454545 0.651826923076923 0.02991477272727265 0.03288461538461543
0 0.4968181818181818 0.9928846153846153 0.02428977272727276 0.014076923076923173
0 0.538515625 0.43447115384615387 0.023196022727272704 0.04109615384615385
0 0.009474431818181818 0.9875673076923076 0.018948863636363635 0.02486538461538463
0 0.804424715909091 0.707798076923077 0.030752840909090876 0.046711538461538395
0 0.653515625 0.7627788461538462 0.029928977272727263 0.03382692307692303
0 0.03104403409090909 0.4287980769230769 0.04987215909090909 0.060480769230769206
0 0.7575426136363635 0.9837692307692307 0.029488636363636512 0.03246153846153845
0 0.5408238636363637 0.8517596153846153 0.035397727272727296 0.04505769230769232
0 0.21268465909090908 0.11059615384615386 0.031874999999999994 0.04165384615384616
0 0.07066761363636363 0.9493076923076923 0.028409090909090908 0.03815384615384611
0 0.8908380681818181 0.6701826923076923 0.03556818181818177 0.05959615384615386
0 0.8118607954545454 0.14673076923076922 0.04511363636363635 0.054307692307692314
0 0.11245738636363636 0.6704038461538462 0.022556818181818174 0.03346153846153842
0 0.07039772727272728 0.6093365384615385 0.024062499999999997 0.04051923076923076
0 0.29319602272727274 0.4136153846153846 0.03752840909090911 0.05080769230769228
0 0.10470880681818183 0.7261442307692308 0.03316761363636364 0.04375
0 0.7432244318181819 0.5148653846153847 0.07082386363636357 0.07226923076923074
0 0.24531960227272726 0.9886442307692308 0.025156250000000012 0.022596153846153846
0 0.12361505681818183 0.5997692307692307 0.02299715909090909 0.032615384615384685
0 0.08688210227272727 0.6042115384615384 0.01626420454545455 0.029653846153846076
0 0.39627130681818185 0.4840865384615385 0.03751420454545458 0.05313461538461543
0 0.13207386363636361 0.2160769230769231 0.02252840909090909 0.03680769230769231
0 0.6051917613636364 0.37600961538461536 0.028281249999999956 0.029019230769230776
0 0.33498579545454543 0.516048076923077 0.02536931818181816 0.03113461538461538
0 0.3707954545454545 0.41275 0.026022727272727263 0.03726923076923076
0 0.15384232954545454 0.07373076923076924 0.025809659090909095 0.035807692307692304
0 0.36905539772727275 0.45767307692307696 0.05248579545454548 0.05430769230769233
0 0.17378551136363637 0.3051346153846154 0.026406249999999985 0.03576923076923076
0 0.11777698863636363 0.7579423076923076 0.034474431818181814 0.046500000000000014
0 0.6071732954545455 0.3460096153846154 0.04931818181818186 0.03686538461538459
0 0.2661150568181818 0.43117307692307694 0.016889204545454527 0.02173076923076925
0 0.9112215909090909 0.9735096153846154 0.021676136363636352 0.04094230769230773
0 0.9345312499999999 0.6046057692307691 0.03088068181818183 0.056942307692307716
0 0.852265625 0.02522115384615385 0.022769886363636326 0.03963461538461539
0 0.49026988636363633 0.40877884615384613 0.03946022727272731 0.0443269230769231
0 0.5172940340909091 0.7535961538461539 0.030355113636363642 0.0446153846153847
0 0.09990056818181818 0.3485673076923077 0.02889204545454546 0.055326923076923044
0 0.680965909090909 0.7094038461538461 0.03698863636363639 0.05553846153846153
0 0.8065411931818182 0.6318557692307692 0.045099431818181816 0.059288461538461616
0 0.3286008522727273 0.403375 0.033906250000000006 0.07867307692307692
0 0.4516974431818182 0.8142692307692307 0.03146306818181815 0.03726923076923076
0 0.073125 0.2400096153846154 0.09755681818181818 0.10636538461538463
0 0.5375710227272728 0.7640192307692307 0.0253693181818182 0.039038461538461564
0 0.21772017045454548 0.008278846153846154 0.025639204545454562 0.016557692307692308
0 0.7144744318181818 0.4129903846153846 0.024204545454545402 0.0315576923076923
0 0.736512784090909 0.5883942307692308 0.06657670454545463 0.08563461538461545
0 0.5627272727272726 0.656576923076923 0.038380681818181876 0.0631153846153846
0 0.21973011363636363 0.46239423076923075 0.026022727272727263 0.03744230769230769
0 0.19892045454545454 0.9843846153846154 0.022982954545454556 0.031115384615384628
0 0.013963068181818182 0.05285576923076923 0.027926136363636365 0.041980769230769224
0 0.7513636363636365 0.9353942307692307 0.04619318181818179 0.0396346153846153
0 0.1726846590909091 0.01893269230769231 0.026931818181818192 0.03786538461538462
0 0.2171803977272727 0.09438461538461539 0.025326704545454562 0.034499999999999996
0 0.5352485795454546 0.9378846153846154 0.035127840909090935 0.0416923076923077
0 0.2753409090909091 0.4744519230769231 0.03630681818181818 0.04794230769230771
0 0.3359375 0.29103846153846147 0.0409943181818182 0.05342307692307693
0 0.9560156250000001 0.07718269230769231 0.04032670454545453 0.04901923076923077
0 0.22688920454545458 0.5479038461538461 0.027755681818181808 0.032000000000000084
0 0.39706676136363633 0.09284615384615384 0.027968749999999997 0.034038461538461545
0 0.5211576704545454 0.2702307692307693 0.034048295454545414 0.04638461538461539
0 0.22873579545454542 0.4823461538461538 0.01815340909090909 0.025730769230769224
0 0.08312499999999999 0.1214423076923077 0.0228409090909091 0.033230769230769244
0 0.44196022727272727 0.9923365384615385 0.03642045454545453 0.015326923076923129
0 0.36467329545454547 0.2635961538461538 0.035568181818181804 0.0543076923076923
0 0.5558664772727273 0.2689615384615385 0.043267045454545426 0.06923076923076926
0 0.3883025568181818 0.28223076923076923 0.026889204545454556 0.03757692307692306
0 0.08273437500000001 0.35625 0.034019886363636356 0.0761538461538462
0 0.9694957386363637 0.21634615384615385 0.03600852272727276 0.04261538461538461
0 0.07549005681818181 0.31674038461538456 0.018423295454545463 0.02613461538461539
0 0.7706178977272727 0.7667019230769231 0.03964488636363648 0.0479423076923076
0 0.16443892045454545 0.5010769230769231 0.04552556818181818 0.0422692307692308
0 0.5424360795454546 0.30558653846153844 0.026406250000000044 0.023557692307692307
0 0.2911079545454545 0.43940384615384614 0.02363636363636362 0.03346153846153847
0 0.7057457386363637 0.054990384615384615 0.03686079545454544 0.05371153846153846
0 0.14558238636363635 0.32785576923076926 0.01957386363636364 0.038288461538461535
0 0.37747159090909094 0.7195480769230769 0.019517045454545467 0.027019230769230792
0 0.15237926136363636 0.38189423076923074 0.045099431818181816 0.0660576923076923
0 0.6744957386363637 0.945951923076923 0.031235795454545388 0.041980769230769203
0 0.08438920454545454 0.40473076923076917 0.05335227272727272 0.05988461538461541
0 0.20930397727272726 0.4053846153846154 0.021477272727272734 0.026730769230769242
0 0.22081676136363637 0.5001923076923077 0.02299715909090909 0.03288461538461532
0 0.6083380681818181 0.48334615384615387 0.055681818181818166 0.08400000000000002
0 0.569872159090909 0.8837115384615384 0.028153409090909163 0.04096153846153849
0 0.5445809659090909 0.881375 0.02862215909090906 0.030250000000000034
0 0.05697443181818182 0.1293653846153846 0.026676136363636364 0.030230769230769228
0 0.29788352272727275 0.32593269230769234 0.025113636363636373 0.05982692307692305
0 0.7878409090909091 0.9311634615384616 0.0346875000000001 0.06017307692307696
0 0.6345880681818182 0.08618269230769231 0.02349431818181813 0.032096153846153844
0 0.605284090909091 0.9693076923076922 0.040852272727272716 0.06138461538461541
0 0.40754971590909084 0.3973365384615385 0.03274147727272729 0.038750000000000014
0 0.21181818181818182 0.8558076923076923 0.029261363636363627 0.03169230769230773
0 0.026967329545454544 0.9547403846153847 0.026463068181818185 0.03375000000000002
0 0.2803409090909091 0.5633076923076922 0.029261363636363627 0.03523076923076922
0 0.32314630681818185 0.24377884615384615 0.035781249999999994 0.029365384615384633
0 0.2443252840909091 0.38493269230769234 0.031661931818181804 0.03671153846153847
0 0.8352201704545454 0.9872307692307692 0.021463068181818038 0.025538461538461486
0 0.6831534090909092 0.7617115384615385 0.038437500000000006 0.05573076923076915
0 0.9407173295454547 0.6554038461538462 0.03643465909090906 0.04080769230769236
0 0.8422727272727273 0.6922019230769231 0.03252840909090906 0.04198076923076931
0 0.3981605113636364 0.8304230769230769 0.023423295454545467 0.05342307692307687
0 0.9835724431818181 0.13222115384615385 0.032741477272727366 0.0709423076923077
0 0.1737215909090909 0.7200192307692307 0.030142045454545453 0.031115384615384628
0 0.07512784090909091 0.09735576923076923 0.02642045454545454 0.03301923076923077
0 0.9879190340909091 0.17046153846153847 0.024161931818181805 0.040153846153846144
0 0.8959375 0.24735576923076924 0.052954545454545414 0.08767307692307691
0 0.5951491477272728 0.5936057692307691 0.035127840909090935 0.04698076923076924
0 0.7176491477272727 0.9229134615384614 0.03859374999999994 0.04698076923076924
0 0.9143963068181818 0.3014423076923077 0.07717329545454535 0.08930769230769231
0 0.7087286931818182 0.7953076923076923 0.0254119318181818 0.03196153846153847
0 0.48295454545454547 0.27416346153846155 0.0257954545454545 0.0315576923076923
0 0.9480326704545454 0.14389423076923077 0.06157670454545458 0.06840384615384615
0 0.22870738636363636 0.4163942307692307 0.030795454545454556 0.04874999999999999
0 0.27540482954545453 0.44661538461538464 0.02279829545454543 0.03088461538461539
0 0.693984375 0.10379807692307692 0.025582386363636352 0.029057692307692305
0 0.22496448863636365 0.2205769230769231 0.038167613636363645 0.05988461538461541
0 0.12190340909090908 0.543875 0.03730113636363637 0.04109615384615385
0 0.5890127840909091 0.06612499999999999 0.033167613636363585 0.04609615384615384
0 0.152734375 0.6556346153846154 0.059843750000000015 0.06780769230769229
0 0.032031250000000004 0.7446442307692308 0.05321022727272728 0.09032692307692303
0 0.9929119318181818 0.6948846153846154 0.014176136363636389 0.04580769230769229
0 0.6971732954545454 0.39297115384615383 0.022073863636363586 0.026711538461538436
0 0.2386860795454546 0.3588557692307693 0.03208806818181819 0.034057692307692324
0 0.42453125 0.7224903846153847 0.03946022727272724 0.04990384615384613
0 0.03857244318181818 0.13574038461538462 0.01717329545454546 0.032826923076923094
0 0.9532883522727272 0.5171346153846155 0.05333806818181812 0.04784615384615384
0 0.80828125 0.08096153846153846 0.053551136363636426 0.04492307692307692
0 0.1586150568181818 0.2204326923076923 0.03686079545454546 0.04551923076923074
0 0.6157883522727272 0.4325769230769231 0.02953125000000003 0.027346153846153843
0 0.3063636363636364 0.4396346153846154 0.04872159090909092 0.05530769230769234
0 0.889765625 0.4775480769230769 0.026406250000000044 0.031557692307692245
0 0.7834517045454544 0.14877884615384618 0.02775568181818193 0.06251923076923079
0 0.1598934659090909 0.6156538461538461 0.02376420454545455 0.036615384615384654
0 0.8726278409090908 0.9960384615384617 0.01321022727272737 0.007923076923076932
0 0.6151207386363636 0.9211538461538461 0.09901988636363633 0.14603846153846164
0 0.9441761363636364 0.9717788461538462 0.018323863636363603 0.027557692307692276
0 0.4220383522727273 0.642048076923077 0.021036931818181823 0.03405769230769238
0 0.033359375 0.5068173076923077 0.06671875 0.08925
0 0.53265625 0.9069134615384616 0.02471590909090906 0.034942307692307724
0 0.5573721590909091 0.9507980769230768 0.03210227272727276 0.04344230769230764
0 0.2544105113636364 0.34887500000000005 0.031008522727272746 0.033480769230769224
0 0.27492187500000004 0.61425 0.0539914772727273 0.05488461538461542
0 0.7678977272727271 0.8309038461538462 0.04249999999999994 0.03934615384615392
0 0.9867258522727272 0.577173076923077 0.026548295454545533 0.05753846153846146
0 0.7321235795454545 0.6661923076923076 0.08075284090909095 0.12926923076923072
0 0.45256392045454547 0.44796153846153847 0.053224431818181775 0.060038461538461534
0 0.4630539772727273 0.2941538461538461 0.026875000000000024 0.03323076923076923
0 0.6198082386363637 0.034999999999999996 0.04575284090909088 0.06369230769230769
0 0.2796661931818182 0.3095865384615385 0.023423295454545467 0.030249999999999982
0 0.19534090909090907 0.4715673076923077 0.029715909090909074 0.03728846153846151
0 0.24640625 0.7536923076923078 0.052897727272727284 0.08073076923076927
0 0.8400497159090908 0.5819423076923077 0.031008522727272624 0.03992307692307691
0 0.23806107954545455 0.5793076923076923 0.024502840909090908 0.038461538461538464
0 0.8222088068181819 0.7550192307692308 0.023196022727272784 0.03434615384615387
0 0.4669176136363636 0.26122115384615385 0.026448863636363642 0.03440384615384615
0 0.6614985795454547 0.788076923076923 0.01626420454545453 0.021038461538461534
0 0.43990056818181816 0.9186442307692307 0.03838068181818179 0.05255769230769239
0 0.11659090909090909 0.47180769230769226 0.03534090909090908 0.05430769230769227
0 0.5155610795454546 0.6965 0.026889204545454556 0.039615384615384656
0 0.9933451704545455 0.531076923076923 0.013309659090909098 0.0416923076923077
0 0.12532670454545453 0.24787499999999996 0.038380681818181814 0.04932692307692309
0 0.7239630681818181 0.31078846153846157 0.025142045454545438 0.04961538461538458
0 0.9928977272727273 0.8884711538461538 0.014204545454545454 0.036711538461538525
0 0.014005681818181818 0.34336538461538463 0.028011363636363636 0.04580769230769235
0 0.753359375 0.4752019230769231 0.02208806818181812 0.04178846153846157
0 0.4220170454545455 0.8377115384615385 0.02906249999999997 0.038461538461538464
0 0.7409588068181818 0.9796634615384615 0.040980113636363585 0.04067307692307688
0 0.22425426136363635 0.6246442307692308 0.05703124999999997 0.062826923076923
0 0.58984375 0.13953846153846156 0.04139204545454544 0.048615384615384616
0 0.9098153409090909 0.6946826923076923 0.050511363636363556 0.06751923076923079
0 0.14328125 0.39402884615384615 0.030795454545454536 0.05821153846153848
0 0.395546875 0.14217307692307693 0.028394886363636296 0.03757692307692309
0 0.14926136363636364 0.4636442307692308 0.027329545454545467 0.05548076923076928
0 0.7981321022727272 0.7233557692307692 0.02626420454545456 0.044173076923076864
0 0.6987002840909091 0.08845192307692307 0.03012784090909096 0.039634615384615386
0 0.45293323863636364 0.6617115384615385 0.0468323863636364 0.061653846153846156
0 0.19694602272727268 0.35547115384615385 0.040539772727272716 0.040826923076923115
0 0.29842329545454543 0.24376923076923077 0.02883522727272729 0.04461538461538465
0 0.48434659090909093 0.9487019230769231 0.030568181818181793 0.03786538461538461
0 0.3974005681818182 0.9873076923076922 0.03360795454545458 0.025230769230769348
0 0.647762784090909 0.8355576923076923 0.02407670454545453 0.06657692307692309
0 0.806328125 0.11354807692307693 0.05703124999999997 0.03494230769230768
0 0.6394673295454546 0.32271153846153844 0.03012784090909096 0.03346153846153842
0 0.534971590909091 0.6690480769230769 0.026676136363636326 0.04521153846153855
0 0.43811789772727266 0.4997980769230769 0.035781249999999994 0.05225000000000003
0 0.33355113636363637 0.257423076923077 0.03230113636363638 0.04080769230769231
0 0.14780539772727275 0.695951923076923 0.03990056818181817 0.05282692307692302
0 0.08416193181818182 0.29574038461538465 0.015397727272727278 0.022903846153846146
0 0.8504048295454545 0.8235673076923077 0.0297017045454545 0.05048076923076923
0 0.15688210227272725 0.2533173076923077 0.03859375 0.029057692307692305
0 0.6249076704545454 0.2903461538461538 0.06376420454545452 0.0643076923076923
0 0.6407883522727272 0.7242403846153846 0.03274147727272729 0.04990384615384613
0 0.9395241477272727 0.6980673076923077 0.03143465909090908 0.0460961538461539
0 0.7587215909090909 0.3845865384615385 0.0658806818181819 0.09778846153846153
0 0.05934659090909091 0.7242788461538462 0.0418465909090909 0.06898076923076923
0 0.17433948863636364 0.26930769230769236 0.034474431818181835 0.03757692307692306
0 0.431796875 0.6759615384615385 0.01973011363636362 0.03199999999999997
0 0.7756107954545454 0.6812788461538462 0.02724431818181811 0.0335961538461539
0 0.4495809659090909 0.7888653846153846 0.047201704545454574 0.05696153846153847
0 0.08829545454545454 0.44655769230769227 0.03426136363636363 0.0425769230769231
0 0.7084303977272728 0.9757596153846153 0.03362215909090911 0.04813461538461533
0 0.844453125 0.10081730769230769 0.027116477272727157 0.04109615384615384
0 0.6314985795454546 0.8206923076923077 0.03012784090909088 0.05342307692307687
0 0.6462642045454546 0.45320192307692314 0.033863636363636325 0.0321730769230769
0 0.8489914772727274 0.871125 0.0316477272727274 0.03932692307692306
0 0.3984375 0.7709326923076922 0.0417613636363636 0.05871153846153841
0 0.5123153409090908 0.7221826923076923 0.02906249999999997 0.03463461538461548
0 0.18338778409090908 0.031182692307692307 0.020667613636363633 0.03471153846153845
0 0.9401207386363637 0.23034615384615384 0.026235795454545494 0.05165384615384618
0 0.769609375 0.015240384615384616 0.02623579545454533 0.03048076923076923
0 0.5571946022727272 0.6072596153846154 0.03686079545454544 0.04375
0 0.25935369318181817 0.42774038461538466 0.03546875 0.042326923076923116
0 0.08980113636363636 0.6798076923076923 0.05181818181818181 0.05696153846153847
0 0.986619318181818 0.7627019230769231 0.02676136363636368 0.06882692307692312
0 0.7382741477272727 0.018615384615384614 0.03990056818181815 0.03723076923076923
0 0.7539914772727272 0.2393076923076923 0.0418465909090908 0.11096153846153844
0 0.5878196022727273 0.015375 0.034701704545454556 0.03075
0 0.21181818181818182 0.6995288461538461 0.06136363636363637 0.09394230769230774
0 0.35453835227272723 0.5026826923076922 0.05768465909090907 0.0810192307692307
0 0.07531960227272728 0.7496826923076922 0.043366477272727286 0.06225000000000001
0 0.9026775568181816 0.013490384615384614 0.02819602272727276 0.026134615384615385
0 0.6313352272727273 0.610326923076923 0.08428977272727269 0.11173076923076927
0 0.7965269886363636 0.4864519230769231 0.07444602272727284 0.09144230769230771
0 0.8443323863636363 0.7707211538461538 0.028409090909090908 0.04578846153846154
0 0.20422585227272727 0.429298076923077 0.023196022727272704 0.029634615384615377
0 0.49048295454545454 0.2557596153846154 0.03215909090909089 0.03428846153846154
0 0.2697159090909091 0.651673076923077 0.05573863636363638 0.03523076923076922
0 0.6374857954545454 0.47506730769230765 0.026249999999999944 0.05405769230769228
0 0.4215056818181818 0.2837980769230769 0.04298295454545453 0.09382692307692306
0 0.3966264204545455 0.3247980769230769 0.06799715909090914 0.053173076923076934
0 0.6608735795454546 0.48758653846153843 0.026718750000000003 0.0509038461538461
0 0.3937784090909091 0.4352115384615385 0.026448863636363562 0.03757692307692312
0 0.3027840909090909 0.5528942307692307 0.03815340909090911 0.04901923076923079
0 0.5186647727272727 0.3476153846153846 0.1009375 0.07434615384615384
0 0.922450284090909 0.21977884615384616 0.02515625000000005 0.04463461538461537
0 0.7403338068181818 0.1800576923076923 0.04055397727272729 0.07426923076923078
0 0.5898650568181818 0.8124711538461539 0.043593749999999994 0.04344230769230764
0 0.5012571022727272 0.19196153846153846 0.04223011363636366 0.05603846153846154
0 0.036164772727272726 0.19195192307692308 0.03252840909090909 0.0434423076923077
0 0.26191051136363636 0.689548076923077 0.04098011363636363 0.04990384615384624
0 0.5844105113636363 0.5640961538461539 0.04055397727272729 0.04784615384615384
0 0.19058238636363634 0.6443750000000001 0.02548295454545452 0.03428846153846151
0 0.354921875 0.8184807692307693 0.03382102272727269 0.04873076923076918
0 0.015234375 0.1325096153846154 0.024502840909090908 0.04198076923076921
0 0.7487926136363636 0.1414423076923077 0.028409090909090908 0.04403846153846153
0 0.03910511363636364 0.0071826923076923075 0.02798295454545455 0.014365384615384615
0 0.37639204545454547 0.8123173076923076 0.022982954545454556 0.04813461538461544
0 0.005355113636363636 0.48193269230769237 0.010624999999999999 0.03171153846153848
0 0.566171875 0.5150576923076924 0.045099431818181816 0.05900000000000001
0 0.12764204545454547 0.6952211538461538 0.022556818181818174 0.08013461538461542
0 0.48907670454545454 0.4620673076923077 0.028835227272727207 0.04521153846153844
0 0.6333948863636363 0.3635576923076923 0.03542613636363636 0.05069230769230766
0 0.923252840909091 0.7240480769230769 0.03187500000000008 0.03640384615384617
0 0.34134232954545457 0.8908269230769231 0.12436079545454543 0.14923076923076917
0 0.7145028409090909 0.987 0.02579545454545458 0.025999999999999964
0 0.800497159090909 0.8864903846153847 0.012585227272727291 0.019980769230769312
0 0.6231392045454546 0.9861057692307692 0.02329545454545451 0.027788461538461515
0 0.1963991477272727 0.4450192307692308 0.026889204545454515 0.024961538461538497
0 0.1459659090909091 0.7360288461538462 0.02883522727272727 0.03728846153846151
0 0.04611505681818182 0.6605673076923076 0.029275568181818187 0.0460961538461539
0 0.46819602272727273 0.8988076923076923 0.03383522727272726 0.05080769230769223
0 0.39337357954545454 0.06759615384615385 0.026235795454545494 0.033461538461538466
0 0.7238565340909091 0.14321153846153845 0.031008522727272704 0.04346153846153845
0 0.02894886363636364 0.3175480769230769 0.028892045454545455 0.04290384615384616
0 0.7637784090909091 0.4955961538461538 0.018494318181818157 0.04899999999999998
0 0.19845170454545452 0.02675961538461538 0.027812500000000018 0.036403846153846155
0 0.4347230113636363 0.7455384615384616 0.03208806818181815 0.04080769230769236
0 0.22233664772727268 0.9910192307692308 0.025156250000000012 0.017961538461538414
0 0.15984375 0.010278846153846154 0.022386363636363624 0.020557692307692308
0 0.13226562500000003 0.2719615384615385 0.026661931818181814 0.03757692307692306
0 0.961747159090909 0.7512019230769231 0.03383522727272734 0.03374999999999991
0 0.05234375 0.9707403846153847 0.04727272727272727 0.04344230769230775
0 0.12888494318181817 0.1410096153846154 0.02734375 0.032403846153846144
0 0.5085795454545454 0.3020865384615385 0.05139204545454546 0.047249999999999986
0 0.1499431818181818 0.1819230769230769 0.028124999999999997 0.044807692307692305
0 0.7534232954545454 0.5704999999999999 0.03946022727272724 0.04461538461538459
0 0.6402769886363636 0.7894230769230769 0.027315340909090935 0.04373076923076925
0 0.7855681818181818 0.8717788461538463 0.03812500000000005 0.05325
0 0.3093821022727273 0.38288461538461543 0.04146306818181818 0.06146153846153848
0 0.5453835227272728 0.7380384615384615 0.030568181818181793 0.0405
0 0.4938352272727272 0.23347115384615386 0.04085227272727279 0.03932692307692306
0 0.9947727272727271 0.11133653846153847 0.010454545454545473 0.04521153846153847
0 0.08605823863636364 0.9686826923076923 0.02492897727272727 0.03817307692307686
0 0.5222443181818182 0.9264326923076923 0.02082386363636367 0.03228846153846147
0 0.015774147727272727 0.09747115384615385 0.02515625 0.03375000000000001
0 0.7187144886363637 0.7557788461538462 0.03995738636363628 0.08317307692307692
0 0.9610227272727272 0.25158653846153844 0.045085227272727124 0.04259615384615386
0 0.015809659090909093 0.013201923076923078 0.031619318181818186 0.026403846153846156
0 0.40501420454545456 0.6934711538461539 0.04249999999999994 0.06194230769230765
0 0.023913352272727274 0.204625 0.027542613636363636 0.03844230769230771
0 0.6654971590909091 0.7625961538461538 0.02144886363636367 0.029653846153846183
0 0.06934659090909091 0.29826923076923073 0.020511363636363633 0.030923076923076893
0 0.5530255681818181 0.2451346153846154 0.022755681818181793 0.02496153846153847
0 0.7538210227272728 0.7446442307692308 0.03389204545454547 0.06117307692307693
0 0.7190838068181818 0.09329807692307693 0.04186079545454549 0.07398076923076922
0 0.4515127840909091 0.3956538461538462 0.041803977272727284 0.07661538461538463
0 0.5335724431818182 0.22055769230769232 0.04350852272727272 0.04688461538461538
0 0.01083096590909091 0.23702884615384615 0.02166193181818182 0.05490384615384615
0 0.5588920454545455 0.9842692307692308 0.02471590909090914 0.03111538461538452
0 0.09683948863636363 0.30146153846153845 0.032088068181818176 0.04315384615384615
0 0.35969460227272726 0.7784134615384615 0.034701704545454556 0.034942307692307724
0 0.9770383522727273 0.6805 0.030582386363636326 0.04111538461538461
0 0.008061079545454545 0.29542307692307695 0.01612215909090909 0.03638461538461542
0 0.4082457386363636 0.794125 0.04140625000000005 0.04755769230769234
0 0.4511292613636364 0.5240192307692307 0.031008522727272704 0.04315384615384615
0 0.3102911931818182 0.344375 0.019076704545454556 0.020480769230769243
0 0.06874289772727273 0.016855769230769233 0.03558238636363637 0.033711538461538466
0 0.7970028409090908 0.536298076923077 0.03468749999999994 0.04198076923076931
0 0.011313920454545455 0.40194230769230765 0.02254261363636364 0.03669230769230772
0 0.6610014204545455 0.2133557692307692 0.0987073863636363 0.11582692307692309
0 0.09067471590909092 0.6544038461538461 0.02819602272727274 0.03257692307692307
0 0.09896306818181819 0.7844230769230769 0.02991477272727273 0.0405
0 0.8152201704545454 0.6167403846153846 0.03166193181818177 0.042557692307692296
0 0.04926136363636364 0.6108076923076923 0.02082386363636363 0.03992307692307691
0 0.6013565340909092 0.8233269230769231 0.026661931818181793 0.03523076923076922
0 0.2724005681818182 0.36756730769230767 0.030142045454545453 0.07163461538461538
0 0.9292613636363637 0.9808942307692308 0.020511363636363553 0.03821153846153847
0 0.6815127840909091 0.14197115384615386 0.05529829545454546 0.056057692307692315
0 0.7520170454545455 0.8756538461538462 0.02798295454545445 0.04461538461538459
0 0.8966051136363636 0.4530384615384615 0.030142045454545494 0.0372307692307692
0 0.7742684659090909 0.039134615384615386 0.03078124999999994 0.038461538461538464
0 0.6049076704545455 0.3212211538461539 0.03691761363636365 0.04874999999999999
0 0.7793323863636364 0.7290384615384616 0.02252840909090911 0.032807692307692315
0 0.9073721590909091 0.18307692307692308 0.02883522727272737 0.04403846153846155
0 0.4652556818181818 0.1924326923076923 0.04730113636363638 0.06974999999999999
0 0.6681463068181818 0.5411153846153846 0.0214630681818182 0.03199999999999997
0 0.14100142045454545 0.29504807692307694 0.02546875000000001 0.0315576923076923
0 0.5375426136363637 0.47160576923076925 0.034261363636363645 0.03494230769230767
0 0.06040482954545454 0.32637499999999997 0.02563920454545454 0.03659615384615385
0 0.2512855113636363 0.5525961538461539 0.022769886363636364 0.03726923076923076
0 0.1880752840909091 0.8678461538461538 0.029928977272727263 0.03815384615384611
0 0.9404403409090908 0.18836538461538463 0.031221590909090772 0.03346153846153847
0 0.9681463068181819 0.5469230769230768 0.033622159090909036 0.03815384615384611
0 0.4836221590909091 0.29582692307692304 0.029829545454545456 0.04080769230769231
0 0.12578835227272728 0.3922788461538462 0.023934659090909104 0.04417307692307692
0 0.7599360795454545 0.9116153846153845 0.035127840909090935 0.037884615384615364
0 0.10926846590909092 0.30673076923076925 0.040099431818181826 0.03857692307692308
0 0.972606534090909 0.9575865384615384 0.05478693181818189 0.0848269230769231
0 0.5248579545454546 0.4239038461538462 0.03622159090909091 0.061653846153846156
0 0.6925994318181818 0.8912115384615383 0.038380681818181876 0.04461538461538459
0 0.2524786931818182 0.48257692307692307 0.03208806818181819 0.04815384615384614
0 0.054076704545454546 0.9946153846153847 0.01909090909090909 0.010769230769230812
0 0.9564701704545455 0.5837115384615384 0.04387784090909089 0.06350000000000007
0 0.3166619318181818 0.5002019230769231 0.026448863636363642 0.03405769230769227
0 0.03856534090909091 0.9936442307692307 0.01886363636363636 0.012326923076923015
0 0.8310085227272727 0.01748076923076923 0.021903409090909032 0.03496153846153846
0 0.12142755681818183 0.34121153846153846 0.029673295454545456 0.05069230769230772
0 0.7651633522727272 0.16928846153846155 0.02515624999999989 0.03553846153846152
0 0.16190340909090908 0.29535576923076917 0.023153409090909086 0.0321730769230769
0 0.263515625 0.32719230769230767 0.02103693181818178 0.027307692307692342
0 0.7183167613636364 0.8312115384615385 0.023849431818181846 0.03523076923076922
0 0.6084375000000001 0.4045 0.027499999999999938 0.034499999999999996
0 0.8146235795454544 0.8612980769230769 0.03924715909090908 0.05313461538461538
0 0.3425284090909091 0.012519230769230769 0.028181818181818186 0.025038461538461537
0 0.32300426136363636 0.3485384615384616 0.021491477272727266 0.033192307692307674
0 0.38721590909090914 0.24509615384615385 0.042500000000000024 0.0425769230769231
0 0.2945596590909091 0.8538846153846154 0.024431818181818166 0.036153846153846175
0 0.18243607954545454 0.97825 0.03555397727272725 0.04350000000000001
0 0.0846590909090909 0.17103846153846153 0.08724431818181819 0.09257692307692308
0 0.1881818181818182 0.8942692307692307 0.023636363636363657 0.031115384615384628
0 0.7150639204545455 0.8610192307692308 0.02819602272727276 0.029653846153846183
0 0.31105113636363635 0.31466346153846153 0.023607954545454553 0.04055769230769226
0 0.13237926136363634 0.16984615384615384 0.026889204545454536 0.032
0 0.6796448863636364 0.8670673076923077 0.05144886363636359 0.06432692307692317
0 0.5851278409090909 0.29289423076923077 0.027755681818181766 0.0660576923076923
0 0.01098721590909091 0.3664134615384616 0.021889204545454545 0.029634615384615377
0 0.175234375 0.7457115384615385 0.02970170454545454 0.030230769230769172
0 0.6534446022727273 0.34589423076923076 0.037286931818181816 0.059096153846153826
0 0.6384943181818182 0.42080769230769227 0.030142045454545494 0.0380769230769231
0 0.6031107954545455 0.24557692307692305 0.02536931818181812 0.0316923076923077
0 0.17274147727272726 0.5365961538461538 0.037159090909090906 0.060461538461538455
0 0.3720099431818182 0.4448846153846154 0.01626420454545453 0.02173076923076925
0 0.8460085227272728 0.5415865384615385 0.027329545454545467 0.044326923076922986
0 0.1924431818181818 0.008432692307692308 0.0275 0.016865384615384615
