0 0.030894886363636364 0.1790673076923077 0.03656249999999999 0.047596153846153844
0 0.21977982954545452 0.045730769230769235 0.030269886363636367 0.03453846153846153
0 0.14328125 0.7956057692307693 0.025056818181818184 0.036173076923076926
0 0.14439630681818183 0.7731826923076923 0.042855113636363636 0.030519230769230778
0 0.15134943181818183 0.7453076923076923 0.02670454545454545 0.029769230769230805
0 0.16329545454545455 0.7173365384615384 0.030142045454545453 0.03471153846153848
0 0.20794744318181815 0.7076153846153845 0.024786931818181843 0.03584615384615382
0 0.23710227272727274 0.7025673076923078 0.049971590909090875 0.051750000000000046
0 0.21088068181818184 0.6512980769230768 0.03480113636363636 0.06409615384615382
0 0.1953409090909091 0.6657692307692308 0.031079545454545467 0.03126923076923075
0 0.20303977272727272 0.6333365384615385 0.027102272727272704 0.03359615384615379
0 0.2874502840909091 0.6404807692307692 0.02879261363636365 0.040153846153846144
0 0.27585937499999996 0.057298076923076924 0.02794034090909089 0.04378846153846154
0 0.2978622159090909 0.6841057692307693 0.026235795454545453 0.04325000000000002
0 0.3211008522727273 0.6702115384615385 0.02879261363636365 0.0339615384615384
0 0.3919673295454546 0.7244615384615385 0.02850852272727272 0.03823076923076933
0 0.3481178977272727 0.8094903846153846 0.025980113636363624 0.02736538461538465
0 0.3694815340909091 0.7827211538461538 0.04791193181818185 0.042596153846153804
0 0.37424715909090905 0.8003076923076923 0.02857954545454542 0.03711538461538464
0 0.41264204545454547 0.8540480769230769 0.028011363636363674 0.04298076923076916
0 0.45244318181818177 0.7455096153846154 0.02454545454545459 0.048865384615384665
0 0.4327698863636364 0.7459038461538462 0.015965909090909104 0.04326923076923077
0 0.47903409090909094 0.6475096153846155 0.04278409090909092 0.061134615384615426
0 0.30030539772727277 0.06301923076923077 0.026832386363636385 0.03930769230769231
0 0.39236505681818185 0.6402980769230769 0.029673295454545515 0.038980769230769194
0 0.4023224431818182 0.6121538461538463 0.030099431818181813 0.035461538461538454
0 0.30436789772727274 0.6086057692307693 0.034332386363636384 0.051942307692307677
0 0.3289488636363636 0.6095288461538463 0.040710227272727266 0.06098076923076919
0 0.5221022727272727 0.6698076923076923 0.04875000000000007 0.04969230769230775
0 0.5559090909090909 0.684 0.03355113636363637 0.042576923076923054
0 0.5608877840909091 0.6446153846153846 0.036178977272727314 0.04469230769230771
0 0.5186931818181818 0.5970673076923078 0.01991477272727278 0.024826923076923125
0 0.5833380681818181 0.779298076923077 0.02900568181818184 0.036211538461538434
0 0.5843039772727273 0.7507211538461539 0.03159090909090911 0.029673076923076826
0 0.29699573863636364 0.025942307692307688 0.0283096590909091 0.033846153846153845
0 0.6864914772727272 0.8727019230769231 0.027414772727272742 0.03755769230769226
0 0.6642329545454545 0.9968076923076922 0.019488636363636402 0.006384615384615481
0 0.698125 0.9821826923076923 0.03156249999999996 0.035634615384615334
0 0.7676349431818181 0.9916057692307693 0.027855113636363657 0.016788461538461575
0 0.806221590909091 0.8845769230769231 0.033380681818181816 0.0440384615384616
0 0.8311292613636364 0.8687788461538462 0.027684659090909104 0.0514807692307692
0 0.8938636363636363 0.871548076923077 0.034602272727272745 0.050557692307692345
0 0.9137357954545454 0.8989230769230769 0.027755681818181766 0.03384615384615389
0 0.8952343749999998 0.9218846153846154 0.024332386363636358 0.031538461538461494
0 0.9267471590909092 0.9969615384615386 0.034005681818181734 0.006076923076923015
0 0.29038352272727275 0.006538461538461538 0.02610795454545454 0.012923076923076923
0 0.9900284090909092 0.9647692307692308 0.019943181818181766 0.03419230769230764
0 0.9907102272727273 0.7277211538461538 0.01857954545454551 0.038519230769230826
0 0.9739346590909093 0.724201923076923 0.025397727272727266 0.03894230769230769
0 0.9923934659090908 0.6925192307692308 0.015213068181818234 0.040192307692307645
0 0.9275781250000001 0.7563076923076922 0.029985795454545473 0.04099999999999999
0 0.8266974431818181 0.7497692307692307 0.036946022727272716 0.038038461538461486
0 0.8492045454545455 0.7289807692307694 0.027329545454545467 0.046500000000000014
0 0.8800355113636363 0.7096153846153846 0.04265624999999996 0.03946153846153843
0 0.8814701704545456 0.6773846153846154 0.013792613636363527 0.015846153846153864
0 0.7787997159090909 0.7353173076923077 0.03339488636363635 0.03474999999999999
0 0.32034090909090907 0.01774038461538462 0.024261363636363654 0.030365384615384617
0 0.8350071022727273 0.6723557692307692 0.02419034090909087 0.03609615384615381
0 0.8380326704545454 0.64725 0.02697443181818183 0.03007692307692305
0 0.8613849431818181 0.6520096153846153 0.028338068181818086 0.04021153846153851
0 0.9199360795454545 0.6345288461538461 0.03649147727272735 0.05313461538461538
0 0.9496590909090908 0.6123173076923076 0.02616477272727267 0.038519230769230826
0 0.9781178977272728 0.5944519230769231 0.02958806818181824 0.03932692307692306
0 0.9909375 0.52425 0.01812499999999999 0.03638461538461542
0 0.708565340909091 0.618173076923077 0.036448863636363675 0.062115384615384635
0 0.7441619318181818 0.6142884615384615 0.03880681818181809 0.06349999999999996
0 0.7278053977272727 0.6501538461538462 0.023622159090909166 0.03838461538461534
0 0.3199715909090909 0.045355769230769234 0.023522727272727275 0.03086538461538461
0 0.681065340909091 0.666826923076923 0.028011363636363595 0.03700000000000002
0 0.7453480113636363 0.6834999999999999 0.03171875000000006 0.044769230769230825
0 0.6663920454545454 0.6286826923076922 0.03374999999999999 0.03928846153846155
0 0.7807244318181819 0.5818846153846154 0.0160511363636363 0.02726923076923078
0 0.29631392045454547 0.3260961538461538 0.03615056818181821 0.04757692307692309
0 0.3736505681818182 0.39306730769230763 0.037159090909090906 0.08363461538461535
0 0.4045383522727273 0.32168269230769225 0.02862215909090906 0.034673076923076925
0 0.4103125 0.30196153846153845 0.023096590909090896 0.029230769230769265
0 0.42613636363636365 0.32303846153846155 0.01857954545454551 0.029230769230769265
0 0.25891335227272727 0.2465384615384615 0.02643465909090911 0.03853846153846152
0 0.3447869318181818 0.04833653846153846 0.028295454545454526 0.044788461538461534
0 0.3837286931818182 0.20696153846153847 0.037116477272727266 0.05576923076923077
0 0.41628551136363634 0.4758653846153846 0.024161931818181805 0.03057692307692309
0 0.46761363636363645 0.48990384615384613 0.03596590909090908 0.04442307692307697
0 0.4706392045454546 0.4495480769230769 0.03360795454545458 0.049057692307692344
0 0.4861292613636364 0.41436538461538464 0.028877840909090888 0.04407692307692311
0 0.5115980113636364 0.4236057692307692 0.029417613636363606 0.03840384615384615
0 0.5387713068181817 0.40351923076923074 0.026690340909090938 0.03496153846153842
0 0.5398650568181819 0.45121153846153844 0.04288352272727272 0.05569230769230771
0 0.6137571022727273 0.4911634615384616 0.02455965909090912 0.028403846153846172
0 0.6552911931818182 0.47716346153846156 0.027116477272727316 0.03598076923076925
0 0.365 0.06401923076923077 0.024630681818181822 0.03534615384615384
0 0.6635369318181819 0.5003653846153846 0.03190340909090914 0.036346153846153806
0 0.7167045454545454 0.5258750000000001 0.031221590909090855 0.05282692307692302
0 0.7434801136363636 0.511673076923077 0.024488636363636376 0.03242307692307695
0 0.7354119318181819 0.5014711538461538 0.023409090909090935 0.03678846153846153
0 0.7668892045454545 0.5648557692307693 0.03579545454545461 0.04698076923076924
0 0.7619105113636363 0.538625 0.024758522727272816 0.029519230769230704
0 0.7698508522727271 0.506201923076923 0.03149147727272721 0.03386538461538459
0 0.7535724431818182 0.48070192307692317 0.025298295454545375 0.03825000000000003
0 0.7714630681818182 0.4741442307692308 0.02125000000000005 0.044096153846153806
0 0.8485582386363636 0.4978269230769231 0.031747159090908965 0.041153846153846166
0 0.35159090909090907 0.08243269230769232 0.03088068181818179 0.032365384615384615
0 0.866044034090909 0.4712307692307693 0.027457386363636423 0.03169230769230767
0 0.7405610795454546 0.4246634615384615 0.024701704545454527 0.032403846153846144
0 0.7341406250000001 0.4113846153846154 0.03348011363636363 0.03511538461538465
0 0.7718039772727273 0.3652211538461539 0.030909090909090896 0.04274999999999998
0 0.7885866477272727 0.35847115384615386 0.016605113636363553 0.031057692307692265
0 0.7470454545454545 0.3557692307692308 0.025909090909090923 0.035538461538461574
0 0.7342542613636364 0.33620192307692304 0.02225852272727275 0.032403846153846144
0 0.9176988636363635 0.35834615384615387 0.05181818181818168 0.05730769230769233
0 0.88921875 0.38029807692307693 0.028892045454545337 0.04124999999999998
0 0.9167045454545455 0.43628846153846157 0.03363636363636373 0.0368846153846154
0 0.026328125 0.1419423076923077 0.04288352272727273 0.05711538461538461
0 0.3396377840909091 0.11279807692307693 0.027571022727272722 0.055249999999999994
0 0.9357173295454544 0.45404807692307697 0.03532670454545455 0.03598076923076925
0 0.9560724431818183 0.4483557692307692 0.03296874999999989 0.055557692307692336
0 0.9824573863636364 0.4489326923076923 0.029232954545454604 0.04717307692307693
0 0.9647869318181819 0.3692692307692308 0.02349431818181813 0.03088461538461539
0 0.9842045454545455 0.35659615384615384 0.02690340909090917 0.03596153846153844
0 0.9910582386363637 0.3352019230769231 0.017798295454545417 0.03809615384615385
0 0.9854261363636364 0.3037019230769231 0.029147727272727245 0.039673076923076915
0 0.9813494318181818 0.28409615384615383 0.03730113636363635 0.039653846153846165
0 0.9486292613636365 0.3163942307692308 0.044872159090909136 0.06648076923076922
0 0.9926704545454544 0.23766346153846155 0.014659090909090981 0.04067307692307691
0 0.2810085227272727 0.15011538461538462 0.029403409090909115 0.04030769230769232
0 0.9874857954545455 0.18700961538461539 0.025028409090909098 0.051173076923076925
0 0.9899360795454545 0.14296153846153847 0.020042613636363657 0.05273076923076922
0 0.7823792613636363 0.20796153846153848 0.016718749999999973 0.02392307692307692
0 0.7561931818181818 0.1560673076923077 0.028068181818181805 0.04655769230769232
0 0.7771661931818182 0.12530769230769231 0.03785511363636376 0.040576923076923066
0 0.7942045454545454 0.07921153846153846 0.02065340909090904 0.02942307692307693
0 0.7143465909090909 0.11121153846153846 0.028238636363636438 0.042269230769230746
0 0.6907173295454545 0.11489423076923078 0.021178977272727308 0.043019230769230775
0 0.6698082386363636 0.12389423076923077 0.030951704545454574 0.05882692307692307
0 0.6545170454545454 0.035461538461538454 0.03750000000000005 0.04246153846153846
0 0.19693181818181815 0.2295 0.02406250000000004 0.027076923076923075
0 0.5119247159090908 0.2675192307692308 0.025610795454545497 0.05234615384615384
0 0.523856534090909 0.2588846153846154 0.029730113636363645 0.040230769230769264
0 0.5400852272727273 0.23871153846153845 0.027329545454545388 0.03296153846153844
0 0.561221590909091 0.26790384615384616 0.027755681818181846 0.03584615384615382
0 0.5672017045454546 0.23928846153846153 0.02349431818181813 0.031807692307692294
0 0.5842826704545455 0.23697115384615383 0.0209232954545454 0.03409615384615385
0 0.5503338068181818 0.29651923076923076 0.029048295454545518 0.0398846153846154
0 0.5358167613636364 0.31411538461538463 0.018906250000000003 0.0351153846153846
0 0.5240198863636363 0.20498076923076924 0.04323863636363636 0.07023076923076922
0 0.5095738636363637 0.1759519230769231 0.024005681818181787 0.03148076923076924
0 0.20396306818181814 0.20622115384615386 0.023749999999999997 0.03386538461538462
0 0.5056605113636364 0.047875 0.02370738636363636 0.030788461538461535
0 0.5071022727272727 0.020769230769230766 0.02338068181818187 0.028615384615384612
0 0.6051278409090909 0.04440384615384615 0.029147727272727245 0.03773076923076923
0 0.6395596590909091 0.10251923076923078 0.02562499999999995 0.03511538461538461
0 0.6432386363636364 0.07280769230769231 0.02659090909090905 0.032961538461538466
0 0.6632670454545454 0.06608653846153845 0.037159090909090864 0.05332692307692307
0 0.6831178977272727 0.04201923076923077 0.02498579545454542 0.053769230769230764
0 0.6426704545454546 0.009048076923076923 0.028721590909090947 0.018096153846153845
0 0.9246519886363636 0.028009615384615386 0.03754261363636357 0.036903846153846155
0 0.9527343749999999 0.031153846153846153 0.029247159090909136 0.036
0 0.15457386363636363 0.22759615384615384 0.028124999999999997 0.03765384615384612
0 0.7472017045454545 0.005115384615384615 0.026477272727272707 0.01023076923076923
0 0.14838068181818184 0.25377884615384616 0.031363636363636364 0.03382692307692305
0 0.07879261363636364 0.33402884615384615 0.025028409090909098 0.028057692307692315
0 0.07905539772727273 0.3092596153846154 0.03524147727272728 0.040442307692307694
0 0.05591619318181818 0.3263846153846154 0.023934659090909086 0.04626923076923077
0 0.06828835227272728 0.35213461538461543 0.022002840909090913 0.02696153846153848
0 0.06183948863636363 0.11148076923076923 0.02953125 0.04188461538461539
0 0.07407670454545455 0.3813076923076923 0.03034090909090909 0.034499999999999996
0 0.08287642045454545 0.3621730769230769 0.023849431818181808 0.031346153846153815
0 0.02798295454545455 0.34852884615384616 0.028494318181818187 0.03982692307692309
0 0.014744318181818183 0.38232692307692306 0.029488636363636366 0.04434615384615385
0 0.04302556818181818 0.3777019230769231 0.029232954545454545 0.045557692307692306
0 0.1493252840909091 0.3801346153846154 0.03061079545454547 0.029500000000000005
0 0.15125 0.3515673076923077 0.027840909090909083 0.029865384615384617
0 0.20961647727272725 0.32291346153846157 0.0293181818181818 0.027711538461538454
0 0.210546875 0.2992884615384615 0.033025568181818184 0.028346153846153865
0 0.22171164772727273 0.34244230769230766 0.11771306818181819 0.06676923076923076
0 0.08609375 0.11862500000000001 0.03303977272727272 0.04094230769230769
0 0.19240767045454543 0.36668269230769235 0.026519886363636346 0.035903846153846126
0 0.17193181818181816 0.41959615384615384 0.028380681818181822 0.039692307692307666
0 0.1447159090909091 0.42999038461538464 0.04093750000000001 0.04786538461538459
0 0.13029829545454547 0.4630576923076923 0.044659090909090905 0.04976923076923076
0 0.15936789772727272 0.4762884615384615 0.03024147727272728 0.03715384615384614
0 0.07027698863636363 0.48415384615384616 0.032571022727272726 0.034000000000000065
0 0.06586647727272728 0.5279326923076922 0.028380681818181815 0.03717307692307689
0 0.087265625 0.5077788461538462 0.041406250000000006 0.03463461538461542
0 0.1551349431818182 0.5612884615384616 0.034815340909090914 0.05784615384615392
0 0.19375 0.5592884615384615 0.036051136363636375 0.05576923076923077
0 0.009098011363636364 0.06159615384615385 0.01794034090909091 0.04080769230769231
0 0.14703835227272727 0.5912211538461538 0.03365056818181818 0.047211538461538374
0 0.145625 0.6430865384615384 0.026761363636363642 0.025788461538461586
0 0.15088778409090908 0.623875 0.027571022727272743 0.027980769230769253
0 0.12778409090909093 0.623048076923077 0.02514204545454546 0.0318269230769231
0 0.15272017045454545 0.6581826923076923 0.027968749999999997 0.04171153846153846
0 0.18575994318181818 0.6046634615384615 0.03242897727272727 0.04225000000000005
0 0.07549005681818181 0.6156346153846154 0.04379261363636364 0.0488461538461538
0 0.059275568181818186 0.6513173076923077 0.026761363636363632 0.048865384615384554
0 0.0994034090909091 0.6713461538461539 0.030000000000000006 0.03842307692307685
0 0.11095880681818183 0.6568076923076923 0.02879261363636363 0.046653846153846136
0 0.028316761363636363 0.047759615384615386 0.0354403409090909 0.042249999999999996
0 0.08137073863636363 0.6850769230769231 0.026349431818181824 0.03292307692307693
0 0.09879971590909092 0.6982403846153847 0.02311079545454545 0.0318269230769231
0 0.0734659090909091 0.7100480769230769 0.02107954545454546 0.03348076923076928
0 0.04426846590909091 0.6823269230769231 0.027571022727272722 0.03403846153846163
0 0.005106534090909091 0.6406153846153846 0.010213068181818183 0.024153846153846158
0 0.008188920454545454 0.6710769230769231 0.016207386363636365 0.04115384615384622
0 0.017109375000000003 0.7127884615384615 0.034048295454545456 0.0422692307692307
0 0.0027201704545454547 0.5851826923076924 0.005269886363636364 0.03294230769230768
0 0.010007102272727273 0.75625 0.020014204545454547 0.03946153846153843
0 0.020838068181818183 0.7829230769230769 0.027897727272727272 0.03834615384615384
0 0.13031250000000003 0.13091346153846153 0.028977272727272716 0.042519230769230754
0 0.005291193181818182 0.8009807692307692 0.010582386363636363 0.02888461538461535
0 0.008984375000000001 0.8373653846153847 0.017968750000000002 0.04611538461538465
0 0.03397017045454545 0.8334711538461538 0.034474431818181814 0.04167307692307695
0 0.06013494318181818 0.8630480769230768 0.025127840909090905 0.034480769230769245
0 0.12416903409090908 0.8885576923076922 0.027571022727272743 0.03638461538461542
0 0.11230113636363637 0.9093461538461539 0.02548295454545454 0.040153846153846144
0 0.08525568181818183 0.7931249999999999 0.028607954545454548 0.034480769230769245
0 0.01615056818181818 0.9695673076923077 0.02826704545454545 0.03778846153846149
0 0.034169034090909094 0.9932788461538461 0.026150568181818178 0.01344230769230771
0 0.126328125 0.988346153846154 0.02492897727272727 0.023307692307692317
0 0.16314630681818182 0.019201923076923075 0.03458806818181817 0.03840384615384615
0 0.2098082386363636 0.978951923076923 0.02214488636363637 0.03401923076923077
0 0.2236434659090909 0.9887596153846153 0.023423295454545467 0.022480769230769228
0 0.22258522727272725 0.9622403846153846 0.02724431818181815 0.03171153846153848
0 0.24195312499999996 0.9740576923076922 0.025980113636363624 0.043807692307692256
0 0.2174715909090909 0.9221826923076922 0.02894886363636363 0.03113461538461538
0 0.3072372159090909 0.9211057692307693 0.02455965909090908 0.036173076923076926
0 0.32835227272727274 0.9278173076923077 0.024573863636363654 0.033250000000000036
0 0.19388494318181818 0.8488749999999999 0.039474431818181804 0.07032692307692306
0 0.2232386363636364 0.8555576923076923 0.02960227272727273 0.034461538461538495
0 0.22553267045454542 0.8170384615384616 0.026946022727272725 0.05023076923076924
0 0.18497869318181817 0.04221153846153846 0.03242897727272725 0.04857692307692307
0 0.2384019886363636 0.7972692307692308 0.030042613636363645 0.04676923076923076
0 0.2665696022727273 0.8252403846153846 0.043565340909090894 0.035596153846153826
0 0.28403409090909093 0.7985384615384615 0.045454545454545456 0.03915384615384618
0 0.29124289772727274 0.7629134615384616 0.04345170454545455 0.04263461538461542
0 0.29735795454545455 0.7324038461538462 0.026335227272727302 0.03161538461538461
0 0.305234375 0.7189807692307693 0.023082386363636364 0.03199999999999997
0 0.2600213068181818 0.762826923076923 0.021434659090909094 0.03542307692307695
0 0.24499289772727276 0.7592403846153847 0.02311079545454547 0.047096153846153864
0 0.2032457386363636 0.7417211538461538 0.028110795454545444 0.033903846153846146
0 0.16916193181818182 0.786375 0.02948863636363637 0.03728846153846151
