0 0.9617897727272726 0.25500000000000006 0.008693181818181824 0.0116153846153846
0 0.967088068181818 0.1786923076923077 0.03985795454545463 0.041961538461538446
0 0.7728835227272728 0.7540192307692307 0.06252840909090907 0.04157692307692309
0 0.6659303977272727 0.6116057692307691 0.034019886363636426 0.04659615384615377
0 0.44497869318181815 0.27702884615384615 0.03393465909090907 0.04336538461538464
0 0.30704545454545457 0.7816442307692308 0.024857954545454544 0.03717307692307689
0 0.06731534090909091 0.08314423076923076 0.04721590909090911 0.07148076923076924
0 0.19745738636363636 0.07208653846153847 0.036051136363636355 0.044403846153846155
0 0.8071448863636363 0.2760769230769231 0.04389204545454542 0.0643076923076923
0 0.48780539772727266 0.11057692307692307 0.025980113636363666 0.037692307692307685
0 0.7922372159090909 0.4685096153846154 0.03575284090909101 0.04055769230769226
0 0.7020170454545455 0.8860192307692308 0.03559659090909091 0.05223076923076928
0 0.8588707386363637 0.7700961538461538 0.02038352272727276 0.026923076923076925
0 0.5981676136363636 0.2050769230769231 0.31122159090909085 0.2968846153846154
0 0.9074573863636363 0.5753846153846155 0.03463068181818181 0.04526923076923081
0 0.3028338068181818 0.8739230769230769 0.033082386363636355 0.032730769230769195
0 0.18269886363636365 0.6730961538461538 0.042556818181818175 0.05030769230769225
0 0.7017684659090909 0.4375 0.031747159090909124 0.04111538461538461
0 0.7917542613636364 0.26610576923076923 0.02947443181818182 0.04701923076923075
0 0.6925710227272727 0.21922115384615384 0.020624999999999973 0.028480769230769237
0 0.9105042613636364 0.7161634615384614 0.020696022727272636 0.030865384615384638
0 0.03707386363636364 0.2136346153846154 0.04025568181818182 0.06869230769230766
0 0.012642045454545453 0.6200192307692307 0.02448863636363636 0.03838461538461534
0 0.5761434659090909 0.7187019230769232 0.02916193181818186 0.03278846153846156
0 0.26656960227272725 0.9362884615384616 0.034161931818181834 0.0398846153846154
0 0.8094460227272726 0.5588846153846154 0.025767045454545435 0.036769230769230776
0 0.7080042613636364 0.3001153846153846 0.02848011363636357 0.036346153846153806
0 0.949815340909091 0.6403173076923078 0.024914772727272837 0.04498076923076932
0 0.6513920454545454 0.8240000000000001 0.030000000000000006 0.042038461538461566
0 0.7587500000000001 0.36999038461538464 0.023977272727272722 0.0330576923076923
0 0.13502130681818184 0.028048076923076926 0.029815340909090902 0.028596153846153844
0 0.10509943181818181 0.8897211538461538 0.03284090909090909 0.04048076923076925
0 0.773984375 0.03172115384615385 0.028650568181818284 0.036673076923076926
0 0.10044034090909092 0.45492307692307693 0.039261363636363636 0.04984615384615387
0 0.5446306818181819 0.37592307692307697 0.0363636363636364 0.05069230769230766
0 0.4302130681818182 0.48574038461538466 0.04306818181818181 0.0693653846153846
0 0.9027485795454545 0.41686538461538464 0.02521306818181818 0.033769230769230774
0 0.6609730113636364 0.7985480769230769 0.02697443181818183 0.03290384615384618
0 0.7515696022727273 0.38616346153846154 0.011406249999999962 0.011826923076923087
0 0.46583096590909095 0.3267884615384615 0.02759943181818183 0.04092307692307692
0 0.10953835227272729 0.9963557692307693 0.0226278409090909 0.0072884615384614685
0 0.6019886363636364 0.758451923076923 0.03653409090909095 0.05501923076923079
0 0.2414630681818182 0.08784615384615385 0.025028409090909098 0.027384615384615375
0 0.5635298295454546 0.851576923076923 0.028082386363636417 0.04357692307692301
0 0.016207386363636365 0.16160576923076922 0.03241477272727273 0.08836538461538462
0 0.4814630681818182 0.8088942307692307 0.02318181818181817 0.0574423076923077
0 0.03713068181818182 0.013586538461538462 0.029886363636363635 0.026903846153846153
0 0.7485156249999999 0.25923076923076926 0.027514204545454553 0.032384615384615394
0 0.6363707386363636 0.3784519230769231 0.02461647727272733 0.04351923076923082
0 0.18107954545454547 0.23409615384615381 0.02826704545454546 0.03642307692307689
0 0.9957102272727273 0.9357788461538462 0.008323863636363655 0.037403846153846135
0 0.9544815340909092 0.23802884615384617 0.021292613636363648 0.0306346153846154
0 0.19996448863636365 0.5728461538461538 0.024588068181818187 0.043115384615384535
0 0.22715198863636363 0.933548076923077 0.02921874999999999 0.049596153846153776
0 0.6677343750000001 0.871625 0.02958806818181816 0.03159615384615386
0 0.06988636363636364 0.4973942307692307 0.025767045454545456 0.0312884615384615
0 0.8825852272727271 0.5532307692307692 0.025085227272727228 0.0386538461538462
0 0.11225142045454546 0.2459230769230769 0.024218749999999997 0.036615384615384626
0 0.05189630681818181 0.21257692307692305 0.019417613636363632 0.030115384615384638
0 0.15114346590909092 0.29129807692307697 0.03080965909090909 0.04886538461538461
0 0.5038494318181819 0.07976923076923076 0.028295454545454568 0.035576923076923075
0 0.27792613636363633 0.6352307692307693 0.018096590909090923 0.02450000000000002
0 0.07241477272727272 0.24122115384615386 0.03034090909090909 0.04413461538461539
0 0.7628053977272727 0.3299423076923077 0.02620738636363643 0.048038461538461516
0 0.7202272727272727 0.4487019230769231 0.039687499999999994 0.05978846153846155
0 0.3050142045454546 0.7203461538461539 0.024659090909090887 0.033884615384615395
0 0.5476491477272727 0.6518557692307693 0.04257102272727269 0.03478846153846149
0 0.08111505681818182 0.5209519230769231 0.03007102272727272 0.03405769230769227
0 0.7667826704545455 0.07015384615384616 0.027741477272727397 0.04046153846153846
0 0.11240056818181818 0.46198076923076925 0.03681818181818182 0.05315384615384618
0 0.9567968750000001 0.6949134615384616 0.030355113636363642 0.041980769230769203
0 0.5052769886363637 0.6698750000000001 0.022343749999999944 0.02901923076923072
0 0.04785511363636363 0.7055480769230769 0.08948863636363637 0.08217307692307696
0 0.6015625 0.18422115384615384 0.016988636363636414 0.024019230769230786
0 0.587890625 0.6029134615384615 0.027315340909090935 0.045480769230769186
0 0.8432883522727272 0.7509230769230769 0.021235795454545358 0.030807692307692272
0 0.5298224431818181 0.9544519230769231 0.031747159090909124 0.04440384615384622
0 0.8915269886363636 0.9101923076923076 0.028139204545454467 0.036615384615384654
0 0.10155539772727273 0.8376923076923077 0.03990056818181819 0.04930769230769239
0 0.8151846590909091 0.4848653846153846 0.026562500000000065 0.03792307692307692
0 0.9545383522727273 0.07077884615384615 0.028053977272727272 0.034980769230769225
0 0.9258522727272727 0.528298076923077 0.04440340909090908 0.0532884615384615
0 0.5574573863636364 0.8970576923076924 0.03110795454545451 0.046538461538461515
0 0.4868536931818182 0.3212307692307692 0.02365056818181815 0.036038461538461554
0 0.6642400568181818 0.6700961538461538 0.08072443181818188 0.048269230769230814
0 0.6284872159090908 0.8048749999999999 0.03870738636363636 0.042019230769230705
0 0.7981392045454545 0.6960576923076924 0.019630681818181728 0.026038461538461576
0 0.7784303977272727 0.3836346153846154 0.037173295454545556 0.04323076923076921
0 0.7311789772727273 0.3990576923076923 0.022499999999999964 0.029500000000000005
0 0.9337713068181818 0.8199038461538461 0.027201704545454675 0.04792307692307696
0 0.08685369318181818 0.22238461538461538 0.021917613636363634 0.034999999999999976
0 0.1978693181818182 0.2726634615384616 0.05 0.04609615384615384
0 0.5907244318181818 0.36415384615384616 0.03292613636363637 0.0479230769230769
0 0.09425426136363636 0.13631730769230768 0.03200284090909091 0.04932692307692306
0 0.4893181818181818 0.6886923076923077 0.04235795454545454 0.0660384615384616
0 0.6464346590909091 0.08044230769230769 0.04281250000000006 0.05284615384615385
0 0.7491761363636363 0.3144326923076923 0.03406250000000002 0.05232692307692309
0 0.8562855113636364 0.38657692307692304 0.02401988636363632 0.040076923076923086
0 0.6828977272727272 0.37811538461538463 0.035085227272727254 0.04346153846153845
0 0.9969957386363636 0.23068269230769234 0.006008522727272753 0.028519230769230765
0 0.8262784090909091 0.7369423076923077 0.02011363636363632 0.03515384615384621
0 0.6318252840909091 0.22385576923076922 0.01112215909090915 0.014211538461538463
0 0.2890056818181818 0.32732692307692307 0.03892045454545456 0.04399999999999999
0 0.17839488636363637 0.7921634615384615 0.02926136363636361 0.04448076923076922
0 0.8882031250000001 0.8748076923076923 0.03393465909090907 0.033307692307692295
0 0.3723011363636364 0.5125961538461539 0.0728693181818182 0.07184615384615388
0 0.6522230113636364 0.8849134615384615 0.032713068181818225 0.03351923076923078
0 0.53671875 0.08993269230769231 0.02477272727272727 0.0364423076923077
0 0.6862073863636364 0.32814423076923077 0.03088068181818175 0.05128846153846151
0 0.45212357954545457 0.555625 0.08541193181818181 0.14478846153846153
0 0.5240980113636364 0.11091346153846153 0.034218749999999964 0.03563461538461539
0 0.06242187499999999 0.13092307692307692 0.05938920454545454 0.08388461538461538
0 0.5755894886363637 0.6885576923076924 0.02376420454545449 0.03442307692307688
0 0.574403409090909 0.19871153846153847 0.02139204545454546 0.028961538461538466
0 0.0802911931818182 0.40301923076923074 0.024644886363636365 0.03157692307692305
0 0.7721022727272726 0.2499134615384615 0.02357954545454549 0.028826923076923066
0 0.6578053977272728 0.9068750000000001 0.02867897727272727 0.027788461538461515
0 0.13769176136363637 0.914298076923077 0.028735795454545462 0.03994230769230766
0 0.13360795454545454 0.9939230769230768 0.02295454545454545 0.01215384615384625
0 0.8322585227272729 0.5501730769230769 0.045625000000000006 0.04384615384615387
0 0.759921875 0.01075 0.021349431818181778 0.02080769230769231
0 0.36526278409090907 0.13280769230769232 0.023849431818181846 0.04296153846153847
0 0.7719673295454544 0.720875 0.030355113636363642 0.039673076923076915
0 0.3229758522727273 0.2646730769230769 0.03265625000000001 0.04165384615384617
0 0.3021448863636364 0.5575576923076924 0.030710227272727278 0.03942307692307692
0 0.8190482954545453 0.9594615384615384 0.027840909090909124 0.04000000000000002
0 0.5679474431818182 0.3411153846153846 0.03518465909090915 0.0482307692307692
0 0.6462428977272728 0.20706730769230772 0.01728693181818184 0.023403846153846157
0 0.6735866477272728 0.7187980769230768 0.042201704545454514 0.05621153846153839
0 0.5619815340909091 0.6055 0.02535511363636367 0.03549999999999996
0 0.3538778409090909 0.8463557692307693 0.023749999999999997 0.033788461538461524
0 0.31734375000000004 0.8872692307692308 0.024715909090909097 0.030807692307692272
0 0.13149147727272725 0.7948942307692308 0.03278409090909091 0.04244230769230768
0 0.9718821022727272 0.08045192307692307 0.025838068181818098 0.04732692307692308
0 0.3123224431818182 0.062125 0.03606534090909089 0.04186538461538461
0 0.817002840909091 0.1208076923076923 0.1392897727272728 0.18315384615384614
0 0.8306178977272727 0.3896826923076923 0.012116477272727234 0.015557692307692314
0 0.2829403409090909 0.3943557692307692 0.027102272727272704 0.03532692307692309
0 0.8879474431818182 0.1769326923076923 0.02953124999999995 0.03682692307692306
0 0.7778693181818181 0.6161538461538462 0.02761363636363644 0.05330769230769225
0 0.7403409090909091 0.2951923076923077 0.02585227272727263 0.04434615384615385
0 0.6452982954545454 0.23216346153846154 0.022073863636363666 0.028211538461538465
0 0.5138494318181818 0.5918461538461538 0.030426136363636305 0.040153846153846144
0 0.3068252840909091 0.3009519230769231 0.02424715909090908 0.0360192307692308
0 0.11090198863636364 0.5486057692307692 0.03032670454545454 0.03771153846153838
0 0.21756392045454548 0.24022115384615383 0.03495738636363634 0.04732692307692308
0 0.48546874999999995 0.27862499999999996 0.031221590909090935 0.05082692307692309
0 0.3229048295454545 0.22154807692307696 0.034048295454545456 0.04359615384615385
0 0.30345170454545456 0.9730288461538462 0.02573863636363637 0.04040384615384614
0 0.6816761363636363 0.8381057692307692 0.0466761363636363 0.05471153846153855
0 0.3299644886363637 0.32140384615384615 0.02268465909090909 0.02999999999999999
0 0.2845099431818182 0.5988846153846153 0.02975852272727275 0.04030769230769227
0 0.7197585227272727 0.6202307692307691 0.02761363636363628 0.035076923076923096
0 0.7706392045454545 0.35507692307692307 0.02210227272727265 0.03073076923076921
0 0.6455255681818182 0.9709230769230769 0.036931818181818184 0.03815384615384611
0 0.5089488636363636 0.048317307692307694 0.025170454545454583 0.035173076923076925
0 0.9438778409090909 0.24275000000000002 0.019176136363636364 0.03803846153846154
0 0.2906321022727273 0.8941057692307692 0.02745738636363638 0.0527499999999999
0 0.6351420454545454 0.7680384615384616 0.033465909090909095 0.05676923076923073
0 0.12525568181818184 0.8417403846153846 0.04539772727272726 0.050673076923076966
0 0.10017045454545456 0.1694326923076923 0.05710227272727273 0.08917307692307694
0 0.5854403409090909 0.17915384615384614 0.016249999999999997 0.02538461538461539
0 0.8095880681818183 0.6777980769230769 0.08167613636363637 0.12090384615384617
0 0.3116335227272727 0.10290384615384617 0.046278409090909106 0.04573076923076925
0 0.11973011363636363 0.21845192307692307 0.019034090909090896 0.02309615384615383
0 0.12779829545454546 0.7019423076923077 0.04661931818181817 0.05211538461538466
0 0.7236505681818182 0.3355192307692308 0.039318181818181745 0.03238461538461534
0 0.8725 0.7347884615384616 0.037471590909090906 0.042038461538461455
0 0.026803977272727268 0.1058173076923077 0.02883522727272727 0.03432692307692308
0 0.6187357954545455 0.9873461538461538 0.025511363636363606 0.024346153846153896
0 0.14505681818181818 0.009557692307692307 0.047017045454545464 0.0185
0 0.08801846590909092 0.38100961538461536 0.03169034090909091 0.05128846153846157
0 0.5909161931818182 0.9796538461538461 0.03348011363636363 0.04069230769230774
0 0.7035511363636364 0.13725 0.023920454545454592 0.03553846153846153
0 0.03873579545454546 0.28151923076923074 0.034318181818181824 0.03884615384615388
0 0.700078125 0.10921153846153846 0.02933238636363641 0.04492307692307692
0 0.31130681818181816 0.3589326923076923 0.028409090909090908 0.03809615384615385
0 0.5742755681818182 0.7840480769230769 0.03730113636363635 0.04059615384615387
0 0.6849573863636363 0.4964807692307693 0.03286931818181816 0.047884615384615394
0 0.12183238636363636 0.7632884615384615 0.03213068181818182 0.05353846153846149
0 0.2419815340909091 0.05911538461538462 0.02723011363636362 0.030384615384615385
0 0.8624573863636364 0.6131538461538462 0.022556818181818174 0.03300000000000005
0 0.8498437499999999 0.9268076923076923 0.027301136363636402 0.03707692307692302
0 0.221640625 0.5162403846153846 0.03251420454545453 0.04567307692307692
0 0.011328125 0.0771923076923077 0.022514204545454546 0.04276923076923077
0 0.9148295454545454 0.9322884615384615 0.018465909090909092 0.029653846153846183
0 0.33450284090909094 0.2989230769230769 0.027727272727272743 0.032730769230769195
0 0.8086931818181817 0.7428750000000001 0.020909090909090787 0.03217307692307696
0 0.6491761363636364 0.9472403846153846 0.051022727272727296 0.05790384615384618
0 0.6332954545454546 0.21022115384615384 0.010284090909090842 0.01363461538461539
0 0.9063920454545454 0.8007692307692307 0.03579545454545461 0.05784615384615382
0 0.5577840909090909 0.5850096153846154 0.023977272727272722 0.03101923076923076
0 0.40625 0.9587307692307692 0.021619318181818222 0.03176923076923084
0 0.3393181818181818 0.34473076923076923 0.026789772727272745 0.034769230769230795
0 0.11359375 0.11109615384615384 0.02622159090909092 0.03796153846153846
0 0.05547585227272727 0.2339423076923077 0.039133522727272725 0.058346153846153825
0 0.22854403409090907 0.4863365384615384 0.028536931818181822 0.033211538461538424
0 0.3700497159090909 0.5535384615384616 0.02782670454545455 0.036846153846153896
0 0.4612428977272728 0.8043846153846154 0.0353551136363637 0.05742307692307684
0 0.5433025568181818 0.8254903846153846 0.03001420454545454 0.03313461538461542
0 0.9643607954545456 0.6521250000000001 0.023948863636363657 0.040826923076923115
0 0.683125 0.27747115384615384 0.03125 0.04905769230769229
0 0.5797372159090909 0.04965384615384615 0.017684659090909074 0.024384615384615376
0 0.6571732954545454 0.7159326923076923 0.05011363636363641 0.05782692307692306
0 0.12209517045454547 0.28534615384615386 0.028167613636363633 0.045269230769230756
0 0.7470951704545455 0.5957307692307692 0.024161931818181805 0.03357692307692304
0 0.81375 0.6039807692307693 0.027954545454545544 0.04153846153846158
0 0.9781605113636364 0.13516346153846154 0.02509943181818192 0.045826923076923085
0 0.5418607954545455 0.9856346153846154 0.017159090909090888 0.028730769230769226
0 0.29186789772727273 0.6956153846153846 0.024758522727272737 0.033884615384615284
0 0.619140625 0.21024038461538463 0.020894886363636414 0.03263461538461538
0 0.013927556818181815 0.3931442307692308 0.027059659090909086 0.052326923076923035
0 0.25584517045454547 0.48404807692307694 0.02546875000000001 0.041942307692307695
0 0.426953125 0.009259615384615385 0.019928977272727234 0.01851923076923077
0 0.5855326704545455 0.7379038461538462 0.02492897727272729 0.0368846153846154
0 0.6151704545454545 0.07163461538461538 0.04406249999999998 0.04657692307692307
0 0.6813210227272727 0.9365288461538461 0.02653409090909092 0.039749999999999924
0 0.5105113636363636 0.9846923076923076 0.021221590909090905 0.03003846153846155
0 0.7021519886363636 0.2544711538461538 0.030355113636363642 0.05213461538461538
0 0.7353977272727273 0.7829038461538462 0.03730113636363643 0.05580769230769227
0 0.031470170454545456 0.1303942307692308 0.03282670454545455 0.024057692307692318
0 0.3358238636363637 0.8521442307692307 0.02090909090909091 0.030557692307692282
0 0.8461647727272728 0.49869230769230766 0.027954545454545385 0.03830769230769223
0 0.933877840909091 0.24110576923076923 0.046732954545454515 0.08082692307692305
0 0.6586860795454546 0.9304326923076923 0.023622159090909086 0.028134615384615376
0 0.6042613636363636 0.10316346153846154 0.03568181818181819 0.04601923076923077
0 0.48140625 0.1451730769230769 0.024573863636363654 0.035576923076923075
0 0.3676704545454545 0.2587307692307692 0.02960227272727273 0.03338461538461538
0 0.04085227272727272 0.5070480769230769 0.02954545454545454 0.036634615384615404
0 0.09237926136363636 0.671 0.022343750000000006 0.03173076923076923
0 0.16095170454545454 0.8920384615384616 0.041448863636363645 0.054076923076923085
0 0.8209801136363637 0.44758653846153845 0.028494318181818103 0.04448076923076922
0 0.33258522727272727 0.779423076923077 0.03221590909090906 0.04903846153846154
0 0.13517045454545454 0.23367307692307693 0.03269886363636363 0.04426923076923079
0 0.17654119318181818 0.5644230769230769 0.02975852272727271 0.04030769230769238
0 0.7000426136363637 0.7910192307692308 0.037102272727272734 0.05530769230769229
0 0.29277698863636364 0.22683653846153845 0.028053977272727272 0.050442307692307675
0 0.6501136363636364 0.9921153846153846 0.03389204545454547 0.015769230769230747
0 0.8376562500000001 0.3719615384615385 0.0222727272727272 0.035346153846153895
0 0.9056889204545455 0.7311634615384615 0.029616477272727305 0.051211538461538454
0 0.6487926136363636 0.3503173076923077 0.022329545454545494 0.047096153846153864
0 0.7786008522727272 0.8954230769230769 0.13350852272727273 0.16207692307692304
0 0.9454474431818182 0.7448365384615384 0.029928977272727343 0.03744230769230775
0 0.7902769886363636 0.3952211538461538 0.02933238636363633 0.05932692307692307
0 0.3797159090909091 0.1449519230769231 0.024374999999999956 0.04732692307692309
0 0.3734303977272727 0.22615384615384615 0.02407670454545457 0.03638461538461539
0 0.599325284090909 0.4380865384615385 0.024588068181818187 0.03548076923076921
0 0.9650852272727274 0.2861826923076923 0.02755681818181815 0.03640384615384617
0 0.6380397727272727 0.10771153846153846 0.03357954545454544 0.04715384615384614
0 0.523856534090909 0.9882403846153845 0.02177556818181816 0.0234807692307693
0 0.06621448863636363 0.19551923076923078 0.01813920454545455 0.026923076923076925
0 0.49851562499999996 0.9514230769230769 0.029673295454545435 0.0476538461538461
0 0.4449005681818182 0.6277019230769231 0.0248295454545454 0.030249999999999926
0 0.07958806818181818 0.27990384615384617 0.038011363636363635 0.05488461538461537
0 0.7300994318181818 0.8231634615384615 0.0620738636363637 0.06082692307692307
0 0.7727556818181818 0.28827884615384614 0.03340909090909088 0.0479038461538462
0 0.08968039772727272 0.09870192307692308 0.024843749999999994 0.03363461538461539
0 0.7320951704545454 0.36388461538461536 0.02589488636363639 0.032230769230769216
0 0.15002130681818182 0.7548557692307691 0.027088068181818192 0.050173076923076876
0 0.010937500000000001 0.6494038461538462 0.021875000000000002 0.028461538461538375
0 0.2861931818181818 0.28727884615384613 0.0328693181818182 0.0568653846153846
0 0.3075284090909091 0.44335576923076925 0.03619318181818185 0.056057692307692315
0 0.7348082386363636 0.1396826923076923 0.03086647727272722 0.04736538461538462
0 0.5063565340909091 0.5412403846153846 0.05544034090909095 0.11259615384615393
0 0.03301136363636364 0.8445480769230769 0.06571022727272727 0.08736538461538462
0 0.6048366477272727 0.21153846153846154 0.012485795454545402 0.017192307692307687
0 0.7500071022727273 0.21758653846153844 0.026292613636363624 0.03286538461538462
0 0.5365127840909091 0.8478749999999999 0.027911931818181787 0.04167307692307695
0 0.8376207386363635 0.9489038461538462 0.029872159090909213 0.038038461538461486
0 0.6100284090909092 0.4646442307692308 0.02553977272727267 0.03459615384615387
0 0.26245738636363636 0.3102692307692308 0.017528409090909094 0.056346153846153865
0 0.8751775568181818 0.7008269230769231 0.03526988636363626 0.04057692307692312
0 0.005561079545454546 0.6783269230769231 0.010610795454545456 0.0369230769230769
0 0.34426136363636367 0.884125 0.03065340909090911 0.045365384615384675
0 0.8265411931818182 0.8310192307692308 0.1168892045454545 0.15792307692307694
0 0.41795454545454547 0.6001057692307692 0.0259943181818182 0.06586538461538462
0 0.14038352272727272 0.155 0.025113636363636373 0.039846153846153844
0 0.5644318181818182 0.9826250000000001 0.029829545454545456 0.03455769230769236
0 0.16941051136363638 0.9618173076923077 0.03410511363636364 0.046596153846153884
0 0.7218181818181818 0.11949038461538461 0.023920454545454592 0.034826923076923075
0 0.9682741477272727 0.21526923076923077 0.02873579545454548 0.036038461538461554
0 0.2572088068181818 0.9670576923076923 0.03515625 0.03292307692307693
0 0.7701349431818181 0.7968461538461539 0.04867897727272725 0.06584615384615386
0 0.7109943181818181 0.8897788461538462 0.08480113636363634 0.09167307692307684
0 0.4090269886363637 0.9850576923076924 0.05634943181818184 0.028961538461538466
0 0.2692755681818182 0.8966442307692307 0.027926136363636358 0.04067307692307688
0 0.20037642045454546 0.41399038461538457 0.040355113636363654 0.048019230769230765
0 0.25113636363636366 0.31175 0.018267045454545435 0.033615384615384596
0 0.7976775568181819 0.01603846153846154 0.03697443181818194 0.03207692307692308
0 0.10262784090909091 0.22478846153846155 0.02093750000000001 0.027961538461538447
0 0.34700284090909095 0.36080769230769233 0.02605113636363637 0.03373076923076922
0 0.9139275568181818 0.5068942307692308 0.050639204545454515 0.10101923076923082
0 0.21786931818181818 0.08385576923076923 0.026846590909090917 0.043673076923076926
0 0.7203125 0.3847307692307692 0.022755681818181873 0.028384615384615366
0 0.32424715909090907 0.41864423076923074 0.02730113636363636 0.04486538461538464
0 0.287109375 0.8386538461538462 0.03169034090909091 0.039076923076923065
0 0.3303196022727273 0.5715673076923078 0.03623579545454548 0.05494230769230768
0 0.5064701704545455 0.3099230769230769 0.030042613636363603 0.039076923076923065
0 0.5798437500000001 0.6593269230769231 0.023892045454545444 0.03234615384615383
0 0.3966903409090909 0.49012500000000003 0.03499999999999998 0.047403846153846164
0 0.15257812499999998 0.09675961538461537 0.02825284090909091 0.03867307692307692
0 0.888963068181818 0.20534615384615384 0.030738636363636343 0.033576923076923094
0 0.79875 0.976596153846154 0.031079545454545447 0.0428461538461539
0 0.7082173295454546 0.3646634615384615 0.024531250000000056 0.036057692307692304
0 0.5600071022727273 0.702701923076923 0.030355113636363642 0.0443269230769231
