0 0.7300852272727273 0.09039423076923077 0.02125000000000005 0.028365384615384615
0 0.5868323863636363 0.2206153846153846 0.01380681818181822 0.021846153846153845
0 0.9455894886363635 0.09895192307692308 0.05120738636363646 0.09478846153846153
0 0.9845880681818181 0.04561538461538461 0.030795454545454636 0.09069230769230768
0 0.8653835227272727 0.09182692307692308 0.04332386363636364 0.04534615384615384
0 0.7227627840909091 0.1918653846153846 0.049190340909090906 0.057576923076923074
0 0.7576491477272728 0.02285576923076923 0.04052556818181814 0.04371153846153846
0 0.8667826704545454 0.18011538461538462 0.06862215909090917 0.05780769230769231
0 0.1377840909090909 0.7454519230769231 0.04630681818181817 0.07828846153846161
0 0.9806107954545454 0.12899038461538462 0.03772727272727265 0.06913461538461538
0 0.9314914772727273 0.02148076923076923 0.031221590909090935 0.04296153846153846
0 0.5264417613636364 0.3214711538461539 0.03410511363636362 0.0559807692307692
0 0.6268963068181819 0.1296923076923077 0.023678977272727296 0.058269230769230775
0 0.6483309659090909 0.12335576923076923 0.022286931818181813 0.04198076923076924
0 0.052620738636363636 0.7604423076923076 0.025071022727272727 0.048923076923076916
0 0.610028409090909 0.16099038461538462 0.02664772727272726 0.029826923076923088
0 0.9313707386363635 0.051086538461538454 0.02521306818181818 0.0400576923076923
0 0.9552485795454545 0.04016346153846154 0.023196022727272624 0.03732692307692308
0 0.7287713068181819 0.05392307692307692 0.04089488636363639 0.04953846153846154
0 0.678409090909091 0.21603846153846154 0.028238636363636358 0.03211538461538462
0 0.9312571022727273 0.15659615384615386 0.06174715909090913 0.07584615384615385
0 0.8380113636363636 0.0606923076923077 0.028437499999999973 0.04426923076923077
0 0.7382173295454545 0.10414423076923077 0.040014204545454485 0.06178846153846153
0 0.5647585227272728 0.20007692307692307 0.02605113636363633 0.028692307692307694
0 0.5874360795454545 0.06630769230769232 0.02941761363636369 0.05196153846153847
0 0.5926775568181818 0.3200192307692308 0.04021306818181818 0.03946153846153843
0 0.5285866477272727 0.3687115384615385 0.04518465909090901 0.04403846153846155
0 0.6898366477272727 0.1851057692307692 0.031008522727272704 0.04336538461538461
0 0.8726988636363636 0.14670192307692306 0.022329545454545494 0.03059615384615384
0 0.55640625 0.06947115384615385 0.014715909090909111 0.023326923076923075
0 0.5693181818181818 0.077 0.021874999999999967 0.046153846153846156
0 0.3684375 0.2546153846153846 0.028011363636363636 0.031807692307692294
0 0.4406321022727273 0.008759615384615385 0.02617897727272728 0.01751923076923077
0 0.3260724431818182 0.10829807692307691 0.019446022727272725 0.03344230769230771
0 0.676221590909091 0.0687403846153846 0.03264204545454548 0.04128846153846153
0 0.2986150568181818 0.11904807692307692 0.01589488636363636 0.01386538461538463
0 0.4648863636363636 0.006538461538461538 0.022698863636363583 0.013076923076923076
0 0.23673295454545454 0.007461538461538461 0.01803977272727271 0.014923076923076923
0 0.12218750000000002 0.6903942307692308 0.019914772727272722 0.043134615384615396
0 0.14058238636363637 0.6827788461538462 0.02156250000000001 0.03871153846153845
0 0.10402698863636363 0.7157692307692307 0.020156249999999997 0.031076923076923016
0 0.09172585227272728 0.7264038461538462 0.010071022727272732 0.016807692307692326
0 0.086953125 0.7526442307692308 0.030042613636363645 0.035173076923076856
0 0.07789772727272727 0.7245 0.020397727272727283 0.0244230769230769
0 0.07110085227272728 0.7067307692307693 0.018053977272727263 0.03015384615384606
0 0.5761221590909091 0.2583076923076923 0.022585227272727323 0.04250000000000002
0 0.089609375 0.703875 0.02038352272727274 0.026326923076923074
0 0.08598011363636364 0.6794423076923077 0.029062500000000012 0.028230769230769136
0 0.05680397727272726 0.6805576923076923 0.025539772727272723 0.03234615384615383
0 0.054467329545454544 0.6491442307692308 0.03538352272727272 0.05836538461538466
0 0.108359375 0.6410673076923077 0.04944602272727272 0.0682115384615384
0 0.007606534090909092 0.7395673076923078 0.015213068181818184 0.03932692307692306
0 0.018849431818181817 0.7068942307692309 0.034914772727272725 0.03998076923076927
0 0.02341619318181818 0.6632596153846153 0.030468750000000003 0.039019230769230806
0 0.028806818181818183 0.69325 0.032812499999999994 0.03488461538461536
0 0.20629261363636367 0.7505192307692308 0.046534090909090935 0.048923076923076916
0 0.8220596590909092 0.09542307692307693 0.04332386363636364 0.06334615384615386
0 0.18957386363636364 0.7399711538461538 0.031164772727272746 0.053519230769230736
0 0.18313920454545454 0.7301826923076923 0.03772727272727273 0.06025000000000008
0 0.17109375000000002 0.6902596153846154 0.07431818181818182 0.11859615384615377
0 0.2256747159090909 0.7086634615384615 0.02098011363636361 0.03459615384615387
0 0.24140625 0.715951923076923 0.014261363636363626 0.053519230769230736
0 0.21988636363636366 0.7177692307692308 0.035227272727272704 0.056423076923076985
0 0.0836434659090909 0.6285288461538462 0.022968750000000003 0.031096153846153878
0 0.2556605113636364 0.7154038461538461 0.02339488636363636 0.06115384615384618
0 0.29738636363636367 0.642201923076923 0.04536931818181822 0.07501923076923075
0 0.19595170454545452 0.6676442307692307 0.02332386363636362 0.032019230769230723
0 0.617002840909091 0.2138076923076923 0.018522727272727222 0.031192307692307717
0 0.18654829545454543 0.6329903846153846 0.03823863636363634 0.06186538461538465
0 0.2205823863636364 0.6757596153846154 0.027215909090909086 0.04298076923076916
0 0.14345170454545456 0.6222403846153846 0.029176136363636373 0.05001923076923075
0 0.23821732954545452 0.6741346153846153 0.01990056818181821 0.03134615384615387
0 0.239609375 0.6385673076923077 0.030099431818181813 0.04105769230769235
0 0.25222301136363634 0.6753846153846154 0.011803977272727277 0.018807692307692254
0 0.19424005681818182 0.6061346153846153 0.03055397727272728 0.04011538461538464
0 0.1633380681818182 0.5987596153846154 0.029857954545454538 0.04044230769230775
0 0.21056107954545455 0.5992307692307692 0.038196022727272745 0.03196153846153847
0 0.033089488636363636 0.6234615384615385 0.04382102272727272 0.04434615384615385
0 0.9752485795454546 0.005096153846153846 0.03083806818181807 0.010192307692307691
0 0.00807528409090909 0.6520096153846153 0.01615056818181818 0.04632692307692303
0 0.00875 0.6067980769230769 0.0175 0.04098076923076924
0 0.06379261363636363 0.601596153846154 0.021761363636363638 0.03226923076923083
0 0.08521306818181819 0.578875 0.04559659090909092 0.03698076923076927
0 0.11854403409090909 0.5793365384615384 0.02569602272727273 0.05421153846153846
0 0.01661931818181818 0.5777788461538461 0.03323863636363636 0.05671153846153848
0 0.046548295454545446 0.568173076923077 0.02857954545454545 0.04569230769230768
0 0.017379261363636364 0.5397692307692308 0.032571022727272726 0.04092307692307687
0 0.039985795454545454 0.5308942307692308 0.03514204545454546 0.040942307692307625
0 0.06719460227272728 0.5633750000000001 0.019872159090909083 0.028749999999999977
0 0.5040838068181818 0.042019230769230774 0.03589488636363634 0.064
0 0.08425426136363635 0.55175 0.020099431818181815 0.02630769230769232
0 0.06629261363636364 0.536 0.017613636363636363 0.02723076923076928
0 0.10288352272727273 0.5567980769230768 0.018068181818181837 0.026596153846153815
0 0.1418536931818182 0.560923076923077 0.034559659090909085 0.04157692307692309
0 0.11180397727272728 0.5381346153846155 0.022812499999999982 0.043115384615384646
0 0.111640625 0.6259903846153846 0.02274147727272726 0.031096153846153878
0 0.09249289772727272 0.5366057692307692 0.02214488636363636 0.026596153846153815
0 0.13338068181818183 0.5327884615384615 0.023039772727272725 0.047692307692307714
0 0.17720170454545456 0.5766634615384616 0.03434659090909092 0.02844230769230762
0 0.16681107954545454 0.5549519230769232 0.025752840909090902 0.03517307692307696
0 0.6507315340909091 0.2577884615384616 0.027116477272727316 0.029346153846153855
0 0.173359375 0.5321730769230769 0.02666193181818183 0.03242307692307695
0 0.19075994318181816 0.5503750000000001 0.029360795454545455 0.022942307692307706
0 0.15529119318181817 0.502048076923077 0.03251420454545455 0.03394230769230765
0 0.1837571022727273 0.5158173076923077 0.020781250000000015 0.027211538461538527
0 0.12140625 0.50725 0.023948863636363636 0.03088461538461539
0 0.013401988636363634 0.4500769230769231 0.02575284090909091 0.06207692307692308
0 0.03215198863636364 0.44808653846153845 0.04066761363636364 0.07278846153846152
0 0.06468039772727273 0.4610865384615384 0.02936079545454545 0.04432692307692304
0 0.10454545454545454 0.4724038461538461 0.0246306818181818 0.029038461538461527
0 0.09788352272727273 0.48983653846153846 0.017613636363636363 0.027211538461538527
0 0.6356463068181818 0.21007692307692308 0.01845170454545456 0.03088461538461539
0 0.6902059659090909 0.06364423076923077 0.03336647727272721 0.039826923076923086
0 0.09348011363636365 0.510173076923077 0.016931818181818173 0.026923076923076925
0 0.07823153409090909 0.5250096153846153 0.01626420454545454 0.02782692307692313
0 0.07055397727272728 0.50925 0.01852272727272727 0.035461538461538405
0 0.0775497159090909 0.4964134615384615 0.021690340909090902 0.02936538461538458
0 0.07969460227272727 0.4821923076923077 0.021008522727272726 0.02965384615384613
0 0.10115767045454546 0.4543653846153846 0.045411931818181824 0.03823076923076922
0 0.04989346590909091 0.39851923076923074 0.03572443181818182 0.0625
0 0.06918323863636364 0.37390384615384614 0.035724431818181815 0.04838461538461538
0 0.07803977272727272 0.32809615384615387 0.03889204545454545 0.047538461538461536
0 0.10713068181818182 0.3458653846153847 0.03573863636363636 0.044538461538461534
0 0.6602485795454546 0.16446153846153846 0.019985795454545527 0.031923076923076915
0 0.08578125 0.40066346153846155 0.04553977272727273 0.08221153846153846
0 0.13464488636363636 0.4032307692307692 0.07241477272727273 0.09161538461538458
0 0.2677840909090909 0.6817403846153846 0.019289772727272746 0.021826923076923122
0 0.27173295454545454 0.6447019230769231 0.05059659090909092 0.05736538461538469
0 0.2987713068181818 0.5866923076923077 0.028139204545454547 0.051807692307692305
0 0.19536931818181816 0.5634807692307692 0.020965909090909077 0.029115384615384588
0 0.22186079545454546 0.5500096153846153 0.035227272727272746 0.06698076923076932
0 0.19926846590909095 0.5247019230769231 0.023934659090909083 0.030942307692307644
0 0.22669744318181823 0.5712980769230769 0.03200284090909091 0.033865384615384644
0 0.3066974431818182 0.545451923076923 0.021519886363636373 0.033865384615384644
0 0.5183096590909091 0.09682692307692309 0.034573863636363604 0.07050000000000001
0 0.27671164772727275 0.5050384615384615 0.03683238636363637 0.03530769230769233
0 0.2449786931818182 0.5097788461538463 0.015326704545454574 0.028019230769230755
0 0.2844460227272727 0.5679326923076923 0.018664772727272707 0.04667307692307689
0 0.26895596590909093 0.568576923076923 0.01359374999999999 0.029961538461538432
0 0.26594460227272726 0.5428846153846154 0.02086647727272727 0.029115384615384588
0 0.28634943181818184 0.5456730769230769 0.021818181818181837 0.030384615384615298
0 0.25899147727272726 0.5839903846153847 0.06576704545454543 0.11132692307692305
0 0.38703125000000005 0.47146153846153843 0.02877840909090916 0.032115384615384594
0 0.3777130681818182 0.48110576923076925 0.04301136363636364 0.05051923076923079
0 0.2810866477272727 0.46383653846153844 0.0420028409090909 0.06186538461538454
0 0.6383380681818182 0.15682692307692306 0.023835227272727234 0.033307692307692295
0 0.3144318181818182 0.4609326923076923 0.025482954545454583 0.03078846153846152
0 0.35166903409090905 0.4590865384615385 0.022542613636363642 0.03659615384615385
0 0.3342684659090909 0.4326346153846154 0.017684659090909115 0.030000000000000044
0 0.3298934659090909 0.45053846153846155 0.022173295454545473 0.05684615384615385
0 0.34875 0.4259230769230769 0.01749999999999999 0.033423076923076916
0 0.3695525568181818 0.4413269230769231 0.027997159090909062 0.03211538461538465
0 0.39114346590909094 0.4303942307692308 0.022173295454545473 0.04817307692307694
0 0.36508522727272724 0.40038461538461534 0.03306818181818186 0.05553846153846153
0 0.3321306818181818 0.40038461538461534 0.03247159090909093 0.05869230769230771
0 0.30860085227272727 0.4027596153846154 0.028963068181818163 0.07186538461538462
0 0.8158664772727273 0.022798076923076924 0.019460227272727337 0.03055769230769231
0 0.14814630681818183 0.46199038461538466 0.02666193181818183 0.045250000000000005
0 0.16723011363636364 0.46398076923076925 0.023267045454545447 0.05169230769230768
0 0.1598934659090909 0.4265096153846154 0.022599431818181814 0.03425
0 0.23025568181818182 0.49915384615384617 0.02235795454545456 0.03149999999999999
0 0.2239346590909091 0.4834038461538462 0.022812500000000003 0.031192307692307745
0 0.2025852272727273 0.4982307692307693 0.023948863636363657 0.02842307692307698
0 0.043544034090909095 0.5995576923076923 0.019218750000000003 0.02569230769230772
0 0.24900568181818183 0.4512884615384616 0.022812500000000003 0.04649999999999996
0 0.2400852272727273 0.4392019230769231 0.019431818181818192 0.03517307692307691
0 0.5369460227272728 0.39257692307692305 0.032073863636363616 0.044653846153846155
0 0.691484375 0.3075769230769231 0.04024147727272733 0.07057692307692305
0 0.538075284090909 0.4205576923076923 0.02529829545454546 0.03088461538461539
0 0.558409090909091 0.39318269230769226 0.023039772727272766 0.03059615384615384
0 0.5964701704545454 0.37054807692307695 0.02552556818181814 0.047096153846153864
0 0.557734375 0.42039423076923077 0.01626420454545453 0.027519230769230775
0 0.5695809659090909 0.4133653846153846 0.02055397727272731 0.03365384615384615
0 0.5872088068181818 0.4066442307692308 0.021008522727272758 0.03425
0 0.6232386363636363 0.3473076923076923 0.032073863636363616 0.04280769230769229
0 0.6547443181818182 0.3473076923076924 0.03681818181818176 0.07399999999999998
0 0.6952911931818182 0.3843173076923077 0.05737215909090907 0.10459615384615382
0 0.6494389204545455 0.39685576923076926 0.0334232954545455 0.03671153846153847
0 0.6069105113636364 0.28240384615384617 0.03975852272727274 0.048000000000000015
0 0.9535866477272728 0.9895480769230768 0.02600852272727281 0.020596153846153806
0 0.7686434659090909 0.4331153846153846 0.038451704545454456 0.05096153846153846
0 0.7987571022727273 0.44422115384615385 0.02339488636363624 0.0309423076923077
0 0.6509232954545454 0.43554807692307695 0.06559659090909084 0.09332692307692309
0 0.8447940340909091 0.4601730769230769 0.026718749999999923 0.04530769230769231
0 0.11881392045454547 0.4817211538461539 0.02643465909090909 0.03424999999999995
0 0.8221022727272728 0.46790384615384617 0.021789772727272613 0.03826923076923072
0 0.8056249999999999 0.4635096153846153 0.01840909090909096 0.03228846153846152
0 0.7603764204545456 0.48977884615384615 0.04353693181818179 0.06898076923076923
0 0.870284090909091 0.4228846153846154 0.022500000000000044 0.03253846153846157
0 0.535575284090909 0.23583653846153846 0.04947443181818179 0.029365384615384633
0 0.8876065340909091 0.45319230769230767 0.033309659090909154 0.03761538461538462
0 0.897862215909091 0.4112403846153846 0.043224431818181745 0.07017307692307694
0 0.9947443181818181 0.3487788461538462 0.010511363636363603 0.023250000000000007
0 0.9435156249999999 0.44102884615384613 0.01830965909090907 0.02659615384615387
0 0.952450284090909 0.4644615384615384 0.024105113636363674 0.02930769230769227
0 0.9713139204545456 0.46597115384615384 0.022542613636363642 0.05775
0 0.7863068181818181 0.5202596153846154 0.044062500000000136 0.0839423076923077
0 0.7437713068181818 0.5251153846153847 0.03433238636363647 0.061038461538461555
0 0.7605610795454545 0.5851346153846153 0.03254261363636359 0.03884615384615382
0 0.7692968750000001 0.6317019230769231 0.03521306818181813 0.03594230769230769
0 0.7164630681818182 0.2897403846153846 0.02755681818181823 0.03882692307692307
0 0.7155681818181818 0.6820769230769231 0.037045454545454444 0.05307692307692312
0 0.6819105113636363 0.6358846153846153 0.027798295454545527 0.0618846153846154
0 0.8190056818181817 0.6176923076923077 0.01852272727272738 0.02549999999999998
0 0.8498863636363635 0.6026538461538461 0.061136363636363746 0.08903846153846146
0 0.8877201704545453 0.5708846153846154 0.04600852272727271 0.0673076923076923
0 0.9045454545454544 0.5919903846153847 0.07286931818181829 0.06855769230769237
0 0.9624360795454546 0.6334711538461538 0.04711647727272721 0.06832692307692313
0 0.8526988636363636 0.6892499999999999 0.03349431818181824 0.0851538461538462
0 0.8109517045454546 0.6984038461538461 0.05125000000000006 0.07969230769230769
0 0.8039275568181817 0.7432115384615385 0.04697443181818189 0.0875384615384616
0 0.0046022727272727266 0.7859711538461539 0.0090625 0.028442307692307732
0 0.8115411931818183 0.5414134615384615 0.01973011363636362 0.025673076923076858
0 0.8782102272727272 0.6860096153846155 0.03446022727272726 0.04913461538461541
0 0.9038352272727272 0.683951923076923 0.022869318181818213 0.032634615384615324
0 0.9007812500000001 0.7260769230769231 0.03323863636363633 0.049961538461538495
0 0.8724147727272729 0.7225673076923077 0.027159090909090914 0.03882692307692307
0 0.8808025568181819 0.7551826923076924 0.025610795454545417 0.04048076923076925
0 0.8544176136363636 0.7399038461538462 0.027755681818181766 0.05038461538461547
0 0.8600568181818182 0.7849230769230768 0.03110795454545451 0.03880769230769232
0 0.9242684659090908 0.6922019230769231 0.030809659090909006 0.06978846153846147
0 0.9474573863636363 0.6744519230769231 0.03142045454545455 0.06401923076923081
0 0.7072585227272726 0.23404807692307691 0.03156249999999996 0.0535576923076923
0 0.6762144886363636 0.03159615384615384 0.041974431818181834 0.031076923076923085
0 0.9364701704545456 0.7380480769230768 0.03813920454545458 0.026019230769230826
0 0.9492826704545455 0.7174038461538462 0.02044034090909089 0.023538461538461557
0 0.9704829545454546 0.7010865384615385 0.02562499999999995 0.028903846153846103
0 0.9549289772727273 0.7634423076923077 0.02562499999999995 0.056999999999999974
0 0.918018465909091 0.7642692307692308 0.057343750000000006 0.039653846153846165
0 0.9872656250000001 0.46882692307692314 0.02546874999999993 0.048576923076923115
0 0.971846590909091 0.5076826923076924 0.054886363636363615 0.047596153846153844
0 0.9912428977272728 0.5196442307692308 0.017428977272727245 0.06832692307692313
0 0.9848721590909091 0.5520288461538462 0.027755681818181766 0.03828846153846148
0 0.9638636363636363 0.5332403846153846 0.024119318181818047 0.03159615384615386
0 0.7076420454545455 0.10375961538461538 0.03690340909090912 0.04025
0 0.9625710227272727 0.5595769230769231 0.021022727272727207 0.024576923076923135
0 0.9589417613636364 0.5806538461538462 0.022571022727272707 0.021769230769230867
0 0.9372798295454546 0.5367500000000001 0.04203125000000005 0.08357692307692303
0 0.9767400568181818 0.5959423076923077 0.046377840909091035 0.04926923076923078
0 0.9891974431818181 0.6204038461538461 0.02160511363636369 0.029499999999999953
0 0.9914701704545454 0.6544038461538462 0.01691761363636375 0.03365384615384615
0 0.9722727272727273 0.7277788461538462 0.0253693181818182 0.03259615384615382
0 0.9922585227272727 0.7182403846153846 0.015113636363636345 0.027403846153846154
0 0.98046875 0.753798076923077 0.03869318181818183 0.061749999999999916
0 0.9637713068181818 0.83975 0.07245738636363636 0.11853846153846151
0 0.7959659090909091 0.40778846153846154 0.05997159090909095 0.045153846153846135
0 0.9711221590909092 0.9280096153846153 0.057755681818181775 0.06986538461538469
0 0.9316619318181818 0.7847403846153846 0.027443181818181728 0.02809615384615387
0 0.9319673295454546 0.8022884615384616 0.04208806818181818 0.032615384615384685
0 0.9299857954545455 0.829548076923077 0.017386363636363648 0.021903846153846128
0 0.9243394886363636 0.8454423076923077 0.023792613636363636 0.03303846153846155
0 0.9388281249999999 0.8250096153846154 0.017997159090909032 0.026019230769230718
0 0.9138139204545456 0.8192211538461539 0.021036931818181902 0.024365384615384535
0 0.9084801136363635 0.8285096153846154 0.020738636363636397 0.025596153846153852
0 0.888955965909091 0.8375961538461538 0.020127840909090852 0.02807692307692312
0 0.8162073863636364 0.8518557692307693 0.030198863636363624 0.05740384615384609
0 0.8056463068181817 0.3624615384615385 0.03308238636363647 0.05715384615384615
0 0.8369460227272728 0.858875 0.026534090909090837 0.04171153846153846
0 0.925255681818182 0.8972692307692307 0.03355113636363637 0.042538461538461546
0 0.7992258522727272 0.9389134615384616 0.03805397727272722 0.06986538461538458
0 0.6065767045454545 0.9655865384615385 0.04730113636363638 0.053096153846153765
0 0.9042045454545454 0.8406923076923076 0.017698863636363527 0.026846153846153808
0 0.6179403409090909 0.9280769230769231 0.051363636363636396 0.048884615384615415
0 0.6120241477272728 0.845701923076923 0.05819602272727276 0.051826923076923055
0 0.6205823863636364 0.8901538461538462 0.0267613636363636 0.06742307692307693
0 0.643153409090909 0.8692980769230768 0.03642045454545461 0.07121153846153852
0 0.6554403409090909 0.84675 0.029886363636363586 0.07838461538461537
0 0.661015625 0.19724038461538462 0.0204971590909091 0.029480769230769227
0 0.8936789772727273 0.8163269230769231 0.021051136363636272 0.028499999999999987
0 0.521534090909091 0.81225 0.0234375 0.0488076923076923
0 0.5683877840909091 0.8251346153846154 0.026718750000000003 0.0398846153846154
0 0.5660085227272728 0.7900673076923077 0.0234375 0.04459615384615384
0 0.5992258522727273 0.8191923076923078 0.02617897727272728 0.03196153846153847
0 0.6156107954545454 0.8054423076923076 0.038437500000000006 0.04757692307692309
0 0.6931036931818183 0.8522307692307691 0.03984375000000002 0.056461538461538376
0 0.5681321022727274 0.7648942307692308 0.06174715909090905 0.05794230769230768
0 0.4559303977272728 0.7612980769230769 0.07188920454545449 0.06728846153846156
0 0.4520241477272728 0.6969711538461537 0.06657670454545456 0.07659615384615381
0 0.6567826704545454 0.09889423076923076 0.021264204545454583 0.030519230769230764
0 0.590028409090909 0.7240673076923076 0.07377840909090909 0.07151923076923077
0 0.6475497159090909 0.7183461538461537 0.0643892045454546 0.0482307692307692
0 0.645205965909091 0.78225 0.052826704545454545 0.0880384615384616
0 0.6555184659090909 0.7612980769230769 0.034701704545454556 0.0461346153846154
0 0.6855255681818182 0.7500865384615384 0.024687499999999994 0.0490961538461539
0 0.7100639204545455 0.7513557692307692 0.026889204545454556 0.04401923076923074
0 0.7113139204545454 0.7985480769230769 0.058139204545454556 0.051211538461538454
0 0.5118323863636364 0.8226634615384615 0.0259943181818182 0.04336538461538464
0 0.3630184659090909 0.550826923076923 0.061377840909090924 0.06292307692307697
0 0.33288352272727273 0.501423076923077 0.044659090909090905 0.045730769230769235
0 0.9020667613636365 0.07400961538461538 0.039616477272727255 0.05432692307692308
0 0.3635653409090909 0.5963076923076923 0.03704545454545456 0.05457692307692307
0 0.3838991477272727 0.6100673076923078 0.03703124999999999 0.05948076923076925
0 0.4144034090909091 0.5950769230769231 0.04357954545454546 0.05603846153846151
0 0.41167613636363637 0.5419807692307692 0.054829545454545485 0.05603846153846151
0 0.36955255681818183 0.5033846153846153 0.0345028409090909 0.043769230769230755
0 0.41549715909090906 0.48814423076923075 0.03196022727272727 0.05455769230769226
0 0.448046875 0.6104519230769231 0.035014204545454515 0.06040384615384609
0 0.4531036931818182 0.5742884615384616 0.04098011363636367 0.04565384615384617
0 0.5170454545454546 0.5419807692307693 0.02568181818181824 0.03300000000000005
0 0.47890625 0.5672596153846154 0.03397727272727275 0.06671153846153846
0 0.01975852272727273 0.7384134615384615 0.018068181818181817 0.028134615384615376
0 0.43974431818181814 0.7872596153846154 0.07227272727272727 0.05998076923076934
0 0.26816051136363633 0.8024615384615384 0.04254261363636362 0.05092307692307685
0 0.2628480113636364 0.7652307692307693 0.01686079545454542 0.022115384615384617
0 0.30019886363636367 0.76875 0.033465909090909095 0.039692307692307666
0 0.28151988636363634 0.8114134615384615 0.027755681818181846 0.05055769230769224
0 0.3113494318181818 0.7415384615384616 0.039687499999999994 0.04846153846153844
0 0.2784090909090909 0.7181730769230769 0.028267045454545423 0.051615384615384674
0 0.22147017045454548 0.76875 0.0524005681818182 0.05092307692307696
0 0.3433806818181818 0.7216923076923076 0.02749999999999998 0.05723076923076932
0 0.7242968750000001 0.5412788461538462 0.05166193181818182 0.09713461538461547
0 0.07115056818181818 0.78475 0.027329545454545457 0.04984615384615377
0 0.7117116477272727 0.5810673076923076 0.04791193181818176 0.0294807692307692
0 0.7309303977272728 0.6037788461538462 0.01921875000000004 0.027750000000000014
0 0.7123508522727273 0.6242596153846154 0.059957386363636414 0.06590384615384612
0 0.6454758522727272 0.642125 0.03791193181818182 0.06486538461538455
0 0.6449644886363636 0.5880096153846154 0.04765625000000002 0.062096153846153884
0 0.7008522727272727 0.5120384615384616 0.017897727272727225 0.023884615384615414
0 0.6929332386363636 0.5422403846153847 0.017627840909090864 0.03863461538461534
0 0.677109375 0.5366249999999999 0.021264204545454583 0.04001923076923077
0 0.6857954545454544 0.4964134615384615 0.01997159090909091 0.04178846153846152
0 0.6712784090909092 0.49097115384615386 0.019460227272727258 0.033711538461538466
0 0.5246164772727272 0.2151923076923077 0.023948863636363657 0.029653846153846156
0 0.6515624999999999 0.4932596153846154 0.02204545454545452 0.03125
0 0.6512997159090909 0.5403076923076924 0.0547301136363636 0.07830769230769224
0 0.631328125 0.5336346153846154 0.026718750000000003 0.03476923076923074
0 0.6031107954545455 0.4121442307692308 0.02232954545454541 0.03413461538461538
0 0.6111221590909092 0.4276153846153846 0.019431818181818192 0.027384615384615348
0 0.5907741477272727 0.4379230769230769 0.023366477272727258 0.027384615384615403
0 0.5978622159090908 0.4569423076923077 0.029673295454545435 0.03911538461538462
0 0.5605681818181818 0.46298076923076925 0.027045454545454574 0.0362692307692308
0 0.5612286931818182 0.49693269230769227 0.022059659090909133 0.031634615384615365
0 0.5814488636363637 0.49230769230769234 0.0220454545454546 0.03946153846153843
0 0.9772088068181817 0.40068269230769227 0.014786931818181774 0.02367307692307693
0 0.6100639204545455 0.19664423076923077 0.031889204545454526 0.04132692307692307
0 0.5905397727272728 0.5154038461538462 0.03480113636363636 0.06469230769230766
0 0.6086860795454545 0.5136538461538462 0.03007102272727275 0.036115384615384674
0 0.6032670454545456 0.5427307692307692 0.030965909090909106 0.026923076923076925
0 0.4942329545454545 0.3926538461538462 0.04164772727272734 0.05173076923076924
0 0.4737571022727272 0.4189903846153846 0.020355113636363612 0.027557692307692276
0 0.5008664772727273 0.4474903846153846 0.05079545454545453 0.05917307692307694
0 0.4741406249999999 0.46221153846153845 0.034048295454545414 0.0619230769230769
0 0.5392258522727272 0.4958557692307693 0.028025568181818207 0.034480769230769245
0 0.4652272727272727 0.46936538461538463 0.027329545454545467 0.04296153846153847
0 0.4387073863636364 0.46042307692307693 0.03590909090909095 0.05580769230769233
0 0.5528835227272727 0.10363461538461538 0.04857954545454544 0.04857692307692307
0 0.45063210227272726 0.5037019230769231 0.026406250000000044 0.031365384615384566
0 0.4698579545454545 0.5110576923076923 0.019005681818181894 0.03292307692307693
0 0.5301917613636363 0.5267403846153845 0.023394886363636402 0.034173076923077
0 0.5537002840909091 0.5294038461538461 0.03242897727272733 0.048923076923076916
0 0.5591193181818181 0.5570480769230769 0.034659090909090876 0.050134615384615375
0 0.5785795454545455 0.5787403846153846 0.03133522727272728 0.03824999999999997
0 0.5842826704545455 0.6103942307692307 0.02515624999999997 0.03598076923076919
0 0.5861789772727272 0.6062115384615385 0.06502840909090914 0.07711538461538454
0 0.5594744318181818 0.6449423076923076 0.05625000000000003 0.04080769230769236
0 0.5146732954545454 0.704173076923077 0.028409090909090908 0.05576923076923077
0 0.6820170454545454 0.28637500000000005 0.016931818181818204 0.027826923076923075
0 0.6085511363636363 0.650423076923077 0.029829545454545456 0.03596153846153844
0 0.6187784090909091 0.6757307692307692 0.02125000000000005 0.030153846153846166
0 0.6069247159090909 0.6982788461538462 0.020838068181818204 0.026019230769230826
0 0.5950710227272727 0.6787692307692308 0.02900568181818176 0.034576923076923005
0 0.7577769886363637 0.6781730769230769 0.054076704545454456 0.06038461538461545
0 0.7304261363636364 0.7235576923076923 0.03099431818181817 0.03811538461538471
0 0.7577769886363636 0.7128557692307691 0.027514204545454553 0.03040384615384616
0 0.7454474431818181 0.7455961538461539 0.025610795454545417 0.0488076923076923
0 0.7623650568181817 0.7366153846153846 0.047428977272727255 0.09503846153846157
0 0.7698011363636365 0.804048076923077 0.06039772727272741 0.0526730769230769
0 0.7799644886363637 0.3770192307692308 0.025809659090909032 0.035307692307692276
0 0.8226136363636364 0.782423076923077 0.05977272727272717 0.07792307692307689
0 0.7909161931818183 0.9950865384615384 0.022656249999999902 0.009826923076923103
0 0.994424715909091 0.9461923076923077 0.011150568181818215 0.05330769230769225
0 0.8953053977272728 0.908923076923077 0.0410369318181818 0.03469230769230773
0 0.888671875 0.918076923076923 0.05859375 0.05492307692307693
0 0.9083593749999999 0.9612692307692308 0.035355113636363615 0.044307692307692347
0 0.8763352272727274 0.9799903846153847 0.043409090909090994 0.04001923076923077
0 0.907528409090909 0.9901730769230769 0.022784090909090858 0.019269230769230733
0 0.9279332386363636 0.9841634615384615 0.019928977272727234 0.03167307692307698
0 0.941953125 0.9696730769230769 0.027968750000000077 0.03400000000000012
0 0.593828125 0.20442307692307696 0.018849431818181793 0.02526923076923077
0 0.35762784090909094 0.678375 0.03184659090909093 0.037211538461538504
0 0.36920454545454545 0.7168846153846153 0.026136363636363645 0.0434999999999999
0 0.32864346590909094 0.7620288461538461 0.025582386363636352 0.03648076923076928
0 0.400234375 0.6890576923076923 0.028849431818181823 0.0386923076923077
0 0.40009943181818186 0.7108076923076924 0.053096590909090906 0.06892307692307699
0 0.39451704545454547 0.7636923076923077 0.04409090909090904 0.04200000000000006
0 0.3818607954545455 0.7482115384615384 0.04818181818181821 0.041269230769230836
0 0.35559659090909085 0.7716153846153846 0.033210227272727225 0.030576923076923033
0 0.386484375 0.7915192307692307 0.013338068181818163 0.016576923076923086
0 0.3705681818181818 0.7983365384615384 0.026136363636363603 0.033903846153846146
0 0.8722727272727272 0.25299038461538464 0.03343750000000011 0.05809615384615383
0 0.36498579545454546 0.826528846153846 0.020965909090909077 0.03132692307692311
0 0.35313920454545455 0.8047788461538462 0.019602272727272704 0.03648076923076928
0 0.2939346590909091 0.8261538461538462 0.02204545454545456 0.043115384615384646
0 0.32006392045454546 0.6634519230769231 0.026946022727272725 0.03832692307692309
0 0.2933877840909091 0.6877692307692307 0.030213068181818195 0.03611538461538456
0 0.7251420454545454 0.869326923076923 0.024005681818181867 0.03992307692307691
0 0.7530397727272727 0.8708750000000001 0.03360795454545466 0.05109615384615383
0 0.721484375 0.9022980769230771 0.040468749999999935 0.04459615384615384
0 0.3357173295454545 0.8147403846153847 0.02776988636363638 0.062288461538461515
0 0.7562428977272727 0.9315480769230768 0.02401988636363632 0.036211538461538434
0 0.5395454545454546 0.05853846153846153 0.03480113636363636 0.028653846153846158
0 0.7049005681818182 0.9139038461538462 0.023323863636363577 0.03065384615384615
0 0.6894744318181818 0.8993557692307692 0.03178977272727272 0.029403846153846194
0 0.6978125 0.9408365384615385 0.027897727272727255 0.03313461538461542
0 0.6649360795454545 0.8973557692307692 0.02529829545454546 0.052903846153846135
0 0.3068607954545455 0.8296634615384615 0.030482954545454518 0.05898076923076926
0 0.6571448863636363 0.9354230769230768 0.01920454545454543 0.03853846153846158
0 0.6735227272727272 0.9259326923076924 0.018977272727272666 0.03425
0 0.6800710227272727 0.9571346153846154 0.03252840909090914 0.0446538461538461
0 0.7095525568181817 0.9611153846153846 0.021008522727272758 0.0446538461538461
0 0.7428693181818182 0.9819326923076923 0.02846590909090904 0.036134615384615425
0 0.6057883522727273 0.13740384615384615 0.020241477272727272 0.029153846153846162
0 0.6557670454545454 0.9748942307692308 0.08204545454545462 0.05021153846153849
0 0.7348934659090909 0.9358749999999999 0.04356534090909101 0.0645961538461538
0 0.7581747159090909 0.9694230769230769 0.017741477272727287 0.022461538461538474
0 0.7680823863636363 0.9536634615384615 0.021903409090909196 0.03524999999999997
0 0.7842187500000001 0.9567788461538461 0.01775568181818182 0.03401923076923077
0 0.85828125 0.9954711538461538 0.028664772727272816 0.009057692307692378
0 0.8124289772727273 0.9874134615384617 0.03264204545454548 0.025173076923076874
0 0.378125 0.8424326923076924 0.045852272727272686 0.1014807692307692
0 0.2763423295454545 0.9702211538461538 0.026633522727272728 0.03632692307692316
0 0.2987997159090909 0.9553557692307693 0.025667613636363627 0.03871153846153845
0 0.577471590909091 0.2268076923076923 0.018977272727272745 0.03946153846153843
0 0.32214488636363636 0.9515384615384616 0.024488636363636376 0.032653846153846186
0 0.332734375 0.9252115384615385 0.03092329545454543 0.049500000000000016
0 0.2648721590909091 0.9340384615384615 0.04531249999999997 0.06080769230769232
0 0.433309659090909 0.8462788461538462 0.07463068181818185 0.08948076923076918
0 0.3681178977272727 0.968125 0.02430397727272725 0.04105769230769235
0 0.3859161931818182 0.9598365384615385 0.02333806818181811 0.03659615384615379
0 0.5204545454545454 0.9046057692307692 0.037272727272727284 0.04925000000000002
0 0.5230539772727273 0.9322884615384615 0.03343750000000003 0.037307692307692375
0 0.5244105113636364 0.9572019230769231 0.02620738636363643 0.022942307692307706
0 0.547109375 0.9835769230769231 0.04811079545454546 0.03284615384615382
0 0.5853338068181818 0.19258653846153848 0.018792613636363663 0.034211538461538474
0 0.548125 0.9357980769230769 0.02755681818181815 0.03394230769230765
0 0.5734232954545454 0.932278846153846 0.03974431818181821 0.036096153846153924
0 0.5241832386363636 0.9769230769230769 0.026661931818181873 0.018961538461538377
0 0.5455255681818181 0.9585865384615385 0.018749999999999985 0.017134615384615432
0 0.5710511363636364 0.9672980769230769 0.03139204545454541 0.03578846153846146
0 0.584609375 0.9851057692307692 0.03049715909090913 0.029788461538461555
0 0.6060653409090909 0.9824423076923077 0.009261363636363611 0.012846153846153969
0 0.492734375 0.8826153846153847 0.02529829545454546 0.03396153846153851
0 0.48245738636363633 0.9034038461538462 0.01241477272727274 0.018653846153846132
0 0.47014914772727273 0.9358269230769231 0.04473011363636365 0.055346153846153795
0 0.5963352272727273 0.2347596153846154 0.015596590909090935 0.01375000000000001
0 0.9185795454545456 0.2693557692307692 0.022130681818181876 0.03028846153846154
0 0.4783309659090909 0.9048365384615384 0.03765624999999999 0.056442307692307736
0 0.4866690340909091 0.9572596153846153 0.038735795454545426 0.065173076923077
0 0.49867897727272725 0.9495961538461538 0.03784090909090907 0.10038461538461536
0 0.4770241477272728 0.994951923076923 0.020184659090909062 0.010096153846153847
0 0.45490767045454544 0.9139519230769231 0.025497159090909157 0.04325000000000002
0 0.4378835227272727 0.9354615384615385 0.03889204545454545 0.028615384615384605
0 0.39835227272727275 0.908375 0.02017045454545461 0.025557692307692347
0 0.4269886363636364 0.9076153846153847 0.04678977272727272 0.03407692307692302
0 0.4281960227272727 0.8871923076923077 0.012102272727272701 0.017269230769230696
0 0.410859375 0.8811826923076924 0.023565340909090956 0.03190384615384611
0 0.4961363636363636 0.005057692307692307 0.030198863636363704 0.010115384615384615
0 0.3935866477272727 0.937 0.019360795454545447 0.03953846153846154
0 0.37277698863636366 0.9219230769230768 0.03484375 0.051346153846153826
0 0.41166193181818184 0.9397211538461538 0.01968750000000002 0.03582692307692318
0 0.45893465909090914 0.974125 0.025170454545454503 0.029057692307692333
0 0.39117897727272727 0.9863557692307692 0.026136363636363603 0.027288461538461536
0 0.4220738636363636 0.9671442307692307 0.022755681818181793 0.0329807692307693
0 0.42655539772727274 0.9799038461538461 0.04901988636363635 0.03980769230769229
0 0.4223579545454546 0.9661538461538461 0.025085227272727308 0.03088461538461539
0 0.3266974431818182 0.9820288461538461 0.08921874999999996 0.03594230769230769
0 0.25890625 0.9907980769230768 0.02857954545454546 0.018096153846153786
0 0.8478622159090908 0.38522115384615385 0.06157670454545458 0.0895576923076923
0 0.2302059659090909 0.9832307692307691 0.0292755681818182 0.03353846153846153
0 0.26174715909090907 0.8837596153846154 0.04488636363636363 0.04351923076923076
0 0.23097301136363638 0.9167884615384616 0.02802556818181817 0.03953846153846154
0 0.2252911931818182 0.9465096153846154 0.03430397727272728 0.04167307692307685
0 0.13670454545454547 0.8453076923076923 0.02113636363636365 0.029461538461538556
0 0.15419034090909092 0.837875 0.016676136363636355 0.036057692307692304
0 0.17045454545454544 0.8297596153846154 0.02235795454545456 0.03798076923076923
0 0.10651278409090909 0.8465480769230769 0.044928977272727266 0.05724999999999997
0 0.13721590909090908 0.8637499999999999 0.05590909090909091 0.031653846153846116
0 0.1999431818181818 0.8611346153846153 0.046761363636363636 0.05615384615384613
0 0.5545454545454546 0.2632019230769231 0.03636363636363631 0.04740384615384614
0 0.2147443181818182 0.9029134615384615 0.040653409090909094 0.04128846153846159
0 0.20356534090909092 0.9678846153846153 0.02508522727272727 0.037923076923076865
0 0.20017755681818183 0.9391442307692308 0.018735795454545453 0.02690384615384617
0 0.1937428977272727 0.933326923076923 0.03478693181818179 0.037307692307692264
0 0.20186789772727273 0.8210673076923077 0.03964488636363636 0.0479038461538462
0 0.176796875 0.8527596153846154 0.021917613636363645 0.023980769230769285
0 0.16435369318181817 0.8754807692307692 0.023821022727272743 0.03588461538461532
0 0.13731534090909092 0.8117307692307693 0.02113636363636363 0.03992307692307691
0 0.1733806818181818 0.9057788461538462 0.044176136363636376 0.06474999999999992
0 0.128203125 0.8974134615384615 0.048735795454545455 0.04755769230769223
0 0.9470951704545455 0.3539038461538462 0.06427556818181818 0.08153846153846149
0 0.07757102272727273 0.8975961538461539 0.05852272727272727 0.09065384615384613
0 0.019254261363636362 0.841201923076923 0.038508522727272725 0.03759615384615387
0 0.024758522727272726 0.8729038461538461 0.04926136363636364 0.05084615384615384
0 0.007414772727272727 0.9241346153846154 0.014829545454545455 0.04350000000000001
0 0.02649147727272727 0.9044423076923077 0.024119318181818183 0.02842307692307687
0 0.022017045454545456 0.9348461538461539 0.017897727272727273 0.04238461538461531
0 0.04647727272727273 0.9346153846153846 0.03622159090909091 0.05461538461538457
0 0.013103693181818182 0.9696442307692308 0.026178977272727274 0.06071153846153845
0 0.08014204545454545 0.9655673076923077 0.05409090909090908 0.05236538461538465
0 0.19881392045454546 0.9765961538461538 0.04055397727272729 0.0464999999999999
0 0.8565127840909091 0.31411538461538463 0.025980113636363586 0.03946153846153843
0 0.1258025568181818 0.9718557692307692 0.03771306818181818 0.055942307692307645
0 0.09475852272727271 0.9930576923076923 0.024943181818181812 0.013884615384615438
0 0.071796875 0.9943173076923079 0.021605113636363638 0.011365384615384555
0 0.7602556818181818 0.3708173076923077 0.010397727272727343 0.016826923076923076
0 0.7360795454545456 0.4039903846153846 0.03161931818181825 0.04648076923076921
0 0.7436505681818182 0.36928846153846157 0.02551136363636369 0.024769230769230762
0 0.5805965909090909 0.14440384615384616 0.013238636363636353 0.021000000000000005
0 0.5961931818181818 0.16972115384615383 0.015028409090909068 0.029173076923076927
0 0.10485085227272727 0.7428942307692308 0.01663352272727274 0.03648076923076928
0 0.33284801136363634 0.5483653846153845 0.03080965909090909 0.07176923076923075
0 0.83015625 0.04198076923076923 0.03985795454545463 0.05526923076923077
0 0.22167613636363637 0.4340096153846154 0.01829545454545454 0.028442307692307732
0 0.19852272727272727 0.4282019230769231 0.0325284090909091 0.049249999999999974
0 0.7316761363636363 0.37540384615384614 0.02687499999999994 0.03823076923076922
0 0.21919034090909092 0.4025192307692308 0.026875000000000024 0.03700000000000002
0 0.24550426136363637 0.4129038461538462 0.02484375000000001 0.03088461538461539
0 0.20681107954545455 0.47143269230769225 0.015809659090909086 0.027826923076923075
0 0.18659801136363638 0.4755576923076923 0.024161931818181825 0.03669230769230766
0 0.18165482954545453 0.4985961538461538 0.013991477272727286 0.010769230769230703
0 0.5903125 0.1416346153846154 0.01241477272727274 0.025653846153846135
0 0.19582386363636364 0.3693269230769231 0.023039772727272725 0.044653846153846155
0 0.6643963068181818 0.29157692307692307 0.03546875000000004 0.05780769230769231
0 0.1689346590909091 0.36106730769230766 0.031164772727272746 0.0446346153846154
0 0.2904190340909091 0.41407692307692306 0.030724431818181852 0.05184615384615386
0 0.2685227272727273 0.4242019230769231 0.026761363636363642 0.040865384615384616
0 0.53890625 0.18478846153846154 0.026562499999999985 0.03103846153846154
0 0.49272017045454547 0.20877884615384615 0.02419034090909087 0.041942307692307695
0 0.5124857954545455 0.16826923076923078 0.028238636363636358 0.07026923076923075
0 0.5050923295454545 0.16899038461538463 0.02044034090909089 0.04478846153846152
0 0.4970241477272727 0.13058653846153848 0.027968749999999997 0.029134615384615394
0 0.4566832386363636 0.18282692307692305 0.05163352272727276 0.022192307692307706
0 0.4896377840909091 0.1601346153846154 0.03109374999999998 0.055423076923076936
0 0.5499360795454545 0.16273076923076923 0.024332386363636438 0.030538461538461528
0 0.4581960227272727 0.1539326923076923 0.03178977272727272 0.034980769230769225
0 0.45797585227272725 0.12871153846153846 0.016235795454545465 0.02042307692307692
0 0.4701988636363636 0.12654807692307693 0.013721590909090945 0.027250000000000003
0 0.4851775568181818 0.11524038461538462 0.024928977272727207 0.033134615384615394
0 0.48357954545454546 0.08691346153846154 0.03818181818181818 0.046442307692307706
0 0.4396732954545454 0.11787500000000001 0.055568181818181746 0.060057692307692305
0 0.43419034090909087 0.161375 0.021732954545454562 0.033749999999999995
0 0.4144105113636364 0.15673076923076923 0.021946022727272793 0.03250000000000001
0 0.4093821022727273 0.1708076923076923 0.020127840909090932 0.02538461538461539
0 0.41223721590909096 0.1941923076923077 0.02171875000000003 0.024461538461538458
0 0.861015625 0.021009615384615384 0.026661931818181793 0.04128846153846154
0 0.4152485795454546 0.446625 0.026889204545454556 0.04678846153846151
0 0.40474431818181816 0.4160384615384615 0.023948863636363657 0.025999999999999964
0 0.19276988636363637 0.3977692307692307 0.01829545454545454 0.024461538461538458
0 0.43523437499999995 0.42124038461538466 0.04427556818181821 0.03640384615384611
0 0.3785440340909091 0.36236538461538464 0.029360795454545396 0.05015384615384618
0 0.40553267045454544 0.36849038461538464 0.030951704545454494 0.03548076923076926
0 0.42179687500000007 0.38225000000000003 0.02370738636363636 0.05565384615384615
0 0.43907670454545455 0.3842403846153846 0.018522727272727302 0.05840384615384616
0 0.013494318181818182 0.3405384615384615 0.026988636363636364 0.04923076923076922
0 0.033125 0.3078461538461538 0.02775568181818182 0.03384615384615384
0 0.9081889204545455 0.23877884615384615 0.03794034090909096 0.05963461538461537
0 0.8390127840909091 0.32237499999999997 0.03478693181818183 0.04067307692307694
0 0.006463068181818182 0.228 0.012642045454545454 0.03130769230769231
0 0.01284090909090909 0.2680384615384615 0.02568181818181818 0.06115384615384615
0 0.018700284090909094 0.28424038461538464 0.03603693181818182 0.06298076923076923
0 0.04706676136363636 0.2749615384615385 0.026093750000000002 0.05534615384615385
0 0.03047585227272727 0.281 0.014786931818181819 0.020807692307692294
0 0.06975142045454547 0.29256730769230765 0.044559659090909094 0.04448076923076922
0 0.10711647727272727 0.2917884615384615 0.03860795454545454 0.04915384615384616
0 0.07075994318181818 0.24539423076923075 0.03794034090909091 0.0599423076923077
0 0.09165482954545455 0.2203173076923077 0.02643465909090909 0.03671153846153847
0 0.09696022727272725 0.25075 0.02258522727272726 0.03334615384615385
0 0.5672869318181818 0.17049999999999998 0.019602272727272663 0.03426923076923075
0 0.11706676136363635 0.25548076923076923 0.025298295454545438 0.050153846153846125
0 0.13818892045454545 0.2577788461538461 0.043593749999999994 0.06451923076923076
0 0.1692471590909091 0.23821153846153847 0.028011363636363616 0.05780769230769231
0 0.135703125 0.30503846153846154 0.048565340909090905 0.06299999999999999
0 0.16879261363636364 0.31711538461538463 0.023039772727272725 0.03149999999999999
0 0.45454545454545453 0.37643269230769233 0.023721590909090973 0.03425
0 0.2026775568181818 0.3073173076923077 0.039303977272727296 0.04005769230769233
0 0.18889914772727276 0.2868365384615384 0.04563920454545456 0.04128846153846154
0 0.21995738636363635 0.25303846153846155 0.028238636363636358 0.03669230769230769
0 0.4757528409090909 0.21680769230769228 0.039204545454545485 0.051807692307692305
0 0.8866690340909091 0.29270192307692305 0.03478693181818183 0.06513461538461533
0 0.49741477272727275 0.25791346153846156 0.036988636363636314 0.039826923076923065
0 0.4948863636363636 0.29665384615384616 0.0407954545454545 0.05307692307692306
0 0.4928338068181819 0.30222115384615383 0.02086647727272727 0.024826923076923125
0 0.484921875 0.31613461538461535 0.022144886363636408 0.02696153846153848
0 0.49171875000000004 0.32449038461538465 0.01423295454545452 0.01798076923076922
0 0.5037428977272728 0.33240384615384616 0.01740056818181818 0.0381153846153846
0 0.4896448863636364 0.3505769230769231 0.02778409090909091 0.03884615384615388
0 0.4527059659090909 0.32840384615384616 0.020781249999999994 0.02630769230769232
0 0.4539488636363637 0.30959615384615385 0.022812500000000003 0.02661538461538462
0 0.4166832386363637 0.33390384615384616 0.05038352272727269 0.046500000000000014
0 0.7002343750000001 0.1661442307692308 0.027201704545454595 0.03598076923076922
0 0.41453835227272723 0.3034807692307692 0.05467329545454547 0.06757692307692305
0 0.4576775568181818 0.25408653846153845 0.029815340909090923 0.03609615384615384
0 0.45214488636363637 0.34675 0.05218750000000001 0.06299999999999999
0 0.4719105113636364 0.273048076923077 0.017627840909090944 0.02751923076923072
0 0.4554190340909091 0.2855865384615385 0.020326704545454547 0.027519230769230775
0 0.440625 0.27886538461538457 0.023267045454545447 0.03119230769230769
0 0.4311363636363636 0.25408653846153845 0.023721590909090894 0.03671153846153844
0 0.44695312499999995 0.21876923076923077 0.02867897727272727 0.05534615384615385
0 0.47236505681818175 0.30271153846153853 0.021235795454545438 0.03057692307692309
0 0.4301207386363636 0.21693269230769233 0.021235795454545438 0.02967307692307691
0 0.01004971590909091 0.8140769230769231 0.019900568181818182 0.029192307692307705
0 0.416796875 0.22274038461538462 0.04066761363636363 0.0345576923076923
0 0.40799005681818185 0.2580673076923077 0.025752840909090902 0.04159615384615384
0 0.39059659090909093 0.2560769230769231 0.01761363636363641 0.022923076923076928
0 0.38280539772727273 0.2901730769230769 0.0214630681818182 0.045269230769230756
0 0.3777201704545454 0.2696826923076923 0.01941761363636366 0.029365384615384633
0 0.36552556818181814 0.2855865384615385 0.018068181818181817 0.032403846153846144
0 0.34665482954545457 0.2875769230769231 0.02146306818181816 0.02661538461538462
0 0.3813210227272728 0.11791346153846154 0.019431818181818192 0.029980769230769224
0 0.3899005681818182 0.13290384615384615 0.026193181818181813 0.03730769230769232
0 0.3889985795454546 0.1677596153846154 0.021690340909090885 0.03425
0 0.7011505681818182 0.02139423076923077 0.03372159090909092 0.03982692307692308
0 0.006427556818181818 0.3769423076923077 0.01265625 0.04580769230769229
0 0.36957386363636363 0.17097115384615386 0.02258522727272728 0.03701923076923077
0 0.3500284090909091 0.15675 0.02778409090909091 0.048923076923076916
0 0.35737926136363635 0.19099999999999998 0.029360795454545476 0.033038461538461524
0 0.34303267045454544 0.21378846153846154 0.025071022727272737 0.03149999999999999
0 0.36584517045454545 0.21332692307692308 0.020099431818181825 0.034846153846153825
0 0.38425426136363633 0.2101153846153846 0.03794034090909088 0.05903846153846155
0 0.3869673295454545 0.2321346153846154 0.02529829545454546 0.03088461538461539
0 0.35398437499999996 0.2396346153846154 0.02214488636363637 0.03119230769230769
0 0.3708309659090909 0.32021153846153844 0.02339488636363636 0.03980769230769234
0 0.8389346590909091 0.15083653846153847 0.022329545454545494 0.0309423076923077
0 0.3543892045454546 0.3332692307692308 0.02403409090909089 0.06423076923076924
0 0.3514914772727273 0.343 0.014460227272727243 0.026307692307692265
0 0.33602272727272725 0.3460576923076923 0.018749999999999985 0.02753846153846158
0 0.32563210227272726 0.3602692307692308 0.02643465909090911 0.03088461538461539
0 0.3176136363636364 0.3451346153846154 0.018068181818181817 0.02630769230769232
0 0.32675426136363633 0.3304615384615385 0.021008522727272758 0.028730769230769226
0 0.34042613636363633 0.3180769230769231 0.022130681818181796 0.03088461538461539
0 0.3026988636363636 0.3569134615384616 0.019431818181818192 0.048019230769230765
0 0.49741477272727275 0.2726826923076923 0.018664772727272707 0.02225000000000004
0 0.3008948863636363 0.338875 0.015369318181818213 0.0217115384615385
0 0.5198792613636364 0.028163461538461537 0.032031249999999935 0.05555769230769231
0 0.3135440340909091 0.3234230769230769 0.01626420454545457 0.01957692307692309
0 0.30632102272727274 0.3084423076923077 0.018977272727272745 0.029961538461538484
0 0.31953125 0.2992692307692308 0.028238636363636358 0.03669230769230766
0 0.288359375 0.30033653846153846 0.021917613636363645 0.027826923076923075
0 0.28350142045454546 0.32266346153846154 0.03569602272727272 0.045557692307692306
0 0.47907670454545453 0.2480673076923077 0.019289772727272704 0.02524999999999999
0 0.28576704545454545 0.2738846153846154 0.0325284090909091 0.03669230769230772
0 0.2676917613636363 0.28259615384615383 0.02123579545454548 0.048615384615384616
0 0.4225 0.08121153846153847 0.05218750000000001 0.07576923076923077
0 0.4362571022727273 0.04910576923076923 0.022769886363636326 0.02867307692307693
0 0.5806818181818182 0.16054807692307693 0.01894886363636368 0.028980769230769216
0 0.47799715909090906 0.04225 0.026562499999999985 0.06892307692307693
0 0.4664559659090909 0.030692307692307692 0.027514204545454553 0.028692307692307694
0 0.001846590909090909 0.1792019230769231 0.003693181818181818 0.02682692307692308
0 0.006036931818181818 0.20266346153846154 0.012045454545454547 0.020557692307692305
0 0.012208806818181818 0.17095192307692308 0.024417613636363637 0.05686538461538463
0 0.06149147727272728 0.15991346153846153 0.024801136363636365 0.031211538461538443
0 0.06274147727272728 0.12712500000000002 0.03613636363636364 0.03798076923076924
0 0.03486505681818181 0.10475 0.023451704545454543 0.030692307692307692
0 0.010461647727272726 0.12036538461538462 0.02075284090909091 0.03226923076923077
0 0.26521306818181817 0.19785576923076922 0.031761363636363615 0.041980769230769224
0 0.551768465909091 0.021865384615384613 0.031889204545454526 0.043730769230769226
0 0.29993607954545454 0.20409615384615384 0.046377840909090876 0.048923076923076916
0 0.2876349431818182 0.1893653846153846 0.025866477272727284 0.03607692307692306
0 0.22536931818181818 0.21971153846153846 0.051505681818181805 0.06765384615384616
0 0.2152485795454546 0.2113846153846154 0.023565340909090914 0.04126923076923079
0 0.14623579545454546 0.18885576923076922 0.023977272727272722 0.04409615384615386
0 0.09887073863636364 0.1618653846153846 0.05228693181818182 0.11684615384615384
0 0.16774147727272729 0.18625961538461536 0.0314772727272727 0.039403846153846143
0 0.14165482954545452 0.15070192307692307 0.022514204545454556 0.026749999999999993
0 0.014666193181818181 0.06639423076923077 0.02927556818181818 0.07928846153846154
0 0.03677556818181818 0.03173076923076923 0.07355113636363636 0.06330769230769231
0 0.6749786931818181 0.1245673076923077 0.03509943181818187 0.031211538461538468
0 0.6511860795454545 0.23332692307692307 0.020326704545454547 0.025076923076923063
0 0.08578835227272727 0.04547115384615385 0.026235795454545453 0.037634615384615384
0 0.13254261363636363 0.01919230769230769 0.03551136363636364 0.030461538461538457
0 0.103984375 0.06875961538461538 0.037059659090909094 0.07525
0 0.11126420454545455 0.0805576923076923 0.05823863636363636 0.09288461538461541
0 0.02730113636363636 0.012836538461538462 0.026079545454545452 0.025403846153846152
0 0.055646306818181814 0.0145 0.040440340909090905 0.029
0 0.0844034090909091 0.009355769230769232 0.01860795454545455 0.018711538461538463
0 0.3750923295454545 0.05997115384615384 0.05095170454545455 0.08271153846153846
0 0.4450142045454545 0.03205769230769231 0.031534090909090894 0.02926923076923077
0 0.38568892045454545 0.007875 0.02933238636363641 0.01551923076923077
0 0.8241051136363636 0.34377884615384613 0.018068181818181858 0.02232692307692305
0 0.4032102272727273 0.04221153846153846 0.05534090909090906 0.08442307692307692
0 0.34639914772727276 0.024721153846153848 0.029019886363636373 0.049442307692307695
0 0.33970170454545456 0.06424038461538462 0.024034090909090932 0.05048076923076923
0 0.31075994318181815 0.04381730769230769 0.04850852272727273 0.08763461538461538
0 0.1659090909090909 0.05581730769230769 0.027926136363636358 0.04301923076923077
0 0.13644886363636363 0.09884615384615385 0.029460227272727287 0.03746153846153847
0 0.18525568181818183 0.09051923076923077 0.06866477272727273 0.07076923076923076
0 0.13568181818181818 0.13092307692307692 0.03818181818181818 0.038500000000000006
0 0.10641335227272726 0.015307692307692309 0.027798295454545464 0.030461538461538464
0 0.15887073863636364 0.1339423076923077 0.021519886363636373 0.02830769230769232
0 0.564296875 0.040817307692307694 0.02044034090909089 0.028173076923076922
0 0.1930965909090909 0.20829807692307692 0.023153409090909086 0.03463461538461537
0 0.22762073863636365 0.1857403846153846 0.02205965909090909 0.028365384615384615
0 0.2415127840909091 0.15798076923076923 0.040582386363636355 0.050461538461538454
0 0.1836150568181818 0.14378846153846156 0.02359375 0.026884615384615392
0 0.16321022727272727 0.15364423076923076 0.02778409090909091 0.029865384615384617
0 0.2391051136363636 0.058096153846153846 0.02531250000000003 0.04926923076923078
0 0.17817471590909092 0.16865384615384615 0.01958806818181819 0.026192307692307702
0 0.21083096590909092 0.1834230769230769 0.025241477272727287 0.032961538461538466
0 0.2010085227272727 0.177375 0.02076704545454546 0.028711538461538476
0 0.19374999999999998 0.15727884615384616 0.019659090909090914 0.02540384615384614
0 0.5440269886363637 0.08160576923076923 0.018650568181818174 0.025250000000000005
0 0.20290482954545455 0.14004807692307691 0.017855113636363627 0.028403846153846148
0 0.19783380681818183 0.11880769230769231 0.034815340909090914 0.034192307692307695
0 0.210859375 0.09235576923076923 0.018877840909090896 0.028788461538461537
0 0.2136505681818182 0.15317307692307694 0.020198863636363636 0.031653846153846144
0 0.23039772727272725 0.1301442307692308 0.024460227272727272 0.027365384615384625
0 0.2221590909090909 0.10549038461538462 0.02392045454545455 0.03563461538461539
0 0.27411931818181823 0.11808653846153847 0.03056818181818183 0.06298076923076923
0 0.2605681818181818 0.1352980769230769 0.026306818181818157 0.0623653846153846
0 0.24502130681818182 0.0981153846153846 0.028167613636363612 0.03815384615384615
0 0.28813920454545455 0.08123076923076922 0.032499999999999994 0.036846153846153855
0 0.6346946022727273 0.3031923076923077 0.030269886363636367 0.04984615384615387
0 0.2730397727272727 0.16161538461538463 0.01968750000000002 0.03034615384615385
0 0.29283380681818183 0.15789423076923076 0.022656249999999985 0.03159615384615383
0 0.30781960227272726 0.1493846153846154 0.03660511363636365 0.05050000000000001
0 0.3321875 0.14149038461538463 0.024488636363636337 0.042749999999999996
0 0.18860795454545454 0.03583653846153846 0.054886363636363636 0.07167307692307692
0 0.20112926136363637 0.004817307692307692 0.015809659090909086 0.009365384615384616
0 0.2164133522727273 0.014221153846153845 0.026775568181818175 0.02844230769230769
0 0.17024147727272726 0.2770961538461538 0.020681818181818187 0.025269230769230742
0 0.371640625 0.09329807692307693 0.046946022727272746 0.03863461538461539
0 0.3696875 0.10136538461538462 0.016079545454545485 0.02457692307692308
0 0.5303764204545455 0.27375000000000005 0.033196022727272734 0.045269230769230756
0 0.2928764204545455 0.10202884615384615 0.02038352272727276 0.024249999999999997
0 0.3076988636363636 0.09721153846153846 0.02161931818181818 0.032192307692307694
0 0.31557528409090907 0.11351923076923078 0.02316761363636364 0.04138461538461539
0 0.3603622159090909 0.12250961538461538 0.020497159090909142 0.025673076923076913
0 0.34832386363636364 0.11054807692307692 0.02767045454545457 0.0440576923076923
0 0.7218323863636363 0.16542307692307695 0.013068181818181802 0.015961538461538458
0 0.7278551136363638 0.15501923076923077 0.01434659090909094 0.022192307692307678
0 0.7156889204545455 0.1385480769230769 0.015127840909090957 0.026711538461538464
0 0.7043607954545454 0.1281923076923077 0.011988636363636361 0.014461538461538468
0 0.7034872159090909 0.14160576923076923 0.011974431818181829 0.016519230769230776
0 0.5962286931818181 0.10006730769230769 0.036946022727272716 0.050519230769230775
0 0.7324644886363636 0.14869230769230768 0.018963068181818213 0.025961538461538463
0 0.826846590909091 0.014798076923076924 0.015625 0.027403846153846154
0 0.8374076704545456 0.011125 0.012968749999999994 0.02225
0 0.8471732954545456 0.007576923076923077 0.011107954545454617 0.015153846153846153
0 0.2647585227272727 0.004923076923076923 0.022500000000000006 0.009846153846153846
0 0.28168323863636363 0.018278846153846152 0.010610795454545453 0.015865384615384615
0 0.27940340909090905 0.03400961538461539 0.010426136363636368 0.013634615384615384
0 0.09578125000000001 0.817173076923077 0.0340909090909091 0.04423076923076923
0 0.879502840909091 0.010932692307692308 0.024261363636363695 0.021134615384615384
0 0.554296875 0.1370576923076923 0.033565340909090906 0.034
0 0.8978124999999999 0.12996153846153846 0.04917613636363637 0.06334615384615384
0 0.6694034090909091 0.013625000000000002 0.02906250000000005 0.026211538461538463
0 0.8538210227272728 0.06285576923076923 0.020198863636363674 0.03275
0 0.6839417613636364 0.24280769230769228 0.021690340909090885 0.02507692307692309
0 0.5777201704545455 0.36260576923076926 0.029133522727272796 0.040365384615384636
0 0.6062713068181819 0.22527884615384614 0.0214630681818182 0.020480769230769243
0 0.5527627840909091 0.32942307692307693 0.03072443181818181 0.04188461538461539
0 0.8346875 0.12060576923076922 0.05423295454545463 0.04967307692307692
0 0.8272443181818182 0.16181730769230768 0.02446022727272731 0.03275
0 0.7919034090909091 0.05028846153846154 0.03659090909090908 0.033499999999999995
0 0.6393536931818182 0.1864903846153846 0.020241477272727272 0.02601923076923077
0 0.6789488636363636 0.09889423076923076 0.024090909090909062 0.026365384615384617
0 0.9702059659090909 0.022192307692307692 0.025553977272727287 0.0305
0 0.5426846590909091 0.20876923076923076 0.023039772727272766 0.02538461538461539
0 0.555127840909091 0.2965480769230769 0.03184659090909085 0.03178846153846154
0 0.8756605113636362 0.2081923076923077 0.03884943181818185 0.03761538461538462
0 0.6270738636363636 0.06389423076923076 0.04411931818181818 0.06167307692307691
0 0.03715198863636364 0.745 0.02214488636363637 0.039461538461538534
0 0.5790198863636363 0.12352884615384616 0.022556818181818174 0.027057692307692293
0 0.5993821022727274 0.24851923076923074 0.029360795454545476 0.03026923076923076
0 0.765887784090909 0.18066346153846152 0.028792613636363772 0.03867307692307692
0 0.7931605113636363 0.020423076923076922 0.036946022727272716 0.04080769230769231
0 0.8209943181818182 0.19122115384615385 0.02664772727272726 0.029980769230769238
