0 0.9939772727272728 0.3975769230769231 0.012045454545454571 0.03250000000000001
0 0.5734517045454546 0.7714615384615385 0.035284090909090876 0.05600000000000001
0 0.7627556818181819 0.5043173076923076 0.03011363636363643 0.03459615384615387
0 0.5688139204545455 0.48876923076923084 0.043991477272727314 0.05865384615384621
0 0.7227982954545454 0.5113173076923077 0.03789772727272736 0.04351923076923076
0 0.27884943181818184 0.539701923076923 0.04082386363636365 0.045942307692307664
0 0.8202911931818182 0.3354903846153846 0.030298295454545352 0.04613461538461535
0 0.7771306818181819 0.20579807692307692 0.027329545454545467 0.03259615384615382
0 0.6453693181818182 0.06931730769230769 0.037102272727272734 0.041673076923076924
0 0.983125 0.6459134615384615 0.032727272727272674 0.045942307692307664
0 0.11818181818181817 0.7170673076923076 0.027812499999999997 0.033826923076923136
0 0.9016903409090908 0.09282692307692307 0.031448863636363615 0.03784615384615385
0 0.3499573863636364 0.8915 0.030681818181818213 0.03457692307692311
0 0.895625 0.8478653846153846 0.026136363636363603 0.03523076923076922
0 0.9145951704545454 0.9824711538461538 0.03538352272727285 0.035057692307692345
0 0.1148153409090909 0.9948557692307693 0.017784090909090923 0.010288461538461581
0 0.8834161931818181 0.6271826923076923 0.02413352272727274 0.025288461538461496
0 0.24414772727272727 0.78475 0.02883522727272729 0.04630769230769238
0 0.06330965909090909 0.25363461538461535 0.030681818181818175 0.048499999999999995
0 0.8883096590909091 0.5387403846153845 0.03664772727272721 0.045442307692307685
0 0.28877130681818186 0.5738269230769231 0.02649147727272728 0.03523076923076922
0 0.5047017045454546 0.5809326923076924 0.025397727272727266 0.03159615384615386
0 0.42377840909090914 0.5336826923076923 0.04170454545454539 0.051173076923076946
0 0.2518607954545455 0.8181346153846154 0.02471590909090906 0.03646153846153853
0 0.9977769886363635 0.13931730769230768 0.004446022727272721 0.03186538461538463
0 0.6814488636363637 0.5208076923076924 0.03022727272727269 0.0416923076923077
0 0.46046164772727266 0.4422019230769231 0.031122159090909127 0.041442307692307716
0 0.552578125 0.9820096153846154 0.04265624999999996 0.03598076923076919
0 0.12147727272727273 0.9186153846153846 0.030227272727272728 0.035653846153846085
0 0.45337357954545454 0.043826923076923076 0.04313920454545455 0.04673076923076923
0 0.615049715909091 0.9929615384615383 0.02697443181818183 0.014076923076923173
0 0.7709872159090909 0.8845961538461539 0.024872159090909077 0.037807692307692244
0 0.8678053977272726 0.8025673076923078 0.026917613636363538 0.03471153846153848
0 0.10968039772727273 0.19211538461538463 0.02734375 0.04165384615384617
0 0.41696022727272725 0.07325000000000001 0.03315340909090905 0.0381923076923077
0 0.88953125 0.8213653846153847 0.027471590909090956 0.04061538461538462
0 0.31963068181818177 0.9094326923076923 0.024630681818181822 0.03751923076923086
0 0.30740056818181816 0.8870288461538461 0.02465909090909093 0.04571153846153843
0 0.988125 0.38082692307692306 0.02375000000000004 0.036346153846153806
0 0.4509161931818182 0.2958173076923077 0.022769886363636326 0.03382692307692308
0 0.1910724431818182 0.9521923076923077 0.034815340909090914 0.053615384615384606
0 0.05470880681818182 0.3027692307692308 0.028735795454545462 0.0375
0 0.19490767045454546 0.6940096153846154 0.03967329545454546 0.041326923076923094
0 0.025873579545454547 0.24254807692307692 0.03646306818181819 0.0324807692307692
0 0.6689772727272727 0.6916730769230769 0.08076704545454548 0.08711538461538464
0 0.4565056818181818 0.574923076923077 0.03374999999999999 0.04149999999999997
0 0.2208025568181818 0.3184615384615385 0.03348011363636363 0.043307692307692325
0 0.3578622159090909 0.09966346153846155 0.027258522727272683 0.039442307692307686
0 0.8119602272727271 0.9662596153846155 0.036051136363636355 0.04621153846153852
0 0.05013494318181819 0.5095 0.03595170454545455 0.054423076923076893
0 0.7992329545454546 0.7657211538461538 0.030056818181818136 0.04986538461538463
0 0.5514275568181818 0.866201923076923 0.025923295454545456 0.03040384615384616
0 0.6976065340909091 0.5579711538461538 0.03461647727272728 0.04921153846153841
0 0.07615056818181819 0.3105288461538461 0.0275 0.03832692307692309
0 0.07960227272727273 0.5690384615384615 0.07951704545454547 0.10292307692307699
0 0.895909090909091 0.06336538461538462 0.026534090909090837 0.0341923076923077
0 0.5717329545454546 0.1382980769230769 0.05048295454545449 0.04840384615384616
0 0.09296875 0.8748653846153847 0.03178977272727273 0.04469230769230771
0 0.8208309659090909 0.777028846153846 0.041008522727272734 0.0568653846153846
0 0.8823295454545456 0.31236538461538466 0.036051136363636355 0.040884615384615366
0 0.8213352272727273 0.1566153846153846 0.019119318181818234 0.026999999999999986
0 0.7768252840909091 0.8589326923076923 0.028110795454545402 0.03459615384615387
0 0.0809090909090909 0.9133269230769231 0.026590909090909078 0.03296153846153844
0 0.12250710227272728 0.4440192307692307 0.038991477272727275 0.05473076923076925
0 0.22651988636363637 0.8858461538461538 0.03551136363636364 0.04492307692307695
0 0.1529900568181818 0.4265 0.03515625 0.04353846153846151
0 0.3948153409090909 0.9148846153846154 0.03215909090909089 0.03996153846153841
0 0.28737926136363634 0.7561057692307692 0.03677556818181816 0.0461346153846154
0 0.8003835227272728 0.18441346153846153 0.026732954545454615 0.04032692307692307
0 0.9677272727272727 0.19514423076923076 0.03795454545454549 0.05540384615384616
0 0.07768465909090909 0.05084615384615384 0.0315625 0.052
0 0.9422443181818182 0.6909423076923076 0.029829545454545456 0.03853846153846158
0 0.32289772727272725 0.8648365384615385 0.03002840909090907 0.046442307692307755
0 0.9863707386363636 0.1431346153846154 0.025326704545454604 0.03461538461538462
0 0.16492897727272726 0.8990576923076923 0.04269886363636362 0.040269230769230765
0 0.21458806818181816 0.42052884615384617 0.020426136363636358 0.03178846153846154
0 0.49111505681818185 0.5979326923076922 0.024815340909090947 0.03998076923076927
0 0.27200284090909094 0.7848653846153846 0.02911931818181818 0.04796153846153846
0 0.5057954545454546 0.7717788461538463 0.027585227272727296 0.04509615384615383
0 0.6632315340909091 0.4841153846153846 0.030525568181818195 0.04569230769230768
0 0.686015625 0.632826923076923 0.04782670454545457 0.03249999999999996
0 0.45185369318181823 0.7739423076923078 0.031377840909090876 0.03884615384615382
0 0.9468394886363637 0.44655769230769227 0.029446022727272755 0.0366153846153846
0 0.12334517045454546 0.6077596153846153 0.0326846590909091 0.039057692307692314
0 0.7149005681818181 0.8429807692307693 0.04247159090909096 0.04573076923076929
0 0.40777698863636364 0.05888461538461538 0.031065340909090914 0.040769230769230766
0 0.9936079545454546 0.7057019230769231 0.01278409090909091 0.03975000000000003
0 0.8804474431818182 0.6539423076923078 0.024531249999999973 0.029115384615384588
0 0.7280042613636364 0.4689615384615385 0.029048295454545438 0.02600000000000002
0 0.7286292613636363 0.9572403846153846 0.024332386363636358 0.04213461538461543
0 0.03774857954545455 0.10371153846153847 0.039133522727272725 0.03638461538461539
0 0.6394389204545454 0.17958653846153846 0.026519886363636388 0.03286538461538462
0 0.35801136363636366 0.29119230769230775 0.03397727272727271 0.04200000000000001
0 0.4156463068181818 0.6220865384615385 0.02938920454545454 0.039596153846153795
0 0.45396306818181825 0.11683653846153845 0.031818181818181863 0.05059615384615384
0 0.6962286931818181 0.10251923076923078 0.025184659090909115 0.03442307692307692
0 0.015071022727272726 0.3923269230769231 0.030142045454545453 0.04657692307692307
0 0.7901136363636364 0.8914711538461538 0.026562500000000065 0.035519230769230824
0 0.42288352272727275 0.8884903846153845 0.05139204545454546 0.07278846153846158
0 0.4820596590909091 0.17683653846153846 0.028068181818181805 0.040749999999999995
0 0.5176065340909091 0.5642211538461538 0.024303977272727293 0.0354038461538462
0 0.01989346590909091 0.513048076923077 0.030639204545454546 0.04663461538461544
0 0.8796164772727273 0.1519903846153846 0.028778409090909077 0.039519230769230765
0 0.4503267045454545 0.25304807692307696 0.03642045454545461 0.05155769230769231
0 0.8357244318181819 0.8551249999999999 0.04624999999999992 0.051019230769230824
0 0.22134943181818179 0.4392692307692308 0.03210227272727272 0.0354230769230769
0 0.6441619318181818 0.2438173076923077 0.05329545454545452 0.06674999999999996
0 0.29767045454545454 0.7923846153846154 0.02852272727272725 0.05446153846153845
0 0.5155894886363637 0.595875 0.024758522727272737 0.028442307692307732
0 0.385390625 0.8752211538461538 0.03132102272727266 0.03713461538461539
0 0.8085582386363636 0.3797019230769231 0.027457386363636423 0.03551923076923077
0 0.4670241477272727 0.0062403846153846155 0.025724431818181757 0.012480769230769231
0 0.7840269886363637 0.1671923076923077 0.030156250000000027 0.0416923076923077
0 0.3943963068181818 0.6105384615384616 0.034644886363636426 0.03961538461538455
0 0.020177556818181817 0.2758269230769231 0.021633522727272727 0.03861538461538464
0 0.7471022727272728 0.5362692307692308 0.03213068181818182 0.04103846153846149
0 0.17671875 0.8230865384615385 0.040653409090909094 0.05674999999999998
0 0.1554474431818182 0.9549326923076923 0.03759943181818182 0.04044230769230764
0 0.3220454545454545 0.7206826923076923 0.03954545454545451 0.04717307692307687
0 0.5397798295454546 0.9541923076923077 0.024730113636363592 0.05207692307692315
0 0.9375568181818181 0.5079807692307692 0.024744318181818124 0.03142307692307693
0 0.1255752840909091 0.889375 0.02674715909090909 0.0306346153846154
0 0.9663352272727272 0.5182596153846154 0.012329545454545383 0.026019230769230718
0 0.7059943181818181 0.993673076923077 0.029659090909090902 0.012653846153846232
0 0.28365767045454543 0.8888269230769231 0.02424715909090908 0.02980769230769231
0 0.7964275568181818 0.8309711538461538 0.03458806818181821 0.06448076923076929
0 0.3722940340909091 0.5680096153846154 0.03109375000000002 0.03694230769230776
0 0.03863636363636363 0.26910576923076923 0.021903409090909088 0.041980769230769203
0 0.5704758522727272 0.5529423076923077 0.028821022727272674 0.04057692307692301
0 0.5797940340909091 0.3493557692307692 0.04916193181818184 0.07509615384615387
0 0.5453977272727273 0.553125 0.061676136363636384 0.049557692307692275
0 0.9352911931818181 0.46696153846153843 0.02703125000000012 0.03457692307692306
0 0.9853338068181817 0.008692307692307692 0.02933238636363633 0.017384615384615384
0 0.4881818181818182 0.7498461538461538 0.027585227272727216 0.03753846153846151
0 0.4741690340909091 0.2911346153846154 0.028338068181818245 0.03430769230769232
0 0.5204261363636363 0.9872788461538461 0.02616477272727267 0.025442307692307726
0 0.17227982954545454 0.5043846153846154 0.04217329545454545 0.06253846153846156
0 0.6436931818181818 0.5321442307692308 0.03269886363636369 0.046019230769230784
0 0.8866832386363636 0.11650961538461539 0.029303977272727266 0.04136538461538462
0 0.9008522727272728 0.16140384615384618 0.022073863636363746 0.03399999999999999
0 0.691484375 0.7012307692307692 0.02754261363636362 0.03757692307692312
0 0.7460653409090909 0.8915288461538462 0.03190340909090914 0.04351923076923087
0 0.6441193181818182 0.19916346153846154 0.02943181818181814 0.028211538461538465
0 0.140625 0.4767115384615384 0.03286931818181816 0.04038461538461539
0 0.9578480113636364 0.5180576923076923 0.015326704545454655 0.02819230769230774
0 0.768828125 0.17988461538461537 0.028139204545454467 0.03699999999999999
0 0.31552556818181815 0.5302692307692308 0.027443181818181808 0.032769230769230696
0 0.2082599431818182 0.46679807692307695 0.029588068181818198 0.032942307692307736
0 0.270546875 0.6076538461538462 0.036946022727272716 0.03365384615384615
0 0.7378551136363637 0.8503653846153846 0.02937499999999993 0.041923076923076834
0 0.4392471590909091 0.004317307692307692 0.028068181818181805 0.008634615384615385
0 0.48714488636363645 0.10084615384615384 0.032073863636363616 0.04207692307692308
0 0.6248508522727273 0.08724038461538462 0.03413352272727277 0.04721153846153846
0 0.6019602272727272 0.6155192307692308 0.0286931818181818 0.0363076923076923
0 0.20484374999999996 0.6411153846153846 0.029090909090909077 0.04442307692307697
0 0.10220880681818181 0.8463942307692308 0.03200284090909091 0.03951923076923068
0 0.9154261363636365 0.052663461538461534 0.02681818181818181 0.04232692307692308
0 0.29834517045454545 0.5124519230769231 0.026605113636363663 0.04174999999999996
0 0.38909801136363636 0.5488365384615385 0.03819602272727271 0.04351923076923076
0 0.1782528409090909 0.16423076923076924 0.03372159090909092 0.0393076923076923
0 0.1499715909090909 0.55275 0.031079545454545447 0.03542307692307684
0 0.8859588068181817 0.7817211538461538 0.029730113636363565 0.03994230769230766
0 0.7286008522727272 0.49549999999999994 0.03228693181818176 0.029653846153846183
0 0.8224928977272726 0.9840673076923078 0.03771306818181812 0.0318653846153846
0 0.0982315340909091 0.9836923076923076 0.022088068181818188 0.032615384615384574
0 0.2905255681818182 0.8406826923076922 0.0363636363636364 0.05844230769230777
0 0.7698863636363636 0.7679326923076922 0.02985795454545452 0.04621153846153841
0 0.11424005681818182 0.1109903846153846 0.037940340909090924 0.0590576923076923
0 0.7096875 0.12147115384615385 0.02551136363636369 0.04128846153846155
0 0.9509303977272726 0.6198750000000001 0.02044034090909089 0.026980769230769287
0 0.3082244318181818 0.5801442307692308 0.02920454545454546 0.040173076923076895
0 0.14921164772727272 0.9231442307692308 0.03265625000000001 0.03871153846153845
0 0.3486221590909091 0.6228942307692307 0.031079545454545447 0.06382692307692307
0 0.9040838068181819 0.7638846153846154 0.02632102272727269 0.04299999999999992
0 0.9247585227272727 0.14590384615384616 0.024232954545454467 0.03365384615384615
0 0.8337500000000001 0.8103557692307692 0.04139204545454544 0.04225000000000005
0 0.4294247159090909 0.7004326923076923 0.03555397727272724 0.036057692307692304
0 0.5186221590909091 0.958326923076923 0.02446022727272731 0.034384615384615375
0 0.6882670454545454 0.6128365384615385 0.03803977272727277 0.029634615384615322
0 0.35137073863636364 0.8122019230769232 0.02413352272727274 0.029749999999999943
0 0.8147443181818183 0.29657692307692307 0.020909090909090947 0.027423076923076904
0 0.3015838068181818 0.5523750000000001 0.029133522727272713 0.036211538461538434
0 0.02546875 0.6688461538461539 0.02701704545454546 0.03657692307692304
0 0.7012357954545454 0.9691634615384616 0.03326704545454548 0.038403846153846205
0 0.2731321022727273 0.8292403846153847 0.02958806818181816 0.05321153846153849
0 0.7658593749999999 0.8181442307692308 0.044559659090909094 0.06898076923076923
0 0.23697443181818179 0.8751442307692308 0.029573863636363665 0.035057692307692345
0 0.4902911931818182 0.6796923076923077 0.026803977272727278 0.04442307692307697
0 0.4255823863636364 0.4865673076923077 0.05434659090909089 0.05321153846153849
0 0.469453125 0.1515576923076923 0.03183238636363632 0.037692307692307685
0 0.24049005681818184 0.991048076923077 0.03734374999999999 0.01790384615384616
0 0.047400568181818176 0.34055769230769234 0.03193181818181818 0.037230769230769255
0 0.5498437500000001 0.8973461538461539 0.02553977272727267 0.03123076923076925
0 0.8894176136363637 0.019057692307692307 0.07937499999999999 0.038115384615384613
0 0.9259872159090908 0.76025 0.028139204545454467 0.041807692307692323
0 0.7984161931818182 0.2791153846153846 0.029928977272727343 0.04084615384615381
0 0.04916193181818182 0.6574711538461538 0.029034090909090905 0.03717307692307689
0 0.14963068181818182 0.876951923076923 0.029460227272727266 0.04290384615384616
0 0.8206107954545455 0.42318269230769234 0.05823863636363636 0.06367307692307694
0 0.5160866477272728 0.6232980769230769 0.025752840909090902 0.03317307692307692
0 0.0765909090909091 0.9800576923076924 0.027642045454545457 0.0398846153846154
0 0.10538352272727272 0.6216634615384615 0.03161931818181817 0.04048076923076925
0 0.6069176136363637 0.5651057692307693 0.031079545454545447 0.048326923076923066
0 0.6277556818181819 0.6010673076923077 0.03622159090909091 0.04809615384615383
0 0.6815553977272727 0.8191826923076924 0.026519886363636305 0.03655769230769229
0 0.8631321022727273 0.8321153846153846 0.03677556818181816 0.03696153846153851
0 0.7849218750000001 0.30963461538461534 0.03092329545454543 0.04030769230769232
0 0.19852982954545453 0.1505192307692308 0.02686079545454545 0.03565384615384617
0 0.1768181818181818 0.6609519230769231 0.04315340909090906 0.06317307692307697
0 0.10818892045454544 0.5147307692307693 0.06566761363636364 0.09807692307692313
0 0.7918678977272726 0.7176057692307691 0.04319602272727268 0.06090384615384618
0 0.808025568181818 0.12827884615384616 0.03215909090909089 0.04640384615384614
0 0.8760511363636364 0.8636250000000001 0.03406250000000002 0.043596153846153875
0 0.7311576704545455 0.7657692307692308 0.052997159090909095 0.06469230769230766
0 0.2644460227272727 0.8645192307692308 0.06400568181818182 0.031538461538461494
0 0.6539275568181818 0.8237788461538462 0.02862215909090906 0.041826923076923074
0 0.8958025568181818 0.5720769230769231 0.025497159090909157 0.03003846153846155
0 0.5418892045454545 0.45240384615384616 0.02778409090909091 0.03592307692307694
0 0.872762784090909 0.6064326923076924 0.028877840909090968 0.04340384615384614
0 0.6985298295454545 0.9445192307692307 0.031207386363636402 0.041923076923076945
0 0.7322017045454546 0.1251346153846154 0.02778409090909091 0.03588461538461539
0 0.11730823863636365 0.39715384615384614 0.03467329545454547 0.041615384615384644
0 0.3075568181818182 0.612625 0.03056818181818183 0.040057692307692384
0 0.12556107954545456 0.21334615384615385 0.03083806818181817 0.04276923076923079
0 0.06333806818181818 0.0783076923076923 0.030738636363636353 0.03669230769230769
0 0.582890625 0.05035576923076923 0.017769886363636352 0.025134615384615384
0 0.22293323863636363 0.4035961538461539 0.032372159090909076 0.0366153846153846
0 0.03223011363636363 0.07250000000000001 0.03133522727272727 0.03619230769230769
0 0.060390625 0.9857307692307693 0.024900568181818183 0.028538461538461492
0 0.3726846590909091 0.6187980769230769 0.032670454545454544 0.07140384615384615
0 0.8581818181818183 0.6645769230769231 0.028664772727272657 0.03823076923076922
0 0.9892613636363637 0.35170192307692305 0.021477272727272734 0.02494230769230769
0 0.136640625 0.9865384615384616 0.028650568181818183 0.026923076923076925
0 0.700497159090909 0.9067115384615385 0.028352272727272698 0.03411538461538463
0 0.21656960227272729 0.773673076923077 0.03589488636363634 0.04630769230769238
0 0.9651633522727273 0.9122307692307693 0.03771306818181812 0.04680769230769226
0 0.5864630681818181 0.3091923076923077 0.057698863636363645 0.06442307692307692
0 0.563203125 0.10328846153846152 0.040894886363636314 0.05330769230769229
0 0.08776278409090908 0.34950000000000003 0.03558238636363637 0.041961538461538446
0 0.8987926136363636 0.02841346153846154 0.024090909090909142 0.03348076923076923
0 0.5351775568181818 0.47646153846153844 0.025014204545454565 0.032230769230769216
0 0.5923153409090909 0.588576923076923 0.026136363636363603 0.033769230769230774
0 0.2375355113636364 0.8259134615384616 0.06069602272727271 0.05825000000000004
0 0.3897088068181818 0.9687403846153846 0.03080965909090909 0.03640384615384628
0 0.7237428977272727 0.32193269230769234 0.03211647727272737 0.04571153846153843
0 0.34595170454545454 0.9115384615384615 0.027897727272727293 0.03003846153846155
0 0.13920454545454544 0.17201923076923079 0.03633522727272729 0.04457692307692309
0 0.7318607954545455 0.15872115384615385 0.03696022727272725 0.04278846153846154
0 0.8695099431818182 0.5011346153846155 0.04291193181818187 0.08684615384615389
0 0.33272727272727276 0.7623942307692307 0.024545454545454547 0.03394230769230765
0 0.14977272727272728 0.3173365384615384 0.03997159090909091 0.03721153846153845
0 0.4644602272727273 0.6855769230769231 0.027897727272727255 0.055230769230769285
