0 0.9640411931818181 0.4238942307692308 0.022286931818181734 0.028788461538461537
0 0.6960227272727273 0.3801826923076923 0.03818181818181818 0.04336538461538464
0 0.6703835227272728 0.48833653846153846 0.02846590909090912 0.06574999999999995
0 0.6273508522727272 0.4459711538461538 0.039076704545454616 0.04098076923076924
0 0.23996448863636363 0.4750865384615385 0.04561079545454547 0.07978846153846156
0 0.25508522727272726 0.5571442307692308 0.0830681818181818 0.09824999999999995
0 0.07355113636363636 0.8788076923076923 0.03613636363636363 0.039192307692307686
0 0.1832102272727273 0.8803653846153846 0.025880681818181817 0.036769230769230776
0 0.17693892045454546 0.8531346153846153 0.018963068181818196 0.04684615384615387
0 0.09712357954545454 0.8937211538461539 0.06021306818181817 0.06348076923076922
0 0.11480113636363636 0.8978846153846154 0.021278409090909098 0.029499999999999953
0 0.5752414772727273 0.25284615384615383 0.026193181818181813 0.0441923076923077
0 0.8346448863636364 0.4238942307692308 0.027414772727272663 0.05863461538461535
0 0.5919247159090909 0.2742019230769231 0.02509943181818184 0.034480769230769245
0 0.6327627840909091 0.32731730769230766 0.019985795454545444 0.025673076923076913
0 0.6278409090909091 0.3662980769230769 0.046846590909090935 0.08159615384615386
0 0.6062286931818182 0.31141346153846156 0.01612215909090904 0.026249999999999957
0 0.606328125 0.3301442307692308 0.02461647727272725 0.030673076923076956
0 0.5922798295454546 0.30433653846153846 0.025269886363636394 0.030980769230769256
0 0.5706036931818183 0.3040384615384616 0.04771306818181815 0.05869230769230771
0 0.6169673295454546 0.2918269230769231 0.024389204545454568 0.0369230769230769
0 0.6205681818181819 0.31135576923076924 0.011789772727272663 0.01648076923076922
0 0.20871448863636363 0.6153173076923076 0.017741477272727287 0.03294230769230768
0 0.7608522727272727 0.42199038461538463 0.025880681818181858 0.04578846153846154
0 0.22143465909090906 0.6077596153846153 0.0234375 0.04113461538461547
0 0.23964488636363637 0.6047884615384616 0.020681818181818187 0.027769230769230765
0 0.2600497159090909 0.6132115384615384 0.023792613636363636 0.036192307692307676
0 0.24229403409090908 0.6327884615384615 0.024161931818181846 0.028730769230769226
0 0.15629261363636363 0.5945865384615384 0.0459090909090909 0.0740961538461538
0 0.19571022727272727 0.6569134615384616 0.01997159090909091 0.03159615384615386
0 0.21568892045454546 0.6523461538461539 0.02879261363636361 0.04915384615384616
0 0.24152698863636363 0.8573750000000001 0.035610795454545444 0.051326923076923076
0 0.2251278409090909 0.8589326923076923 0.029460227272727287 0.02809615384615387
0 0.21500000000000002 0.835 0.02306818181818179 0.02950000000000006
0 0.7737855113636364 0.34584615384615386 0.045610795454545314 0.055846153846153886
0 0.19706676136363638 0.8375961538461537 0.021008522727272716 0.033307692307692295
0 0.2164133522727273 0.7975384615384616 0.020752840909090887 0.037807692307692355
0 0.37736505681818183 0.9464230769230769 0.038025568181818195 0.05342307692307687
0 0.48974431818181813 0.2215769230769231 0.028238636363636438 0.058730769230769246
0 0.3909872159090909 0.9643942307692308 0.04305397727272728 0.07109615384615389
0 0.857578125 0.3462211538461538 0.012088068181818169 0.016365384615384598
0 0.48976562500000004 0.26511538461538464 0.012627840909090889 0.017115384615384626
0 0.5276420454545454 0.3089711538461538 0.036051136363636355 0.05674999999999998
0 0.5258025568181819 0.34933653846153845 0.03177556818181819 0.044403846153846106
0 0.58140625 0.3434423076923077 0.014857954545454598 0.020115384615384577
0 0.9010014204545456 0.6377596153846153 0.036633522727272834 0.040942307692307625
0 0.5320809659090909 0.3798653846153846 0.01717329545454542 0.022192307692307733
0 0.5570667613636363 0.41888461538461536 0.021008522727272758 0.021846153846153873
0 0.5264488636363637 0.40397115384615384 0.029460227272727287 0.03921153846153844
0 0.5036434659090909 0.37622115384615384 0.03305397727272725 0.08428846153846156
0 0.5605184659090909 0.369798076923077 0.04740056818181819 0.09713461538461542
0 0.5958806818181818 0.38627884615384617 0.023323863636363577 0.1113653846153846
0 0.5414630681818182 0.5132884615384615 0.029772727272727326 0.03157692307692311
0 0.5238849431818182 0.5353846153846153 0.017571022727272734 0.042730769230769176
0 0.4191477272727273 0.48973076923076925 0.06636363636363632 0.07965384615384619
0 0.45995738636363637 0.49945192307692315 0.02306818181818183 0.02913461538461545
0 0.6826988636363637 0.4259807692307692 0.02639204545454551 0.048923076923076916
0 0.4567542613636363 0.5275480769230769 0.022286931818181813 0.031211538461538495
0 0.187109375 0.7144807692307692 0.044531250000000015 0.05738461538461534
0 0.25132102272727275 0.6630576923076923 0.0491193181818182 0.047076923076923
0 0.33786221590909093 0.7080865384615386 0.02461647727272729 0.02890384615384621
0 0.212578125 0.6964326923076922 0.02723011363636366 0.05398076923076922
0 0.2351349431818182 0.6993846153846153 0.026150568181818178 0.0356923076923077
0 0.26912642045454543 0.681826923076923 0.027883522727272722 0.03600000000000005
0 0.27456676136363634 0.6418653846153846 0.033110795454545455 0.032153846153846095
0 0.15394176136363635 0.924125 0.022599431818181814 0.04032692307692302
0 0.16452414772727272 0.9535096153846153 0.0329971590909091 0.02524999999999999
0 0.9531463068181818 0.640875 0.04407670454545451 0.05898076923076915
0 0.17403409090909092 0.9085769230769231 0.02045454545454546 0.024769230769230762
0 0.13786221590909092 0.8885192307692307 0.03458806818181819 0.04753846153846148
0 0.15843039772727271 0.8801730769230769 0.022968750000000003 0.030115384615384554
0 0.16668323863636364 0.9003269230769231 0.018650568181818174 0.02865384615384611
0 0.15843039772727271 0.8405961538461538 0.04447443181818182 0.052923076923076885
0 0.13404119318181817 0.7388557692307693 0.03515625 0.032057692307692336
0 0.16375710227272727 0.8000096153846153 0.022542613636363642 0.02809615384615387
0 0.1355681818181818 0.800875 0.03997159090909091 0.05340384615384612
0 0.14595170454545456 0.7589038461538461 0.017159090909090926 0.034000000000000016
0 0.12980823863636365 0.7634134615384616 0.01819602272727273 0.024980769230769247
0 0.9303480113636362 0.35954807692307694 0.02151988636363633 0.026365384615384575
0 0.10746448863636364 0.7738461538461539 0.03203125000000002 0.05169230769230768
0 0.1611221590909091 0.7495384615384615 0.024744318181818183 0.07576923076923073
0 0.5951633522727273 0.4820576923076923 0.03569602272727272 0.04342307692307689
0 0.5968607954545454 0.5205961538461539 0.05625000000000003 0.037307692307692375
0 0.5983238636363637 0.5444423076923077 0.02937500000000001 0.03669230769230766
0 0.5732457386363637 0.5516346153846154 0.030269886363636367 0.054730769230769194
0 0.6027272727272727 0.6019423076923077 0.027329545454545467 0.05688461538461535
0 0.5697514204545455 0.6121826923076923 0.0399857954545455 0.05840384615384616
0 0.7058451704545454 0.6261057692307693 0.026207386363636346 0.03425
0 0.5985511363636363 0.6684519230769231 0.03840909090909086 0.052903846153846246
0 0.9111292613636363 0.33855769230769234 0.022031250000000148 0.03226923076923077
0 0.6423721590909092 0.6624903846153847 0.02664772727272726 0.038519230769230715
0 0.6631534090909091 0.6684519230769231 0.02846590909090912 0.040673076923076985
0 0.6911647727272727 0.6430673076923077 0.02755681818181815 0.03640384615384617
0 0.7205326704545455 0.6508653846153846 0.030269886363636287 0.037307692307692264
0 0.6774928977272727 0.6757980769230768 0.03998579545454542 0.04128846153846148
0 0.6797585227272727 0.7082019230769231 0.021903409090909112 0.04067307692307688
0 0.7652556818181818 0.635423076923077 0.03161931818181817 0.03700000000000002
0 0.7884090909090908 0.6455096153846153 0.028693181818181722 0.04740384615384622
0 0.17295454545454544 0.9331153846153847 0.01829545454545454 0.026230769230769314
0 0.7806107954545454 0.615548076923077 0.022130681818181876 0.029673076923076937
0 0.9031818181818182 0.6094903846153846 0.02204545454545452 0.028788461538461593
0 0.5711079545454545 0.7432211538461538 0.03275568181818182 0.045250000000000054
0 0.6227201704545454 0.7389423076923077 0.049701704545454556 0.10396153846153836
0 0.680546875 0.7867980769230769 0.03748579545454544 0.06086538461538457
0 0.6639488636363636 0.75025 0.046761363636363656 0.10703846153846147
0 0.7092329545454544 0.7386346153846155 0.05647727272727263 0.09480769230769233
0 0.7259517045454545 0.7835961538461539 0.022130681818181876 0.03669230769230766
0 0.5647798295454546 0.7888076923076923 0.030213068181818157 0.04753846153846159
0 0.5479048295454546 0.7727788461538462 0.026946022727272687 0.0479038461538462
0 0.5253125 0.7451346153846155 0.03946022727272724 0.05823076923076929
0 0.46664772727272724 0.7541634615384615 0.025596590909090885 0.03574999999999995
0 0.8109375000000001 0.44626923076923075 0.04355113636363632 0.051346153846153826
0 0.9709588068181819 0.5874615384615385 0.02075284090909093 0.03538461538461545
0 0.5085653409090909 0.7748076923076923 0.04954545454545462 0.05784615384615382
0 0.9077698863636364 0.2512307692307692 0.02664772727272726 0.03576923076923076
0 0.9379261363636363 0.23456730769230769 0.03411931818181815 0.048942307692307674
0 0.9572372159090908 0.20429807692307692 0.03433238636363647 0.03425
0 0.9842329545454546 0.20199999999999999 0.02869318181818188 0.03823076923076925
0 0.8543536931818182 0.174625 0.02055397727272731 0.033634615384615374
0 0.9356676136363636 0.14740384615384616 0.03997159090909089 0.04403846153846152
0 0.7447230113636363 0.16664423076923077 0.035781249999999994 0.058442307692307696
0 0.8362144886363635 0.21033653846153846 0.036747159090909094 0.03686538461538459
0 0.8126846590909093 0.17006730769230768 0.02857954545454546 0.036326923076923076
0 0.7403480113636363 0.33907692307692305 0.03151988636363628 0.03123076923076925
0 0.838153409090909 0.17888461538461536 0.021960227272727163 0.04080769230769231
0 0.7424431818181819 0.7640192307692307 0.022130681818181876 0.03853846153846158
0 0.8366974431818182 0.15084615384615385 0.027997159090909142 0.028961538461538466
0 0.9811008522727271 0.1691442307692308 0.03779829545454547 0.05309615384615385
0 0.9866335227272726 0.1511730769230769 0.026732954545454615 0.061653846153846156
0 0.9541406249999999 0.1286923076923077 0.04205965909090911 0.051807692307692305
0 0.9338210227272726 0.1725673076923077 0.01568181818181813 0.021057692307692284
0 0.9737926136363636 0.0165 0.03184659090909085 0.033
0 0.991015625 0.03774038461538461 0.017968749999999967 0.052288461538461534
0 0.9956960227272728 0.09379807692307691 0.008607954545454467 0.032519230769230766
0 0.9897727272727272 0.5971730769230769 0.020454545454545423 0.05688461538461535
0 0.967080965909091 0.05074038461538461 0.032088068181818225 0.03509615384615384
0 0.9780965909090908 0.07376923076923077 0.043750000000000094 0.05307692307692307
0 0.72796875 0.021951923076923074 0.040482954545454544 0.04390384615384615
0 0.6900213068181817 0.04091346153846154 0.041747159090909154 0.04709615384615385
0 0.6404971590909091 0.16129807692307693 0.024687499999999994 0.052903846153846135
0 0.6729616477272727 0.170375 0.05035511363636362 0.0568653846153846
0 0.6885156250000001 0.13892307692307693 0.023139204545454574 0.03657692307692308
0 0.6663565340909091 0.13957692307692307 0.024303977272727293 0.0473846153846154
0 0.7158380681818182 0.13642307692307692 0.03539772727272721 0.03684615384615384
0 0.7401420454545455 0.11497115384615383 0.02877840909090916 0.036596153846153834
0 0.820809659090909 0.3872980769230769 0.039204545454545485 0.058980769230769205
0 0.6099644886363635 0.16129807692307693 0.02703125000000004 0.032365384615384636
0 0.6888139204545454 0.1004903846153846 0.048224431818181805 0.0518653846153846
0 0.7377698863636364 0.08701923076923077 0.015909090909090973 0.025884615384615374
0 0.7209446022727272 0.08389423076923076 0.033423295454545414 0.05398076923076922
0 0.7925142045454546 0.10106730769230769 0.031335227272727355 0.03401923076923077
0 0.8330823863636364 0.11525961538461539 0.04056818181818174 0.05678846153846154
0 0.6937428977272727 0.0753173076923077 0.029730113636363645 0.03871153846153845
0 0.8033451704545456 0.09294230769230769 0.02720170454545451 0.035884615384615376
0 0.7940127840909091 0.05456730769230769 0.039872159090909 0.046480769230769235
0 0.7599431818181818 0.03461538461538462 0.011363636363636364 0.019230769230769232
0 0.9861789772727273 0.5558942307692307 0.027642045454545506 0.06659615384615383
0 0.8383877840909091 0.06549038461538462 0.047485795454545544 0.06709615384615385
0 0.9070667613636364 0.013163461538461539 0.03779829545454547 0.026326923076923078
0 0.832734375 0.016442307692307694 0.021889204545454663 0.03288461538461539
0 0.8041548295454546 0.02536538461538462 0.018678977272727403 0.022423076923076924
0 0.7841051136363636 0.017750000000000002 0.02235795454545456 0.03526923076923077
0 0.6362571022727272 0.0391923076923077 0.06134943181818182 0.07365384615384617
0 0.8029119318181818 0.008192307692307691 0.019431818181818272 0.016384615384615383
0 0.8202769886363636 0.006048076923076923 0.01686079545454546 0.012096153846153847
0 0.8629048295454546 0.016125000000000004 0.033963068181818296 0.03140384615384616
0 0.8835866477272728 0.02939423076923077 0.017457386363636473 0.02298076923076923
0 0.9172727272727272 0.37151923076923077 0.027159090909090914 0.03365384615384615
0 0.8884943181818182 0.07147115384615385 0.07173295454545454 0.10975
0 0.682315340909091 0.01721153846153846 0.07264204545454551 0.034076923076923074
0 0.6328764204545455 0.0060384615384615386 0.02359375000000002 0.012076923076923077
0 0.6601065340909091 0.41225961538461536 0.026661931818181873 0.03548076923076921
0 0.804765625 0.5973846153846154 0.024105113636363515 0.03526923076923072
0 0.8073721590909091 0.6395961538461539 0.027954545454545544 0.022384615384615468
0 0.8083593750000001 0.66625 0.020468749999999956 0.03196153846153847
0 0.7935937500000001 0.6823653846153847 0.02124999999999989 0.02638461538461533
0 0.7990056818181818 0.700625 0.021448863636363506 0.025596153846153852
0 0.8053053977272726 0.7176826923076923 0.025781249999999967 0.03409615384615388
0 0.9230397727272727 0.3926730769230769 0.0417613636363636 0.02392307692307692
0 0.9919105113636365 0.9196057692307693 0.016178977272727255 0.054673076923076935
0 0.9192897727272729 0.9756057692307694 0.024005681818181787 0.046634615384615496
0 0.9513423295454545 0.9689903846153847 0.04009943181818185 0.061711538461538415
0 0.9815340909090909 0.9754807692307692 0.03676136363636379 0.04903846153846154
0 0.6424289772727273 0.08928846153846152 0.06482954545454543 0.06849999999999998
0 0.9951420454545453 0.9688365384615385 0.009715909090909136 0.03771153846153849
0 0.8146306818181818 0.8038461538461539 0.009943181818181818 0.015384615384615385
0 0.8468821022727272 0.8153076923076924 0.01620738636363632 0.023884615384615414
0 0.8755326704545454 0.8805384615384615 0.021406249999999908 0.03292307692307693
0 0.8889914772727273 0.8633076923076923 0.021704545454545417 0.036038461538461554
0 0.951740056818182 0.5433942307692308 0.06944602272727271 0.09990384615384625
0 0.8668536931818182 0.839798076923077 0.03299715909090912 0.04151923076923083
0 0.8571519886363635 0.8519326923076923 0.030383522727272707 0.036826923076923035
0 0.8403693181818181 0.8311826923076923 0.01823863636363625 0.02428846153846153
0 0.8478906249999999 0.8842596153846154 0.07032670454545453 0.11244230769230774
0 0.8033238636363635 0.8832788461538462 0.028068181818181805 0.05798076923076919
0 0.8285866477272728 0.948076923076923 0.013281250000000033 0.019230769230769232
0 0.8029616477272726 0.9374423076923077 0.03126420454545453 0.05096153846153846
0 0.8083806818181819 0.9549326923076923 0.026335227272727222 0.03863461538461545
0 0.7822940340909091 0.9229423076923077 0.019446022727272805 0.037307692307692264
0 0.771221590909091 0.890798076923077 0.023380681818181707 0.031634615384615365
0 0.9290553977272729 0.7156346153846154 0.033309659090908994 0.04753846153846159
0 0.7626065340909091 0.9234519230769231 0.025355113636363506 0.034980769230769225
0 0.7590340909090909 0.9056249999999999 0.021647727272727287 0.027980769230769253
0 0.7254474431818182 0.8608076923076923 0.028792613636363693 0.03765384615384623
0 0.7141264204545454 0.969923076923077 0.05830965909090902 0.044653846153846204
0 0.7685085227272727 0.97525 0.032727272727272674 0.02865384615384622
0 0.7429190340909091 0.9572596153846153 0.02632102272727269 0.03532692307692309
0 0.7161150568181818 0.98675 0.04791193181818185 0.026346153846153932
0 0.4144105113636364 0.17922115384615384 0.02620738636363643 0.048634615384615394
0 0.41700994318181817 0.2351826923076923 0.03546875000000004 0.032096153846153816
0 0.4228764204545455 0.14358653846153846 0.02461647727272725 0.03486538461538463
0 0.6998650568181818 0.4284038461538462 0.020241477272727272 0.03642307692307692
0 0.43869318181818184 0.17157692307692307 0.026875000000000024 0.035153846153846154
0 0.763096590909091 0.9542692307692309 0.020426136363636358 0.02665384615384607
0 0.4621803977272727 0.15521153846153848 0.03953125000000006 0.045269230769230784
0 0.5080397727272726 0.1588846153846154 0.025085227272727308 0.033038461538461524
0 0.47698153409090904 0.17967307692307694 0.031178977272727258 0.03669230769230769
0 0.5616903409090909 0.15184615384615385 0.02755681818181815 0.042192307692307716
0 0.5259943181818181 0.1414519230769231 0.031164772727272725 0.04221153846153847
0 0.4573295454545454 0.2153076923076923 0.023948863636363657 0.033346153846153824
0 0.5699289772727273 0.19878846153846155 0.026875000000000024 0.05596153846153848
0 0.5910511363636364 0.18609615384615386 0.03434659090909092 0.06300000000000001
0 0.8172230113636364 0.5253557692307692 0.02075284090909093 0.02982692307692306
0 0.8781960227272727 0.6134711538461538 0.028437499999999973 0.040942307692307625
0 0.5761434659090909 0.126625 0.027997159090909062 0.04128846153846154
0 0.200859375 0.9729711538461538 0.04609374999999998 0.05374999999999987
0 0.2436008522727273 0.9653846153846154 0.03552556818181817 0.04896153846153853
0 0.26985085227272726 0.9760865384615385 0.03169034090909091 0.047826923076923086
0 0.20854403409090908 0.9489134615384616 0.019843749999999997 0.036826923076923035
0 0.1686931818181818 0.9897788461538463 0.030426136363636367 0.019750000000000073
0 0.20311079545454547 0.9135769230769231 0.03494318181818181 0.036346153846153806
0 0.27926846590909093 0.9413173076923077 0.021519886363636373 0.02725000000000003
0 0.2577414772727273 0.9242307692307693 0.043749999999999976 0.048884615384615415
0 0.23250710227272728 0.9074615384615384 0.026150568181818178 0.04230769230769231
0 0.8497585227272727 0.6093076923076923 0.0351136363636364 0.03538461538461545
0 0.2295028409090909 0.8911730769230769 0.03125 0.036653846153846155
0 0.25878551136363637 0.8809903846153846 0.02776988636363638 0.06328846153846147
0 0.2887642045454546 0.8902403846153847 0.03448863636363637 0.07113461538461541
0 0.30947443181818185 0.8507403846153846 0.03889204545454545 0.06675000000000007
0 0.2267258522727273 0.9442980769230769 0.02291193181818181 0.03259615384615382
0 0.20600852272727274 0.8758173076923076 0.029630681818181837 0.0467115384615385
0 0.26453125000000005 0.23546153846153844 0.04647727272727273 0.0590769230769231
0 0.2861931818181818 0.27955769230769234 0.054403409090909065 0.0625
0 0.2139275568181818 0.32473076923076927 0.027514204545454553 0.05607692307692307
0 0.2224715909090909 0.27143269230769235 0.02434659090909089 0.033403846153846166
0 0.9035653409090909 0.7106057692307692 0.017159090909090804 0.07563461538461536
0 0.17961647727272725 0.30610576923076926 0.0505965909090909 0.06594230769230768
0 0.23670454545454545 0.35920192307692306 0.03321022727272731 0.05394230769230771
0 0.27180397727272726 0.3808173076923077 0.02434659090909089 0.037250000000000005
0 0.31449573863636365 0.34228846153846154 0.03447443181818179 0.04838461538461538
0 0.3810653409090909 0.31659615384615386 0.03289772727272731 0.04580769230769229
0 0.3360085227272727 0.3183076923076923 0.02877840909090912 0.041538461538461524
0 0.382109375 0.18097115384615384 0.024332386363636358 0.03771153846153846
0 0.31552556818181815 0.2568173076923077 0.026250000000000027 0.0446346153846154
0 0.3288068181818182 0.2722019230769231 0.01696022727272727 0.0285961538461538
0 0.3464133522727273 0.277625 0.01825284090909094 0.027288461538461536
0 0.8477130681818181 0.742173076923077 0.04278409090909092 0.036769230769230776
0 0.3571377840909091 0.27524038461538464 0.024332386363636358 0.05721153846153846
0 0.24764914772727273 0.3211826923076923 0.04609374999999998 0.0970961538461538
0 0.34289062499999995 0.24685576923076924 0.027855113636363615 0.037711538461538435
0 0.3633806818181818 0.23103846153846153 0.02593749999999999 0.032076923076923065
0 0.3537784090909091 0.20589423076923077 0.02593749999999999 0.033788461538461524
0 0.3539346590909091 0.1723076923076923 0.023693181818181787 0.03684615384615387
0 0.46544744318181813 0.23033653846153848 0.02177556818181816 0.05075
0 0.6216903409090909 0.27048076923076925 0.03784090909090907 0.04588461538461541
0 0.32367897727272726 0.20221153846153847 0.04897727272727275 0.08365384615384615
0 0.583984375 0.2265 0.023451704545454533 0.06423076923076922
0 0.8670525568181818 0.4540769230769231 0.024588068181818103 0.038499999999999965
0 0.6235227272727273 0.2198269230769231 0.05732954545454547 0.07073076923076921
0 0.61890625 0.13191346153846153 0.01968750000000002 0.03413461538461538
0 0.5972869318181818 0.13028846153846155 0.029289772727272734 0.03803846153846154
0 0.405234375 0.54425 0.023394886363636323 0.0381153846153846
0 0.4136221590909091 0.575076923076923 0.019289772727272784 0.028692307692307722
0 0.37629971590909095 0.6823173076923077 0.030042613636363645 0.05051923076923073
0 0.4123508522727272 0.6634903846153846 0.028139204545454547 0.040250000000000015
0 0.3524289772727273 0.680826923076923 0.02150568181818184 0.03469230769230773
0 0.4253196022727272 0.6362980769230769 0.026889204545454556 0.03982692307692315
0 0.42120028409090904 0.5412500000000001 0.018025568181818177 0.030384615384615406
0 0.9135582386363637 0.5815576923076923 0.03561079545454537 0.0291538461538462
0 0.43006392045454545 0.5665096153846154 0.023082386363636364 0.03382692307692303
0 0.02715198863636364 0.5725865384615385 0.04237215909090909 0.03425
0 0.07537642045454546 0.5364038461538462 0.03825284090909091 0.048384615384615325
0 0.07490767045454545 0.47560576923076925 0.037315340909090916 0.06036538461538459
0 0.089765625 0.5516057692307693 0.04046874999999999 0.05394230769230771
0 0.096875 0.49723076923076925 0.03130681818181818 0.044538461538461534
0 0.15000710227272726 0.4516346153846154 0.03953125 0.04923076923076922
0 0.10683948863636364 0.45933653846153844 0.03984375 0.03809615384615385
0 0.1269247159090909 0.4916634615384615 0.03890625 0.05909615384615377
0 0.1125284090909091 0.5623076923076923 0.036051136363636355 0.06080769230769232
0 0.9256036931818182 0.6929038461538461 0.029985795454545314 0.033999999999999905
0 0.13814630681818182 0.5481730769230769 0.03921875 0.02569230769230772
0 0.18384943181818184 0.4698269230769231 0.036363636363636355 0.06080769230769232
0 0.1474715909090909 0.5321153846153845 0.06482954545454546 0.06465384615384616
0 0.20629971590909094 0.48780769230769233 0.03762784090909088 0.07792307692307694
0 0.14115056818181818 0.5757884615384615 0.02434659090909091 0.030384615384615406
0 0.5578693181818182 0.6607980769230769 0.04332386363636364 0.07494230769230774
0 0.5245028409090909 0.6599423076923077 0.019602272727272663 0.055230769230769174
0 0.3718678977272727 0.6104038461538461 0.02498579545454542 0.0291153846153847
0 0.4886079545454546 0.683701923076923 0.02434659090909089 0.06078846153846146
0 0.5053693181818182 0.6584423076923077 0.01991477272727278 0.030807692307692272
0 0.7778835227272727 0.3923269230769231 0.040482954545454544 0.05446153846153845
0 0.5292400568181819 0.6164903846153846 0.02529829545454546 0.030826923076923026
0 0.4933522727272727 0.6473076923076924 0.023096590909090896 0.03169230769230762
0 0.5471164772727273 0.5848076923076924 0.028778409090909077 0.04280769230769229
0 0.5015696022727273 0.6196923076923078 0.030042613636363683 0.03296153846153844
0 0.3740838068181818 0.5232692307692308 0.029417613636363606 0.033807692307692275
0 0.4825994318181818 0.6289038461538461 0.016136363636363657 0.02653846153846156
0 0.46441051136363637 0.6323269230769231 0.044275568181818124 0.0488076923076923
0 0.38595880681818184 0.8310288461538461 0.046803977272727254 0.06851923076923076
0 0.4280113636363636 0.8421634615384614 0.048068181818181864 0.059942307692307725
0 0.45520596590909096 0.8689134615384616 0.03984375000000002 0.04751923076923073
0 0.7953125000000001 0.3579903846153846 0.026136363636363603 0.04751923076923073
0 0.4359161931818182 0.7897115384615384 0.05376420454545458 0.06380769230769232
0 0.45504971590909093 0.9258653846153847 0.03637784090909093 0.03980769230769229
0 0.47939630681818185 0.8667692307692308 0.023082386363636364 0.055230769230769174
0 0.5497656249999999 0.9008076923076923 0.02782670454545451 0.03938461538461542
0 0.4495383522727273 0.9008750000000001 0.02407670454545453 0.029980769230769182
0 0.47039062499999995 0.9082115384615385 0.020781250000000074 0.03242307692307695
0 0.4391264204545454 0.9749711538461538 0.025980113636363666 0.03455769230769236
0 0.4791051136363636 0.9526153846153846 0.028352272727272698 0.05138461538461544
0 0.24089488636363637 0.8018365384615385 0.03161931818181817 0.06036538461538459
0 0.2747301136363637 0.8333076923076924 0.04301136363636364 0.04365384615384613
0 0.8810227272727272 0.7140769230769232 0.02792613636363648 0.03953846153846154
0 0.2160724431818182 0.7624423076923077 0.030042613636363645 0.04238461538461542
0 0.18903409090909093 0.7639423076923076 0.030994318181818192 0.06507692307692314
0 0.2688778409090909 0.7748653846153847 0.06420454545454544 0.09119230769230761
0 0.25180397727272724 0.7194230769230769 0.030681818181818175 0.03853846153846158
0 0.3424005681818182 0.733125 0.029090909090909077 0.03425
0 0.22650568181818184 0.7316250000000001 0.03383522727272726 0.032096153846153844
0 0.12373579545454545 0.24547115384615387 0.04142045454545454 0.06421153846153846
0 0.1558309659090909 0.26259615384615387 0.02086647727272727 0.035115384615384625
0 0.17860085227272726 0.2628076923076923 0.02467329545454544 0.03896153846153844
0 0.24011363636363636 0.19195192307692308 0.04775568181818182 0.06251923076923076
0 0.7786576704545454 0.4464423076923077 0.024588068181818266 0.05792307692307693
0 0.9154829545454546 0.547048076923077 0.024090909090909142 0.04128846153846148
0 0.4646590909090909 0.40839423076923076 0.03576704545454546 0.041519230769230774
0 0.43480823863636364 0.45190384615384616 0.02069602272727272 0.03823076923076922
0 0.4615625 0.390375 0.03119318181818187 0.03313461538461542
0 0.411278409090909 0.44261538461538463 0.030113636363636346 0.05023076923076924
0 0.19200284090909092 0.40348076923076925 0.038551136363636385 0.05550000000000003
0 0.053863636363636364 0.9585576923076923 0.04386363636363636 0.04638461538461539
0 0.065546875 0.9795865384615384 0.03586647727272727 0.03986538461538465
0 0.0905965909090909 0.9839423076923076 0.02738636363636364 0.032115384615384594
0 0.06014914772727273 0.919201923076923 0.04143465909090909 0.04294230769230766
0 0.020454545454545454 0.9188846153846154 0.040738636363636366 0.0410384615384616
0 0.8529616477272728 0.48547115384615386 0.03791193181818189 0.05759615384615388
0 0.0265625 0.9800192307692308 0.05289772727272728 0.0398461538461539
0 0.104921875 0.9346826923076923 0.04455965909090909 0.06190384615384615
0 0.13531249999999997 0.9368365384615384 0.026619318181818175 0.05601923076923087
0 0.12727982954545453 0.9858461538461538 0.03171875 0.02830769230769236
0 0.1590411931818182 0.9773846153846154 0.03936079545454545 0.03996153846153841
0 0.1949005681818182 0.5989615384615385 0.025909090909090923 0.08719230769230764
0 0.17089488636363637 0.6283653846153846 0.03125 0.07584615384615395
0 0.20583096590909092 0.4515673076923077 0.02231534090909088 0.03198076923076922
0 0.2127272727272727 0.4244807692307693 0.02821022727272725 0.03107692307692307
0 0.291953125 0.4431346153846154 0.048224431818181805 0.10392307692307691
0 0.8904971590909092 0.6922115384615385 0.02434659090909089 0.03538461538461534
0 0.33738636363636365 0.47889423076923077 0.024943181818181823 0.03686538461538465
0 0.2534090909090909 0.4404615384615385 0.05511363636363638 0.09238461538461537
0 0.08838068181818182 0.4153557692307693 0.03088068181818182 0.04540384615384613
0 0.10415482954545453 0.36859615384615385 0.025241477272727266 0.03373076923076922
0 0.009502840909090909 0.37533653846153847 0.018636363636363635 0.035096153846153846
0 0.06728693181818182 0.36340384615384613 0.036250000000000004 0.05069230769230772
0 0.24389204545454543 0.40360576923076924 0.02690340909090909 0.035519230769230824
0 0.18131392045454547 0.11495192307692308 0.04458806818181818 0.059519230769230776
0 0.21183948863636362 0.11174038461538462 0.02529829545454546 0.026557692307692313
0 0.25784801136363633 0.08904807692307692 0.025610795454545456 0.03682692307692309
0 0.8348934659090909 0.46239423076923075 0.020241477272727272 0.026711538461538436
0 0.32378551136363637 0.09075961538461538 0.05629261363636363 0.04967307692307692
0 0.5034090909090909 0.8455288461538462 0.040482954545454544 0.06678846153846157
0 0.525859375 0.8485288461538462 0.02086647727272727 0.030826923076923026
0 0.4766335227272727 0.02304807692307692 0.03536931818181815 0.04509615384615384
0 0.543252840909091 0.8596634615384615 0.022130681818181796 0.033403846153846166
0 0.024275568181818183 0.7983653846153845 0.02815340909090909 0.044961538461538456
0 0.02159090909090909 0.8752211538461538 0.0271875 0.047096153846153864
0 0.05416193181818181 0.8576634615384615 0.03161931818181818 0.05736538461538458
0 0.043409090909090904 0.8777884615384615 0.020880681818181812 0.05480769230769231
0 0.054161931818181824 0.7716057692307693 0.03289772727272727 0.06851923076923076
0 0.9416193181818183 0.43082692307692305 0.03894886363636358 0.055846153846153886
0 0.08799715909090909 0.8585192307692308 0.034147727272727274 0.04280769230769229
0 0.11978693181818181 0.8450288461538461 0.03383522727272726 0.053519230769230736
0 0.4230823863636364 0.06553846153846153 0.0220454545454546 0.030192307692307692
0 0.4640767045454546 0.09936538461538462 0.11786931818181813 0.10823076923076923
0 0.46177556818181825 0.05252884615384615 0.023579545454545405 0.04163461538461539
0 0.4442258522727273 0.04454807692307692 0.029985795454545473 0.04509615384615385
0 0.5510724431818183 0.02078846153846154 0.045355113636363645 0.04126923076923077
0 0.5041761363636363 0.056346153846153844 0.02434659090909089 0.029153846153846162
0 0.4971306818181818 0.03744230769230769 0.016392045454545482 0.02530769230769231
0 0.5091761363636365 0.02894230769230769 0.03741477272727269 0.04788461538461538
0 0.7457315340909091 0.4563365384615385 0.049957386363636384 0.043019230769230726
0 0.4367897727272727 0.008769230769230769 0.021732954545454482 0.017538461538461537
0 0.42522017045454547 0.014346153846153845 0.027997159090909062 0.02869230769230769
0 0.37714488636363636 0.011086538461538462 0.025880681818181858 0.021596153846153848
0 0.2322372159090909 0.025711538461538463 0.023622159090909086 0.029461538461538463
0 0.2441619318181818 0.010346153846153845 0.02525568181818182 0.02069230769230769
0 0.2206036931818182 0.007990384615384616 0.022599431818181814 0.015980769230769232
0 0.1603196022727273 0.005173076923076923 0.022002840909090902 0.010346153846153845
0 0.26514204545454545 0.011903846153846154 0.018522727272727302 0.023653846153846154
0 0.2838920454545455 0.008519230769230769 0.022329545454545453 0.017
0 0.27561789772727274 0.06884615384615383 0.016946022727272737 0.02807692307692308
0 0.9861789772727273 0.6792019230769231 0.027642045454545506 0.045442307692307685
0 0.2885724431818182 0.06709615384615385 0.015355113636363639 0.02511538461538462
0 0.2713210227272727 0.05103846153846154 0.022329545454545453 0.029153846153846148
0 0.28318892045454547 0.04631730769230769 0.017741477272727287 0.024557692307692308
0 0.27810369318181816 0.0285 0.018735795454545453 0.02511538461538462
0 0.3001420454545455 0.035653846153846154 0.021335227272727287 0.03076923076923077
0 0.31519176136363636 0.05926923076923077 0.04626420454545454 0.03157692307692308
0 0.3444034090909091 0.051576923076923076 0.03409090909090909 0.03130769230769231
0 0.34111505681818177 0.03051923076923077 0.019133522727272725 0.02969230769230769
0 0.36015624999999996 0.028221153846153847 0.022130681818181796 0.03536538461538462
0 0.3235653409090909 0.030384615384615385 0.024318181818181826 0.032115384615384615
0 0.9254758522727272 0.452 0.04612215909090913 0.05584615384615383
0 0.30721590909090907 0.013509615384615386 0.0191477272727273 0.02701923076923077
0 0.3241051136363637 0.009423076923076923 0.01659090909090906 0.018846153846153846
0 0.19061789772727272 0.8074134615384616 0.03509943181818183 0.04474999999999996
0 0.2006107954545455 0.7874711538461538 0.012556818181818186 0.03259615384615382
0 0.005348011363636364 0.028596153846153844 0.010696022727272728 0.017346153846153844
0 0.8679758522727273 0.6696634615384616 0.009985795454545577 0.014903846153846155
0 0.8720738636363637 0.6788557692307692 0.011022727272727422 0.015942307692307624
0 0.8313352272727272 0.6840673076923077 0.010454545454545473 0.01628846153846148
0 0.8072940340909092 0.6208173076923077 0.03072443181818181 0.027903846153846137
0 0.8195809659090909 0.6562115384615385 0.017713068181818222 0.02807692307692301
0 0.8543678977272727 0.42823076923076925 0.021264204545454583 0.05688461538461541
0 0.8248011363636365 0.6369038461538461 0.007585227272727318 0.013615384615384694
0 0.8480113636363636 0.65625 0.0429261363636364 0.08938461538461542
0 0.8035085227272728 0.5635288461538461 0.015113636363636345 0.025673076923076858
0 0.8146519886363636 0.5600576923076923 0.01691761363636375 0.03953846153846154
0 0.8300213068181819 0.563 0.019985795454545527 0.037807692307692244
0 0.8419460227272727 0.5716730769230769 0.013579545454545377 0.021153846153846155
0 0.85078125 0.5794711538461539 0.018437500000000027 0.026365384615384575
0 0.5114417613636364 0.2767307692307692 0.03055397727272726 0.05153846153846156
0 0.10724431818181818 0.4324711538461538 0.025198863636363648 0.03059615384615384
0 0.12373579545454545 0.4127884615384615 0.02593749999999999 0.038884615384615386
0 0.8174431818181819 0.18625 0.027215909090909044 0.040269230769230765
0 0.6534232954545455 0.5503653846153846 0.07931818181818186 0.05450000000000006
0 0.6497585227272727 0.6003365384615383 0.08113636363636365 0.06194230769230765
0 0.5007315340909091 0.28862499999999996 0.011349431818181831 0.018326923076923077
0 0.13344460227272725 0.019278846153846153 0.030809659090909106 0.03794230769230769
0 0.5403693181818182 0.9583365384615384 0.020795454545454527 0.03578846153846157
0 0.13875710227272728 0.07861538461538461 0.033366477272727284 0.06046153846153846
0 0.5468110795454545 0.5516826923076923 0.03353693181818184 0.051826923076923166
0 0.1287571022727273 0.11269230769230767 0.028167613636363633 0.03634615384615384
0 0.16901278409090909 0.19724999999999998 0.04859375000000001 0.03657692307692307
0 0.5319957386363636 0.22567307692307692 0.03802556818181824 0.0697692307692308
0 0.9686434659090909 0.6552692307692308 0.01973011363636362 0.03088461538461539
0 0.9800497159090908 0.7315865384615384 0.03637784090909093 0.04959615384615389
0 0.1461221590909091 0.11690384615384616 0.05443181818181819 0.10823076923076924
0 0.33816051136363634 0.13508653846153848 0.0175994318181818 0.026326923076923085
0 0.33306107954545455 0.1530673076923077 0.019758522727272722 0.028019230769230755
0 0.26466619318181817 0.1355 0.039843749999999976 0.04473076923076924
0 0.029865056818181822 0.22145192307692307 0.05913352272727273 0.08532692307692309
0 0.06515625000000001 0.2689711538461539 0.019034090909090907 0.02551923076923079
0 0.4956321022727273 0.5908557692307692 0.022059659090909053 0.036865384615384536
0 0.5040767045454545 0.5439615384615385 0.02241477272727269 0.03826923076923072
0 0.05097301136363636 0.25572115384615385 0.022144886363636363 0.031211538461538468
0 0.03395596590909091 0.40753846153846157 0.023565340909090914 0.03746153846153844
0 0.9184303977272728 0.7385288461538461 0.0238210227272727 0.02878846153846148
0 0.08170454545454545 0.6437307692307692 0.027244318181818182 0.05546153846153852
0 0.13722301136363635 0.3801153846153847 0.03203125 0.05065384615384616
0 0.5829261363636363 0.8828173076923077 0.019431818181818192 0.030826923076923026
0 0.12480113636363636 0.3603461538461538 0.01332386363636363 0.01873076923076925
0 0.11248579545454546 0.6090961538461539 0.04301136363636364 0.054115384615384586
0 0.7204261363636365 0.8910096153846154 0.022784090909090938 0.03040384615384616
0 0.12156960227272728 0.6379807692307692 0.03072443181818183 0.04157692307692309
0 0.39337357954545454 0.6074038461538462 0.02055397727272731 0.03253846153846157
0 0.054467329545454544 0.6614326923076923 0.031150568181818186 0.03540384615384609
0 0.025390625 0.6641153846153847 0.049786931818181814 0.06119230769230768
0 0.9190340909090909 0.7701346153846155 0.03664772727272721 0.034884615384615465
0 0.09251420454545455 0.6022788461538462 0.026846590909090907 0.052865384615384634
0 0.053046875 0.40494230769230766 0.022286931818181813 0.03088461538461539
0 0.46946732954545456 0.5880673076923076 0.031008522727272784 0.04751923076923073
0 0.18198153409090911 0.2325 0.056207386363636376 0.039807692307692315
0 0.04305397727272728 0.3815288461538462 0.023835227272727275 0.030519230769230778
0 0.026910511363636366 0.4389423076923077 0.02433238636363637 0.03226923076923072
0 0.0894247159090909 0.21031730769230772 0.010241477272727274 0.015365384615384605
0 0.056029829545454546 0.6959326923076923 0.032286931818181826 0.03932692307692306
0 0.15042613636363636 0.6899711538461538 0.01889204545454545 0.025596153846153852
0 0.01377840909090909 0.4188173076923077 0.02755681818181818 0.030865384615384638
0 0.9314630681818182 0.7540769230769231 0.02562499999999995 0.031923076923076964
0 0.07581676136363637 0.6555288461538461 0.018963068181818175 0.028903846153846103
0 0.3487784090909091 0.6416634615384615 0.02332386363636362 0.02428846153846153
0 0.08950994318181818 0.19507692307692306 0.019218750000000003 0.01907692307692308
0 0.702549715909091 0.9092115384615383 0.02183238636363629 0.024846153846153875
0 0.20169744318181818 0.2634711538461538 0.02069602272727272 0.029788461538461555
0 0.3136008522727272 0.15222115384615384 0.018963068181818175 0.027750000000000014
0 0.06056818181818182 0.6351730769230769 0.025056818181818184 0.029499999999999953
0 0.26620028409090907 0.16488461538461538 0.023565340909090873 0.025307692307692302
0 0.03592329545454545 0.6138461538461538 0.03386363636363637 0.037999999999999985
0 0.494296875 0.4593846153846154 0.046633522727272704 0.08500000000000003
0 0.9686150568181818 0.7771442307692308 0.06251420454545453 0.0794423076923077
0 0.3505752840909091 0.6248461538461537 0.03049715909090913 0.03019230769230767
0 0.008522727272727272 0.44553846153846155 0.017045454545454544 0.03642307692307692
0 0.016711647727272724 0.6175576923076923 0.032627840909090905 0.07846153846153837
0 0.34647727272727274 0.5643076923076923 0.027414772727272704 0.031923076923076964
0 0.012301136363636363 0.4758846153846154 0.02434659090909091 0.040230769230769264
0 0.3765838068181818 0.5485288461538462 0.03177556818181819 0.03294230769230768
0 0.7126704545454546 0.9165 0.023721590909090894 0.030000000000000044
0 0.017812500000000002 0.5133461538461539 0.026647727272727274 0.04092307692307687
0 0.20713778409090908 0.15691346153846153 0.021264204545454544 0.028788461538461537
0 0.07645596590909091 0.7452884615384615 0.01819602272727272 0.01803846153846153
0 0.9456818181818182 0.8173846153846153 0.05764204545454535 0.037807692307692355
0 0.23212357954545454 0.15464423076923076 0.02921874999999999 0.028442307692307704
0 0.06928977272727273 0.7258557692307692 0.01460227272727273 0.026365384615384686
0 0.006924715909090909 0.5308653846153846 0.01359375 0.03642307692307692
0 0.22881392045454546 0.5561346153846154 0.032769886363636355 0.05315384615384613
0 0.44755681818181825 0.5828653846153847 0.02460227272727272 0.038500000000000076
0 0.02828125 0.1490769230769231 0.0565625 0.07634615384615386
0 0.25943181818181815 0.5324903846153846 0.027159090909090876 0.05098076923076921
0 0.009502840909090909 0.1090673076923077 0.018948863636363635 0.041826923076923074
0 0.7020738636363636 0.9413461538461538 0.0208806818181818 0.03169230769230773
0 0.026235795454545453 0.096 0.023039772727272725 0.03119230769230769
0 0.958622159090909 0.8454807692307692 0.06764204545454545 0.0440384615384616
0 0.46041903409090906 0.6999615384615385 0.021008522727272674 0.035461538461538454
0 0.4875213068181818 0.9860288461538462 0.03160511363636364 0.02794230769230764
0 0.02426846590909091 0.05786538461538462 0.02737215909090909 0.0391923076923077
0 0.019907670454545456 0.8392307692307692 0.03981534090909091 0.042038461538461455
0 0.006477272727272728 0.8217307692307693 0.012869318181818183 0.03288461538461543
0 0.5943110795454545 0.8628653846153846 0.02612215909090907 0.045961538461538415
0 0.6110795454545455 0.8487403846153847 0.026250000000000027 0.0372499999999999
0 0.24224431818181816 0.1225576923076923 0.024857954545454544 0.03849999999999999
0 0.009680397727272728 0.8797115384615386 0.019360795454545457 0.026576923076923064
0 0.03518465909090909 0.015038461538461539 0.028522727272727276 0.029961538461538463
0 0.9933380681818181 0.837326923076923 0.012556818181818226 0.05342307692307698
0 0.35362215909090905 0.8590576923076924 0.022954545454545408 0.029615384615384682
0 0.3554119318181818 0.8899038461538461 0.023664772727272763 0.031076923076923016
0 0.38554687499999996 0.8682884615384615 0.04160511363636366 0.044192307692307725
0 0.03448153409090909 0.04325961538461539 0.03629261363636363 0.08205769230769232
0 0.04762073863636363 0.09659615384615386 0.019843749999999997 0.026423076923076928
0 0.049112215909090914 0.11719230769230769 0.023792613636363643 0.019846153846153833
0 0.2746590909090909 0.18708653846153844 0.025624999999999988 0.0364423076923077
0 0.06894176136363636 0.07330769230769231 0.03438920454545455 0.06961538461538462
0 0.2984872159090909 0.18586538461538463 0.023565340909090914 0.03676923076923075
0 0.014538352272727272 0.8991250000000001 0.029076704545454544 0.025980769230769214
0 0.8994318181818183 0.8319519230769231 0.042017045454545515 0.09817307692307695
0 0.429296875 0.7003173076923077 0.031377840909090876 0.04109615384615385
0 0.07813920454545455 0.11894230769230768 0.029630681818181816 0.038269230769230764
0 0.0837784090909091 0.025317307692307695 0.07301136363636364 0.05032692307692308
0 0.44109374999999995 0.688375 0.02022727272727266 0.029134615384615342
0 0.049417613636363635 0.28557692307692306 0.02159090909090909 0.029499999999999953
0 0.088125 0.7745384615384615 0.02920454545454545 0.041961538461538446
0 0.06946022727272728 0.2942403846153846 0.022869318181818185 0.0294807692307692
0 0.09303267045454545 0.6966826923076923 0.03725852272727272 0.04278846153846154
0 0.5688920454545454 0.8173076923076923 0.01278409090909091 0.015384615384615385
0 0.9931107954545454 0.006721153846153846 0.013778409090909155 0.013442307692307693
0 0.8675355113636364 0.9420865384615384 0.034076704545454556 0.04440384615384622
0 0.15147727272727274 0.18397115384615384 0.05491477272727272 0.06371153846153849
0 0.601122159090909 0.8923365384615385 0.013835227272727285 0.023288461538461563
0 0.9566193181818182 0.9219711538461538 0.056107954545454544 0.04751923076923073
0 0.4538778409090909 0.812923076923077 0.016136363636363574 0.04807692307692308
0 0.9541051136363637 0.9034134615384615 0.020454545454545423 0.0330192307692308
0 0.07577414772727273 0.06563461538461539 0.025440340909090906 0.04480769230769231
0 0.7030184659090909 0.8858653846153846 0.03606534090909089 0.0458461538461538
0 0.46692471590909096 0.790375 0.021008522727272758 0.02948076923076931
0 0.5864559659090909 0.4375576923076923 0.034076704545454556 0.07480769230769227
0 0.48114346590909096 0.7971346153846154 0.02177556818181816 0.033307692307692295
0 0.8251633522727272 0.48633653846153846 0.01973011363636362 0.03571153846153845
0 0.8927698863636363 0.899173076923077 0.024602272727272636 0.03834615384615384
0 0.4640980113636364 0.8162211538461539 0.018963068181818133 0.029134615384615342
0 0.62875 0.8448269230769231 0.08249999999999998 0.12696153846153843
0 0.3752414772727272 0.8999038461538461 0.028181818181818145 0.03815384615384621
0 0.09490767045454546 0.05989423076923077 0.02771306818181817 0.03555769230769231
0 0.10887073863636365 0.09557692307692309 0.04538352272727273 0.10961538461538461
0 0.07480113636363636 0.8204999999999999 0.024090909090909093 0.0541153846153847
0 0.3965056818181818 0.9080576923076923 0.03278409090909089 0.03711538461538453
0 0.07395596590909091 0.21022115384615384 0.051349431818181815 0.09586538461538463
0 0.21816051136363637 0.08424038461538462 0.05867897727272728 0.046480769230769235
0 0.5423650568181818 0.9845865384615385 0.05490056818181815 0.030826923076923026
0 0.9116051136363637 0.9190288461538462 0.028437499999999973 0.06140384615384617
0 0.5527272727272727 0.45868269230769226 0.04411931818181818 0.06555769230769232
0 0.06621448863636363 0.1470673076923077 0.043934659090909094 0.07790384615384616
0 0.4595099431818182 0.6750384615384615 0.04046875000000001 0.06215384615384614
0 0.5125568181818182 0.4919519230769231 0.038380681818181876 0.054403846153846136
0 0.08845880681818181 0.14912499999999998 0.024389204545454547 0.03301923076923077
0 0.6326704545454546 0.9859519230769229 0.0390625 0.02809615384615387
0 0.08568892045454546 0.828298076923077 0.02433238636363637 0.02878846153846148
0 0.4980255681818182 0.4999615384615385 0.03372159090909092 0.05196153846153848
0 0.33625 0.4414423076923077 0.025823863636363645 0.036923076923076954
0 0.11773437499999999 0.1746346153846154 0.026349431818181814 0.05380769230769231
0 0.9358167613636365 0.889875 0.035355113636363615 0.04405769230769235
0 0.3183096590909091 0.4560192307692308 0.027272727272727258 0.037884615384615364
0 0.100546875 0.8074903846153846 0.031008522727272735 0.031557692307692356
0 0.6334019886363635 0.9338269230769232 0.12720170454545457 0.13234615384615384
0 0.3618465909090909 0.5545961538461538 0.013068181818181802 0.019423076923076966
0 0.3245880681818182 0.4198269230769231 0.02403409090909089 0.035461538461538454
0 0.4525568181818182 0.9955288461538461 0.01866477272727279 0.008673076923076905
0 0.5252627840909091 0.8780961538461539 0.030269886363636367 0.03176923076923074
0 0.300546875 0.42275 0.022599431818181814 0.03642307692307692
0 0.3595596590909091 0.45455769230769233 0.016505681818181826 0.026230769230769203
0 0.5195454545454545 0.9063076923076923 0.02809659090909087 0.047230769230769236
0 0.9913636363636364 0.8709230769230769 0.017272727272727228 0.047192307692307624
0 0.5587357954545454 0.9658557692307692 0.02119318181818184 0.032249999999999966
0 0.379296875 0.44750961538461537 0.026548295454545453 0.03836538461538465
0 0.09797585227272726 0.17225 0.019730113636363636 0.03746153846153847
0 0.21546875 0.03619230769230769 0.05380681818181818 0.05169230769230769
0 0.08715198863636364 0.7255865384615384 0.018963068181818185 0.027442307692307658
0 0.4509517045454546 0.3054807692307692 0.11852272727272727 0.12715384615384615
0 0.22699573863636366 0.17685576923076923 0.04561079545454547 0.046480769230769235
0 0.14458806818181819 0.6710288461538462 0.02872159090909091 0.03936538461538467
0 0.5506676136363636 0.24435576923076924 0.03738636363636363 0.03625000000000002
0 0.5166477272727273 0.5688173076923076 0.03272727272727276 0.025673076923076858
0 0.9725568181818183 0.8719807692307693 0.03482954545454559 0.044653846153846204
0 0.10359375000000001 0.7326634615384615 0.02440340909090908 0.031557692307692356
0 0.3706818181818182 0.4724423076923077 0.02920454545454546 0.03730769230769232
0 0.1995809659090909 0.21951923076923077 0.029730113636363645 0.03330769230769232
0 0.5087144886363636 0.21439423076923078 0.014673295454545432 0.0773653846153846
0 0.32110795454545454 0.6741826923076922 0.01997159090909091 0.021634615384615384
0 0.3443536931818182 0.5997019230769232 0.03884943181818185 0.05455769230769221
0 0.4957741477272727 0.8994134615384617 0.021917613636363645 0.03928846153846155
0 0.223671875 0.13210576923076922 0.02203124999999999 0.030519230769230764
0 0.44381392045454543 0.619173076923077 0.020241477272727272 0.02784615384615377
0 0.04103693181818182 0.7776057692307693 0.024971590909090905 0.06336538461538459
0 0.6717684659090909 0.361875 0.06103693181818186 0.06463461538461536
0 0.5128409090909091 0.9549326923076923 0.04187499999999995 0.04401923076923074
0 0.28811079545454543 0.2106730769230769 0.025880681818181817 0.03088461538461539
0 0.19586647727272724 0.17875961538461538 0.030482954545454556 0.046826923076923065
0 0.38066761363636364 0.5778269230769232 0.035227272727272704 0.03638461538461542
0 0.5204048295454545 0.5939711538461538 0.029985795454545473 0.02809615384615387
0 0.17895596590909094 0.05908653846153846 0.035610795454545464 0.08290384615384615
0 0.4851207386363636 0.9209423076923077 0.01606534090909091 0.02299999999999996
0 0.4435582386363636 0.7231346153846153 0.026718750000000003 0.03826923076923083
0 0.5524786931818182 0.9266442307692309 0.03572443181818179 0.04071153846153849
0 0.5103338068181817 0.9299711538461539 0.04001420454545457 0.02794230769230775
0 0.6877414772727273 0.30215384615384616 0.036051136363636355 0.05565384615384615
0 0.35563920454545456 0.8323173076923077 0.016761363636363612 0.025442307692307726
0 0.48432528409090914 0.23313461538461538 0.020383522727272677 0.048115384615384636
0 0.7259659090909091 0.9349230769230769 0.027528409090909086 0.036846153846153896
0 0.31984375000000004 0.6486153846153846 0.03704545454545456 0.04326923076923077
0 0.5487144886363636 0.2713653846153846 0.04240056818181821 0.05400000000000003
0 0.4211221590909091 0.718923076923077 0.015568181818181788 0.0291538461538462
0 0.5025071022727272 0.004923076923076923 0.02316761363636364 0.009846153846153846
0 0.3176988636363636 0.11839423076923078 0.05227272727272729 0.06486538461538462
0 0.5687286931818182 0.9364711538461539 0.028650568181818204 0.04290384615384616
0 0.11122159090909091 0.6683653846153846 0.041392045454545466 0.06992307692307695
0 0.7320170454545455 0.31799038461538465 0.04806818181818178 0.07363461538461537
0 0.3511221590909091 0.10833653846153846 0.023778409090909104 0.049749999999999996
0 0.66765625 0.3248461538461539 0.02877840909090916 0.035961538461538496
0 0.6684517045454546 0.2574134615384615 0.04363636363636359 0.09890384615384613
0 0.7822443181818183 0.5238076923076923 0.05125000000000006 0.07111538461538465
0 0.7046661931818182 0.256125 0.028139204545454547 0.04751923076923076
0 0.6426775568181818 0.2822403846153846 0.03447443181818179 0.0886346153846154
0 0.7816619318181818 0.2989326923076923 0.03352272727272731 0.05009615384615387
0 0.766015625 0.26298076923076924 0.04015624999999998 0.051807692307692305
0 0.7369176136363635 0.24842307692307694 0.03383522727272734 0.05780769230769231
0 0.7158948863636364 0.20689423076923077 0.033522727272727225 0.041519230769230746
0 0.7625355113636364 0.21545192307692307 0.04205965909090911 0.05351923076923076
0 0.8030113636363635 0.2098846153846154 0.04017045454545467 0.0381153846153846
0 0.7965269886363638 0.2644711538461539 0.02467329545454546 0.044519230769230755
0 0.8091761363636365 0.3139230769230769 0.024034090909090852 0.04838461538461538
0 0.7376562499999999 0.38972115384615386 0.0409943181818182 0.04232692307692306
0 0.8161363636363635 0.24734615384615385 0.025937500000000148 0.03853846153846152
0 0.8292613636363636 0.2578365384615384 0.05534090909090898 0.07236538461538458
0 0.8215127840909091 0.30065384615384616 0.023394886363636402 0.03638461538461542
0 0.8416264204545455 0.33366346153846155 0.03941761363636364 0.0544807692307692
0 0.9750497159090908 0.45014423076923077 0.04938920454545468 0.07667307692307693
0 0.9855042613636364 0.39972115384615386 0.028991477272727228 0.046826923076923065
0 0.9514772727272726 0.39084615384615384 0.04073863636363629 0.03815384615384616
0 0.9862144886363637 0.359125 0.027059659090909186 0.05174999999999999
0 0.9828551136363637 0.3122884615384615 0.03428977272727271 0.05400000000000003
0 0.9560795454545455 0.3661153846153846 0.03767045454545452 0.03776923076923074
0 0.7317684659090908 0.43204807692307695 0.034332386363636384 0.04994230769230769
0 0.6961221590909091 0.21994230769230771 0.021818181818181837 0.0488076923076923
0 0.9636079545454547 0.3360865384615384 0.021477272727272734 0.029096153846153893
0 0.9879190340909091 0.25886538461538466 0.024161931818181805 0.08146153846153843
0 0.9441193181818182 0.33763461538461537 0.019943181818181766 0.03315384615384617
0 0.9282670454545454 0.3299903846153846 0.017528409090908973 0.032826923076923066
0 0.9061789772727273 0.2809038461538461 0.02857954545454546 0.0354230769230769
0 0.9575639204545454 0.2968365384615385 0.020411931818181663 0.026980769230769232
0 0.9525213068181819 0.2841634615384615 0.03433238636363631 0.03413461538461538
0 0.9498792613636362 0.31227884615384616 0.03433238636363631 0.02405769230769229
0 0.7035866477272728 0.4950576923076923 0.03884943181818185 0.06084615384615382
