0 0.7716548295454545 0.21694230769230768 0.03305397727272725 0.047884615384615394
0 0.44843750000000004 0.8557980769230769 0.020511363636363633 0.03467307692307687
0 0.7944957386363637 0.3254903846153846 0.017315340909090825 0.021711538461538445
0 0.1498721590909091 0.887625 0.024374999999999994 0.038019230769230736
0 0.8101633522727273 0.8104038461538462 0.026519886363636468 0.03292307692307693
0 0.05225142045454546 0.015634615384615386 0.022684659090909096 0.03126923076923077
0 0.019779829545454545 0.5446634615384616 0.03955965909090909 0.039596153846153795
0 0.9542329545454545 0.32275000000000004 0.06264204545454549 0.09123076923076923
0 0.16750710227272728 0.9909903846153847 0.018252840909090903 0.018019230769230777
0 0.13004971590909092 0.44824038461538457 0.027002840909090917 0.032365384615384636
0 0.46441051136363637 0.8912115384615383 0.038565340909090876 0.06119230769230768
0 0.7857812500000001 0.5665865384615385 0.026534090909090837 0.04648076923076915
0 0.5278835227272727 0.4634903846153846 0.03022727272727269 0.03924999999999999
0 0.8355752840909091 0.07935576923076923 0.02455965909090904 0.03840384615384615
0 0.168984375 0.5383846153846155 0.08203125 0.11134615384615391
0 0.4522159090909091 0.4959711538461539 0.04056818181818182 0.044480769230769275
0 0.00684659090909091 0.7799134615384615 0.01369318181818182 0.04694230769230763
0 0.1983096590909091 0.9896442307692308 0.042897727272727275 0.020711538461538427
0 0.8432812500000001 0.09011538461538461 0.013409090909090825 0.01815384615384615
0 0.8330752840909091 0.11260576923076923 0.023849431818181766 0.03325000000000001
0 0.8567045454545454 0.35770192307692306 0.03198863636363634 0.04809615384615383
0 0.6925781249999999 0.40426923076923077 0.06904829545454548 0.10442307692307695
0 0.8676136363636363 0.12990384615384615 0.033153409090909136 0.0679230769230769
0 0.177734375 0.970951923076923 0.03563920454545453 0.027403846153846154
0 0.9231107954545454 0.4391538461538462 0.025312499999999908 0.03142307692307693
0 0.703409090909091 0.4751153846153846 0.05011363636363641 0.05911538461538463
0 0.4851065340909091 0.011807692307692307 0.029928977272727263 0.023615384615384614
0 0.10532670454545455 0.91825 0.02730113636363636 0.050576923076923096
0 0.3831818181818182 0.8478653846153846 0.03624999999999998 0.04846153846153844
0 0.8495525568181819 0.32749038461538466 0.02075284090909093 0.02455769230769233
0 0.5630539772727272 0.005759615384615385 0.02329545454545451 0.01151923076923077
0 0.32399147727272726 0.24460576923076924 0.030852272727272725 0.03863461538461539
0 0.707471590909091 0.7943557692307693 0.03039772727272724 0.025596153846153852
0 0.1594247159090909 0.6307307692307693 0.020894886363636376 0.025730769230769224
0 0.16090198863636365 0.962173076923077 0.03674715909090908 0.04080769230769225
0 0.6291619318181818 0.20185576923076923 0.04843750000000003 0.07082692307692308
0 0.9948650568181818 0.2442403846153846 0.010269886363636389 0.03351923076923075
0 0.4378267045454546 0.014317307692307693 0.04025568181818178 0.028634615384615387
0 0.6561647727272727 0.6378942307692308 0.022840909090909148 0.031673076923076866
0 0.4597727272727272 0.4363365384615384 0.033465909090909095 0.046365384615384586
0 0.6004332386363637 0.6840865384615386 0.023394886363636323 0.04140384615384621
0 0.9411931818181817 0.7070384615384616 0.012244318181818188 0.016576923076923086
0 0.9853267045454547 0.2718269230769231 0.029346590909090864 0.04038461538461539
0 0.13043323863636364 0.42124038461538466 0.026690340909090896 0.033634615384615346
0 0.9904758522727274 0.3018173076923077 0.019048295454545408 0.029980769230769238
0 0.6280397727272727 0.9828269230769231 0.027301136363636402 0.03434615384615387
0 0.6169247159090909 0.8663942307692307 0.022173295454545473 0.03517307692307696
0 0.025809659090909095 0.8115865384615384 0.02730113636363636 0.036826923076923146
0 0.15511363636363637 0.3371923076923076 0.02653409090909092 0.0378076923076923
0 0.6557954545454545 0.7924134615384616 0.0257954545454545 0.03540384615384609
0 0.39915482954545456 0.796076923076923 0.026832386363636343 0.035076923076923096
0 0.5364488636363636 0.8712211538461538 0.08130681818181812 0.11455769230769229
0 0.41795454545454547 0.9165480769230769 0.07247159090909089 0.0990961538461539
0 0.15649857954545457 0.243875 0.02407670454545455 0.03528846153846155
0 0.8046448863636364 0.189 0.032329545454545444 0.04065384615384615
0 0.8126775568181818 0.43183653846153847 0.031008522727272624 0.039634615384615414
0 0.3142329545454545 0.4886346153846154 0.03409090909090909 0.055153846153846164
0 0.6391477272727273 0.32081730769230765 0.022982954545454556 0.03844230769230766
0 0.3199289772727273 0.3531346153846154 0.03656249999999997 0.041153846153846166
0 0.21996448863636361 0.6645192307692308 0.03595170454545455 0.08511538461538459
0 0.0757528409090909 0.9111442307692307 0.025426136363636363 0.04625000000000002
0 0.1317471590909091 0.8633942307692308 0.025142045454545438 0.04009615384615378
0 0.9511008522727273 0.9193749999999999 0.03563920454545459 0.054096153846153835
0 0.4193536931818182 0.4689134615384615 0.03856534090909096 0.04263461538461536
0 0.6913778409090909 0.24746153846153848 0.0738352272727273 0.12999999999999998
0 0.6481605113636364 0.2724615384615385 0.027457386363636423 0.06746153846153846
0 0.5792045454545455 0.21041346153846152 0.03119318181818187 0.037211538461538476
0 0.5529545454545454 0.6328653846153847 0.025454545454545476 0.03007692307692316
0 0.19954545454545458 0.6576634615384616 0.02045454545454546 0.04967307692307689
0 0.13692471590909092 0.6299519230769232 0.025866477272727263 0.03517307692307696
0 0.8048366477272727 0.7730961538461538 0.06180397727272726 0.08826923076923072
0 0.8194886363636363 0.22297115384615385 0.03937500000000004 0.051634615384615404
0 0.5621164772727273 0.7174134615384615 0.03076704545454549 0.05071153846153847
0 0.7536931818181819 0.3337211538461539 0.016022727272727234 0.021211538461538462
0 0.08810369318181818 0.6206923076923077 0.041803977272727263 0.04573076923076918
0 0.7023508522727272 0.8253461538461538 0.015610795454545467 0.02088461538461541
0 0.8417897727272727 0.12454807692307693 0.01573863636363626 0.02374999999999999
0 0.7804900568181818 0.3930961538461538 0.027997159090909142 0.039653846153846165
0 0.6729403409090909 0.16883653846153845 0.022443181818181755 0.0336730769230769
0 0.4161931818181818 0.5242307692307693 0.028068181818181805 0.03361538461538454
0 0.012556818181818181 0.7363365384615385 0.025113636363636362 0.05305769230769226
0 0.7043678977272727 0.14682692307692308 0.026860795454545408 0.04369230769230769
0 0.6123082386363636 0.786298076923077 0.030951704545454494 0.05836538461538466
0 0.7781960227272727 0.2903269230769231 0.02230113636363643 0.04065384615384613
0 0.1790340909090909 0.6560961538461538 0.029403409090909074 0.036346153846153806
0 0.8668821022727274 0.8826153846153847 0.04072443181818176 0.032807692307692315
0 0.15793323863636363 0.9860769230769231 0.019360795454545447 0.02784615384615388
0 0.16073863636363636 0.783278846153846 0.10869318181818179 0.15421153846153846
0 0.42784090909090905 0.9893076923076924 0.03423295454545458 0.021384615384615394
0 0.9370099431818182 0.6972307692307692 0.041008522727272734 0.05550000000000003
0 0.9917826704545454 0.34563461538461543 0.016434659090909163 0.06265384615384617
0 0.890674715909091 0.41810576923076925 0.022997159090909006 0.03621153846153848
0 0.884921875 0.33772115384615387 0.04106534090909102 0.04851923076923075
0 0.9410227272727273 0.4512307692307692 0.02355113636363626 0.03261538461538463
0 0.8240767045454546 0.09692307692307692 0.02230113636363643 0.028153846153846154
0 0.624715909090909 0.29690384615384613 0.02900568181818184 0.0378076923076923
0 0.33455965909090907 0.17969230769230768 0.022982954545454556 0.037999999999999985
0 0.7884588068181819 0.5155384615384616 0.03294034090909082 0.05392307692307696
0 0.13894886363636363 0.09486538461538462 0.041193181818181816 0.05284615384615384
0 0.3403053977272727 0.8251057692307693 0.03254261363636363 0.04009615384615389
0 0.5859588068181818 0.8328942307692309 0.031207386363636402 0.04213461538461543
0 0.930546875 0.693923076923077 0.024758522727272816 0.03353846153846153
0 0.5600923295454545 0.6491730769230769 0.023394886363636402 0.03242307692307695
0 0.7464275568181818 0.4975673076923077 0.046235795454545474 0.046634615384615385
0 0.3512784090909091 0.9213461538461539 0.035653409090909124 0.03288461538461532
0 0.6687855113636364 0.6032307692307692 0.024872159090909077 0.0351538461538461
0 0.6838068181818181 0.9012211538461539 0.03238636363636365 0.042403846153846174
0 0.21347301136363636 0.5952596153846154 0.02921874999999999 0.04101923076923074
0 0.10524147727272727 0.9832403846153845 0.024857954545454544 0.03351923076923078
0 0.056328125 0.6576442307692308 0.07535511363636364 0.057711538461538446
0 0.5403764204545454 0.7874903846153847 0.04504261363636361 0.05555769230769228
0 0.17615056818181818 0.6980384615384616 0.029289772727272713 0.041961538461538446
0 0.6648224431818183 0.32990384615384616 0.022372159090909092 0.0384230769230769
0 0.04666193181818182 0.4372403846153846 0.02900568181818182 0.03613461538461537
0 0.7691690340909091 0.5435480769230769 0.030951704545454494 0.0336730769230769
0 0.03488636363636363 0.5716826923076923 0.03130681818181818 0.044903846153846086
0 0.23957386363636363 0.8958365384615385 0.02670454545454547 0.0682115384615384
0 0.7784801136363636 0.5866923076923077 0.04625000000000008 0.061115384615384676
0 0.7217471590909091 0.020307692307692304 0.024318181818181742 0.02826923076923077
0 0.3660227272727273 0.270125 0.0251420454545454 0.04051923076923076
0 0.8307102272727271 0.4227403846153846 0.036306818181818266 0.04817307692307689
0 0.6040553977272727 0.9778076923076924 0.025610795454545417 0.044384615384615356
0 0.6902485795454546 0.6027307692307692 0.02248579545454551 0.0446538461538461
0 0.30910511363636367 0.9180384615384616 0.03181818181818183 0.03807692307692299
0 0.525106534090909 0.6558076923076923 0.040411931818181805 0.044884615384615335
0 0.7449502840909091 0.2858269230769231 0.0420028409090909 0.05911538461538463
0 0.8379829545454546 0.21290384615384617 0.02906249999999989 0.06046153846153848
0 0.45700284090909093 0.8356538461538462 0.021590909090909074 0.028615384615384605
0 0.6077485795454546 0.9199038461538462 0.02776988636363638 0.03969230769230778
0 0.3477698863636363 0.8942307692307693 0.026136363636363645 0.03180769230769224
0 0.13866477272727273 0.5921346153846153 0.02198863636363637 0.046000000000000034
0 0.570497159090909 0.6763557692307693 0.03832386363636366 0.037903846153846114
0 0.18550426136363637 0.39783653846153844 0.03223011363636363 0.03571153846153845
0 0.3352485795454545 0.549923076923077 0.03748579545454547 0.053461538461538484
0 0.6334375 0.9524903846153846 0.04303977272727266 0.04636538461538464
0 0.9792897727272728 0.9896057692307693 0.0414204545454545 0.020788461538461544
0 0.302109375 0.3914903846153846 0.022173295454545473 0.046634615384615385
0 0.058082386363636364 0.4897692307692308 0.06318181818181819 0.06692307692307689
0 0.3323082386363636 0.06956730769230769 0.03316761363636363 0.04801923076923076
0 0.33001420454545455 0.9204038461538462 0.023096590909090938 0.04449999999999998
0 0.47744318181818185 0.8321057692307692 0.02792613636363632 0.0449038461538462
0 0.650546875 0.5721346153846154 0.02413352272727274 0.03815384615384621
0 0.5212073863636364 0.17357692307692307 0.0293181818181818 0.03926923076923077
0 0.5586931818181818 0.1951923076923077 0.020369318181818228 0.028192307692307687
0 0.6413849431818182 0.9271153846153847 0.04103693181818188 0.0398846153846154
0 0.5771306818181817 0.77975 0.02210227272727273 0.033346153846153796
0 0.6681676136363636 0.21566346153846153 0.024971590909090888 0.03232692307692308
0 0.5301633522727273 0.9585192307692307 0.059843749999999994 0.06411538461538467
0 0.11024857954545456 0.5433461538461539 0.05382102272727273 0.09473076923076922
0 0.7066122159090908 0.8078173076923076 0.01953125 0.018942307692307737
0 0.7912571022727274 0.8558173076923077 0.029190340909091006 0.03936538461538456
0 0.85953125 0.08557692307692308 0.021335227272727245 0.028884615384615377
0 0.5173508522727274 0.13390384615384615 0.028394886363636296 0.03884615384615385
0 0.1409872159090909 0.9843557692307693 0.019360795454545447 0.026211538461538342
0 0.866484375 0.8029711538461539 0.029928977272727184 0.04155769230769234
0 0.6677272727272728 0.807451923076923 0.014687499999999964 0.023365384615384573
0 0.5428480113636364 0.7415384615384616 0.040411931818181805 0.04176923076923071
0 0.9669389204545454 0.344375 0.025639204545454482 0.03382692307692308
0 0.16410511363636363 0.6015096153846153 0.029829545454545456 0.03267307692307683
0 0.7106321022727272 0.8354134615384615 0.01990056818181825 0.028403846153846227
0 0.3995383522727272 0.6073750000000001 0.033167613636363585 0.04740384615384622
0 0.44006392045454545 0.26849038461538466 0.029303977272727266 0.039480769230769236
0 0.7560014204545453 0.5179711538461539 0.028934659090909098 0.037403846153846135
0 0.7206463068181819 0.7553173076923076 0.025639204545454562 0.0294807692307692
0 0.15117897727272728 0.6949807692307692 0.025823863636363627 0.03584615384615382
0 0.7192116477272728 0.6282115384615385 0.03455965909090907 0.04057692307692312
0 0.7622869318181817 0.17532692307692307 0.031278409090909065 0.04265384615384617
0 0.24381392045454542 0.38164423076923076 0.03779829545454543 0.03340384615384611
0 0.5231747159090909 0.6979326923076923 0.04211647727272724 0.0449038461538462
0 0.7477982954545456 0.3224903846153846 0.01786931818181824 0.01821153846153846
0 0.4249928977272727 0.8460961538461539 0.0449005681818182 0.058692307692307766
0 0.7006960227272727 0.8258557692307692 0.02295454545454549 0.030826923076923026
0 0.5829119318181818 0.1897596153846154 0.029346590909090864 0.03894230769230769
0 0.4455397727272727 0.09953846153846153 0.027301136363636323 0.05407692307692306
0 0.4549147727272727 0.5483557692307692 0.03147727272727268 0.04844230769230769
0 0.7445809659090908 0.4195 0.04992897727272724 0.09103846153846154
0 0.16112926136363637 0.38917307692307695 0.051065340909090914 0.06557692307692306
0 0.8071306818181818 0.6606346153846153 0.04937499999999999 0.05238461538461529
0 0.7373011363636363 0.5596730769230769 0.02616477272727267 0.05561538461538464
0 0.04280539772727272 0.34419230769230774 0.03546875 0.05138461538461538
0 0.1866122159090909 0.8717980769230769 0.048650568181818184 0.04517307692307694
0 0.913252840909091 0.7578076923076923 0.04457386363636363 0.06684615384615383
0 0.8096093749999999 0.3599038461538462 0.014730113636363644 0.022692307692307713
0 0.9599218749999999 0.3841923076923077 0.03725852272727275 0.04519230769230769
0 0.17238636363636364 0.010846153846153846 0.015255681818181831 0.02169230769230769
0 0.4674857954545455 0.7595 0.03255681818181821 0.0476153846153846
0 0.098203125 0.7772307692307693 0.07444602272727273 0.13438461538461538
0 0.9875568181818182 0.3838076923076923 0.02488636363636361 0.06569230769230769
0 0.21589488636363638 0.3609711538461538 0.03130681818181817 0.03967307692307697
0 0.42125 0.24343269230769232 0.0573863636363636 0.047826923076923086
0 0.31881392045454543 0.276875 0.026690340909090896 0.033403846153846166
0 0.49991477272727275 0.8347788461538462 0.024318181818181826 0.04051923076923076
0 0.5593110795454546 0.2705865384615384 0.028394886363636376 0.03698076923076921
0 0.15328125 0.4272692307692308 0.024943181818181823 0.0393076923076923
0 0.9131676136363637 0.3032115384615385 0.017499999999999908 0.022730769230769273
0 0.23659801136363637 0.1620096153846154 0.015923295454545426 0.01948076923076922
0 0.6367258522727273 0.7957211538461538 0.027457386363636423 0.039788461538461536
0 0.3768607954545455 0.7464711538461538 0.025767045454545435 0.05532692307692315
0 0.3194460227272727 0.9537019230769231 0.025823863636363607 0.03409615384615388
0 0.845390625 0.19815384615384612 0.02376420454545457 0.03457692307692308
0 0.6001136363636363 0.269125 0.041505681818181775 0.06663461538461539
0 0.9716832386363637 0.5405096153846154 0.056633522727272734 0.05917307692307689
0 0.266640625 0.38331730769230765 0.029928977272727263 0.039673076923076915
0 0.8629403409090909 0.9466826923076923 0.08392045454545444 0.10663461538461537
0 0.8861008522727274 0.5849807692307692 0.05538352272727258 0.05199999999999993
0 0.03605113636363636 0.009259615384615385 0.025142045454545448 0.01851923076923077
0 0.257109375 0.021548076923076923 0.04427556818181821 0.04309615384615385
0 0.06228693181818181 0.8157019230769231 0.029289772727272723 0.045942307692307664
0 0.5026633522727273 0.7688942307692308 0.04580965909090909 0.08228846153846157
0 0.292734375 0.08349038461538463 0.02529829545454546 0.04009615384615385
0 0.7994744318181819 0.2617596153846154 0.020624999999999973 0.025442307692307674
0 0.924609375 0.31071153846153843 0.017428977272727245 0.02465384615384614
0 0.6469744318181818 0.8197596153846154 0.020568181818181763 0.03355769230769229
0 0.6369176136363636 0.6529038461538461 0.021931818181818177 0.03492307692307686
0 0.5053622159090909 0.970346153846154 0.035923295454545486 0.05930769230769226
0 0.18865767045454546 0.915951923076923 0.03552556818181817 0.044288461538461596
0 0.1958948863636364 0.3440961538461539 0.02809659090909091 0.03565384615384614
0 0.039268465909090916 0.7933076923076923 0.02095170454545455 0.03403846153846152
0 0.012095170454545456 0.5155961538461539 0.023764204545454547 0.044884615384615335
0 0.6998295454545455 0.6442596153846154 0.034261363636363645 0.0449038461538462
0 0.7474644886363637 0.007759615384615385 0.0277698863636363 0.015480769230769232
0 0.62109375 0.3800192307692308 0.025454545454545396 0.03446153846153844
0 0.3151136363636363 0.17698076923076922 0.023295454545454553 0.03884615384615382
0 0.5656321022727272 0.3773076923076923 0.029616477272727305 0.04949999999999996
0 0.7917542613636364 0.43809615384615386 0.031690340909090835 0.045346153846153814
0 0.14145596590909093 0.2418846153846154 0.020838068181818183 0.04553846153846155
0 0.3259303977272727 0.8842692307692308 0.043565340909090894 0.037346153846153765
0 0.42607244318181814 0.6837115384615384 0.039957386363636355 0.04634615384615378
0 0.37154119318181816 0.7937692307692308 0.038565340909090876 0.05973076923076923
0 0.051725852272727274 0.8299903846153847 0.03779829545454545 0.03890384615384608
0 0.7205326704545455 0.7758076923076923 0.01990056818181817 0.028576923076923104
0 0.9322940340909092 0.4232788461538462 0.018792613636363663 0.0202115384615385
0 0.8580255681818181 0.6287403846153846 0.025142045454545358 0.03217307692307696
0 0.8741264204545455 0.9158653846153846 0.033480113636363544 0.033423076923076916
0 0.7845383522727274 0.18422115384615384 0.028224431818181826 0.04309615384615384
0 0.8311576704545455 0.137 0.015383522727272624 0.023576923076923086
0 0.77484375 0.8047884615384615 0.029289772727272734 0.03757692307692301
0 0.04758522727272727 0.8707692307692307 0.028181818181818186 0.0339615384615384
0 0.18202414772727274 0.6256346153846155 0.028082386363636358 0.03711538461538464
0 0.9851633522727273 0.12014423076923075 0.027997159090908982 0.03555769230769231
0 0.4187713068181818 0.08335576923076923 0.03177556818181819 0.04009615384615385
0 0.7942258522727272 0.2775384615384615 0.016519886363636358 0.021538461538461517
0 0.7954190340909091 0.3700096153846154 0.02947443181818182 0.04090384615384612
0 0.6257599431818182 0.7447884615384615 0.024957386363636355 0.03549999999999996
0 0.9626633522727274 0.015211538461538462 0.029076704545454583 0.030307692307692306
0 0.07345880681818183 0.008528846153846152 0.031775568181818176 0.017057692307692305
0 0.2064559659090909 0.29974038461538466 0.0263778409090909 0.034673076923076925
0 0.3598153409090909 0.9617115384615385 0.025198863636363648 0.034384615384615375
0 0.5446732954545455 0.012875000000000001 0.023948863636363657 0.025750000000000002
0 0.848046875 0.06547115384615385 0.02066761363636357 0.029096153846153845
0 0.6116051136363636 0.1479903846153846 0.029630681818181837 0.035288461538461526
0 0.42730823863636364 0.7521153846153846 0.02947443181818182 0.05200000000000004
0 0.7212002840909091 0.8179807692307692 0.028082386363636417 0.03969230769230778
0 0.8561647727272728 0.4634615384615385 0.030568181818181793 0.05042307692307697
0 0.5408025568181819 0.19560576923076925 0.02776988636363638 0.04113461538461539
0 0.04721590909090909 0.8957499999999999 0.019375 0.025884615384615346
0 0.351328125 0.4176730769230769 0.040411931818181805 0.058692307692307655
0 0.13451704545454546 0.32498076923076924 0.041193181818181816 0.02465384615384614
0 0.6520028409090909 0.3563076923076923 0.03542613636363636 0.04734615384615386
0 0.3977130681818182 0.025701923076923077 0.03840909090909086 0.051403846153846154
0 0.9487428977272727 0.24753846153846154 0.052968749999999946 0.072
0 0.9142329545454545 0.8960865384615385 0.036875000000000054 0.04051923076923076
0 0.9307599431818182 0.6653942307692308 0.04319602272727285 0.03571153846153845
0 0.6353480113636363 0.5843653846153847 0.043480113636363574 0.08903846153846146
0 0.2654403409090909 0.1251826923076923 0.02761363636363636 0.045942307692307706
0 0.5171661931818182 0.6138269230769231 0.03563920454545451 0.05326923076923085
0 0.3281463068181818 0.29609615384615384 0.02916193181818182 0.033269230769230794
0 0.24894176136363635 0.8598365384615385 0.04629261363636364 0.0556730769230769
0 0.37984375 0.4737788461538462 0.03139204545454541 0.051480769230769254
0 0.7651349431818182 0.45528846153846153 0.04052556818181814 0.059346153846153875
0 0.6370525568181818 0.38284615384615384 0.023906249999999976 0.05242307692307696
0 0.46291903409090907 0.22447115384615385 0.031008522727272704 0.04898076923076926
0 0.38923295454545453 0.015673076923076925 0.039034090909090935 0.03134615384615385
0 0.022776988636363637 0.8336250000000001 0.020525568181818183 0.026557692307692313
0 0.43579545454545454 0.79075 0.055880681818181864 0.0661153846153846
0 0.3594744318181818 0.5340192307692307 0.03624999999999998 0.07057692307692316
0 0.21458806818181816 0.7493365384615384 0.04542613636363635 0.09386538461538461
0 0.8636292613636364 0.8494519230769232 0.039332386363636444 0.03382692307692303
0 0.151953125 0.8441826923076924 0.02268465909090909 0.03132692307692311
0 0.48328125000000005 0.9518557692307693 0.06241477272727272 0.09628846153846153
0 0.07963778409090909 0.9751826923076924 0.03379261363636363 0.04963461538461539
0 0.4258735795454545 0.108625 0.021292613636363648 0.027980769230769226
0 0.32831676136363636 0.8551730769230769 0.027627840909090932 0.035653846153846085
0 0.6587428977272727 0.6612211538461538 0.02873579545454548 0.033403846153846166
0 0.4624786931818182 0.707528846153846 0.02745738636363634 0.041980769230769203
0 0.7920312499999999 0.9045192307692308 0.14079545454545456 0.1909615384615385
0 0.7707883522727272 0.4175865384615384 0.017940340909090902 0.039403846153846116
0 0.6459303977272728 0.06311538461538461 0.028536931818181784 0.03738461538461538
0 0.40131392045454545 0.7708076923076923 0.02623579545454541 0.029653846153846076
0 0.5687215909090909 0.1711730769230769 0.020369318181818228 0.02653846153846153
0 0.4339417613636364 0.5590192307692309 0.048593750000000054 0.05011538461538462
0 0.38835937499999995 0.542826923076923 0.036093750000000036 0.06661538461538459
0 0.7961647727272727 0.2982980769230769 0.025056818181818322 0.0336730769230769
0 0.6166193181818183 0.008211538461538461 0.03008522727272728 0.016423076923076922
0 0.32942471590909095 0.39939423076923075 0.04319602272727272 0.06098076923076919
0 0.6917897727272727 0.1671923076923077 0.019886363636363636 0.03576923076923076
0 0.8338707386363637 0.7929711538461539 0.027968749999999917 0.057019230769230836
0 0.4943252840909091 0.6498557692307693 0.024531249999999973 0.03174999999999998
0 0.2617471590909091 0.839 0.03400568181818182 0.043730769230769136
0 0.016228693181818184 0.09747115384615385 0.030866477272727275 0.04721153846153847
0 0.2456676136363636 0.3582596153846154 0.0328693181818182 0.028826923076923038
0 0.23790482954545455 0.13760576923076925 0.03024147727272726 0.03571153846153846
0 0.30566051136363637 0.3690384615384615 0.04177556818181818 0.05596153846153845
0 0.22821022727272727 0.30497115384615386 0.025767045454545435 0.033403846153846166
0 0.12975852272727273 0.9901346153846154 0.048437500000000015 0.019730769230769215
0 0.202734375 0.026038461538461538 0.05183238636363636 0.052076923076923076
0 0.784453125 0.18100000000000002 0.018877840909090858 0.023769230769230768
0 0.14542613636363635 0.048490384615384616 0.02730113636363636 0.03613461538461538
0 0.14673295454545454 0.6167019230769231 0.021221590909090905 0.02851923076923085
0 0.830653409090909 0.4814326923076923 0.02906250000000005 0.03351923076923078
0 0.49162642045454547 0.6816057692307692 0.025610795454545497 0.035096153846153846
0 0.6133664772727272 0.832298076923077 0.018380681818181813 0.025519230769230735
0 0.7427485795454545 0.3530961538461539 0.03137784090909095 0.03288461538461537
0 0.31434659090909095 0.21746153846153846 0.024517045454545482 0.028615384615384605
0 0.6084517045454546 0.6562692307692307 0.033522727272727225 0.04065384615384613
0 0.6354616477272728 0.8392692307692307 0.02691761363636362 0.03430769230769226
0 0.31472301136363634 0.090875 0.02606534090909094 0.04009615384615385
0 0.4269247159090909 0.5963076923076924 0.02714488636363638 0.06496153846153851
0 0.2246377840909091 0.5633076923076922 0.022826704545454535 0.030615384615384645
0 0.8386363636363637 0.3012884615384615 0.029687499999999967 0.032692307692307694
0 0.7016974431818181 0.7722211538461538 0.02177556818181824 0.0306730769230769
0 0.24519886363636365 0.633875 0.017357954545454544 0.025749999999999974
0 0.3857599431818182 0.9758557692307691 0.028849431818181823 0.03409615384615377
0 0.8025852272727273 0.18644230769230768 0.014772727272727241 0.01911538461538461
0 0.6820454545454545 0.4376538461538461 0.02017045454545453 0.025500000000000037
0 0.9164630681818182 0.8297115384615386 0.057698863636363645 0.04238461538461542
0 0.32058238636363634 0.5697692307692307 0.04951704545454547 0.04092307692307698
0 0.08924005681818183 0.3935769230769231 0.03208806818181819 0.04657692307692307
0 0.3720028409090909 0.6400673076923077 0.033636363636363645 0.043019230769230775
0 0.15980823863636362 0.6590192307692307 0.022116477272727284 0.03292307692307693
0 0.8618536931818181 0.3109711538461538 0.029985795454545314 0.03248076923076926
0 0.8911150568181818 0.6060961538461538 0.022656250000000065 0.02899999999999997
0 0.16776988636363635 0.8596442307692307 0.028380681818181805 0.038019230769230736
0 0.2842258522727273 0.40200961538461544 0.025610795454545456 0.05744230769230765
0 0.34998579545454545 0.46973076923076923 0.0293181818181818 0.049500000000000016
0 0.778046875 0.35527884615384614 0.03921874999999986 0.05724999999999997
0 0.30296875 0.8525673076923077 0.029460227272727287 0.041980769230769203
0 0.26085937499999995 0.3389423076923077 0.040099431818181805 0.06411538461538457
0 0.42815340909090904 0.6399519230769231 0.02900568181818184 0.03528846153846147
0 0.10465909090909092 0.35828846153846156 0.046278409090909085 0.06284615384615386
0 0.12141335227272726 0.47749038461538457 0.055980113636363654 0.0931730769230769
0 0.9873650568181819 0.5730096153846155 0.02526988636363631 0.06451923076923079
0 0.7611008522727274 0.633951923076923 0.021264204545454423 0.04324999999999991
0 0.16238636363636363 0.9073557692307693 0.023892045454545464 0.03759615384615387
0 0.9003977272727273 0.44164423076923076 0.022982954545454636 0.03351923076923078
0 0.08741477272727273 0.8557211538461539 0.05258522727272727 0.06794230769230766
0 0.3280326704545455 0.3241057692307693 0.05245738636363637 0.03778846153846155
0 0.2520241477272727 0.16695192307692308 0.02268465909090909 0.032980769230769244
0 0.67453125 0.9749807692307693 0.06718749999999994 0.050038461538461504
0 0.5681036931818182 0.24009615384615385 0.029616477272727305 0.04157692307692306
0 0.8782386363636363 0.08136538461538462 0.04232954545454539 0.04976923076923077
0 0.2447372159090909 0.8044615384615385 0.04305397727272728 0.06207692307692302
0 0.9702272727272727 0.8593653846153846 0.04488636363636367 0.05619230769230774
0 0.028870738636363635 0.7437692307692307 0.029928977272727274 0.05334615384615386
0 0.18794034090909092 0.3588846153846154 0.01894886363636362 0.02434615384615384
0 0.7164843750000001 0.6890673076923077 0.043110795454545485 0.07082692307692316
0 0.1333522727272727 0.34816346153846156 0.024374999999999994 0.030903846153846195
0 0.12504261363636363 0.23415384615384616 0.02022727272727274 0.03307692307692311
0 0.874715909090909 0.011682692307692309 0.03531250000000002 0.023365384615384618
0 0.5645951704545454 0.6028942307692308 0.04566761363636369 0.050326923076923
0 0.8373579545454546 0.35830769230769227 0.042471590909091035 0.06684615384615383
0 0.32475142045454547 0.6061538461538462 0.050809659090909065 0.05334615384615386
0 0.5967471590909091 0.8764615384615384 0.03039772727272724 0.040153846153846144
0 0.6587713068181817 0.18775961538461536 0.025639204545454562 0.030673076923076928
0 0.3735511363636364 0.5911923076923076 0.04164772727272726 0.047192307692307735
0 0.6867329545454545 0.5170192307692308 0.04954545454545454 0.05211538461538455
0 0.9540553977272727 0.743923076923077 0.03487215909090902 0.04573076923076929
0 0.05917613636363636 0.7844423076923076 0.02985795454545455 0.031192307692307634
0 0.1869247159090909 0.005682692307692308 0.01845170454545456 0.011365384615384616
0 0.8806036931818181 0.8592596153846154 0.041491477272727166 0.039673076923076915
0 0.4778267045454545 0.5475192307692308 0.026988636363636364 0.04176923076923071
0 0.5173508522727274 0.9127596153846154 0.025610795454545497 0.034980769230769225
0 0.802450284090909 0.4792019230769231 0.03637784090909093 0.04982692307692307
0 0.5829332386363636 0.7195 0.022656249999999985 0.03492307692307697
0 0.7697017045454545 0.8373365384615384 0.03028409090909082 0.03890384615384608
0 0.049169034090909086 0.9228846153846153 0.02862215909090909 0.03292307692307693
0 0.06138494318181819 0.8905 0.02166193181818182 0.03188461538461546
0 0.6162002840909091 0.6109423076923077 0.03007102272727267 0.04469230769230771
0 0.2206747159090909 0.3319423076923077 0.03223011363636363 0.036346153846153854
0 0.1972372159090909 0.60125 0.023338068181818192 0.038615384615384586
0 0.8146448863636363 0.33966346153846155 0.02599431818181812 0.032673076923076944
0 0.029311079545454543 0.29131730769230774 0.03532670454545455 0.06371153846153851
0 0.8066477272727273 0.4023269230769231 0.025426136363636494 0.04365384615384613
0 0.13871448863636363 0.9587211538461538 0.022372159090909092 0.029673076923076937
0 0.595546875 0.9061442307692308 0.026889204545454556 0.0336730769230769
0 0.09417613636363638 0.2515673076923077 0.021903409090909095 0.029019230769230804
0 0.5241761363636364 0.7283846153846154 0.028380681818181843 0.03173076923076923
0 0.3712713068181818 0.22783653846153848 0.031633522727272705 0.05617307692307694
0 0.20652698863636362 0.8207884615384615 0.02691761363636366 0.05099999999999996
0 0.41242187500000005 0.7299711538461539 0.032713068181818225 0.04155769230769234
0 0.12772727272727272 0.2697307692307692 0.026988636363636364 0.0378076923076923
0 0.6894744318181818 0.8101538461538461 0.025198863636363648 0.03411538461538453
0 0.7928835227272728 0.2480576923076923 0.025227272727272876 0.04142307692307691
0 0.8789914772727272 0.6137596153846153 0.05511363636363646 0.04809615384615394
0 0.5938352272727272 0.7854326923076922 0.020511363636363633 0.036134615384615425
0 0.546200284090909 0.2506442307692307 0.01964488636363634 0.022673076923076907
0 0.7123934659090909 0.007673076923076923 0.022883522727272666 0.015346153846153846
0 0.15517045454545456 0.06084615384615385 0.04801136363636363 0.0685
0 0.7434588068181818 0.6300865384615384 0.0277698863636363 0.04751923076923073
0 0.6785440340909091 0.6351538461538461 0.024872159090909077 0.036653846153846155
0 0.37595880681818183 0.93825 0.024332386363636358 0.04926923076923078
0 0.8328053977272727 0.45308653846153846 0.020269886363636337 0.02344230769230769
0 0.06212357954545455 0.5474423076923076 0.049957386363636364 0.06761538461538466
0 0.8541761363636364 0.0988653846153846 0.019119318181818234 0.018384615384615374
0 0.7093963068181819 0.5407115384615385 0.048821022727272734 0.07357692307692305
0 0.40138494318181817 0.6451730769230769 0.028536931818181864 0.037807692307692244
0 0.13105113636363636 0.6774807692307692 0.035085227272727275 0.062076923076923134
0 0.03238636363636364 0.9069038461538462 0.03028409090909091 0.04696153846153849
0 0.20308948863636367 0.3841538461538461 0.034389204545454556 0.04426923076923079
0 0.42031960227272724 0.12345192307692307 0.03455965909090907 0.036326923076923076
0 0.9072301136363637 0.6198942307692308 0.018153409090909213 0.02513461538461537
0 0.16475142045454547 0.3046057692307692 0.031321022727272746 0.04490384615384614
0 0.32826704545454544 0.46298076923076925 0.025454545454545476 0.051730769230769184
0 0.5829332386363636 0.6461730769230769 0.024872159090909077 0.03242307692307695
0 0.9468323863636363 0.08250961538461539 0.10633522727272729 0.16501923076923078
0 0.8849431818181818 0.4003365384615385 0.04974431818181815 0.04913461538461535
0 0.7262215909090909 0.03160576923076923 0.037642045454545456 0.06321153846153846
0 0.40294034090909087 0.8242692307692308 0.029772727272727242 0.04176923076923082
