0 0.2744957386363636 0.9336346153846155 0.030894886363636364 0.04338461538461539
0 0.16379261363636363 0.9754615384615385 0.03718750000000001 0.035615384615384583
0 0.20862926136363635 0.5127115384615385 0.02754261363636362 0.033423076923076916
0 0.01811789772727273 0.3597884615384615 0.03623579545454546 0.08634615384615385
0 0.8589772727272728 0.9633173076923076 0.05883522727272721 0.05382692307692299
0 0.294140625 0.2612403846153846 0.06205965909090909 0.05263461538461539
0 0.17006392045454544 0.23326923076923076 0.0448153409090909 0.11530769230769232
0 0.26186789772727276 0.24303846153846154 0.03061079545454543 0.0352692307692308
0 0.9276065340909092 0.9084230769230769 0.04663352272727279 0.07176923076923075
0 0.338203125 0.11113461538461539 0.04757102272727274 0.05711538461538462
0 0.8979332386363637 0.8241153846153846 0.031803977272727255 0.029423076923076944
0 0.24379261363636362 0.023653846153846154 0.01284090909090908 0.01423076923076923
0 0.571953125 0.6355384615384616 0.026690340909090938 0.037807692307692355
0 0.045930397727272726 0.2297115384615385 0.05086647727272728 0.09292307692307694
0 0.37771306818181816 0.2220288461538462 0.027301136363636323 0.04144230769230769
0 0.3526846590909091 0.20971153846153845 0.04426136363636363 0.059384615384615376
0 0.08609375 0.3423076923076923 0.026249999999999996 0.033884615384615395
0 0.33985795454545453 0.3595288461538461 0.030198863636363624 0.04425000000000004
0 0.16784801136363636 0.15264423076923078 0.033110795454545434 0.0535576923076923
0 0.8974005681818181 0.8381057692307692 0.03497159090909092 0.03444230769230763
0 0.187421875 0.08460576923076923 0.020582386363636355 0.024596153846153844
0 0.9326420454545453 0.8176538461538462 0.022784090909091018 0.03946153846153843
0 0.09819602272727272 0.018076923076923077 0.047812499999999994 0.03534615384615385
0 0.11064630681818183 0.9881346153846154 0.04578125 0.023730769230769184
0 0.9241619318181818 0.8492307692307692 0.02809659090909087 0.0380384615384616
0 0.9220454545454545 0.826625 0.017499999999999908 0.030134615384615416
0 0.9265482954545454 0.7753173076923077 0.03286931818181816 0.05955769230769225
0 0.08508522727272728 0.16685576923076922 0.02664772727272727 0.02951923076923076
0 0.3413068181818182 0.32928846153846153 0.019034090909090876 0.029692307692307688
0 0.8155894886363636 0.4827211538461538 0.01609375000000006 0.025942307692307653
0 0.5699644886363636 0.7001346153846154 0.026036931818181876 0.03238461538461545
0 0.5464914772727273 0.76675 0.03724431818181814 0.0434615384615384
0 0.5676917613636363 0.7302596153846154 0.028764204545454544 0.03690384615384615
0 0.5905539772727273 0.7202211538461538 0.02786931818181819 0.033211538461538424
0 0.13473011363636364 0.9489519230769231 0.03357954545454545 0.06290384615384612
0 0.5483167613636364 0.8169711538461538 0.028764204545454544 0.0586346153846154
0 0.5181818181818181 0.8181923076923077 0.02301136363636362 0.03484615384615385
0 0.5985795454545454 0.830701923076923 0.037840909090909154 0.05167307692307693
0 0.5390767045454545 0.7343557692307693 0.03150568181818183 0.03771153846153849
0 0.513487215909091 0.7513653846153846 0.04572443181818182 0.07092307692307691
0 0.5178835227272728 0.6952115384615385 0.04724431818181825 0.045499999999999936
0 0.5716264204545455 0.7942115384615385 0.03603693181818182 0.05903846153846152
0 0.501377840909091 0.8024134615384615 0.03664772727272729 0.04921153846153852
0 0.5045596590909092 0.8591923076923076 0.04178977272727275 0.07173076923076925
0 0.5296875 0.8083653846153847 0.024232954545454547 0.04223076923076919
0 0.063515625 0.9867596153846154 0.025440340909090916 0.026480769230769197
0 0.5984303977272727 0.7403076923076922 0.032713068181818225 0.052884615384615384
0 0.5309019886363636 0.8473076923076923 0.019985795454545444 0.04223076923076919
0 0.484112215909091 0.7685865384615383 0.025127840909090905 0.06928846153846159
0 0.4676065340909091 0.8327596153846153 0.042997159090909065 0.08117307692307689
0 0.4561008522727273 0.7976923076923077 0.039360795454545426 0.06026923076923083
0 0.5104616477272728 0.9418076923076923 0.03299715909090912 0.048384615384615325
0 0.5913068181818182 0.7860192307692309 0.02755681818181823 0.0434615384615384
0 0.6108451704545454 0.7681826923076923 0.026036931818181796 0.06682692307692308
0 0.34879261363636366 0.8682211538461538 0.020937499999999973 0.03401923076923077
0 0.5520170454545454 0.8917692307692309 0.02920454545454546 0.04099999999999999
0 0.02519886363636364 0.9865288461538462 0.026107954545454545 0.026942307692307675
0 0.5445241477272728 0.9823942307692307 0.048451704545454485 0.03444230769230763
0 0.58265625 0.8890865384615384 0.024147727272727272 0.028788461538461593
0 0.6008664772727272 0.9410673076923077 0.028125000000000015 0.03221153846153846
0 0.6872017045454545 0.9100769230769231 0.027045454545454574 0.03465384615384612
0 0.4114417613636363 0.9817692307692307 0.03240056818181818 0.03646153846153842
0 0.6185298295454545 0.8637019230769231 0.021633522727272755 0.02782692307692313
0 0.6080752840909092 0.873951923076923 0.026690340909090938 0.032711538461538445
0 0.4529190340909091 0.9661923076923077 0.05723011363636366 0.0660000000000001
0 0.5736505681818183 0.9673557692307692 0.04073863636363637 0.06528846153846152
0 0.42506392045454544 0.9739903846153847 0.023309659090909044 0.030750000000000017
0 0.5938352272727273 0.6201923076923077 0.029488636363636352 0.04411538461538472
0 0.5472514204545454 0.9295000000000001 0.039360795454545426 0.0541153846153847
0 0.643046875 0.9805384615384616 0.03748579545454544 0.03892307692307694
0 0.60609375 0.9683365384615384 0.04144886363636357 0.06332692307692309
0 0.37990056818181817 0.8625480769230769 0.041278409090909136 0.059942307692307725
0 0.3633025568181818 0.8647788461538461 0.018849431818181793 0.023903846153846057
0 0.665390625 0.988346153846154 0.03316761363636367 0.023307692307692317
0 0.65890625 0.945701923076923 0.06994318181818183 0.06490384615384616
0 0.5717471590909091 0.8539423076923077 0.07173295454545454 0.08342307692307692
0 0.5755681818181818 0.9093461538461539 0.03340909090909088 0.038999999999999944
0 0.36225142045454545 0.8206346153846155 0.025724431818181796 0.031192307692307634
0 0.04029119318181818 0.9826250000000001 0.02509943181818182 0.03474999999999999
0 0.5833806818181818 0.9271538461538462 0.010454545454545473 0.02488461538461538
0 0.5959588068181818 0.9174326923076923 0.022059659090909053 0.022826923076923085
0 0.3421164772727273 0.8937307692307692 0.0315625 0.0619230769230769
0 0.31595170454545457 0.8913461538461539 0.030596590909090896 0.060961538461538546
0 0.6186434659090909 0.89275 0.033110795454545455 0.054769230769230806
0 0.6068394886363636 0.9002211538461539 0.010127840909090902 0.013288461538461476
0 0.599794034090909 0.8962788461538461 0.01808238636363639 0.02698076923076918
0 0.33600142045454545 0.8520576923076923 0.029900568181818157 0.03284615384615393
0 0.625078125 0.9103846153846153 0.03677556818181816 0.05519230769230767
0 0.36133522727272727 0.8956346153846154 0.028494318181818225 0.03715384615384614
0 0.06385653409090909 0.953548076923077 0.029502840909090913 0.04178846153846146
0 0.29160511363636366 0.8611634615384616 0.02275568181818183 0.022442307692307612
0 0.24532670454545455 0.9630673076923076 0.020596590909090908 0.04648076923076926
0 0.3078693181818182 0.8557788461538461 0.025710227272727263 0.0324038461538462
0 0.32223011363636367 0.8466153846153847 0.02275568181818183 0.029115384615384588
0 0.3096306818181818 0.821951923076923 0.03502840909090909 0.044788461538461576
0 0.6672301136363636 0.8267596153846153 0.023607954545454553 0.03236538461538459
0 0.2916335227272727 0.8364423076923077 0.024318181818181826 0.06323076923076922
0 0.6915980113636363 0.8232307692307693 0.025752840909090902 0.036115384615384674
0 0.7009517045454546 0.7958461538461539 0.026676136363636405 0.037769230769230853
0 0.3461221590909091 0.8357884615384615 0.020426136363636396 0.03030769230769229
0 0.6472088068181818 0.5889038461538462 0.031974431818181805 0.0428461538461539
0 0.5971875 0.6835769230769232 0.05517045454545451 0.065576923076923
0 0.38017755681818177 0.9145 0.028224431818181826 0.049384615384615395
0 0.5083380681818181 0.36475961538461543 0.024204545454545402 0.03655769230769235
0 0.47916903409090916 0.307 0.02916193181818186 0.0378076923076923
0 0.8443394886363635 0.4770096153846154 0.02836647727272731 0.03528846153846158
0 0.8209588068181817 0.47881730769230774 0.02606534090909094 0.039942307692307714
0 0.4982528409090909 0.30825961538461544 0.020795454545454527 0.03444230769230769
0 0.47715198863636366 0.33871153846153845 0.02328124999999998 0.03065384615384615
0 0.4957670454545454 0.33892307692307694 0.02451704545454544 0.03446153846153844
0 0.7757315340909091 0.4279807692307693 0.016093749999999896 0.022307692307692296
0 0.3198508522727273 0.7936346153846153 0.04379261363636366 0.03819230769230772
0 0.6796377840909091 0.5611634615384615 0.03785511363636369 0.051249999999999955
0 0.7803338068181819 0.4461346153846154 0.01916193181818183 0.021269230769230773
0 0.8000710227272727 0.4518365384615385 0.03028409090909082 0.04098076923076924
0 0.8069744318181818 0.3875 0.027215909090909207 0.03580769230769232
0 0.8560227272727272 0.4453557692307692 0.022613636363636468 0.041519230769230774
0 0.9150426136363637 0.4316057692307692 0.022613636363636305 0.03474999999999999
0 0.8851491477272727 0.4443173076923077 0.036406249999999994 0.03840384615384615
0 0.8974147727272727 0.4103269230769231 0.035653409090909124 0.032692307692307694
0 0.9294460227272726 0.35397115384615385 0.027159090909090914 0.035557692307692325
0 0.8981818181818181 0.4360192307692308 0.042528409090909006 0.05292307692307694
0 0.859666193181818 0.3976153846153846 0.044446022727272834 0.04876923076923074
0 0.25904829545454544 0.9580384615384614 0.024034090909090932 0.033307692307692295
0 0.8477840909090909 0.35118269230769233 0.043693181818181805 0.06174999999999997
0 0.7977769886363636 0.31330769230769234 0.041008522727272734 0.07938461538461539
0 0.8192400568181818 0.322125 0.07856534090909083 0.09805769230769233
0 0.8311150568181819 0.2614230769230769 0.052514204545454586 0.04411538461538461
0 0.8326491477272726 0.22199038461538462 0.050980113636363615 0.04928846153846153
0 0.1496875 0.033365384615384616 0.06826704545454546 0.047384615384615386
0 0.23101562499999997 0.9406057692307692 0.024019886363636358 0.026326923076923074
0 0.24560369318181818 0.9869519230769231 0.02231534090909088 0.02609615384615383
0 0.84890625 0.7925480769230769 0.022784090909090858 0.03228846153846147
0 0.2264417613636364 0.9708076923076923 0.018309659090909113 0.03873076923076921
0 0.25819602272727277 0.9309230769230769 0.036051136363636355 0.02865384615384611
0 0.828416193181818 0.13028846153846155 0.13089488636363633 0.1803846153846154
0 0.8243963068181818 0.40284615384615385 0.04572443181818189 0.059653846153846175
0 0.7688423295454545 0.3810192307692308 0.05748579545454549 0.04461538461538459
0 0.09558238636363635 0.3261826923076923 0.02664772727272728 0.03444230769230769
0 0.09013494318181818 0.1362596153846154 0.03109375000000001 0.040442307692307694
0 0.7788210227272727 0.4015288461538462 0.030482954545454598 0.03901923076923075
0 0.2518963068181818 0.8453365384615384 0.03032670454545454 0.030980769230769256
0 0.22758522727272726 0.8344903846153846 0.026306818181818157 0.04028846153846163
0 0.7905965909090908 0.41091346153846153 0.025767045454545435 0.02625000000000001
0 0.815262784090909 0.4371730769230769 0.01967329545454549 0.04426923076923079
0 0.6234730113636364 0.5071826923076923 0.030411931818181772 0.04832692307692312
0 0.23187500000000003 0.8631538461538462 0.023465909090909107 0.027884615384615386
0 0.8454048295454545 0.4230673076923077 0.04336647727272724 0.06221153846153845
0 0.4816690340909091 0.5074711538461538 0.11964488636363631 0.15909615384615383
0 0.21328125 0.8538461538461538 0.022897727272727278 0.03253846153846146
0 0.19956676136363638 0.05625961538461539 0.045497159090909074 0.06001923076923077
0 0.12498579545454547 0.022442307692307695 0.026789772727272728 0.03030769230769231
0 0.12159090909090908 0.06966346153846154 0.031534090909090914 0.04236538461538462
0 0.2330255681818182 0.9541538461538461 0.01659090909090906 0.01626923076923073
0 0.7979403409090909 0.41954807692307694 0.014403409090909232 0.030019230769230743
0 0.8648082386363637 0.803298076923077 0.02703125000000012 0.04090384615384623
0 0.24589488636363638 0.9049711538461538 0.03431818181818181 0.05886538461538464
0 0.3346875 0.23996153846153848 0.02730113636363636 0.036961538461538435
0 0.9549076704545455 0.833798076923077 0.030213068181818157 0.03444230769230763
0 0.4137002840909091 0.29428846153846155 0.016548295454545423 0.019038461538461494
0 0.007620738636363636 0.16194230769230772 0.015241477272727273 0.03388461538461537
0 0.16037642045454545 0.29256730769230765 0.02220170454545454 0.04263461538461536
0 0.12871448863636364 0.00525 0.018650568181818195 0.0105
0 0.06126420454545454 0.29584615384615387 0.05571022727272727 0.05792307692307693
0 0.12041193181818183 0.27070192307692303 0.028664772727272716 0.040442307692307694
0 0.9575568181818181 0.8729038461538461 0.048238636363636414 0.05380769230769223
0 0.740518465909091 0.6938846153846154 0.021207386363636293 0.02726923076923078
0 0.3025355113636364 0.9212403846153846 0.032031249999999976 0.05886538461538464
0 0.7561576704545455 0.7132499999999999 0.023849431818181766 0.030153846153846166
0 0.7471448863636364 0.6465192307692309 0.0461079545454546 0.0731923076923077
0 0.7079190340909091 0.676298076923077 0.025980113636363586 0.03948076923076918
0 0.8107457386363636 0.7024903846153845 0.02279829545454539 0.030134615384615416
0 0.845987215909091 0.6849038461538461 0.027571022727272684 0.03373076923076927
0 0.9223082386363637 0.7111057692307692 0.023309659090909044 0.03444230769230774
0 0.03502840909090909 0.4423173076923077 0.0484375 0.07978846153846156
0 0.8046448863636364 0.6379038461538462 0.043465909090909124 0.06026923076923072
0 0.1446306818181818 0.14992307692307694 0.029460227272727266 0.05465384615384616
0 0.8057102272727273 0.5701057692307692 0.04769886363636369 0.05094230769230771
0 0.5888707386363636 0.49331730769230764 0.010866477272727241 0.014711538461538528
0 0.8329971590909092 0.5435576923076922 0.05247159090909082 0.043769230769230755
0 0.2778053977272727 0.34609615384615383 0.045923295454545474 0.061038461538461555
0 0.8139204545454546 0.6070576923076922 0.022784090909090858 0.02726923076923078
0 0.8308806818181819 0.5941442307692307 0.025965909090909213 0.03874999999999996
0 0.8473082386363636 0.6070576923076922 0.013252840909090806 0.02726923076923078
0 0.845987215909091 0.5866057692307691 0.027571022727272684 0.0365961538461539
0 0.016860795454545455 0.45298076923076924 0.03309659090909091 0.07269230769230765
0 0.8663920454545455 0.5970096153846154 0.025965909090909213 0.04448076923076922
0 0.166640625 0.11138461538461539 0.020184659090909104 0.031153846153846147
0 0.871690340909091 0.5600576923076923 0.049289772727272634 0.03946153846153843
0 0.3598579545454546 0.8451346153846154 0.017954545454545476 0.023499999999999945
0 0.048551136363636366 0.20593269230769232 0.03914772727272728 0.07924999999999999
0 0.18156960227272725 0.013836538461538463 0.09365056818181818 0.02732692307692308
0 0.06671875 0.3996923076923077 0.04480113636363637 0.07215384615384612
0 0.10362215909090909 0.04470192307692308 0.026789772727272718 0.018826923076923074
0 0.2560795454545455 0.27551923076923074 0.02894886363636363 0.037538461538461555
0 0.10607954545454547 0.15921153846153846 0.019375 0.03280769230769229
0 0.8685156249999999 0.4940384615384615 0.036576704545454544 0.04949999999999996
0 0.30924715909090905 0.1500576923076923 0.05667613636363637 0.05992307692307692
0 0.9254829545454545 0.5173557692307692 0.05088068181818189 0.07032692307692306
0 0.9892471590909092 0.4979903846153847 0.0215056818181818 0.030134615384615416
0 0.3245667613636364 0.9564807692307692 0.03032670454545454 0.033307692307692295
0 0.39405539772727266 0.22874999999999998 0.019446022727272725 0.029115384615384616
0 0.24233664772727276 0.04400961538461538 0.026264204545454518 0.029634615384615384
0 0.09941761363636363 0.3830192307692308 0.025426136363636363 0.04207692307692312
0 0.02614346590909091 0.34422115384615387 0.025838068181818177 0.03771153846153849
0 0.12061079545454545 0.433576923076923 0.04360795454545455 0.05138461538461538
0 0.31399857954545457 0.3435673076923077 0.037230113636363645 0.06721153846153843
0 0.9950781250000001 0.5155576923076923 0.009843749999999929 0.029423076923076944
0 0.064453125 0.006375 0.024417613636363633 0.011942307692307693
0 0.13211647727272727 0.16549038461538462 0.027045454545454553 0.035519230769230796
0 0.11657670454545453 0.1340673076923077 0.023409090909090914 0.057942307692307696
0 0.609190340909091 0.4792403846153846 0.032272727272727314 0.06301923076923073
0 0.08569602272727272 0.2302596153846154 0.040767045454545466 0.06559615384615382
0 0.9236292613636364 0.6400576923076923 0.023849431818181766 0.040192307692307645
0 0.3576420454545455 0.11225961538461539 0.0244034090909091 0.03471153846153847
0 0.07700994318181818 0.37291346153846155 0.02745738636363637 0.03717307692307695
0 0.38577414772727275 0.3430192307692308 0.024417613636363633 0.03696153846153846
0 0.44265625 0.004163461538461539 0.0215056818181818 0.006711538461538462
0 0.4025284090909091 0.20299038461538463 0.032272727272727314 0.03359615384615387
0 0.9440411931818182 0.6544134615384616 0.027571022727272684 0.040173076923076895
0 0.015497159090909091 0.2351826923076923 0.030994318181818182 0.11367307692307692
0 0.9244318181818181 0.5898365384615385 0.037102272727272734 0.06601923076923073
0 0.35852982954545454 0.7883653846153847 0.04913352272727269 0.06980769230769233
0 0.16522017045454546 0.9518365384615385 0.03890624999999998 0.042596153846153804
0 0.200546875 0.14308653846153846 0.03228693181818185 0.03332692307692307
0 0.24933948863636368 0.035903846153846154 0.022769886363636364 0.02765384615384615
0 0.9461576704545455 0.6027403846153846 0.031803977272727255 0.03874999999999996
0 0.14968039772727273 0.3931346153846154 0.03552556818181817 0.044807692307692326
0 0.06409090909090909 0.3857596153846154 0.020994318181818183 0.0300576923076923
0 0.9633877840909091 0.6206826923076924 0.030213068181818157 0.04448076923076922
0 0.9416548295454544 0.6264326923076923 0.02171875000000011 0.030134615384615305
0 0.9827272727272726 0.5876826923076923 0.030738636363636343 0.08609615384615392
0 0.7940411931818182 0.8226826923076922 0.12720170454545449 0.0681730769230769
0 0.4786505681818182 0.08817307692307692 0.015710227272727275 0.021269230769230773
0 0.16436079545454546 0.9962499999999999 0.02803977272727272 0.007499999999999956
0 0.18237926136363633 0.33274038461538463 0.024218749999999976 0.0300576923076923
0 0.1793465909090909 0.13351923076923075 0.025426136363636373 0.03388461538461538
0 0.9859090909090908 0.6440096153846153 0.013778409090908994 0.019365384615384604
0 0.9977272727272727 0.6267884615384615 0.00454545454545461 0.029423076923076944
0 0.9963991477272726 0.5855288461538461 0.007201704545454616 0.053096153846153765
0 0.1121377840909091 0.29694230769230767 0.06055397727272727 0.0732307692307692
0 0.05783380681818182 0.33547115384615384 0.04157670454545455 0.057403846153846146
0 0.018075284090909093 0.03342307692307692 0.035525568181818186 0.06684615384615385
0 0.3601278409090909 0.32789423076923074 0.05420454545454549 0.05824999999999998
0 0.018323863636363638 0.10428846153846155 0.036647727272727276 0.08034615384615384
0 0.16808238636363637 0.9634519230769231 0.020596590909090908 0.03174999999999998
0 0.017464488636363636 0.3324615384615385 0.02544034090909091 0.03169230769230773
0 0.6513636363636364 0.7134038461538462 0.02687499999999994 0.10403846153846147
0 0.1710724431818182 0.37508653846153844 0.02987215909090907 0.034980769230769225
0 0.6740767045454545 0.7277596153846154 0.03446022727272726 0.04767307692307685
0 0.6439772727272728 0.766451923076923 0.08480113636363634 0.11071153846153844
0 0.8907741477272727 0.9005384615384615 0.028082386363636337 0.02726923076923078
0 0.6500355113636364 0.8435961538461537 0.07191761363636363 0.04561538461538456
0 0.6600710227272727 0.8110480769230769 0.04732954545454553 0.033826923076923136
0 0.03951704545454546 0.1551153846153846 0.07903409090909091 0.08253846153846155
0 0.15008522727272727 0.3606057692307692 0.02664772727272728 0.037711538461538435
0 0.18210227272727272 0.9355673076923077 0.03375000000000003 0.05190384615384617
0 0.18540482954545456 0.17096153846153847 0.02947443181818182 0.041000000000000016
0 0.6460582386363636 0.8689615384615385 0.03217329545454542 0.03484615384615385
0 0.6534446022727273 0.8856153846153846 0.023480113636363677 0.02923076923076921
0 0.3297159090909091 0.14222115384615383 0.0397159090909091 0.05098076923076921
0 0.6591193181818181 0.9043269230769231 0.04088068181818186 0.04819230769230759
0 0.15190340909090908 0.12259615384615384 0.02301136363636364 0.031692307692307686
0 0.37212357954545455 0.27048076923076925 0.03103693181818177 0.058807692307692304
0 0.6860014204545455 0.8669038461538461 0.04921874999999997 0.055346153846153906
0 0.7153409090909091 0.811548076923077 0.022784090909090938 0.04305769230769228
0 0.11940340909090909 0.3663461538461538 0.027443181818181808 0.04153846153846158
0 0.17266335227272728 0.892576923076923 0.04691761363636362 0.05730769230769233
0 0.31752130681818186 0.08173076923076923 0.033508522727272734 0.03865384615384614
0 0.6930042613636364 0.71725 0.057173295454545456 0.11480769230769229
0 0.005809659090909091 0.08104807692307692 0.011619318181818182 0.029519230769230773
0 0.724424715909091 0.7851538461538461 0.05944602272727268 0.042538461538461435
0 0.9374147727272728 0.6978269230769231 0.02914772727272741 0.04234615384615381
0 0.8924431818181818 0.7667115384615385 0.03656250000000001 0.05380769230769234
0 0.43976562500000005 0.026567307692307692 0.016548295454545503 0.024634615384615383
0 0.9035440340909091 0.7107692307692308 0.038622159090909165 0.06015384615384621
0 0.08700284090909091 0.05871153846153846 0.041704545454545466 0.04773076923076922
0 0.993877840909091 0.8807884615384616 0.012017045454545345 0.042538461538461546
0 0.2035511363636364 0.8290576923076923 0.041193181818181816 0.06661538461538459
0 0.18701704545454545 0.3652596153846154 0.03269886363636361 0.034980769230769225
0 0.1365625 0.10099999999999999 0.031079545454545447 0.039884615384615386
0 0.3386150568181818 0.18170192307692307 0.04095170454545456 0.06832692307692308
0 0.10789772727272727 0.47565384615384615 0.04238636363636363 0.05684615384615385
0 0.004190340909090909 0.29175 0.008380681818181818 0.028961538461538466
0 0.41163352272727266 0.12177884615384615 0.03227272727272723 0.06271153846153844
0 0.9943181818181818 0.8130288461538461 0.011363636363636364 0.058288461538461546
0 0.9548863636363637 0.8132884615384616 0.03801136363636362 0.048307692307692315
0 0.9842329545454546 0.8332499999999999 0.03153409090909098 0.0630384615384616
0 0.6909588068181818 0.1472692307692308 0.01748579545454546 0.026346153846153852
0 0.5744389204545454 0.4607596153846154 0.038480113636363604 0.05798076923076919
0 0.1821803977272727 0.1045576923076923 0.018167613636363645 0.02623076923076923
0 0.25810369318181814 0.01910576923076923 0.02044034090909093 0.020942307692307694
0 0.6977272727272728 0.1698173076923077 0.027698863636363636 0.033942307692307674
0 0.21446732954545455 0.21441346153846155 0.026235795454545453 0.03717307692307692
0 0.7049857954545454 0.13967307692307693 0.027698863636363636 0.04153846153846155
0 0.7579332386363636 0.18075961538461538 0.03200284090909087 0.05313461538461538
0 0.4178338068181818 0.2270769230769231 0.028963068181818243 0.03584615384615385
0 0.7196661931818181 0.18812500000000001 0.04387784090909097 0.0580576923076923
0 0.2649644886363636 0.009057692307692308 0.031235795454545467 0.018115384615384617
0 0.6682031249999999 0.2039903846153846 0.033991477272727284 0.03975
0 0.1766690340909091 0.8093076923076924 0.04348011363636366 0.05499999999999994
0 0.6901420454545455 0.19795192307692308 0.018465909090909092 0.029480769230769227
0 0.1357528409090909 0.3305576923076923 0.03431818181818183 0.0705
0 0.6536860795454545 0.23078846153846153 0.037286931818181816 0.0335
0 0.6493963068181818 0.26628846153846153 0.03265625000000001 0.04107692307692307
0 0.7513849431818183 0.7358461538461538 0.02066761363636357 0.02511538461538462
0 0.3301349431818182 0.06801923076923078 0.045497159090909095 0.05376923076923077
0 0.21629261363636362 0.35323076923076924 0.023409090909090893 0.039346153846153864
0 0.6769460227272727 0.30424999999999996 0.04948863636363641 0.0401923076923077
0 0.7059730113636363 0.2616057692307692 0.04288352272727272 0.05582692307692311
0 0.12605823863636365 0.23736538461538462 0.08194602272727274 0.1497692307692308
0 0.13004261363636363 0.7028076923076922 0.03718750000000001 0.05576923076923077
0 0.6744744318181819 0.2640576923076923 0.04519886363636363 0.04553846153846155
0 0.7101349431818181 0.010548076923076924 0.0408380681818181 0.021096153846153848
0 0.34316051136363634 0.28448076923076926 0.04095170454545456 0.061038461538461555
0 0.20832386363636368 0.10959615384615384 0.048437499999999994 0.043192307692307697
0 0.7456818181818182 0.005759615384615385 0.031022727272727316 0.01151923076923077
0 0.7217258522727273 0.029076923076923077 0.05302556818181816 0.057423076923076924
0 0.699375 0.22876923076923078 0.04156249999999999 0.035730769230769226
0 0.29434659090909093 0.21251923076923074 0.04923295454545458 0.06273076923076921
0 0.2395596590909091 0.015384615384615385 0.025397727272727266 0.03076923076923077
0 0.7551065340909091 0.026942307692307696 0.02160511363636369 0.02446153846153846
0 0.6090411931818182 0.4321923076923077 0.03134943181818181 0.031923076923076915
0 0.1989346590909091 0.23846153846153847 0.029062500000000012 0.06557692307692309
0 0.20740767045454545 0.32372115384615385 0.03473011363636366 0.04701923076923075
0 0.6612428977272727 0.06363461538461539 0.032599431818181805 0.08826923076923077
0 0.4261079545454546 0.24975961538461539 0.028125000000000015 0.03417307692307692
0 0.6869673295454546 0.06815384615384615 0.03848011363636368 0.09411538461538461
0 0.3040696022727273 0.2912019230769231 0.045497159090909095 0.07336538461538462
0 0.7574644886363636 0.05804807692307692 0.036519886363636414 0.03986538461538461
0 0.9670667613636365 0.05350961538461538 0.02938920454545446 0.04701923076923076
0 0.7555042613636364 0.10643269230769231 0.02788352272727288 0.05263461538461539
0 0.17208806818181818 0.3174326923076923 0.028664772727272737 0.0562884615384615
0 0.39720170454545456 0.7962692307692307 0.027244318181818192 0.04873076923076929
0 0.16007102272727272 0.7291442307692307 0.028607954545454548 0.05732692307692308
0 0.24273437499999997 0.32645192307692306 0.035923295454545444 0.05136538461538463
0 0.16764204545454547 0.07423076923076924 0.046420454545454556 0.051923076923076926
0 0.7792613636363637 0.07479807692307693 0.030624999999999923 0.04678846153846154
0 0.8132315340909091 0.00975 0.029446022727272755 0.0195
0 0.007982954545454545 0.28054807692307693 0.015340909090909089 0.04590384615384616
0 0.8493678977272728 0.01639423076923077 0.041235795454545414 0.03278846153846154
0 0.2332457386363636 0.3526923076923077 0.024218749999999976 0.04699999999999999
0 0.8475923295454545 0.04714423076923077 0.054190340909090876 0.055288461538461536
0 0.7081818181818181 0.9245769230769231 0.03392045454545454 0.04376923076923086
0 0.9557102272727271 0.005057692307692307 0.019147727272727136 0.010115384615384615
0 0.13261363636363638 0.7550865384615384 0.03318181818181818 0.05190384615384617
0 0.8055752840909091 0.22180769230769232 0.06362215909090904 0.08773076923076924
0 0.7388068181818181 0.2595576923076923 0.028267045454545503 0.04307692307692306
0 0.7617826704545454 0.24254807692307692 0.03731534090909088 0.06221153846153848
0 0.7153409090909091 0.9669038461538461 0.08639204545454544 0.06530769230769227
0 0.6960014204545455 0.32203846153846155 0.051065340909090894 0.036153846153846175
0 0.9801917613636365 0.3753653846153846 0.039616477272727255 0.08076923076923077
0 0.9684019886363636 0.3365 0.05254261363636365 0.04761538461538465
0 0.9116335227272727 0.32775 0.03696022727272725 0.04338461538461539
0 0.9089701704545454 0.2451730769230769 0.04140624999999997 0.060269230769230776
0 0.7246661931818181 0.3071442307692307 0.025127840909090905 0.038288461538461535
0 0.12460227272727273 0.8042788461538461 0.058352272727272725 0.04955769230769238
0 0.9519318181818183 0.24758653846153847 0.05698863636363637 0.0662884615384615
0 0.7203480113636364 0.37599999999999995 0.021207386363636373 0.032423076923076895
0 0.9826420454545454 0.2626538461538461 0.034715909090909165 0.06269230769230769
0 0.7307599431818183 0.3430384615384615 0.02316761363636364 0.03242307692307695
0 0.7382173295454545 0.2959807692307692 0.02867897727272719 0.04042307692307689
0 0.9269957386363636 0.2864615384615385 0.060553977272727266 0.03796153846153848
0 0.968174715909091 0.2976153846153846 0.03339488636363635 0.03615384615384612
0 0.7468536931818182 0.3233653846153846 0.03259943181818188 0.02923076923076921
0 0.7753338068181819 0.2959807692307692 0.05498579545454551 0.07019230769230769
0 0.9405681818181818 0.3114807692307692 0.029829545454545456 0.034961538461538474
0 0.442237215909091 0.31371153846153843 0.050894886363636344 0.05461538461538463
0 0.7382173295454546 0.3661634615384615 0.025525568181818222 0.04040384615384614
0 0.7637428977272727 0.3475576923076923 0.04359374999999992 0.026576923076923064
0 0.9123082386363636 0.30967307692307694 0.02759943181818191 0.03134615384615387
0 0.6081036931818182 0.17040384615384618 0.028821022727272758 0.03626923076923077
0 0.6372585227272727 0.18487499999999998 0.037642045454545456 0.0376346153846154
0 0.9955539772727273 0.035423076923076925 0.008892045454545442 0.04461538461538461
0 0.613359375 0.1440096153846154 0.05561079545454542 0.06244230769230771
0 0.8784659090909092 0.23071153846153847 0.05252840909090895 0.06630769230769232
0 0.88203125 0.26898076923076925 0.032954545454545354 0.057269230769230746
0 0.5675781249999999 0.07950961538461539 0.04544034090909092 0.09321153846153846
0 0.15978693181818182 0.7763942307692309 0.03948863636363636 0.03871153846153845
0 0.9267684659090908 0.2008846153846154 0.04674715909090905 0.04400000000000002
0 0.6067400568181818 0.07308653846153847 0.038991477272727254 0.08494230769230769
0 0.9959943181818183 0.222875 0.008011363636363617 0.027711538461538454
0 0.6071590909090909 0.09825961538461538 0.018863636363636326 0.023288461538461536
0 0.979090909090909 0.2198653846153846 0.031164772727272805 0.04219230769230769
0 0.6291264204545454 0.10292307692307692 0.05458806818181819 0.07665384615384616
0 0.5853196022727274 0.1524519230769231 0.027968749999999997 0.07651923076923077
0 0.5138210227272727 0.00375 0.033863636363636325 0.0075
0 0.9777414772727272 0.18460576923076924 0.0445170454545455 0.07413461538461538
0 0.5249005681818182 0.20496153846153845 0.03286931818181824 0.07065384615384618
0 0.47017045454545453 0.35993269230769237 0.02357954545454549 0.031096153846153822
0 0.5388920454545455 0.30158653846153843 0.14849431818181813 0.23501923076923079
0 0.5890767045454546 0.31686538461538466 0.023352272727272725 0.032807692307692315
0 0.5629261363636364 0.28465384615384615 0.05613636363636361 0.034807692307692296
0 0.9911008522727273 0.18429807692307693 0.017798295454545417 0.04098076923076921
0 0.9574857954545454 0.17947115384615384 0.032499999999999994 0.05063461538461538
0 0.6181818181818182 0.27445192307692307 0.030738636363636343 0.04401923076923074
0 0.8993963068181817 0.18610576923076924 0.03205965909090916 0.06390384615384616
0 0.9719602272727272 0.11679807692307692 0.034715909090909165 0.050634615384615396
0 0.6211363636363636 0.22224038461538462 0.027187500000000062 0.052403846153846155
0 0.9893181818181819 0.08183653846153846 0.02136363636363631 0.04821153846153847
0 0.3390625 0.4174903846153847 0.04437499999999997 0.04032692307692307
0 0.6073934659090909 0.2082403846153846 0.023338068181818192 0.03159615384615386
0 0.9568252840909092 0.09810576923076923 0.04362215909090914 0.05182692307692307
0 0.5881889204545454 0.23284615384615384 0.06944602272727271 0.1128076923076923
0 0.94546875 0.03458653846153846 0.03517045454545453 0.06917307692307692
0 0.9172017045454546 0.02433653846153846 0.03650568181818172 0.04867307692307692
0 0.3782670454545455 0.6212788461538461 0.14071022727272722 0.2317884615384615
0 0.5469957386363636 0.1512884615384615 0.02921874999999999 0.03615384615384615
0 0.5430681818181818 0.16724038461538462 0.01696022727272727 0.01955769230769231
0 0.5625497159090909 0.16107692307692306 0.02262784090909092 0.03188461538461538
0 0.5366335227272727 0.18447115384615384 0.03738636363636363 0.027634615384615393
0 0.19954545454545453 0.7504423076923077 0.08238636363636362 0.05965384615384612
0 0.47647727272727275 0.6065961538461538 0.04397727272727278 0.054769230769230806
0 0.5254758522727273 0.16448076923076924 0.024502840909090908 0.036153846153846175
0 0.46650568181818186 0.566548076923077 0.04630681818181821 0.060403846153846204
0 0.5484517045454546 0.5126057692307693 0.03559659090909091 0.04009615384615389
0 0.5148011363636363 0.11174038461538462 0.038948863636363656 0.053173076923076934
0 0.5162144886363635 0.1440673076923077 0.02419034090909095 0.03871153846153848
0 0.570887784090909 0.5915769230769231 0.05115056818181825 0.07573076923076923
0 0.7481463068181817 0.7323653846153847 0.08197443181818179 0.10923076923076926
0 0.49296874999999996 0.14066346153846154 0.02670454545454547 0.06082692307692307
0 0.787294034090909 0.7352788461538462 0.036292613636363574 0.04532692307692306
0 0.782919034090909 0.9897307692307692 0.02862215909090906 0.02053846153846155
0 0.4800852272727273 0.17192307692307693 0.02670454545454547 0.048499999999999995
0 0.49799715909090914 0.19029807692307693 0.029460227272727204 0.03928846153846155
0 0.5395525568181818 0.08639423076923076 0.032542613636363675 0.06490384615384616
0 0.8048863636363636 0.6874615384615385 0.04414772727272717 0.0612692307692308
0 0.5050284090909091 0.22005769230769232 0.027698863636363636 0.030961538461538478
0 0.46544744318181813 0.2599519230769231 0.07345170454545452 0.04882692307692308
0 0.5984872159090909 0.015961538461538465 0.04748579545454546 0.03192307692307693
0 0.5712215909090909 0.012567307692307694 0.024630681818181784 0.024403846153846158
0 0.9594105113636363 0.712 0.08117897727272724 0.18469230769230763
0 0.5615482954545455 0.03072115384615385 0.025511363636363606 0.036903846153846155
0 0.18410511363636364 0.7074519230769231 0.04119318181818184 0.0526730769230769
0 0.5448295454545454 0.03340384615384616 0.02551136363636369 0.04107692307692307
0 0.5096448863636364 0.022384615384615385 0.04221590909090905 0.03453846153846154
0 0.3992613636363636 0.48154807692307694 0.045625000000000006 0.0794038461538462
0 0.5818110795454546 0.3600480769230769 0.04089488636363639 0.02971153846153844
0 0.5742400568181818 0.40053846153846157 0.024218750000000015 0.04303846153846153
0 0.5699928977272727 0.3808076923076923 0.0306676136363636 0.028192307692307687
0 0.6160227272727273 0.39503846153846156 0.03767045454545452 0.06319230769230766
0 0.3652769886363636 0.5197788461538462 0.030411931818181855 0.05167307692307693
0 0.3423224431818182 0.5109615384615385 0.025440340909090906 0.03992307692307691
0 0.32617897727272727 0.5052980769230769 0.027926136363636358 0.036134615384615314
0 0.4108238636363637 0.8143846153846154 0.03892045454545459 0.06388461538461533
0 0.7293892045454545 0.8287692307692307 0.02332386363636374 0.05023076923076924
0 0.5325994318181818 0.5640384615384616 0.07866477272727272 0.07815384615384613
0 0.30787642045454544 0.5815480769230769 0.042201704545454556 0.04832692307692318
0 0.6327627840909091 0.3723653846153846 0.03830965909090905 0.07888461538461534
0 0.6561079545454546 0.39765384615384614 0.026392045454545432 0.039653846153846165
0 0.3604758522727272 0.48134615384615387 0.046860795454545426 0.043692307692307746
0 0.6554616477272727 0.45017307692307695 0.0547301136363636 0.05142307692307694
0 0.7928053977272728 0.021442307692307695 0.041235795454545414 0.04288461538461539
0 0.6511150568181818 0.48547115384615386 0.031235795454545467 0.06974999999999996
0 0.35954545454545456 0.5069711538461539 0.020795454545454527 0.029403846153846138
0 0.6825071022727273 0.4758846153846154 0.03734375000000003 0.06450000000000004
0 0.754296875 0.8998076923076923 0.06359374999999998 0.1291538461538462
0 0.6963494318181819 0.5159807692307692 0.04377840909090908 0.06711538461538458
0 0.3530255681818182 0.5580192307692308 0.025142045454545438 0.048307692307692315
0 0.6575497159090908 0.40615384615384614 0.0537642045454545 0.05230769230769234
0 0.33875 0.5447884615384615 0.023267045454545447 0.03361538461538454
0 0.3128409090909091 0.5357500000000001 0.032897727272727266 0.054192307692307706
0 0.8424786931818182 0.7171057692307692 0.09598011363636355 0.1383269230769231
0 0.32634232954545456 0.5328076923076923 0.018934659090909068 0.027307692307692394
0 0.23901988636363633 0.4028076923076923 0.05411931818181817 0.05911538461538463
0 0.33704545454545454 0.4515096153846154 0.039090909090909065 0.041173076923076916
0 0.294375 0.48659615384615384 0.04684659090909089 0.05084615384615384
0 0.11716619318181819 0.7384423076923077 0.02975852272727271 0.06661538461538459
0 0.32060369318181814 0.5979326923076923 0.03413352272727273 0.04159615384615384
0 0.34123579545454547 0.5805 0.028863636363636355 0.043692307692307746
0 0.29561789772727276 0.6315384615384615 0.031974431818181805 0.05673076923076923
0 0.27715198863636364 0.5599038461538461 0.029786931818181817 0.055461538461538416
0 0.28677556818181815 0.5239903846153846 0.029176136363636352 0.049980769230769245
0 0.2540340909090909 0.5036153846153846 0.03755681818181818 0.04538461538461537
0 0.7097088068181818 0.4307692307692308 0.0247869318181818 0.032692307692307694
0 0.2571377840909091 0.47252884615384616 0.03134943181818181 0.031096153846153878
0 0.32121448863636365 0.6220865384615385 0.022968749999999982 0.02855769230769235
0 0.7267684659090908 0.40898076923076926 0.025440340909090944 0.03442307692307693
0 0.832734375 0.8151442307692308 0.02225852272727283 0.031557692307692245
0 0.7006960227272727 0.37301923076923077 0.052471590909090905 0.08019230769230767
0 0.6889346590909091 0.4327403846153846 0.05536931818181821 0.04794230769230771
0 0.7267684659090908 0.44689423076923074 0.03251420454545461 0.046634615384615385
0 0.31951704545454546 0.6493942307692308 0.02451704545454544 0.03194230769230772
0 0.7101846590909091 0.46628846153846154 0.028977272727272775 0.05665384615384612
0 0.7498650568181818 0.44717307692307695 0.027968750000000077 0.07003846153846156
0 0.4135369318181818 0.6594711538461538 0.03877840909090902 0.05798076923076919
0 0.40950284090909095 0.7040192307692308 0.028238636363636358 0.03865384615384609
0 0.4593039772727273 0.6695576923076922 0.04034090909090914 0.049576923076923136
0 0.7862784090909091 0.48530769230769233 0.02338068181818187 0.03319230769230773
0 0.1534943181818182 0.8372019230769231 0.029176136363636352 0.04571153846153853
0 0.7646235795454545 0.4430192307692308 0.01916193181818183 0.06484615384615385
0 0.49685369318181816 0.6559038461538461 0.05896306818181825 0.07603846153846147
0 0.7770738636363635 0.4705192307692308 0.024914772727272837 0.03165384615384617
0 0.4735866477272727 0.7019134615384616 0.024815340909090867 0.029403846153846083
0 0.5126846590909091 0.5136923076923077 0.026676136363636326 0.044538461538461534
0 0.4520170454545455 0.42336538461538464 0.062386363636363656 0.09242307692307693
0 0.803330965909091 0.48375 0.01686079545454546 0.02799999999999995
0 0.4315411931818182 0.4639134615384616 0.038167613636363645 0.046634615384615385
0 0.2753551136363636 0.959201923076923 0.02460227272727272 0.020134615384615327
0 0.7875497159090908 0.4287019230769231 0.009701704545454604 0.021326923076923084
0 0.06338068181818182 0.6489807692307693 0.08926136363636364 0.07823076923076924
0 0.7646306818181817 0.981125 0.029147727272727245 0.03774999999999999
0 0.8748721590909092 0.832 0.01642045454545463 0.038038461538461486
0 0.8822940340909091 0.8000673076923076 0.019616477272727195 0.02582692307692309
0 0.9008451704545454 0.8004326923076923 0.01961647727272736 0.026557692307692313
0 0.8658664772727271 0.8370288461538461 0.022784090909091018 0.030865384615384527
0 0.27965198863636365 0.9768846153846155 0.03546875000000004 0.04623076923076927
0 0.8722230113636364 0.7692211538461539 0.01961647727272736 0.03874999999999996
0 0.8844176136363636 0.9771730769230769 0.04187500000000002 0.04565384615384617
0 0.0576065340909091 0.5666442307692308 0.048394886363636376 0.06413461538461532
0 0.03563210227272728 0.587076923076923 0.035355113636363636 0.05576923076923077
0 0.06704545454545455 0.6126442307692308 0.041193181818181816 0.045557692307692306
0 0.08335227272727273 0.5810480769230769 0.03329545454545455 0.03532692307692309
0 0.40134232954545457 0.7610288461538461 0.04330965909090911 0.045442307692307685
0 0.8123295454545455 0.8807980769230769 0.11076704545454548 0.09686538461538463
0 0.08592329545454545 0.6093942307692307 0.027471590909090904 0.03159615384615386
0 0.02328125 0.5977692307692307 0.029176136363636362 0.04926923076923078
0 0.010056818181818182 0.6265865384615386 0.019914772727272725 0.043673076923076884
0 0.007535511363636363 0.5722596153846153 0.015071022727272726 0.06701923076923082
0 0.2819815340909091 0.4545480769230769 0.035610795454545485 0.040480769230769195
0 0.025163352272727278 0.5211923076923076 0.04998579545454546 0.07807692307692307
0 0.8605610795454546 0.9077115384615384 0.028082386363636337 0.03588461538461532
0 0.07418323863636364 0.5218365384615385 0.021150568181818184 0.04032692307692302
0 0.8860085227272727 0.873625 0.024914772727272674 0.030865384615384638
0 0.07491477272727273 0.855201923076923 0.14982954545454547 0.24709615384615385
0 0.8674573863636365 0.8851057692307692 0.021732954545454642 0.03659615384615379
0 0.054964488636363634 0.5224903846153846 0.019218750000000003 0.033826923076923136
0 0.011470170454545453 0.49483653846153847 0.021633522727272727 0.05140384615384619
0 0.2800852272727273 0.38995192307692306 0.030852272727272725 0.028288461538461554
0 0.2656036931818182 0.37902884615384613 0.027542613636363657 0.032134615384615345
0 0.2712997159090909 0.4198461538461538 0.029446022727272755 0.04434615384615385
0 0.8202840909090909 0.9664134615384615 0.0683806818181818 0.06717307692307693
0 0.31307528409090907 0.425625 0.05697443181818184 0.05078846153846153
0 0.2323721590909091 0.41662499999999997 0.019943181818181846 0.030211538461538477
0 0.2442400568181818 0.5641346153846154 0.030383522727272707 0.05269230769230776
0 0.0071946022727272735 0.9861057692307692 0.014076704545454545 0.027403846153846154
0 0.261328125 0.5634903846153846 0.020894886363636376 0.02571153846153847
0 0.26227272727272727 0.5898461538461539 0.024687500000000032 0.028269230769230748
0 0.2546875 0.6168461538461538 0.04082386363636361 0.030846153846153777
0 0.23949573863636367 0.6046346153846153 0.032286931818181805 0.030846153846153884
0 0.21598721590909092 0.5686346153846153 0.028963068181818163 0.04115384615384611
0 0.2079190340909091 0.5978749999999999 0.03751420454545458 0.04178846153846157
0 0.1478622159090909 0.6187692307692307 0.03893465909090909 0.05399999999999997
0 0.13789062500000002 0.5927403846153847 0.050326704545454556 0.04048076923076925
0 0.887862215909091 0.9191923076923078 0.038167613636363645 0.03300000000000005
0 0.16851562499999997 0.5641346153846154 0.03370738636363637 0.042423076923076924
0 0.09860085227272726 0.9497115384615386 0.06257102272727272 0.1005769230769231
0 0.1421661931818182 0.5560961538461539 0.03703125000000001 0.049500000000000016
0 0.16305397727272727 0.5226730769230769 0.037982954545454535 0.05076923076923084
0 0.17587357954545454 0.4809038461538461 0.029446022727272734 0.03792307692307692
0 0.901640625 0.9482499999999999 0.029673295454545598 0.05096153846153846
0 0.1103622159090909 0.5512884615384614 0.039872159090909104 0.05784615384615382
0 0.20649857954545456 0.463875 0.06123579545454547 0.07198076923076924
0 0.1924928977272727 0.5008269230769231 0.023735795454545464 0.037923076923076976
0 0.20626420454545455 0.43429807692307687 0.024687499999999994 0.028288461538461554
0 0.9246946022727273 0.9557788461538461 0.017485795454545375 0.028711538461538476
0 0.8438707386363636 0.9184711538461539 0.056178977272727366 0.04305769230769228
