0 0.14173295454545454 0.18836538461538463 0.02113636363636363 0.03576923076923076
0 0.290859375 0.04248076923076924 0.024531250000000015 0.032192307692307694
0 0.9132102272727273 0.17728846153846153 0.027954545454545544 0.046346153846153836
0 0.5332599431818181 0.12888461538461538 0.029048295454545438 0.04442307692307691
0 0.5190980113636363 0.13492307692307692 0.023394886363636402 0.03653846153846154
0 0.5213210227272728 0.20084615384615384 0.021931818181818177 0.028692307692307694
0 0.10456676136363635 0.8431346153846154 0.025838068181818177 0.0362692307692308
0 0.12613636363636363 0.8773269230769232 0.027215909090909086 0.043230769230769156
0 0.9872514204545454 0.017432692307692305 0.025497159090909157 0.03486538461538461
0 0.5394744318181818 0.21379807692307692 0.024630681818181784 0.03351923076923078
0 0.845419034090909 0.023499999999999997 0.027627840909090814 0.0395
0 0.17138494318181818 0.7943461538461538 0.03509943181818181 0.04688461538461538
0 0.3078267045454546 0.030951923076923075 0.022187500000000006 0.03290384615384615
0 0.22105113636363638 0.8639326923076923 0.031278409090909065 0.04278846153846154
0 0.878125 0.0613173076923077 0.03153409090909081 0.04121153846153846
0 0.5565625 0.23309615384615387 0.025085227272727228 0.03411538461538463
0 0.1720596590909091 0.9590288461538461 0.029034090909090905 0.04109615384615385
0 0.463515625 0.2653076923076923 0.030468750000000065 0.04384615384615387
0 0.8871235795454545 0.10925961538461539 0.04296875 0.05475
0 0.5564985795454546 0.541673076923077 0.06526988636363634 0.08384615384615389
0 0.5412286931818181 0.49512500000000004 0.03200284090909095 0.05867307692307696
0 0.8440269886363635 0.13347115384615385 0.03134943181818189 0.044134615384615376
0 0.7959588068181819 0.11698076923076922 0.03149147727272738 0.041961538461538446
0 0.2940056818181818 0.01423076923076923 0.02585227272727275 0.02846153846153846
0 0.5551207386363637 0.47291346153846153 0.033252840909090864 0.045365384615384564
0 0.18524857954545454 0.9937211538461539 0.02086647727272727 0.012480769230769248
0 0.5175213068181819 0.47207692307692306 0.025269886363636394 0.036769230769230776
0 0.4983025568181818 0.45739423076923075 0.03467329545454541 0.03651923076923079
0 0.20225142045454544 0.9960865384615383 0.013196022727272716 0.007826923076923174
0 0.4933522727272727 0.4903461538461538 0.028181818181818228 0.03353846153846153
0 0.7621519886363637 0.11267307692307693 0.028849431818181902 0.035346153846153854
0 0.749737215909091 0.18841346153846153 0.02407670454545445 0.03336538461538463
0 0.5100071022727272 0.5212211538461538 0.03279829545454542 0.04578846153846154
0 0.25816761363636365 0.9846442307692307 0.027698863636363636 0.030711538461538512
0 0.32640625 0.06054807692307692 0.020568181818181805 0.02367307692307693
0 0.49338068181818184 0.625326923076923 0.030454545454545453 0.04265384615384617
0 0.5289630681818182 0.6837692307692308 0.027840909090909124 0.041923076923076834
0 0.8477627840909091 0.2545673076923077 0.02836647727272715 0.053326923076923084
0 0.17735085227272726 0.5390576923076923 0.03362215909090909 0.042461538461538544
0 0.5420383522727273 0.704721153846154 0.025838068181818177 0.043173076923076904
0 0.6789701704545454 0.07362500000000001 0.0370880681818182 0.047326923076923086
0 0.20122869318181816 0.4939134615384615 0.037286931818181816 0.04590384615384611
0 0.5613565340909091 0.7110000000000001 0.02771306818181817 0.03307692307692305
0 0.2734872159090909 0.34246153846153843 0.02708806818181817 0.056115384615384574
0 0.5597727272727273 0.7440673076923077 0.028352272727272698 0.03409615384615377
0 0.3465909090909091 0.06511538461538462 0.022556818181818174 0.03242307692307692
0 0.24941051136363634 0.3440673076923077 0.029446022727272713 0.041942307692307695
0 0.48206676136363635 0.744173076923077 0.04796874999999998 0.038615384615384586
0 0.25377840909090915 0.3094326923076923 0.030312500000000006 0.033211538461538424
0 0.22004971590909095 0.31137499999999996 0.027201704545454553 0.02524999999999999
0 0.2140056818181818 0.29479807692307697 0.028380681818181843 0.03490384615384617
0 0.00818181818181818 0.07874038461538461 0.01636363636363636 0.03271153846153847
0 0.01264914772727273 0.05255769230769231 0.025127840909090912 0.03453846153846154
0 0.3874076704545455 0.821375 0.025241477272727245 0.037250000000000005
0 0.02112215909090909 0.01553846153846154 0.022301136363636363 0.02923076923076923
0 0.44052556818181815 0.8700673076923077 0.027045454545454494 0.03405769230769238
0 0.87390625 0.23510576923076923 0.03159090909090911 0.06340384615384619
0 0.46044744318181813 0.9334038461538462 0.02765624999999996 0.03926923076923069
0 0.14555397727272726 0.560721153846154 0.02593749999999999 0.039057692307692314
0 0.4471732954545455 0.9817692307692307 0.025880681818181858 0.03646153846153842
0 0.9735866477272727 0.31356730769230773 0.030468750000000065 0.04228846153846155
0 0.07974431818181818 0.6227596153846154 0.046107954545454556 0.06074999999999995
0 0.47045454545454546 0.978548076923077 0.021789772727272772 0.04290384615384616
0 0.0980752840909091 0.5905576923076924 0.03163352272727274 0.03884615384615382
0 0.8275994318181819 0.25482692307692306 0.026335227272727222 0.032076923076923065
0 0.054637784090909094 0.48780769230769233 0.03245738636363637 0.043269230769230824
0 0.48581676136363633 0.9938173076923078 0.023252840909090914 0.01236538461538452
0 0.3348508522727273 0.044028846153846155 0.028536931818181822 0.028865384615384612
0 0.026406250000000006 0.485 0.028693181818181823 0.05365384615384611
0 0.12181107954545455 0.4317115384615385 0.03120738636363636 0.039653846153846165
0 0.08379971590909091 0.38849999999999996 0.027968750000000007 0.038192307692307664
0 0.07318892045454546 0.29204807692307694 0.03012784090909091 0.041326923076923094
0 0.4923863636363636 0.9776153846153847 0.02295454545454549 0.03400000000000012
0 0.053032670454545454 0.30508653846153844 0.026178977272727267 0.037711538461538435
0 0.5161931818181817 0.9825288461538461 0.02616477272727275 0.034942307692307724
0 0.5010227272727273 0.9450576923076923 0.04261363636363636 0.06349999999999996
0 0.04927556818181818 0.25366346153846153 0.027528409090909093 0.042403846153846174
0 0.023558238636363638 0.2633076923076923 0.02839488636363636 0.04107692307692307
0 0.3670738636363637 0.39424038461538463 0.03468749999999998 0.04536538461538462
0 0.007130681818181819 0.16997115384615383 0.014176136363636365 0.04463461538461537
0 0.19796875 0.1650769230769231 0.025056818181818163 0.034230769230769224
0 0.4256463068181818 0.665375 0.029673295454545515 0.03771153846153849
0 0.8283025568181818 0.27901923076923074 0.02316761363636356 0.03707692307692308
0 0.16299005681818182 0.19909615384615384 0.02558238636363637 0.032
0 0.4476491477272727 0.5927403846153847 0.027173295454545447 0.035557692307692325
0 0.8554971590909091 0.21297115384615387 0.02676136363636368 0.03790384615384614
0 0.42359375000000005 0.5995192307692307 0.026249999999999944 0.03611538461538456
0 0.4268181818181818 0.13264423076923076 0.02482954545454548 0.03301923076923077
0 0.9945738636363637 0.35509615384615384 0.010852272727272709 0.01873076923076925
0 0.3865553977272727 0.38803846153846155 0.04208806818181818 0.053000000000000005
0 0.37025568181818175 0.594625 0.0459090909090909 0.05263461538461539
0 0.3336221590909091 0.6662019230769229 0.031363636363636344 0.03809615384615385
0 0.15730823863636365 0.17210576923076923 0.027116477272727278 0.03175000000000001
0 0.13421164772727273 0.18025 0.016832386363636355 0.022192307692307706
0 0.12215909090909091 0.19565384615384618 0.021221590909090905 0.0301923076923077
0 0.12416193181818182 0.16424038461538462 0.028238636363636358 0.03578846153846154
0 0.3409730113636364 0.6197980769230769 0.02879261363636365 0.03932692307692306
0 0.08190340909090908 0.1867596153846154 0.03531250000000001 0.05032692307692308
0 0.32563210227272726 0.5992211538461539 0.02879261363636361 0.04505769230769232
0 0.09150568181818182 0.16194230769230772 0.033295454545454545 0.046961538461538464
0 0.48003551136363637 0.2 0.03421875000000005 0.047884615384615394
0 0.051484375000000006 0.09902884615384616 0.037428977272727273 0.04971153846153847
0 0.32066761363636365 0.5478942307692307 0.02622159090909088 0.03501923076923073
0 0.27796875 0.53525 0.025454545454545476 0.03434615384615387
0 0.2655752840909091 0.622951923076923 0.029730113636363645 0.041250000000000085
0 0.4364417613636364 0.4297115384615384 0.03475852272727276 0.04492307692307689
0 0.403465909090909 0.5252211538461539 0.028494318181818187 0.03344230769230767
0 0.08121448863636363 0.10371153846153847 0.02481534090909091 0.035153846153846154
0 0.12174005681818184 0.09876923076923076 0.025497159090909095 0.035500000000000004
0 0.14033380681818183 0.09203846153846154 0.017428977272727287 0.035269230769230775
0 0.16228693181818182 0.08859615384615385 0.029034090909090905 0.044538461538461534
0 0.05946022727272727 0.6895288461538461 0.030000000000000002 0.04105769230769235
0 0.32709517045454545 0.02148076923076923 0.026548295454545453 0.03365384615384615
0 0.4319034090909091 0.5199711538461538 0.030653409090909148 0.04063461538461537
0 0.403174715909091 0.4984423076923077 0.03245738636363631 0.0362692307692308
0 0.18558948863636363 0.11438461538461539 0.0329971590909091 0.039730769230769236
0 0.3253196022727272 0.4816153846153846 0.02498579545454546 0.032538461538461516
0 0.8100355113636364 0.26784615384615384 0.022826704545454456 0.03946153846153843
0 0.3272585227272727 0.45151923076923073 0.025284090909090885 0.04219230769230769
0 0.23241477272727273 0.38714423076923077 0.04045454545454548 0.04582692307692304
0 0.9877130681818183 0.49331730769230764 0.02457386363636357 0.04405769230769235
0 0.44146306818181813 0.1959423076923077 0.02124999999999997 0.029730769230769245
0 0.46442471590909096 0.18059615384615385 0.032940340909090905 0.04034615384615385
0 0.4064559659090909 0.1597115384615385 0.025696022727272692 0.032846153846153844
0 0.34401988636363634 0.015990384615384615 0.028920454545454565 0.03198076923076923
0 0.3952414772727273 0.02716346153846154 0.025880681818181858 0.03298076923076923
0 0.4090767045454546 0.008480769230769231 0.03653409090909095 0.016961538461538462
0 0.4426917613636363 0.1091923076923077 0.025980113636363666 0.03457692307692307
0 0.064453125 0.7254038461538461 0.027855113636363636 0.036807692307692284
0 0.8114559659090909 0.993826923076923 0.02583806818181826 0.012346153846153767
0 0.8710582386363637 0.9826250000000001 0.02740056818181813 0.03474999999999999
0 0.010603693181818181 0.6495 0.021207386363636362 0.04638461538461539
0 0.1833877840909091 0.5735673076923077 0.038650568181818196 0.04990384615384624
0 0.931455965909091 0.9227115384615384 0.030241477272727222 0.038884615384615434
0 0.8973863636363636 0.98175 0.02755681818181831 0.03650000000000003
0 0.08757102272727274 0.6801442307692308 0.03232954545454545 0.03744230769230775
0 0.9431960227272728 0.8778173076923077 0.028011363636363674 0.03548076923076921
0 0.23514914772727274 0.13999038461538463 0.033849431818181834 0.03986538461538461
0 0.9508309659090909 0.23198076923076924 0.029190340909090843 0.03826923076923078
0 0.09071732954545454 0.7091826923076923 0.021974431818181806 0.027403846153846154
0 0.8215767045454547 0.9395288461538461 0.03142045454545455 0.03344230769230767
0 0.2765767045454546 0.3966923076923077 0.030625000000000003 0.04507692307692307
0 0.9781676136363636 0.8364903846153846 0.04366477272727274 0.07628846153846157
0 0.1156534090909091 0.6479423076923077 0.014375000000000006 0.02242307692307686
0 0.9353693181818182 0.21896153846153846 0.021278409090909115 0.025884615384615398
0 0.15402698863636363 0.6448269230769231 0.025014204545454544 0.04350000000000001
0 0.1346022727272727 0.6957115384615384 0.02823863636363638 0.0369230769230769
0 0.8432244318181819 0.9247692307692308 0.02562499999999995 0.04150000000000008
0 0.9850568181818182 0.7433365384615384 0.026363636363636287 0.03571153846153845
0 0.11475852272727272 0.7105576923076923 0.028551136363636376 0.038499999999999965
0 0.8625355113636364 0.9061634615384616 0.02637784090909082 0.0354038461538462
0 0.8216051136363638 0.9048365384615384 0.029659090909090902 0.03594230769230769
0 0.34096590909090907 0.4054230769230769 0.02664772727272726 0.03007692307692305
0 0.8648792613636364 0.8766634615384615 0.0277698863636363 0.033326923076923046
0 0.7677201704545454 0.9247692307692308 0.03132102272727266 0.0368846153846154
0 0.9842826704545454 0.6279423076923076 0.030213068181818317 0.043076923076923145
0 0.9930965909090909 0.40095192307692307 0.01380681818181822 0.03821153846153847
0 0.17039062500000002 0.7184038461538461 0.024786931818181823 0.044269230769230734
0 0.24406960227272725 0.11086538461538463 0.04802556818181818 0.07357692307692307
0 0.09592329545454546 0.7682596153846154 0.016079545454545454 0.019634615384615455
0 0.075 0.7641057692307693 0.02440340909090909 0.038980769230769305
0 0.7667258522727273 0.8720576923076924 0.04544034090909092 0.06853846153846162
0 0.052421875 0.7684615384615385 0.029218749999999995 0.04053846153846151
0 0.2855184659090909 0.18402884615384615 0.033196022727272734 0.04363461538461541
0 0.9281676136363637 0.2059519230769231 0.025397727272727266 0.03382692307692308
0 0.7371732954545455 0.8700480769230768 0.022499999999999964 0.03405769230769227
0 0.7261434659090908 0.8915576923076923 0.03072443181818181 0.043192307692307655
0 0.02745738636363636 0.8065096153846154 0.02928977272727273 0.035596153846153826
0 0.783046875 0.7321634615384616 0.03794034090909096 0.053557692307692244
0 0.031839488636363635 0.8368653846153845 0.032485795454545455 0.033769230769230774
0 0.8633664772727272 0.6236923076923077 0.03022727272727285 0.04453846153846148
0 0.6976988636363636 0.9870288461538461 0.030625000000000003 0.02594230769230771
0 0.6686505681818182 0.7910865384615384 0.024999999999999953 0.0330192307692308
0 0.8934943181818181 0.37958653846153845 0.02755681818181815 0.03867307692307689
0 0.28524147727272725 0.11745192307692308 0.03343750000000003 0.04398076923076924
0 0.911953125 0.36415384615384616 0.0317187499999999 0.04369230769230769
0 0.9913991477272727 0.11091346153846153 0.017201704545454565 0.03586538461538461
0 0.7928622159090909 0.4231057692307692 0.022656249999999902 0.03178846153846154
0 0.7788210227272727 0.46630769230769237 0.040198863636363734 0.05380769230769234
0 0.9868252840909091 0.07989423076923077 0.026349431818181755 0.02682692307692308
0 0.7566122159090909 0.4509711538461538 0.022542613636363642 0.03594230769230769
0 0.735184659090909 0.4228269230769231 0.03457386363636368 0.04588461538461541
0 0.7294531249999999 0.46875961538461536 0.02623579545454541 0.03990384615384615
0 0.7028835227272727 0.4496346153846154 0.025056818181818163 0.03765384615384612
0 0.6656036931818181 0.5631826923076924 0.029985795454545473 0.041903846153846194
0 0.3420170454545455 0.37773076923076926 0.02664772727272726 0.030999999999999955
0 0.6317471590909091 0.6368461538461538 0.027045454545454494 0.03815384615384611
0 0.5936150568181818 0.7287115384615384 0.025838068181818177 0.034961538461538474
0 0.9877982954545456 0.05711538461538462 0.02440340909090902 0.023346153846153853
0 0.5857599431818182 0.8246057692307692 0.031065340909090914 0.046596153846153884
0 0.10764204545454546 0.9790192307692308 0.03161931818181817 0.032115384615384705
0 0.6060653409090908 0.8629326923076923 0.02562500000000003 0.03594230769230769
0 0.5600071022727273 0.923375 0.02728693181818187 0.033673076923077014
0 0.11003551136363637 0.9925096153846155 0.02899147727272727 0.01498076923076916
0 0.5714914772727272 0.9782692307692308 0.031392045454545485 0.040192307692307645
0 0.08397727272727273 0.9850192307692308 0.023664772727272732 0.029961538461538432
0 0.3216122159090909 0.11426923076923078 0.0283096590909091 0.03911538461538462
0 0.06042613636363636 0.9798557692307692 0.024147727272727272 0.040288461538461516
0 0.9796946022727273 0.03920192307692307 0.019928977272727234 0.025403846153846152
0 0.958934659090909 0.3370192307692308 0.028494318181818266 0.0405
0 0.9947017045454545 0.03881730769230769 0.01059659090909096 0.018480769230769228
0 0.6179048295454546 0.28304807692307693 0.025184659090909115 0.038980769230769194
0 0.01880681818181818 0.9371826923076924 0.031505681818181815 0.04386538461538462
0 0.039616477272727275 0.8789423076923077 0.026477272727272728 0.03826923076923072
0 0.6268963068181819 0.3160865384615385 0.02393465909090904 0.0309807692307692
0 0.09001420454545456 0.866326923076923 0.031022727272727278 0.040269230769230765
0 0.6574289772727273 0.3021153846153847 0.04960227272727275 0.06411538461538462
