0 0.8373579545454546 0.47307692307692306 0.026988636363636364 0.038461538461538464
0 0.43905539772727276 0.5643173076923077 0.02231534090909088 0.03705769230769227
0 0.05269886363636364 0.7178461538461538 0.03784090909090909 0.060423076923076954
0 0.07874289772727273 0.6653461538461539 0.03288352272727273 0.06949999999999998
0 0.08667613636363637 0.7147403846153846 0.031619318181818186 0.04563461538461531
0 0.12506392045454545 0.6550288461538462 0.02484375000000001 0.031211538461538495
0 0.13663352272727272 0.6792596153846154 0.027727272727272722 0.039557692307692294
0 0.12697443181818183 0.6887788461538461 0.02730113636363636 0.03736538461538463
0 0.10688210227272728 0.7205673076923078 0.04830965909090909 0.06744230769230768
0 0.11999289772727272 0.8108846153846153 0.021321022727272734 0.030461538461538415
0 0.22485795454545457 0.8205384615384615 0.04002840909090906 0.054076923076923085
0 0.10705255681818183 0.7914711538461539 0.021633522727272734 0.02863461538461536
0 0.4566193181818182 0.5775096153846154 0.0244034090909091 0.029019230769230832
0 0.12754971590909092 0.7740096153846154 0.03092329545454547 0.0449423076923077
0 0.11958096590909091 0.757173076923077 0.05342329545454545 0.07030769230769231
0 0.15190340909090908 0.7045673076923077 0.03622159090909091 0.06471153846153842
0 0.18392755681818185 0.7264038461538462 0.03271306818181818 0.06761538461538466
0 0.1857528409090909 0.7566153846153846 0.03034090909090907 0.06446153846153843
0 0.16888494318181818 0.7562307692307693 0.020724431818181822 0.04069230769230763
0 0.15232244318181817 0.7464903846153846 0.02205965909090909 0.030019230769230795
0 0.1470596590909091 0.7722211538461538 0.021278409090909077 0.02971153846153844
0 0.15769886363636362 0.7834711538461538 0.022897727272727278 0.038288461538461584
0 0.3956960227272727 0.9628076923076923 0.03551136363636364 0.05334615384615375
0 0.4783380681818182 0.6077211538461538 0.023721590909090973 0.03824999999999997
0 0.4272656249999999 0.9662019230769231 0.02921874999999999 0.0675961538461538
0 0.4516335227272727 0.9884423076923077 0.025596590909090885 0.02311538461538458
0 0.2339630681818182 0.9388653846153847 0.04076704545454544 0.04915384615384616
0 0.24345170454545453 0.9004807692307693 0.04065340909090906 0.05519230769230778
0 0.254921875 0.8906538461538461 0.026747159090909068 0.033923076923076896
0 0.2577414772727273 0.8588942307692308 0.026960227272727257 0.040750000000000106
0 0.23107954545454545 0.9910384615384616 0.02417613636363638 0.01792307692307691
0 0.8338139204545455 0.4124230769230769 0.03708806818181804 0.08657692307692309
0 0.8596164772727274 0.4082596153846154 0.02440340909090902 0.06371153846153851
0 0.879090909090909 0.4280865384615385 0.04161931818181812 0.05190384615384612
0 0.45440340909090904 0.6051730769230769 0.0329829545454545 0.0410384615384616
0 0.6733096590909091 0.8497211538461539 0.039886363636363616 0.04751923076923073
0 0.6764630681818182 0.8208942307692307 0.03653409090909087 0.03813461538461536
0 0.9070809659090909 0.3713269230769231 0.021036931818181902 0.03173076923076923
0 0.8950071022727273 0.3482692307692308 0.022713068181818195 0.033269230769230794
0 0.8886292613636364 0.37724038461538467 0.041178977272727284 0.06498076923076922
0 0.9589417613636364 0.4645 0.039332386363636444 0.057269230769230774
0 0.9901491477272728 0.48142307692307695 0.01967329545454549 0.04092307692307698
0 0.9636008522727273 0.4324134615384615 0.04140625000000013 0.0550576923076923
0 0.7078409090909091 0.6979711538461538 0.038437500000000006 0.034288461538461615
0 0.6901633522727273 0.7143461538461539 0.02467329545454546 0.033423076923076916
0 0.4615838068181818 0.6359423076923076 0.025752840909090902 0.0362692307692308
0 0.8571803977272726 0.6657788461538461 0.026463068181818174 0.052403846153846155
0 0.7933309659090909 0.6963269230769231 0.02708806818181809 0.03876923076923082
0 0.8282883522727272 0.7012596153846153 0.03188920454545461 0.03667307692307691
0 0.8025852272727273 0.7161057692307692 0.023153409090909027 0.04505769230769221
0 0.8284943181818182 0.7359326923076923 0.030426136363636468 0.04405769230769225
0 0.7640767045454546 0.7368942307692308 0.03568181818181819 0.03921153846153844
0 0.74796875 0.7553557692307692 0.02113636363636363 0.02971153846153844
0 0.7778125 0.7588076923076924 0.023778409090909104 0.04126923076923073
0 0.7607883522727273 0.771548076923077 0.023991477272727255 0.03359615384615379
0 0.7925923295454544 0.7356346153846154 0.025383522727272734 0.036269230769230686
0 0.4409374999999999 0.6682980769230769 0.02017045454545453 0.025519230769230735
0 0.8022301136363637 0.7679326923076922 0.04187500000000002 0.04209615384615382
0 0.7328480113636363 0.8503653846153846 0.028394886363636296 0.03580769230769232
0 0.8078551136363636 0.7994423076923077 0.04173295454545454 0.04392307692307688
0 0.696590909090909 0.9074711538461538 0.020596590909090908 0.031557692307692245
0 0.7161860795454545 0.9083461538461538 0.019502840909090935 0.026692307692307682
0 0.7068323863636364 0.8848846153846154 0.030539772727272728 0.03396153846153851
0 0.8749715909090909 0.7045769230769231 0.019488636363636402 0.03542307692307684
0 0.8617684659090908 0.7113365384615384 0.024218750000000098 0.046019230769230784
0 0.886171875 0.7212980769230769 0.025468750000000092 0.03125
0 0.9518821022727273 0.6648846153846154 0.019730113636363778 0.02876923076923084
0 0.528622159090909 0.6786346153846153 0.033522727272727225 0.06842307692307689
0 0.8550781249999999 0.7714326923076923 0.033508522727272776 0.04275000000000004
0 0.8830610795454544 0.7918365384615385 0.026690340909091018 0.05498076923076929
0 0.9754474431818181 0.6994423076923078 0.020468749999999956 0.027038461538461542
0 0.9863991477272727 0.7168653846153846 0.027116477272727316 0.04246153846153843
0 0.7536008522727274 0.8937788461538462 0.039502840909090994 0.04821153846153845
0 0.7724786931818183 0.8792500000000001 0.04583806818181815 0.05226923076923078
0 0.7449786931818181 0.9428653846153845 0.02467329545454546 0.03300000000000005
0 0.7813565340909091 0.9214903846153847 0.02032670454545463 0.03413461538461538
0 0.7567897727272727 0.9274326923076923 0.031335227272727195 0.03409615384615388
0 0.11201704545454545 0.29670192307692306 0.041931818181818195 0.05621153846153849
0 0.5604119318181818 0.642201923076923 0.044659090909090905 0.04690384615384613
0 0.1362002840909091 0.3246346153846154 0.02177556818181818 0.03857692307692308
0 0.10081676136363636 0.4025769230769231 0.03768465909090908 0.05026923076923074
0 0.06068892045454544 0.4134423076923077 0.028707386363636365 0.03923076923076924
0 0.045184659090909095 0.4213557692307693 0.030880681818181818 0.048057692307692274
0 0.13381392045454546 0.40275 0.03177556818181819 0.03288461538461537
0 0.13811079545454544 0.37053846153846154 0.02616477272727273 0.044653846153846155
0 0.1548153409090909 0.3711346153846154 0.017784090909090902 0.035076923076923096
0 0.17230113636363636 0.36220192307692306 0.03519886363636364 0.048365384615384574
0 0.15250710227272726 0.3288365384615385 0.026406250000000006 0.041057692307692295
0 0.16144176136363636 0.2941826923076923 0.030411931818181814 0.030519230769230778
0 0.5684019886363636 0.6797115384615384 0.04802556818181818 0.03315384615384617
0 0.17675426136363637 0.2843365384615385 0.025667613636363627 0.03921153846153849
0 0.17251420454545455 0.3262307692307692 0.022244318181818178 0.042692307692307724
0 0.19280539772727276 0.2885673076923077 0.025809659090909074 0.03774999999999999
0 0.1959161931818182 0.32229807692307694 0.026264204545454518 0.04467307692307696
0 0.20207386363636362 0.19896153846153847 0.026278409090909092 0.03634615384615383
0 0.2265909090909091 0.22108653846153847 0.03576704545454546 0.041942307692307695
0 0.2057315340909091 0.2624711538461539 0.03703124999999999 0.05136538461538463
0 0.22469460227272728 0.2505576923076923 0.04296875 0.043
0 0.23321022727272728 0.2783269230769231 0.03576704545454546 0.04626923076923077
0 0.26595880681818185 0.26391346153846157 0.03001420454545458 0.03851923076923077
0 0.5319744318181818 0.6004423076923078 0.04306818181818181 0.03765384615384612
0 0.23931107954545452 0.19901923076923075 0.05671875000000001 0.06796153846153846
0 0.2570596590909091 0.23858653846153846 0.022414772727272728 0.030750000000000017
0 0.275703125 0.23283653846153846 0.024303977272727293 0.0434423076923077
0 0.2810298295454545 0.28739423076923076 0.03126420454545453 0.04009615384615384
0 0.3288707386363636 0.33547115384615384 0.018707386363636388 0.023134615384615385
0 0.3589346590909091 0.36825 0.06014204545454546 0.1448846153846154
0 0.37617187500000004 0.32019230769230766 0.06257102272727275 0.10492307692307692
0 0.005035511363636363 0.3560576923076923 0.009985795454545454 0.0398846153846154
0 0.005539772727272727 0.3928846153846154 0.011079545454545455 0.03484615384615385
0 0.016242897727272727 0.4327307692307692 0.032485795454545455 0.08457692307692306
0 0.8380681818181818 0.5096153846153846 0.028409090909090908 0.03076923076923077
0 0.5254048295454545 0.5597211538461538 0.0480823863636364 0.0461346153846154
0 0.04080965909090909 0.5969230769230769 0.025085227272727276 0.036769230769230776
0 0.054389204545454546 0.6141346153846154 0.02690340909090909 0.043230769230769156
0 0.015113636363636364 0.5530769230769231 0.03005681818181818 0.0440384615384616
0 0.020042613636363636 0.4873173076923077 0.03428977272727273 0.08925000000000005
0 0.044992897727272725 0.5597788461538461 0.03103693181818182 0.03844230769230771
0 0.0559375 0.5780288461538462 0.025255681818181826 0.03140384615384612
0 0.054375 0.48228846153846155 0.038437500000000006 0.08203846153846153
0 0.09093039772727272 0.4571826923076923 0.04569602272727272 0.04274999999999998
0 0.11182528409090908 0.45190384615384616 0.036150568181818186 0.0682307692307692
0 0.06097301136363636 0.5353173076923077 0.022400568181818185 0.032749999999999946
0 0.5493181818181818 0.7068653846153846 0.04457386363636371 0.06423076923076919
0 0.06959517045454545 0.5637115384615384 0.020411931818181815 0.032769230769230696
0 0.08053977272727274 0.5348461538461539 0.01926136363636363 0.02996153846153854
0 0.08795454545454545 0.5590576923076924 0.03539772727272727 0.027076923076923047
0 0.09326704545454545 0.5304326923076923 0.027642045454545457 0.03744230769230775
0 0.111640625 0.5247115384615385 0.022116477272727263 0.03523076923076922
0 0.21229403409090908 0.4419230769230769 0.025099431818181802 0.06630769230769229
0 0.24501420454545456 0.4212980769230769 0.026931818181818192 0.04024999999999996
0 0.25957386363636364 0.44002884615384613 0.021193181818181802 0.03678846153846153
0 0.1222940340909091 0.5049326923076923 0.037713068181818195 0.060250000000000026
0 0.14382102272727273 0.5155769230769232 0.035568181818181804 0.05042307692307687
0 0.6277485795454546 0.7140673076923076 0.0285085227272728 0.042480769230769294
0 0.16996448863636363 0.4033557692307692 0.032599431818181805 0.035096153846153846
0 0.144140625 0.47397115384615385 0.037372159090909095 0.03713461538461539
0 0.1524715909090909 0.42422115384615383 0.029460227272727266 0.031557692307692356
0 0.14718039772727273 0.4483846153846154 0.01680397727272727 0.022807692307692334
0 0.16136363636363635 0.4625096153846154 0.024431818181818186 0.02594230769230771
0 0.16267755681818183 0.44309615384615386 0.01723011363636365 0.02173076923076925
0 0.17611505681818185 0.4359326923076923 0.03356534090909092 0.03598076923076919
0 0.34345170454545454 0.47406730769230765 0.031079545454545447 0.03544230769230765
0 0.3358451704545455 0.4416634615384616 0.028451704545454547 0.03867307692307689
0 0.2881463068181818 0.4467596153846154 0.03313920454545456 0.03928846153846155
0 0.6464204545454545 0.7358942307692307 0.03340909090909088 0.04794230769230771
0 0.3108238636363636 0.41675 0.03051136363636362 0.03992307692307691
0 0.3037997159090909 0.3750576923076923 0.03313920454545452 0.0434615384615385
0 0.2851136363636364 0.40731730769230773 0.045142045454545456 0.08725000000000001
0 0.2667684659090909 0.3875865384615385 0.02856534090909093 0.06482692307692309
0 0.1720028409090909 0.4922980769230769 0.026306818181818178 0.03651923076923079
0 0.1665340909090909 0.530826923076923 0.041278409090909116 0.04965384615384614
0 0.13879261363636364 0.561625 0.03167613636363636 0.03821153846153847
0 0.4111576704545455 0.541048076923077 0.05120738636363638 0.05494230769230768
0 0.30852982954545455 0.49513461538461545 0.18552556818181817 0.12938461538461538
0 0.3647656249999999 0.5525288461538461 0.029559659090909095 0.04975000000000001
0 0.6621590909090909 0.6887884615384615 0.023039772727272687 0.035076923076923096
0 0.35363636363636364 0.5679903846153846 0.06295454545454544 0.06405769230769232
0 0.1734019886363636 0.5627403846153847 0.03160511363636362 0.04517307692307694
0 0.19989346590909093 0.5647884615384615 0.027201704545454553 0.04696153846153838
0 0.18568892045454544 0.5916057692307692 0.028849431818181823 0.03774999999999999
0 0.1683522727272727 0.5999423076923077 0.021704545454545456 0.035769230769230706
0 0.14920454545454545 0.6229134615384615 0.0353125 0.05778846153846156
0 0.16779829545454544 0.6439711538461539 0.02349431818181819 0.03817307692307697
0 0.18315340909090908 0.6273942307692307 0.03159090909090911 0.03798076923076923
0 0.22504971590909092 0.74275 0.0527130681818182 0.0982307692307692
0 0.34171164772727275 0.02824038461538461 0.08535511363636364 0.05632692307692307
0 0.6712286931818182 0.7020384615384615 0.02984374999999999 0.03430769230769237
0 0.39697443181818187 0.009557692307692307 0.03565340909090904 0.019115384615384614
0 0.3354616477272727 0.07320192307692307 0.06296874999999998 0.10863461538461539
0 0.29453124999999997 0.06191346153846154 0.04485795454545452 0.06232692307692307
0 0.2927911931818182 0.09910576923076922 0.03410511363636362 0.04805769230769231
0 0.28176846590909094 0.13296153846153846 0.0416903409090909 0.04561538461538461
0 0.25424005681818185 0.1672307692307692 0.04328125 0.0735
0 0.28514204545454547 0.020326923076923076 0.03264204545454544 0.04057692307692308
0 0.08983664772727272 0.3461730769230769 0.05538352272727272 0.06869230769230769
0 0.4023011363636364 0.08483653846153846 0.03198863636363642 0.04363461538461538
0 0.4080681818181818 0.11275961538461537 0.04559659090909086 0.03821153846153844
0 0.4144815340909091 0.3349615384615385 0.03072443181818181 0.04261538461538461
0 0.39909801136363643 0.13759615384615384 0.05484374999999994 0.04330769230769231
0 0.43298295454545455 0.12646153846153846 0.038039772727272686 0.04238461538461538
0 0.4406960227272727 0.16250961538461536 0.04548295454545452 0.06559615384615385
0 0.46875 0.128 0.02593749999999999 0.04053846153846152
0 0.4805823863636364 0.18028846153846154 0.030625000000000003 0.034653846153846174
0 0.38475852272727273 0.17634615384615385 0.027301136363636402 0.04657692307692307
0 0.40795454545454546 0.1790576923076923 0.02593749999999999 0.04269230769230767
0 0.4273082386363637 0.29302884615384617 0.045014204545454545 0.06148076923076928
0 0.465674715909091 0.27130769230769225 0.07498579545454548 0.08207692307692306
0 0.3929048295454546 0.2541153846153846 0.025809659090909112 0.038461538461538436
0 0.48803267045454546 0.30949038461538464 0.02720170454545451 0.039057692307692314
0 0.41258522727272734 0.23125 0.042897727272727254 0.05276923076923076
0 0.4097869318181818 0.21059615384615382 0.07247159090909089 0.05146153846153847
0 0.4684232954545454 0.23441346153846157 0.07440340909090909 0.08248076923076923
0 0.007954545454545454 0.040346153846153844 0.015909090909090907 0.057192307692307695
0 0.03725852272727272 0.040874999999999995 0.04886363636363636 0.08174999999999999
0 0.01036221590909091 0.09464423076923077 0.02072443181818182 0.03386538461538463
0 0.016548295454545454 0.10513461538461538 0.023607954545454547 0.03215384615384615
0 0.04268465909090909 0.12402884615384616 0.059204545454545454 0.0370576923076923
0 0.007400568181818183 0.1618269230769231 0.014715909090909092 0.06930769230769232
0 0.014268465909090906 0.1784519230769231 0.025099431818181816 0.05559615384615384
0 0.43683948863636357 0.35875961538461537 0.043480113636363574 0.051326923076923076
0 0.05164772727272727 0.14846153846153848 0.04835227272727274 0.026999999999999986
0 0.018238636363636363 0.2510769230769231 0.03636363636363637 0.07815384615384616
0 0.04228693181818182 0.2332403846153846 0.0171875 0.02651923076923078
0 0.03485085227272727 0.17273076923076922 0.03632102272727273 0.04103846153846152
0 0.06761363636363636 0.06001923076923077 0.029375 0.04511538461538461
0 0.06699573863636364 0.10759615384615386 0.03248579545454546 0.04299999999999998
0 0.056938920454545454 0.2772115384615384 0.043338068181818186 0.051500000000000004
0 0.035681818181818176 0.27658653846153847 0.022102272727272724 0.026980769230769232
0 0.043870738636363635 0.29755769230769236 0.031661931818181825 0.03288461538461537
0 0.07181818181818182 0.3162115384615385 0.02082386363636364 0.029192307692307705
0 0.4265340909090909 0.38579807692307694 0.06090909090909098 0.04205769230769232
0 0.06733664772727273 0.3495576923076923 0.05166193181818182 0.09757692307692303
0 0.03245028409090909 0.3487788461538462 0.02271306818181818 0.04440384615384616
0 0.03189630681818181 0.31527884615384616 0.02742897727272727 0.03717307692307695
0 0.012904829545454547 0.3133269230769231 0.025809659090909095 0.03519230769230772
0 0.017379261363636364 0.34829807692307696 0.027173295454545457 0.035865384615384625
0 0.022791193181818183 0.3823173076923077 0.039985795454545454 0.03678846153846153
0 0.13081676136363637 0.02496153846153846 0.04569602272727273 0.0498076923076923
0 0.09959517045454545 0.01506730769230769 0.06333806818181818 0.029942307692307688
0 0.12563920454545452 0.06446153846153846 0.04582386363636364 0.06734615384615383
0 0.09453835227272726 0.04662499999999999 0.02987215909090908 0.0400576923076923
0 0.8643465909090909 0.4461538461538462 0.024147727272727272 0.038461538461538464
0 0.46603693181818184 0.42510576923076926 0.052698863636363585 0.04236538461538462
0 0.1682315340909091 0.021894230769230767 0.05399147727272726 0.04367307692307692
0 0.15512784090909093 0.04526923076923077 0.025085227272727287 0.029923076923076924
0 0.16624289772727271 0.06215384615384616 0.03137784090909093 0.032961538461538466
0 0.09114346590909089 0.10394230769230768 0.05816761363636364 0.06930769230769229
0 0.11500710227272727 0.10536538461538461 0.03126420454545455 0.03473076923076923
0 0.06821022727272727 0.1823173076923077 0.03451704545454546 0.05975000000000001
0 0.09481534090909091 0.17507692307692307 0.020994318181818183 0.03457692307692308
0 0.24908380681818185 0.012538461538461538 0.02697443181818179 0.025076923076923077
0 0.25806107954545454 0.023182692307692303 0.02419034090909091 0.03471153846153845
0 0.24154829545454548 0.045990384615384614 0.03147727272727272 0.04105769230769231
0 0.45972301136363636 0.4646057692307692 0.05296875000000003 0.056711538461538424
0 0.22090198863636362 0.031749999999999994 0.04970170454545452 0.06342307692307692
0 0.19600852272727273 0.030826923076923078 0.030994318181818192 0.046384615384615385
0 0.2564488636363636 0.08250961538461539 0.015625 0.027288461538461536
0 0.2521946022727273 0.10630769230769231 0.02166193181818182 0.02403846153846154
0 0.2391690340909091 0.08129807692307692 0.02001420454545451 0.0315576923076923
0 0.22679687499999998 0.08896153846153845 0.023508522727272742 0.04630769230769231
0 0.2491335227272727 0.12909615384615383 0.021903409090909074 0.03211538461538462
0 0.23041903409090905 0.14007692307692307 0.026065340909090903 0.08626923076923076
0 0.2120525568181818 0.15046153846153848 0.022002840909090923 0.045423076923076906
0 0.21196022727272726 0.08950961538461538 0.01823863636363633 0.027019230769230764
0 0.6560511363636364 0.36524038461538466 0.028267045454545423 0.034865384615384604
0 0.21472301136363636 0.11341346153846153 0.01723011363636363 0.030711538461538446
0 0.20037642045454546 0.07253846153846154 0.02589488636363639 0.037423076923076934
0 0.18718039772727274 0.08840384615384615 0.022002840909090923 0.03473076923076923
0 0.19899857954545455 0.10547115384615384 0.020071022727272722 0.030134615384615388
0 0.1665625 0.08521153846153846 0.02295454545454545 0.026538461538461545
0 0.14493607954545454 0.09040384615384615 0.02589488636363637 0.04288461538461538
0 0.17644176136363637 0.10428846153846155 0.01771306818181816 0.025538461538461527
0 0.15936789772727272 0.11001923076923076 0.020411931818181805 0.030884615384615375
0 0.18842329545454548 0.11671153846153846 0.016278409090909083 0.023576923076923058
0 0.19971590909090908 0.13392307692307692 0.01900568181818181 0.029538461538461524
0 0.6225568181818182 0.4039134615384615 0.024176136363636417 0.03590384615384618
0 0.12303267045454545 0.13702884615384614 0.07541193181818182 0.05459615384615385
0 0.17105113636363634 0.12552884615384616 0.023607954545454533 0.02521153846153846
0 0.18249289772727273 0.13621153846153847 0.017769886363636352 0.028192307692307687
0 0.17627840909090908 0.1606153846153846 0.022840909090909068 0.036769230769230776
0 0.14382102272727273 0.15600961538461539 0.05991477272727274 0.04128846153846154
0 0.18899857954545454 0.17758653846153846 0.0342755681818182 0.06251923076923076
0 0.16944602272727272 0.19189423076923076 0.020852272727272716 0.033634615384615374
0 0.136640625 0.1957980769230769 0.06328125 0.06025
0 0.1268039772727273 0.20991346153846155 0.031931818181818186 0.040711538461538466
0 0.14252130681818184 0.22957692307692307 0.09666193181818183 0.0744230769230769
0 0.6420667613636364 0.3956923076923077 0.03660511363636361 0.06680769230769233
0 0.08615767045454546 0.2176826923076923 0.02455965909090909 0.038288461538461556
0 0.5792755681818181 0.14004807692307694 0.028806818181818142 0.03740384615384615
0 0.6082244318181819 0.19071153846153846 0.0253693181818182 0.038461538461538464
0 0.4426491477272727 0.0716923076923077 0.02478693181818188 0.03288461538461538
0 0.46242187500000004 0.058923076923076925 0.030213068181818157 0.04211538461538462
0 0.4689133522727273 0.09381730769230769 0.043082386363636344 0.043519230769230775
0 0.957734375 0.021615384615384616 0.030042613636363766 0.04323076923076923
0 0.8981321022727274 0.018528846153846153 0.03387784090909094 0.036903846153846155
0 0.8798224431818181 0.12513461538461537 0.03904829545454547 0.05526923076923076
0 0.8983238636363637 0.09010576923076924 0.021931818181818098 0.030750000000000003
0 0.5192897727272727 0.41318269230769233 0.043863636363636355 0.05171153846153849
0 0.9168678977272727 0.08844230769230768 0.027741477272727234 0.042615384615384624
0 0.9627982954545454 0.10715384615384616 0.030681818181818213 0.053384615384615364
0 0.9434588068181817 0.15708653846153847 0.02958806818181824 0.05048076923076923
0 0.9369744318181819 0.19402884615384614 0.02482954545454548 0.03178846153846154
0 0.9014062500000001 0.1669326923076923 0.029886363636363586 0.059249999999999976
0 0.9921164772727273 0.046211538461538464 0.015738636363636423 0.03503846153846154
0 0.9867542613636363 0.09386538461538461 0.02649147727272724 0.05880769230769229
0 0.8674289772727274 0.013509615384615384 0.023920454545454592 0.02698076923076923
0 0.8491619318181818 0.016778846153846155 0.0300852272727272 0.03355769230769231
0 0.9952272727272727 0.1510384615384615 0.009545454545454584 0.022153846153846146
0 0.5365269886363637 0.37977884615384616 0.027059659090909106 0.03378846153846158
0 0.9931960227272728 0.17194230769230767 0.013607954545454604 0.027461538461538464
0 0.9825071022727272 0.137875 0.02166193181818182 0.033634615384615374
0 0.9774644886363636 0.1599615384615385 0.023536931818181728 0.030115384615384638
0 0.9928764204545455 0.1923653846153846 0.014247159090909052 0.027192307692307693
0 0.991612215909091 0.2432403846153846 0.016775568181818103 0.029250000000000016
0 0.992109375 0.2696442307692308 0.01578125000000002 0.026480769230769197
0 0.9646306818181817 0.23263461538461538 0.04318181818181815 0.11588461538461536
0 0.6577769886363636 0.02683653846153846 0.06353693181818185 0.05367307692307692
0 0.6379261363636364 0.040644230769230766 0.025397727272727266 0.037903846153846156
0 0.6161576704545454 0.03384615384615385 0.03140624999999994 0.05615384615384616
0 0.5427059659090909 0.4058846153846154 0.021803977272727305 0.03461538461538462
0 0.9007315340909091 0.2295096153846154 0.031917613636363674 0.04828846153846154
0 0.8742116477272727 0.252 0.02407670454545445 0.0305
0 0.888409090909091 0.21923076923076923 0.04105113636363633 0.04961538461538464
0 0.8696306818181818 0.20835576923076923 0.03028409090909098 0.04221153846153844
0 0.81796875 0.22309615384615383 0.03372159090909092 0.03592307692307691
0 0.7277698863636363 0.04576923076923078 0.03749999999999997 0.051115384615384625
0 0.7479616477272728 0.006836538461538462 0.041321022727272776 0.013288461538461539
0 0.7668465909090909 0.06906730769230769 0.03980113636363634 0.04717307692307693
0 0.7769673295454546 0.029240384615384613 0.04214488636363647 0.05225
0 0.701875 0.11302884615384615 0.02869318181818188 0.0358653846153846
0 0.5627485795454545 0.4052403846153846 0.02038352272727276 0.029942307692307678
0 0.7001065340909091 0.14143269230769231 0.03742897727272731 0.048480769230769244
0 0.6776491477272727 0.13646153846153847 0.022428977272727222 0.042576923076923075
0 0.664296875 0.13496153846153847 0.017911931818181837 0.029692307692307702
0 0.6669673295454545 0.15550961538461539 0.03240056818181818 0.028057692307692315
0 0.6458522727272727 0.13255769230769232 0.022073863636363586 0.03115384615384616
0 0.6402201704545455 0.10906730769230769 0.02294034090909096 0.029057692307692305
0 0.6115909090909091 0.1254326923076923 0.03622159090909091 0.04563461538461539
0 0.6058238636363636 0.09975961538461539 0.011193181818181812 0.016250000000000004
0 0.626903409090909 0.08660576923076922 0.03463068181818181 0.039134615384615386
0 0.5909303977272727 0.10324038461538462 0.022542613636363642 0.02817307692307692
0 0.5726704545454546 0.3815384615384615 0.02857954545454546 0.03757692307692306
0 0.6027485795454546 0.07621153846153846 0.023906249999999976 0.036884615384615384
0 0.5814346590909091 0.080875 0.021335227272727245 0.034942307692307696
0 0.5742755681818181 0.07137500000000001 0.022499999999999964 0.03109615384615385
0 0.5311576704545454 0.08608653846153846 0.026036931818181876 0.042096153846153846
0 0.5568607954545454 0.059298076923076926 0.02536931818181812 0.03140384615384615
0 0.576015625 0.044048076923076926 0.021349431818181778 0.02771153846153846
0 0.5455610795454545 0.03854807692307693 0.025553977272727287 0.03275
0 0.5841193181818182 0.0077211538461538455 0.025340909090909056 0.015442307692307691
0 0.5553764204545455 0.012 0.0400710227272727 0.023961538461538465
0 0.44206676136363643 0.008951923076923078 0.043082386363636344 0.017903846153846156
0 0.6022727272727273 0.6480769230769231 0.03409090909090909 0.046153846153846156
0 0.5647940340909091 0.43515384615384617 0.03481534090909089 0.03711538461538464
0 0.47995738636363633 0.009807692307692307 0.01812499999999999 0.01953846153846154
0 0.49167613636363633 0.022615384615384617 0.018693181818181855 0.03284615384615385
0 0.4594176136363636 0.019403846153846153 0.02318181818181817 0.03880769230769231
0 0.4727911931818182 0.029701923076923077 0.023536931818181808 0.044403846153846155
0 0.49600852272727275 0.005028846153846155 0.018750000000000065 0.01005769230769231
0 0.5075426136363637 0.02610576923076923 0.01857954545454551 0.05213461538461538
0 0.4829261363636364 0.054317307692307686 0.022869318181818133 0.046865384615384614
0 0.5326775568181819 0.021374999999999998 0.03345170454545448 0.04263461538461538
0 0.49636363636363634 0.19717307692307692 0.023778409090909104 0.0445
0 0.5150213068181818 0.18882692307692306 0.026946022727272766 0.057999999999999996
0 0.5025923295454545 0.48481730769230774 0.06586647727272728 0.030826923076923078
0 0.5052201704545455 0.24624038461538464 0.029815340909090923 0.05001923076923078
0 0.8134730113636363 0.060038461538461534 0.03382102272727281 0.08776923076923077
0 0.8033593750000001 0.057567307692307695 0.02714488636363638 0.03205769230769231
0 0.7982031249999999 0.08289423076923078 0.02595170454545468 0.03817307692307693
0 0.8684232954545454 0.06339423076923077 0.04522727272727261 0.08086538461538462
0 0.847940340909091 0.09403846153846153 0.044914772727272734 0.10088461538461538
0 0.42466619318181825 0.7723653846153846 0.0275426136363637 0.03911538461538468
0 0.4854758522727272 0.8113076923076923 0.02257102272727279 0.0398461538461539
0 0.46982244318181815 0.8192211538461539 0.02620738636363643 0.06367307692307694
0 0.4395170454545454 0.796298076923077 0.04301136363636368 0.05494230769230768
0 0.5440056818181819 0.46097115384615384 0.02894886363636363 0.05278846153846157
0 0.43998579545454547 0.8472307692307692 0.03749999999999997 0.04511538461538468
0 0.8150781250000001 0.8410192307692307 0.06737215909090902 0.09515384615384619
0 0.8154545454545453 0.8717788461538462 0.028693181818181722 0.04059615384615387
0 0.8783025568181819 0.8336826923076923 0.02637784090909098 0.04186538461538458
0 0.8623295454545455 0.8103076923076923 0.03480113636363636 0.055730769230769264
0 0.8544957386363637 0.8730384615384615 0.04555397727272734 0.07215384615384612
0 0.8246874999999999 0.9126153846153846 0.025823863636363565 0.03915384615384618
0 0.8465411931818181 0.9160384615384616 0.022826704545454615 0.04907692307692315
0 0.8792329545454546 0.9090480769230769 0.04318181818181815 0.04040384615384614
0 0.9130681818181817 0.8872403846153847 0.026136363636363603 0.03705769230769227
0 0.5194886363636364 0.4551153846153846 0.029517045454545497 0.047807692307692336
0 0.8213352272727273 0.12055769230769231 0.029431818181818222 0.03765384615384616
0 0.8098366477272727 0.15224038461538464 0.054133522727272586 0.07759615384615384
0 0.8071875 0.14616346153846152 0.02065340909090904 0.03594230769230769
0 0.6578267045454546 0.2262980769230769 0.05684659090909088 0.0940576923076923
0 0.6915056818181818 0.21926923076923077 0.027642045454545506 0.03826923076923078
0 0.7245525568181818 0.20121153846153844 0.03151988636363628 0.05338461538461539
0 0.7744886363636364 0.20942307692307693 0.02798295454545461 0.03880769230769229
0 0.7519673295454545 0.21726923076923074 0.02632102272727269 0.03565384615384617
0 0.7963352272727273 0.21281730769230767 0.040198863636363574 0.049826923076923095
0 0.9796022727272727 0.35853846153846153 0.040795454545454586 0.04915384615384616
0 0.5805326704545455 0.4681730769230769 0.0332244318181818 0.04392307692307693
0 0.9704048295454545 0.5758365384615385 0.03265625000000001 0.04105769230769235
0 0.9338139204545454 0.5543173076923077 0.0449005681818182 0.06394230769230769
0 0.9265269886363636 0.5844134615384615 0.03615056818181825 0.07717307692307691
0 0.8687926136363638 0.5596442307692308 0.02681818181818181 0.03948076923076918
0 0.8992613636363637 0.5158653846153847 0.03761363636363639 0.04784615384615384
0 0.8822301136363635 0.5263269230769231 0.05988636363636359 0.08611538461538457
0 0.9012642045454545 0.5804807692307693 0.02482954545454548 0.030615384615384645
0 0.8841832386363637 0.5876442307692309 0.01850852272727269 0.034480769230769245
0 0.864765625 0.5923557692307692 0.022372159090909092 0.0329807692307693
0 0.8814488636363635 0.6134326923076924 0.021051136363636435 0.027326923076923037
0 0.5869105113636364 0.49761538461538457 0.024531249999999973 0.030923076923076945
0 0.9015838068181817 0.6067788461538461 0.0254119318181818 0.03386538461538453
0 0.9117116477272728 0.47916346153846157 0.021008522727272674 0.02721153846153847
0 0.9156889204545454 0.5049134615384615 0.024105113636363674 0.028903846153846155
0 0.9133380681818182 0.45501923076923073 0.07497159090909088 0.13619230769230767
0 0.7576917613636364 0.35152884615384616 0.04066761363636363 0.04994230769230769
0 0.7889559659090909 0.2605192307692308 0.020071022727272722 0.02757692307692303
0 0.7811363636363636 0.27690384615384617 0.026278409090909092 0.03396153846153845
0 0.804765625 0.27249999999999996 0.02359375000000002 0.03396153846153845
0 0.7765909090909091 0.24706730769230767 0.03178977272727272 0.039557692307692294
0 0.7012855113636364 0.20825961538461538 0.03595170454545455 0.04398076923076924
0 0.5717755681818182 0.5080288461538461 0.024573863636363654 0.03678846153846153
0 0.7138423295454546 0.23975 0.025781249999999967 0.03169230769230767
0 0.7356036931818182 0.23430769230769233 0.020184659090909142 0.027076923076923075
0 0.7393252840909091 0.2640961538461538 0.029019886363636452 0.0384230769230769
0 0.7148792613636363 0.2615096153846154 0.02867897727272727 0.030173076923076973
0 0.7526704545454546 0.29124999999999995 0.02593749999999999 0.040423076923076944
0 0.7605610795454545 0.3122884615384615 0.02697443181818167 0.032346153846153886
0 0.8187713068181818 0.29841346153846154 0.03544034090909081 0.05467307692307688
0 0.7976136363636364 0.3441153846153846 0.02926136363636367 0.04061538461538462
0 0.7954829545454545 0.3619423076923077 0.019573863636363598 0.01846153846153845
0 0.7829829545454546 0.37725000000000003 0.04477272727272725 0.06965384615384615
0 0.5545383522727273 0.5176634615384615 0.0214630681818182 0.03090384615384625
0 0.85015625 0.31549038461538464 0.037698863636363586 0.05809615384615386
0 0.8233380681818182 0.33600961538461543 0.03093749999999996 0.05005769230769231
0 0.31686079545454543 0.6141346153846154 0.024488636363636376 0.051923076923076926
0 0.3385795454545455 0.6192692307692307 0.025653409090909053 0.042038461538461566
0 0.3525 0.6314326923076924 0.05088068181818181 0.06786538461538466
0 0.3898934659090909 0.6366538461538461 0.04183238636363635 0.0649230769230769
0 0.3538139204545454 0.670701923076923 0.03302556818181814 0.03728846153846151
0 0.922372159090909 0.9357307692307693 0.03207386363636369 0.0404615384615385
0 0.9540838068181817 0.966625 0.02055397727272715 0.043826923076923006
0 0.9772585227272728 0.9355384615384615 0.034261363636363645 0.051923076923076926
0 0.5465696022727272 0.5145192307692308 0.03830965909090905 0.051615384615384674
0 0.9884161931818182 0.974923076923077 0.023025568181818234 0.050153846153846125
0 0.9357883522727274 0.9707692307692308 0.0323721590909092 0.05842307692307691
0 0.24285511363636364 0.5010192307692308 0.029687499999999967 0.035384615384615396
0 0.26306107954545455 0.5110384615384616 0.022769886363636364 0.028961538461538466
0 0.02828835227272727 0.5232115384615385 0.05231534090909091 0.06169230769230777
0 0.20283380681818183 0.6158942307692308 0.028877840909090926 0.03759615384615387
0 0.21876420454545453 0.6083846153846154 0.03997159090909093 0.046076923076923036
0 0.22409801136363636 0.5687307692307693 0.03410511363636366 0.07284615384615384
0 0.24757102272727272 0.5911538461538461 0.04394886363636363 0.065423076923077
0 0.2536079545454546 0.5419807692307692 0.04605113636363634 0.058884615384615396
0 0.6254261363636363 0.5917403846153847 0.024261363636363612 0.06867307692307688
0 0.27801136363636364 0.5230865384615384 0.0208806818181818 0.030865384615384527
0 0.2859303977272727 0.5941346153846153 0.05078125 0.0761923076923077
0 0.288828125 0.5384326923076923 0.030468749999999985 0.042596153846153804
0 0.2949005681818182 0.5567596153846154 0.02974431818181822 0.03286538461538457
0 0.500674715909091 0.11277884615384616 0.08944602272727269 0.16225
0 0.4998579545454545 0.05244230769230769 0.0158238636363637 0.031269230769230764
0 0.7970809659090908 0.013317307692307694 0.017968749999999967 0.024634615384615387
0 0.5700639204545455 0.22467307692307695 0.01637784090909087 0.02538461538461539
0 0.5899786931818182 0.2241153846153846 0.052997159090909095 0.05588461538461536
0 0.5429190340909091 0.2120576923076923 0.04248579545454549 0.05373076923076923
0 0.5951704545454546 0.6990384615384615 0.03125 0.04807692307692308
0 0.6381321022727273 0.6167115384615385 0.024815340909090947 0.03999999999999991
0 0.547265625 0.2673846153846154 0.06754261363636366 0.07753846153846153
0 0.20175426136363636 0.6557980769230769 0.04578125 0.05305769230769226
0 0.2541832386363636 0.6256923076923078 0.03700284090909092 0.029653846153846183
0 0.23147727272727273 0.6531634615384615 0.031704545454545444 0.04844230769230769
0 0.28988636363636366 0.6334038461538462 0.03133522727272728 0.029192307692307705
0 0.2663707386363636 0.6457403846153845 0.02407670454545453 0.030365384615384655
0 0.2966335227272727 0.6563173076923077 0.037585227272727284 0.055249999999999924
0 0.3697372159090909 0.6894423076923076 0.03552556818181821 0.047038461538461605
0 0.3987428977272728 0.6827788461538461 0.04339488636363638 0.04609615384615379
0 0.4085724431818182 0.6960576923076923 0.03521306818181813 0.043076923076923034
0 0.6479829545454545 0.5910576923076923 0.024005681818181787 0.048846153846153914
0 0.2609161931818182 0.6689615384615385 0.03774147727272726 0.058192307692307675
0 0.23743607954545454 0.6778076923076922 0.016463068181818145 0.02523076923076924
0 0.24264204545454546 0.6975961538461538 0.03656250000000001 0.04150000000000008
0 0.2775639204545455 0.6797307692307692 0.02370738636363636 0.03238461538461534
0 0.4053622159090909 0.7426057692307692 0.050980113636363615 0.05344230769230773
0 0.38888494318181815 0.719125 0.02393465909090904 0.030711538461538512
0 0.3652769886363636 0.7130288461538461 0.025838068181818177 0.04055769230769226
0 0.32193181818181815 0.7037403846153847 0.014914772727272728 0.05732692307692308
0 0.33990767045454545 0.6897980769230769 0.02782670454545455 0.032673076923076944
0 0.3402059659090909 0.7191538461538463 0.028764204545454544 0.03088461538461539
0 0.6729616477272727 0.6150096153846154 0.02836647727272731 0.04451923076923073
0 0.30170454545454545 0.689548076923077 0.031221590909090893 0.04286538461538455
0 0.28031249999999996 0.7059519230769231 0.02187500000000001 0.025750000000000082
0 0.24735795454545453 0.721201923076923 0.043039772727272704 0.04159615384615384
0 0.2735795454545455 0.7442211538461538 0.045767045454545456 0.06840384615384613
0 0.3023863636363636 0.7185576923076923 0.02531249999999999 0.029999999999999933
0 0.3034872159090909 0.7418173076923077 0.021434659090909056 0.027750000000000014
0 0.3229971590909091 0.7502788461538461 0.03519886363636364 0.043711538461538496
0 0.3434730113636364 0.7551634615384616 0.028480113636363654 0.03928846153846144
0 0.2867116477272727 0.7885 0.045014204545454545 0.07373076923076918
0 0.29978693181818183 0.803201923076923 0.02269886363636362 0.028711538461538476
0 0.6864204545454545 0.6023653846153847 0.053494318181818136 0.060346153846153834
0 0.3190482954545455 0.8000288461538462 0.029999999999999968 0.03878846153846157
0 0.3739985795454545 0.7603076923076924 0.05086647727272728 0.05492307692307693
0 0.33046875000000003 0.7965288461538461 0.05062499999999998 0.06901923076923075
0 0.2899573863636364 0.8513942307692308 0.07142045454545455 0.0818653846153846
0 0.36974431818181813 0.8394807692307692 0.10789772727272724 0.1297692307692307
0 0.4032173295454546 0.863778846153846 0.031008522727272704 0.050557692307692345
0 0.27592329545454547 0.931826923076923 0.03846590909090907 0.04930769230769228
0 0.26970170454545456 0.977875 0.030909090909090896 0.044249999999999984
0 0.2921377840909091 0.9639038461538462 0.019019886363636385 0.05503846153846144
0 0.44617187500000005 0.8884807692307692 0.031065340909090914 0.03753846153846151
0 0.008664772727272728 0.969076923076923 0.017329545454545455 0.03938461538461531
0 0.45946022727272734 0.9094230769230769 0.03525568181818181 0.039461538461538534
0 0.4294886363636364 0.9041442307692307 0.03568181818181819 0.05771153846153855
0 0.5838139204545455 0.847548076923077 0.027883522727272722 0.03651923076923079
0 0.5781036931818182 0.864951923076923 0.05393465909090913 0.06667307692307696
0 0.535390625 0.8482403846153845 0.033196022727272734 0.03944230769230767
0 0.5270454545454545 0.8686153846153847 0.02312500000000004 0.03476923076923085
0 0.5229261363636364 0.8970384615384616 0.03434659090909092 0.03646153846153842
0 0.5139275568181818 0.876 0.02311079545454543 0.04119230769230772
0 0.6222230113636363 0.9485288461538461 0.02509943181818184 0.03425
0 0.6364488636363637 0.9740000000000001 0.028551136363636397 0.04469230769230771
0 0.016370738636363638 0.9061826923076922 0.032741477272727276 0.06394230769230769
0 0.6651775568181818 0.9833076923076924 0.02745738636363634 0.033307692307692295
0 0.6895383522727273 0.9893461538461539 0.0261789772727272 0.021230769230769272
0 0.7260227272727273 0.9897692307692308 0.018977272727272666 0.020461538461538434
0 0.8272372159090909 0.9730384615384615 0.03870738636363636 0.05392307692307696
0 0.7957315340909091 0.9768173076923077 0.03586647727272727 0.04632692307692314
0 0.7013778409090908 0.9581153846153847 0.08025568181818182 0.08361538461538465
0 0.7705326704545453 0.9667211538461539 0.018593750000000044 0.026173076923076948
0 0.7631534090909091 0.9784230769230768 0.027443181818181728 0.03538461538461545
0 0.7752911931818183 0.9559519230769231 0.03697443181818194 0.043173076923076904
0 0.9001136363636365 0.9732115384615384 0.04454545454545456 0.0535384615384616
0 0.018501420454545454 0.722548076923077 0.03677556818181818 0.04390384615384613
0 0.8683948863636364 0.9844038461538461 0.024062500000000077 0.031192307692307745
0 0.3370383522727272 0.9558076923076922 0.03154829545454547 0.050192307692307626
0 0.97125 0.8748942307692308 0.025028409090909098 0.043673076923076995
0 0.9659588068181818 0.8468365384615385 0.02066761363636357 0.03348076923076928
0 0.9512286931818181 0.8071730769230769 0.04328125000000004 0.04853846153846156
0 0.9922088068181818 0.8415192307692307 0.015582386363636402 0.026192307692307702
0 0.9931392045454547 0.8158942307692307 0.013721590909090864 0.02628846153846157
0 0.9774928977272727 0.8268461538461538 0.031690340909090835 0.0386923076923077
0 0.9832386363636364 0.8803461538461538 0.03349431818181824 0.07361538461538467
0 0.3066761363636364 0.9423750000000001 0.015113636363636345 0.017788461538461538
0 0.014076704545454545 0.7554711538461539 0.01573863636363636 0.030249999999999926
0 0.3102698863636364 0.9614230769230769 0.020568181818181805 0.026692307692307682
0 0.32207386363636364 0.9905865384615385 0.018579545454545474 0.018826923076923116
0 0.2985866477272727 0.991326923076923 0.02904829545454548 0.01734615384615381
0 0.3262286931818182 0.983201923076923 0.03805397727272726 0.03348076923076928
0 0.9251988636363635 0.6481442307692307 0.01894886363636368 0.03074999999999991
0 0.9130610795454547 0.6438461538461537 0.018224431818181876 0.0345384615384615
0 0.888387784090909 0.6399711538461538 0.018849431818181793 0.024249999999999917
0 0.9013778409090908 0.6324134615384616 0.01588068181818175 0.018711538461538498
0 0.005071022727272728 0.767826923076923 0.010085227272727273 0.08003846153846154
0 0.021938920454545454 0.8841730769230769 0.04387784090909091 0.03157692307692311
0 0.6943110795454545 0.47588461538461535 0.03134943181818181 0.03453846153846155
0 0.014836647727272724 0.8400865384615385 0.02958806818181818 0.06121153846153843
0 0.03114346590909091 0.7593461538461539 0.020610795454545455 0.036346153846153806
0 0.01870738636363636 0.7799134615384614 0.022471590909090906 0.027750000000000014
0 0.010795454545454546 0.8022692307692307 0.018579545454545456 0.030923076923077
0 0.028004261363636363 0.8009134615384615 0.01768465909090909 0.02924999999999996
0 0.03372159090909091 0.9111442307692307 0.054460227272727264 0.07290384615384621
0 0.05361505681818182 0.9105096153846155 0.020667613636363644 0.030942307692307644
0 0.0490340909090909 0.938 0.055653409090909094 0.043692307692307746
0 0.04282670454545454 0.8298557692307692 0.04548295454545454 0.0919807692307692
0 0.06807528409090909 0.7861730769230769 0.05259943181818182 0.06880769230769225
0 0.7180539772727272 0.4901346153846154 0.028437499999999973 0.04215384615384613
0 0.07229403409090908 0.8582788461538461 0.032656250000000005 0.04698076923076924
0 0.06686079545454546 0.8998846153846154 0.022897727272727278 0.03938461538461542
0 0.07860085227272727 0.8164326923076923 0.05467329545454545 0.05309615384615387
0 0.09326704545454545 0.8761826923076923 0.04113636363636364 0.055365384615384546
0 0.1201278409090909 0.9037403846153848 0.025596590909090902 0.051326923076923076
0 0.19796875 0.8861634615384616 0.01599431818181817 0.024673076923077002
0 0.10160511363636364 0.5827307692307692 0.04130681818181817 0.039576923076923044
0 0.10788352272727271 0.6078076923076923 0.028749999999999994 0.03926923076923069
0 0.16959517045454545 0.974826923076923 0.04754261363636363 0.05034615384615386
0 0.14430397727272729 0.9008461538461539 0.024744318181818183 0.033192307692307674
0 0.6963281250000001 0.49668269230769224 0.020610795454545524 0.037519230769230694
0 0.14208806818181818 0.9666538461538461 0.02386363636363638 0.03257692307692307
0 0.13258522727272729 0.9426442307692308 0.02477272727272727 0.038019230769230736
0 0.15113636363636365 0.934298076923077 0.04911931818181818 0.051326923076923076
0 0.11870738636363636 0.971201923076923 0.03252840909090908 0.04221153846153844
0 0.10355823863636364 0.9775961538461538 0.029502840909090913 0.044807692307692326
0 0.0856534090909091 0.9742596153846154 0.02301136363636364 0.0360192307692308
0 0.0690340909090909 0.9810865384615384 0.016619318181818186 0.026942307692307564
0 0.0824502840909091 0.9942307692307693 0.017088068181818183 0.011500000000000035
0 0.154765625 0.8643461538461539 0.02970170454545454 0.04092307692307698
0 0.1265411931818182 0.8445 0.038821022727272725 0.050730769230769225
0 0.7317755681818183 0.5143557692307693 0.09360795454545451 0.07755769230769227
0 0.1419034090909091 0.8165288461538462 0.03130681818181819 0.04328846153846163
0 0.16007102272727272 0.8268942307692307 0.02846590909090908 0.038980769230769194
0 0.007663352272727273 0.5686057692307692 0.015213068181818184 0.04755769230769234
0 0.014758522727272728 0.6073942307692308 0.021818181818181816 0.03405769230769227
0 0.03125710227272727 0.6297692307692309 0.023451704545454546 0.04961538461538464
0 0.026654829545454548 0.6517596153846154 0.02021306818181818 0.02686538461538456
0 0.04725852272727273 0.6509807692307692 0.021619318181818184 0.030461538461538522
0 0.03659090909090909 0.6851346153846154 0.022130681818181817 0.04726923076923074
0 0.05129971590909091 0.6734230769230768 0.024730113636363637 0.03353846153846153
0 0.06345880681818182 0.6639519230769231 0.01498579545454546 0.027788461538461626
