0 0.40693181818181823 0.962 0.04826704545454548 0.04461538461538459
0 0.9014559659090909 0.7276538461538461 0.053366477272727184 0.07161538461538464
0 0.9414417613636364 0.22272115384615385 0.028991477272727228 0.038480769230769214
0 0.7526420454545455 0.28240384615384617 0.06553977272727263 0.06830769230769233
0 0.7627911931818182 0.265125 0.07075284090909083 0.06359615384615386
0 0.5148579545454546 0.2918557692307692 0.05741477272727275 0.046211538461538464
0 0.5768963068181818 0.3067115384615385 0.05450284090909092 0.08311538461538462
0 0.6403977272727274 0.2861153846153846 0.019573863636363677 0.024000000000000035
0 0.5005681818181817 0.25476923076923075 0.02778409090909091 0.03438461538461535
0 0.5550710227272727 0.2610480769230769 0.01931818181818177 0.04263461538461542
0 0.6345738636363637 0.2606826923076923 0.029630681818181837 0.036173076923076926
0 0.6237286931818182 0.22523076923076923 0.02856534090909093 0.04692307692307691
0 0.7900923295454546 0.7351923076923077 0.024588068181818103 0.031423076923076984
0 0.5345667613636363 0.2624711538461538 0.02856534090909093 0.05551923076923075
0 0.5716122159090908 0.26337499999999997 0.01904829545454549 0.039403846153846143
0 0.584169034090909 0.2533365384615385 0.015610795454545467 0.02363461538461537
0 0.5976633522727273 0.25621153846153844 0.02248579545454551 0.03438461538461535
0 0.5889346590909091 0.22522115384615385 0.04312500000000002 0.04190384615384614
0 0.44341619318181813 0.19048076923076923 0.025667613636363627 0.0368846153846154
0 0.477684659090909 0.1743557692307692 0.022755681818181873 0.03117307692307691
0 0.4496377840909091 0.21178846153846154 0.05555397727272729 0.05446153846153848
0 0.4692116477272728 0.15232692307692305 0.04444602272727276 0.06592307692307692
0 0.543828125 0.15089423076923078 0.03279829545454542 0.05086538461538462
0 0.8399715909090908 0.731423076923077 0.023210227272727316 0.03769230769230763
0 0.5491193181818181 0.1299423076923077 0.025397727272727266 0.034038461538461545
0 0.6175142045454546 0.09554807692307693 0.02937500000000001 0.03475
0 0.6245241477272727 0.06994230769230769 0.02856534090909093 0.039384615384615386
0 0.16188210227272729 0.20618269230769232 0.02842329545454546 0.032980769230769244
0 0.6086434659090909 0.05901923076923077 0.027514204545454553 0.03619230769230769
0 0.5124715909090909 0.08391346153846153 0.020909090909090867 0.02505769230769231
0 0.48284090909090904 0.06797115384615385 0.02460227272727272 0.03617307692307692
0 0.5050639204545454 0.06815384615384615 0.021434659090909136 0.032230769230769236
0 0.5180255681818182 0.08374038461538462 0.05053977272727279 0.07486538461538461
0 0.5118110795454546 0.11901923076923077 0.024872159090909077 0.04084615384615385
0 0.12838068181818182 0.5224038461538462 0.025511363636363627 0.03769230769230763
0 0.47120028409090914 0.036451923076923076 0.025127840909090905 0.03332692307692308
0 0.4606107954545454 0.01651923076923077 0.030426136363636388 0.03303846153846154
0 0.44672585227272726 0.05059615384615385 0.024332386363636358 0.0436923076923077
0 0.4758309659090909 0.10701923076923078 0.06615056818181818 0.07126923076923079
0 0.4353480113636364 0.08445192307692308 0.020639204545454506 0.03332692307692307
0 0.7081321022727273 0.058653846153846154 0.050269886363636426 0.05838461538461538
0 0.6901420454545455 0.013125 0.031221590909090935 0.02625
0 0.7168607954545455 0.025653846153846152 0.04338068181818193 0.051307692307692304
0 0.7406747159090908 0.018673076923076924 0.02274147727272742 0.03734615384615385
0 0.8847088068181819 0.198375 0.03654829545454548 0.04948076923076921
0 0.8870738636363636 0.7194903846153846 0.03480113636363636 0.05024999999999999
0 0.9859232954545454 0.23607692307692307 0.024374999999999956 0.03534615384615384
0 0.9226988636363636 0.2078076923076923 0.0440909090909092 0.04161538461538462
0 0.6607670454545455 0.020336538461538465 0.029630681818181837 0.04048076923076923
0 0.993544034090909 0.21565384615384617 0.012911931818181864 0.02119230769230771
0 0.9754829545454545 0.19170192307692308 0.023210227272727157 0.03140384615384615
0 0.8522230113636364 0.0884423076923077 0.03305397727272725 0.04161538461538462
0 0.945028409090909 0.14026923076923076 0.02610795454545454 0.05419230769230769
0 0.8461363636363637 0.053884615384615385 0.02900568181818176 0.032192307692307694
0 0.7562286931818182 0.03425961538461539 0.028991477272727387 0.04790384615384615
0 0.7756605113636365 0.020076923076923076 0.03538352272727268 0.04015384615384615
0 0.826981534090909 0.7483846153846153 0.03433238636363631 0.041461538461538466
0 0.8716548295454545 0.030336538461538463 0.03365056818181826 0.038480769230769235
0 0.9891903409090909 0.1665769230769231 0.021619318181818222 0.032999999999999995
0 0.9667826704545455 0.1665769230769231 0.024360795454545583 0.03926923076923077
0 0.893984375 0.08216346153846153 0.03538352272727285 0.035326923076923075
0 0.9751917613636363 0.1300576923076923 0.03771306818181812 0.05261538461538461
0 0.8968892045454545 0.04957692307692308 0.037698863636363586 0.05653846153846154
0 0.9667826704545455 0.09550961538461539 0.01740056818181818 0.051057692307692304
0 0.948515625 0.08883653846153847 0.020298295454545402 0.06125
0 0.9206676136363637 0.047605769230769236 0.030738636363636343 0.05105769230769231
0 0.9253125 0.03582692307692308 0.03306818181818178 0.04476923076923077
0 0.5006676136363637 0.9846153846153847 0.033409090909090965 0.03076923076923077
0 0.3699289772727273 0.0075096153846153845 0.02204545454545456 0.015019230769230769
0 0.41343039772727275 0.012663461538461538 0.03481534090909089 0.023557692307692307
0 0.32381392045454543 0.09511538461538462 0.02262784090909092 0.03611538461538462
0 0.4200994318181818 0.03897115384615385 0.03190340909090914 0.03690384615384615
0 0.3246803977272727 0.017326923076923077 0.02436079545454546 0.03465384615384615
0 0.4247372159090909 0.06763461538461539 0.0214630681818182 0.028269230769230776
0 0.32323863636363637 0.04564423076923077 0.03306818181818182 0.03924999999999999
0 0.4073366477272727 0.09354807692307691 0.02842329545454544 0.03613461538461538
0 0.3574573863636364 0.04564423076923077 0.029573863636363627 0.03771153846153846
0 0.37543323863636363 0.08215384615384615 0.02842329545454544 0.05261538461538461
0 0.5398721590909091 0.9494423076923078 0.051505681818181805 0.0898461538461539
0 0.2759161931818182 0.10807692307692308 0.019303977272727278 0.024615384615384622
0 0.06328125 0.7644807692307691 0.019375 0.036076923076923166
0 0.04430397727272727 0.7398846153846154 0.03471590909090909 0.05026923076923074
0 0.06999289772727273 0.2773846153846154 0.01606534090909091 0.02396153846153848
0 0.9540198863636363 0.051923076923076926 0.02784090909090896 0.03926923076923077
0 0.35088068181818177 0.30191346153846155 0.01605113636363634 0.021750000000000005
0 0.06587357954545454 0.26176923076923075 0.022656250000000003 0.02173076923076925
0 0.06484374999999999 0.24225961538461538 0.026363636363636367 0.02509615384615384
0 0.9906392045454546 0.11592307692307692 0.018721590909090837 0.033769230769230774
0 0.9920880681818183 0.19680769230769232 0.01582386363636362 0.04161538461538462
0 0.9469318181818182 0.810903846153846 0.022727272727272728 0.032038461538461585
0 0.007705965909090909 0.9820384615384615 0.015411931818181818 0.02984615384615381
0 0.006839488636363637 0.9482692307692309 0.013678977272727273 0.040846153846153865
0 0.6992755681818181 0.5855192307692308 0.029573863636363627 0.033769230769230774
0 0.6763636363636363 0.6467692307692308 0.0208806818181818 0.03219230769230771
0 0.6769531249999999 0.6043653846153846 0.024360795454545423 0.04161538461538459
0 0.6833309659090909 0.6259711538461539 0.023196022727272784 0.023557692307692307
0 0.6955042613636363 0.6236153846153846 0.01740056818181818 0.047115384615384615
0 0.715518465909091 0.6102596153846155 0.023792613636363636 0.04867307692307693
0 0.6612855113636363 0.5187788461538462 0.023196022727272704 0.03690384615384615
0 0.7015980113636364 0.5120961538461538 0.02842329545454544 0.0392692307692308
0 0.8638707386363635 0.7408461538461538 0.025525568181818222 0.03896153846153844
0 0.7688778409090908 0.5317307692307692 0.023778409090909104 0.031423076923076984
0 0.8207954545454546 0.4834326923076923 0.03017045454545456 0.036903846153846204
0 0.6778196022727273 0.5215192307692308 0.020298295454545402 0.04396153846153849
0 0.7581534090909091 0.4017692307692308 0.03363636363636373 0.035346153846153895
0 0.8274644886363636 0.46026923076923076 0.03305397727272725 0.05496153846153843
0 0.8526988636363636 0.3789903846153846 0.0417613636363636 0.05732692307692308
0 0.9002556818181818 0.3236346153846154 0.0417613636363636 0.054961538461538485
0 0.8422585227272728 0.35347115384615385 0.03596590909090916 0.045557692307692306
0 0.006839488636363637 0.099875 0.013678977272727273 0.03828846153846155
0 0.4168039772727273 0.2775480769230769 0.07249999999999995 0.09128846153846154
0 0.9962428977272727 0.9239807692307693 0.007514204545454494 0.043192307692307655
0 0.8151491477272728 0.7637788461538461 0.027372159090909065 0.053403846153846225
0 0.2514914772727273 0.24515384615384614 0.03480113636363636 0.04219230769230766
0 0.38344460227272725 0.2260096153846154 0.05075284090909089 0.07067307692307692
0 0.34865056818181817 0.21521153846153845 0.03624999999999998 0.053000000000000005
0 0.09488636363636366 0.007971153846153845 0.02900568181818182 0.01594230769230769
0 0.2311931818181818 0.008961538461538462 0.02755681818181819 0.017923076923076924
0 0.017663352272727275 0.07533653846153845 0.02828125 0.0500576923076923
0 0.01768465909090909 0.005057692307692307 0.02928977272727273 0.010115384615384615
0 0.027080965909090905 0.028461538461538458 0.024389204545454544 0.03484615384615384
0 0.04553977272727273 0.04623076923076923 0.02946022727272727 0.028192307692307694
0 0.092109375 0.04083653846153846 0.023366477272727268 0.0504423076923077
0 0.8401988636363636 0.7763461538461538 0.023664772727272843 0.032038461538461474
0 0.04443892045454545 0.07327884615384617 0.026917613636363635 0.02728846153846154
0 0.11259232954545455 0.047259615384615386 0.026406250000000006 0.044942307692307684
0 0.05290482954545454 0.17896153846153848 0.027940340909090908 0.036
0 0.10226562500000001 0.19959615384615387 0.022343750000000006 0.036
0 0.010234375 0.28018269230769227 0.02046875 0.0559423076923077
0 0.14095880681818185 0.2579423076923077 0.03708806818181818 0.047230769230769236
0 0.01776988636363636 0.3104326923076923 0.026420454545454542 0.03851923076923077
0 0.01919034090909091 0.20422115384615383 0.019147727272727275 0.01805769230769231
0 0.03919744318181818 0.21835576923076921 0.01740056818181818 0.029057692307692305
0 0.045291193181818186 0.21010576923076923 0.02262784090909091 0.032980769230769216
0 0.8954190340909091 0.7694326923076923 0.027372159090909065 0.033288461538461545
0 0.15115056818181818 0.18301923076923074 0.022045454545454538 0.027499999999999993
0 0.18798295454545455 0.13315384615384618 0.03190340909090908 0.05496153846153846
0 0.24685369318181818 0.2199326923076923 0.03365056818181818 0.03690384615384615
0 0.2558380681818182 0.4354903846153846 0.04465909090909095 0.07225000000000004
0 0.28774147727272725 0.42330769230769233 0.038863636363636385 0.06361538461538459
0 0.020639204545454544 0.41546153846153844 0.027840909090909086 0.05576923076923077
0 0.03949573863636364 0.4264519230769231 0.03538352272727272 0.07301923076923077
0 0.17318892045454548 0.18694230769230769 0.022031250000000006 0.04946153846153846
0 0.06646306818181819 0.4523653846153846 0.03247159090909091 0.054192307692307706
0 0.16448863636363636 0.235625 0.033636363636363645 0.03690384615384615
0 0.8622443181818181 0.7804326923076923 0.021335227272727245 0.027634615384615393
0 0.07022727272727272 0.9615673076923077 0.07946022727272727 0.07686538461538467
0 0.020348011363636367 0.8846538461538461 0.03884943181818182 0.047115384615384615
0 0.12185369318181817 0.9921923076923078 0.027258522727272725 0.015615384615384625
0 0.012642045454545454 0.5823269230769231 0.02528409090909091 0.03926923076923069
0 0.012926136363636364 0.6176634615384615 0.025852272727272727 0.05024999999999999
0 0.04529119318181818 0.6215961538461539 0.04234375 0.047115384615384615
0 0.023657670454545456 0.9235288461538462 0.04731534090909091 0.04005769230769228
0 0.052826704545454545 0.9011538461538462 0.037698863636363635 0.04553846153846155
0 0.089375 0.8681730769230769 0.022613636363636357 0.031423076923076984
0 0.030788352272727273 0.9525865384615385 0.021463068181818184 0.03532692307692298
0 0.7849857954545455 0.7728846153846154 0.037585227272727326 0.05653846153846161
0 0.024119318181818183 0.9722211538461538 0.020880681818181816 0.03532692307692309
0 0.10183948863636365 0.9408076923076923 0.02552556818181819 0.035346153846153944
0 0.12127130681818182 0.868173076923077 0.03538352272727272 0.04553846153846155
0 0.11198863636363637 0.9031153846153847 0.024943181818181823 0.05576923076923077
0 0.1346164772727273 0.9023269230769231 0.023778409090909083 0.03534615384615384
0 0.12011363636363637 0.9600576923076923 0.02610795454545454 0.03769230769230763
0 0.12910511363636365 0.9353173076923077 0.024374999999999994 0.0306346153846154
0 0.15346590909090907 0.8245865384615384 0.08701704545454544 0.12328846153846146
0 0.2311931818181818 0.9557307692307693 0.033636363636363645 0.044769230769230825
0 0.015710227272727275 0.9941634615384614 0.029573863636363638 0.011673076923077019
0 0.8817329545454545 0.808701923076923 0.038039772727272686 0.05778846153846156
0 0.1494034090909091 0.9921923076923078 0.03017045454545454 0.015615384615384625
0 0.1595525568181818 0.9655384615384616 0.05046875 0.047115384615384726
0 0.16941761363636365 0.9863076923076923 0.023778409090909083 0.027384615384615403
0 0.19377840909090913 0.9914134615384614 0.02610795454545456 0.017173076923076937
0 0.20508522727272727 0.9730000000000001 0.03596590909090908 0.05103846153846158
0 0.25004261363636365 0.9552884615384616 0.07829545454545456 0.08942307692307692
0 0.20683238636363638 0.9298076923076923 0.029005681818181802 0.04319230769230776
0 0.22887073863636365 0.8300865384615385 0.03828124999999998 0.03532692307692309
0 0.3002130681818182 0.8929038461538461 0.02900568181818184 0.044769230769230714
0 0.2686008522727273 0.9949423076923077 0.01566761363636364 0.010115384615384597
0 0.8740767045454544 0.9695192307692307 0.026448863636363642 0.05026923076923085
0 0.30862215909090907 0.9796346153846153 0.04698863636363638 0.040730769230769244
0 0.2683096590909091 0.8249807692307692 0.029005681818181802 0.0392692307692308
0 0.31529829545454546 0.8206634615384616 0.03596590909090908 0.055750000000000015
0 0.3112357954545455 0.9556826923076924 0.05568181818181821 0.08863461538461534
0 0.10358664772727272 0.8540384615384616 0.02436079545454546 0.040846153846153865
0 0.3338565340909091 0.9431153846153846 0.048735795454545455 0.11376923076923082
0 0.23495738636363636 0.7892499999999999 0.05974431818181818 0.0714615384615385
0 0.11315340909090908 0.7684423076923076 0.03190340909090908 0.047115384615384615
0 0.05573153409090909 0.6683173076923077 0.03771306818181818 0.055750000000000015
0 0.1383877840909091 0.7786538461538461 0.030156250000000006 0.036115384615384674
0 0.8100426136363637 0.8099615384615385 0.03664772727272721 0.04523076923076919
0 0.05660511363636364 0.6922692307692309 0.02900568181818182 0.05026923076923074
0 0.13316761363636365 0.7358461538461538 0.04872159090909092 0.05103846153846158
0 0.07516335227272727 0.6730288461538462 0.023196022727272725 0.03690384615384615
0 0.13664772727272728 0.7056153846153845 0.03596590909090908 0.028269230769230748
0 0.07574573863636364 0.7067980769230768 0.044076704545454544 0.0306346153846154
0 0.08415482954545456 0.7437019230769231 0.03654829545454545 0.049480769230769155
0 0.09720170454545456 0.6447596153846153 0.034801136363636374 0.0479038461538462
0 0.21147017045454544 0.6855865384615385 0.06728693181818182 0.05732692307692308
0 0.08299005681818182 0.6255192307692308 0.03305397727272728 0.04396153846153849
0 0.21407670454545455 0.653798076923077 0.05857954545454547 0.04398076923076924
0 0.8652627840909091 0.8787500000000001 0.02830965909090918 0.05088461538461535
0 0.15665482954545454 0.550923076923077 0.03771306818181818 0.047115384615384615
0 0.2912215909090909 0.7872884615384615 0.04582386363636366 0.04553846153846155
0 0.24946732954545456 0.7052307692307693 0.0214630681818182 0.035346153846153944
0 0.32806107954545455 0.748423076923077 0.031321022727272704 0.04161538461538459
0 0.32515625 0.4032884615384615 0.03596590909090908 0.039269230769230744
0 0.3570596590909091 0.4280288461538461 0.02551136363636369 0.04005769230769233
0 0.3759090909090909 0.4319519230769231 0.023778409090909104 0.04005769230769233
0 0.4237642045454546 0.39425961538461535 0.04872159090909092 0.041634615384615395
0 0.39302556818181816 0.48495192307692303 0.06264204545454549 0.07224999999999998
0 0.2227769886363636 0.7221153846153846 0.03538352272727272 0.04869230769230779
0 0.8299928977272728 0.81875 0.021803977272727305 0.031423076923076984
0 0.37446022727272726 0.516375 0.03017045454545456 0.042403846153846174
0 0.42433948863636367 0.42723076923076925 0.031321022727272746 0.043192307692307655
0 0.44203125 0.445701923076923 0.023778409090909104 0.04240384615384612
0 0.45421874999999995 0.408 0.030738636363636343 0.04869230769230768
0 0.374169034090909 0.2788269230769231 0.02492897727272729 0.033769230769230774
0 0.3048508522727273 0.1739903846153846 0.02436079545454546 0.03140384615384615
0 0.2686008522727273 0.1394423076923077 0.02842329545454544 0.03769230769230769
0 0.28600852272727273 0.15827884615384616 0.023778409090909104 0.05182692307692308
0 0.2981889204545455 0.10213461538461538 0.028423295454545482 0.04476923076923077
0 0.2569034090909091 0.6716346153846153 0.02264204545454549 0.035192307692307606
0 0.9869602272727271 0.8646923076923076 0.026079545454545473 0.028269230769230748
0 0.8796448863636364 0.8872211538461539 0.024602272727272636 0.03517307692307696
0 0.2682173295454545 0.7334519230769231 0.02970170454545454 0.051250000000000066
0 0.30460227272727275 0.7399807692307693 0.027471590909090914 0.05026923076923074
0 0.35656960227272727 0.6643461538461538 0.03044034090909092 0.039692307692307666
0 0.2975497159090909 0.7055576923076923 0.037116477272727266 0.06684615384615383
0 0.3487784090909091 0.6555480769230769 0.027471590909090914 0.036173076923076926
0 0.3194460227272727 0.6726346153846153 0.038607954545454515 0.05226923076923078
0 0.24037642045454544 0.5665961538461538 0.028963068181818163 0.036192307692307676
0 0.36455255681818177 0.5947403846153846 0.042684659090909106 0.05024999999999999
0 0.38441051136363635 0.6105673076923077 0.03637784090909093 0.058788461538461526
0 0.4040909090909091 0.6314326923076924 0.015596590909090935 0.026134615384615336
0 0.852265625 0.8284807692307692 0.027372159090909065 0.04334615384615378
0 0.37921875000000005 0.5562884615384615 0.04306818181818181 0.051769230769230797
0 0.41076704545454545 0.5550384615384616 0.02375000000000004 0.028153846153846127
0 0.4308167613636364 0.5909615384615384 0.020042613636363657 0.03065384615384615
0 0.4378622159090909 0.6078076923076923 0.03563920454545459 0.028153846153846127
0 0.42654119318181816 0.6721346153846154 0.018934659090909068 0.024115384615384546
0 0.4259872159090909 0.6419807692307692 0.04009943181818185 0.040192307692307645
0 0.42914772727272726 0.6598173076923077 0.0723863636363637 0.047749999999999966
0 0.42431818181818187 0.7000288461538461 0.03303977272727279 0.050749999999999976
0 0.41244318181818185 0.5851826923076924 0.027102272727272704 0.03317307692307692
0 0.24870028409090905 0.5401538461538461 0.023196022727272746 0.031423076923076984
0 0.4978835227272727 0.9481730769230768 0.05752840909090909 0.054653846153846185
0 0.2178409090909091 0.5169134615384614 0.022727272727272728 0.03140384615384612
0 0.23454545454545456 0.5285288461538461 0.018096590909090923 0.03078846153846152
0 0.22642755681818183 0.5502019230769231 0.020411931818181826 0.032673076923076944
0 0.18838068181818182 0.5370096153846154 0.027840909090909083 0.04648076923076915
0 0.120859375 0.44843269230769234 0.02274147727272728 0.032673076923076944
0 0.12503551136363636 0.46852884615384616 0.04129261363636365 0.055288461538461536
0 0.14429687500000002 0.45314423076923077 0.025980113636363645 0.03078846153846152
0 0.3039204545454546 0.3875 0.018551136363636367 0.026384615384615437
0 0.4788565340909091 0.40005769230769234 0.03805397727272722 0.03769230769230773
0 0.45890625 0.4751346153846154 0.03156250000000004 0.03707692307692302
0 0.9030752840909091 0.9949615384615385 0.02413352272727274 0.009423076923077098
0 0.47514204545454547 0.4311538461538461 0.027840909090909124 0.03203846153846153
0 0.4897656249999999 0.5150288461538461 0.044076704545454586 0.035173076923076856
0 0.49997159090909093 0.42675 0.02460227272727272 0.039576923076923044
0 0.5299005681818181 0.3444615384615385 0.043607954545454526 0.053384615384615364
0 0.5182954545454546 0.43177884615384615 0.025056818181818163 0.04459615384615384
0 0.48744318181818175 0.45565384615384613 0.03664772727272729 0.025769230769230725
0 0.5136576704545455 0.47262499999999996 0.028764204545454544 0.0345576923076923
0 0.5250284090909091 0.48612500000000003 0.03386363636363641 0.04021153846153846
0 0.5134303977272727 0.5351346153846154 0.04779829545454542 0.03769230769230763
0 0.5950923295454545 0.45250961538461537 0.03109374999999998 0.04963461538461539
0 0.8889275568181819 0.9447019230769231 0.03387784090909094 0.06344230769230771
0 0.5289701704545454 0.5172211538461539 0.03248579545454546 0.02951923076923081
0 0.11924005681818181 0.4280096153846154 0.025980113636363645 0.02951923076923081
0 0.5616903409090909 0.5056057692307693 0.0320170454545454 0.050250000000000045
0 0.581640625 0.47921153846153847 0.04686079545454547 0.03769230769230773
0 0.6134303977272727 0.43617307692307694 0.02413352272727274 0.028269230769230748
0 0.6034517045454545 0.5674807692307693 0.05522727272727272 0.07349999999999994
0 0.6124999999999999 0.44434615384615384 0.028778409090909077 0.047115384615384615
0 0.5705042613636363 0.4452884615384616 0.03109374999999998 0.0401923076923077
0 0.5848863636363636 0.4110576923076923 0.03017045454545456 0.028269230769230748
0 0.5338423295454545 0.5756442307692308 0.027372159090909065 0.05213461538461541
0 0.9021519886363637 0.8774903846153845 0.029701704545454663 0.03455769230769225
0 0.5259588068181817 0.5652788461538462 0.0283096590909091 0.035173076923076856
0 0.4876775568181818 0.5703076923076922 0.03248579545454546 0.041461538461538466
0 0.5143536931818182 0.6017115384615385 0.0283096590909091 0.041461538461538466
0 0.4948650568181818 0.5772211538461538 0.03387784090909094 0.03517307692307696
0 0.4647088068181818 0.5706153846153846 0.01995738636363638 0.03580769230769221
0 0.5721235795454546 0.6274711538461538 0.04825284090909087 0.06532692307692302
0 0.1424502840909091 0.14140384615384616 0.03248579545454546 0.04476923076923077
0 0.5677201704545455 0.6595096153846154 0.039446022727272705 0.05024999999999999
0 0.4737571022727272 0.6397211538461538 0.025980113636363666 0.040826923076923004
0 0.5336150568181819 0.6347019230769231 0.037116477272727266 0.06848076923076926
0 0.829765625 0.9035576923076923 0.021349431818181778 0.03142307692307687
0 0.599034090909091 0.6723942307692308 0.025056818181818243 0.03078846153846152
0 0.5009019886363636 0.6547980769230769 0.03387784090909094 0.06344230769230771
0 0.4705042613636364 0.675846153846154 0.028764204545454544 0.03642307692307692
0 0.4897656249999999 0.6064326923076924 0.02552556818181814 0.03455769230769225
0 0.5312926136363636 0.6868461538461539 0.032471590909090846 0.047115384615384615
0 0.5670241477272727 0.697201923076923 0.03433238636363631 0.03517307692307696
0 0.538487215909091 0.7248461538461539 0.044076704545454586 0.06157692307692304
0 0.5055397727272727 0.7107115384615385 0.032017045454545486 0.048384615384615325
0 0.5981178977272728 0.7125961538461538 0.040838068181818184 0.045846153846153904
0 0.008579545454545454 0.3369326923076923 0.01715909090909091 0.035326923076923034
0 0.8587642045454544 0.9500480769230769 0.02829545454545449 0.047749999999999966
0 0.48674715909090904 0.6981442307692307 0.02690340909090909 0.0521346153846153
0 0.58140625 0.7600384615384616 0.027840909090909124 0.03769230769230763
0 0.6338423295454546 0.7314519230769231 0.035269886363636344 0.04209615384615382
0 0.6278125 0.6215096153846152 0.025056818181818163 0.033288461538461545
0 0.6076278409090908 0.7531153846153846 0.03295454545454544 0.04900000000000004
0 0.5876704545454546 0.8514423076923077 0.015312500000000041 0.02450000000000002
0 0.5029900568181819 0.8476730769230769 0.023196022727272704 0.047115384615384615
0 0.6433593750000001 0.8363653846153846 0.03109374999999998 0.04334615384615389
0 0.02150568181818182 0.22777884615384614 0.022613636363636367 0.03221153846153846
0 0.617137784090909 0.8545769230769231 0.03248579545454546 0.040846153846153865
0 0.8492471590909091 0.9900961538461539 0.022272727272727364 0.019807692307692328
0 0.49764914772727276 0.8881826923076923 0.03387784090909086 0.055288461538461536
0 0.5830255681818182 0.8768750000000001 0.03480113636363636 0.03894230769230769
0 0.6261860795454545 0.8743653846153845 0.026463068181818174 0.02638461538461533
0 0.40948153409090904 0.870596153846154 0.024588068181818187 0.03265384615384608
0 0.6136576704545454 0.8957307692307692 0.025525568181818222 0.030153846153846166
0 0.6066974431818182 0.9682788461538462 0.026463068181818174 0.02951923076923081
0 0.5960227272727273 0.984298076923077 0.023664772727272763 0.03140384615384612
0 0.3765411931818182 0.8555192307692308 0.024588068181818187 0.03769230769230773
0 0.3976491477272727 0.8498653846153846 0.017627840909090864 0.031423076923076984
0 0.4157528409090909 0.8448365384615385 0.01670454545454544 0.02513461538461548
0 0.837421875 0.9798846153846154 0.030156250000000027 0.03830769230769234
0 0.3807173295454545 0.9327884615384614 0.0283096590909091 0.046500000000000014
0 0.668828125 0.4732307692307692 0.026690340909090938 0.04003846153846158
0 0.7770028409090909 0.5101346153846154 0.022613636363636468 0.036923076923076954
0 0.6873863636363636 0.4802980769230769 0.02900568181818184 0.046326923076923085
0 0.7714914772727273 0.48736538461538464 0.02204545454545452 0.051038461538461526
0 0.7944034090909091 0.5038461538461538 0.02494318181818174 0.051038461538461526
0 0.734950284090909 0.45084615384615384 0.07075284090909083 0.04396153846153849
0 0.785703125 0.4009807692307692 0.024928977272727207 0.036923076923076954
0 0.7915056818181818 0.43710576923076927 0.030738636363636343 0.04005769230769233
0 0.7926633522727272 0.46576923076923077 0.03771306818181812 0.03142307692307693
0 0.9771164772727272 0.8277788461538462 0.015653409090909065 0.042403846153846174
0 0.760625 0.9745480769230769 0.038977272727272805 0.035173076923076856
0 0.770625 0.42885576923076923 0.023778409090909104 0.03613461538461537
0 0.749453125 0.4991346153846154 0.026690340909090858 0.05261538461538464
0 0.7390056818181818 0.49128846153846156 0.03480113636363636 0.0369230769230769
0 0.7120383522727273 0.48500961538461534 0.020298295454545482 0.04948076923076921
0 0.6957954545454546 0.4367115384615385 0.016818181818181784 0.026692307692307682
0 0.7253764204545455 0.2985 0.02958806818181824 0.03769230769230773
0 0.741044034090909 0.4316057692307692 0.04930397727272724 0.03532692307692309
0 0.7120383522727273 0.41079807692307696 0.026093750000000006 0.04082692307692306
0 0.8480610795454545 0.28083653846153844 0.09512784090909095 0.11544230769230772
0 0.88546875 0.24039423076923075 0.03190340909090914 0.04398076923076924
0 0.7937997159090909 0.9762788461538461 0.02830965909090902 0.04744230769230772
0 0.9312926136363636 0.3122403846153846 0.022613636363636468 0.0306346153846154
0 0.926065340909091 0.2831923076923077 0.024943181818181902 0.025923076923076903
0 0.12082386363636365 0.8682596153846154 0.0325284090909091 0.04171153846153846
0 0.10337357954545455 0.8552307692307692 0.01990056818181819 0.03476923076923074
0 0.08903409090909091 0.867826923076923 0.022045454545454538 0.03042307692307691
0 0.3570951704545455 0.4269230769230769 0.02455965909090912 0.03753846153846151
0 0.1537784090909091 0.8200192307692307 0.08346590909090908 0.11503846153846152
0 0.1381534090909091 0.7797403846153846 0.02997159090909092 0.035057692307692234
0 0.11289772727272727 0.768298076923077 0.03210227272727272 0.04521153846153844
0 0.71625 0.02514423076923077 0.04159090909090905 0.04967307692307692
0 0.7891619318181817 0.9107788461538462 0.013465909090908956 0.027019230769230792
0 0.7402201704545455 0.017951923076923077 0.023678977272727376 0.035903846153846154
0 0.021946022727272727 0.8827499999999999 0.03125 0.0434615384615384
0 0.1285227272727273 0.9335961538461539 0.023977272727272722 0.03042307692307691
0 0.7552414772727274 0.03452884615384616 0.027727272727272864 0.044173076923076926
0 0.774012784090909 0.018923076923076924 0.03061079545454539 0.03784615384615385
0 0.8519886363636363 0.08673076923076924 0.031193181818181707 0.03753846153846153
0 0.8943039772727271 0.08145192307692309 0.036107954545454485 0.031673076923076936
0 0.5802059659090909 0.7592884615384616 0.026576704545454518 0.03519230769230772
0 0.03459517045454546 0.21928846153846154 0.01990056818181818 0.028269230769230748
0 0.8956036931818182 0.04567307692307692 0.03234374999999998 0.04457692307692308
0 0.7079545454545454 0.868375 0.05428977272727269 0.06155769230769229
0 0.9187073863636364 0.04703846153846154 0.03119318181818187 0.04496153846153846
0 0.9280965909090909 0.03706730769230769 0.02974431818181826 0.04378846153846154
0 0.9546661931818182 0.05231730769230769 0.028593749999999994 0.04067307692307693
0 0.9491832386363637 0.0855576923076923 0.02166193181818182 0.053961538461538464
0 0.9676633522727273 0.09298076923076921 0.01819602272727265 0.04926923076923077
0 0.9909161931818182 0.11703846153846154 0.017911931818181837 0.03323076923076923
0 0.9449928977272727 0.13971153846153847 0.026576704545454598 0.05042307692307693
0 0.9727201704545454 0.13130769230769232 0.034076704545454556 0.05161538461538462
0 0.9686789772727273 0.16571153846153847 0.025994318181818278 0.033615384615384596
0 0.9753196022727273 0.19366346153846153 0.02311079545454543 0.029326923076923077
0 0.7063352272727272 0.9129807692307692 0.025056818181818163 0.027653846153846143
0 0.9892471590909092 0.16845192307692308 0.0215056818181818 0.03517307692307691
0 0.9917045454545456 0.19659615384615384 0.01659090909090902 0.04457692307692306
0 0.9935156249999999 0.22005769230769232 0.012713068181818084 0.023461538461538468
0 0.985859375 0.23609615384615387 0.023394886363636402 0.02973076923076922
0 0.9309801136363636 0.31117307692307694 0.024545454545454506 0.03126923076923075
0 0.9244815340909092 0.2853653846153846 0.0254119318181818 0.02892307692307691
0 0.9406534090909091 0.22357692307692306 0.03119318181818187 0.04223076923076922
0 0.9227485795454545 0.2073557692307692 0.04563920454545454 0.040288461538461544
0 0.8863565340909091 0.19875961538461537 0.034076704545454556 0.04575000000000001
0 0.8849147727272727 0.2396153846153846 0.032926136363636456 0.04065384615384613
0 0.7135227272727274 0.9312019230769231 0.02460227272727272 0.023865384615384663
0 0.9003693181818182 0.3203557692307692 0.040142045454545444 0.050442307692307675
0 0.892862215909091 0.36240384615384613 0.03205965909090916 0.061
0 0.8528551136363636 0.378625 0.04159090909090905 0.054365384615384635
0 0.8418821022727272 0.35457692307692307 0.03870738636363636 0.045346153846153814
0 0.84578125 0.27929807692307695 0.0915624999999999 0.1114423076923077
0 0.08422585227272728 0.7415 0.03424715909090908 0.048384615384615436
0 0.07598011363636363 0.7036826923076922 0.043011363636363625 0.0318653846153846
0 0.06463778409090909 0.6819519230769231 0.04001420454545455 0.05851923076923078
0 0.007215909090909091 0.46450961538461544 0.012272727272727274 0.023942307692307725
0 0.05725852272727273 0.6693557692307692 0.04323863636363637 0.05186538461538467
0 0.6921732954545455 0.9296249999999999 0.018096590909090923 0.029519230769230704
0 0.061967329545454544 0.7711923076923076 0.02825284090909091 0.04519230769230769
0 0.035745738636363635 0.7368557692307691 0.05157670454545455 0.06867307692307688
0 0.12595880681818183 0.4688365384615385 0.03904829545454545 0.03924999999999999
0 0.1367684659090909 0.4537115384615385 0.036093749999999994 0.030923076923076945
0 0.12056107954545454 0.44722115384615385 0.018423295454545453 0.02594230769230771
0 0.11969460227272727 0.4264423076923077 0.026519886363636346 0.025615384615384602
0 0.020845170454545457 0.4147980769230769 0.030696022727272728 0.052865384615384634
0 0.03987926136363636 0.4239423076923077 0.030951704545454543 0.06449999999999999
0 0.02010653409090909 0.4753173076923077 0.02825284090909091 0.039557692307692294
0 0.035454545454545454 0.5127211538461539 0.02357954545454545 0.030596153846153783
0 0.7063352272727272 0.950673076923077 0.027840909090909124 0.03769230769230763
0 0.012982954545454546 0.5022500000000001 0.025795454545454545 0.04953846153846157
0 0.04515625 0.49360576923076926 0.02332386363636364 0.03890384615384619
0 0.05707386363636364 0.4774807692307692 0.03536931818181818 0.04388461538461537
0 0.07867897727272727 0.5630961538461539 0.020142045454545454 0.026923076923076925
0 0.06394886363636364 0.45503846153846156 0.034374999999999996 0.05884615384615383
0 0.09145596590909091 0.4728269230769231 0.030951704545454543 0.03126923076923075
0 0.10078835227272727 0.5020865384615384 0.05058238636363637 0.05186538461538461
0 0.04602272727272727 0.5336826923076923 0.022102272727272724 0.028596153846153854
0 0.08568181818181819 0.5266923076923077 0.02823863636363637 0.037230769230769255
0 0.06848721590909092 0.5366634615384616 0.02578125 0.03125
0 0.7708380681818183 0.9070096153846153 0.027840909090909124 0.03832692307692309
0 0.5396235795454545 0.9477500000000001 0.05458806818181819 0.07976923076923091
0 0.05154829545454545 0.5584423076923076 0.02431818181818182 0.030923076923076893
0 0.06615767045454546 0.5813942307692308 0.021605113636363638 0.02959615384615382
0 0.0853125 0.5903653846153847 0.02258522727272728 0.03226923076923072
0 0.07119318181818181 0.6045 0.02284090909090909 0.027923076923077
0 0.08310369318181818 0.6247788461538462 0.03143465909090908 0.04121153846153847
0 0.09697443181818181 0.6445576923076922 0.03315340909090909 0.044884615384615335
0 0.01715909090909091 0.6553653846153845 0.013011363636363637 0.015961538461538482
0 0.04478693181818182 0.6227788461538462 0.04028409090909091 0.046557692307692265
0 0.24041193181818182 0.5667596153846155 0.027755681818181846 0.03690384615384615
0 0.6759375 0.9556923076923077 0.03480113636363636 0.05653846153846161
0 0.012982954545454546 0.6136442307692308 0.025795454545454545 0.05286538461538452
0 0.013103693181818183 0.5818846153846154 0.02603693181818182 0.03857692307692308
0 0.10840198863636363 0.5777307692307692 0.020639204545454547 0.023615384615384673
0 0.12853693181818182 0.522201923076923 0.025056818181818184 0.03359615384615379
0 0.15678267045454544 0.5511250000000001 0.03586647727272727 0.045557692307692306
0 0.1872372159090909 0.538 0.027997159090909083 0.04388461538461537
0 0.21904119318181817 0.5165576923076923 0.023821022727272743 0.030923076923076893
0 0.2199005681818182 0.4572019230769231 0.010312499999999987 0.01463461538461541
0 0.2583380681818182 0.4345865384615385 0.045937500000000006 0.06582692307692306
0 0.2858451704545455 0.4236153846153846 0.039048295454545426 0.059846153846153854
0 0.9669602272727272 0.9353653846153845 0.02784090909090896 0.0392692307692308
0 0.011640625 0.5013557692307692 0.02328125 0.05340384615384612
0 0.32342329545454546 0.40083653846153844 0.03758522727272724 0.03425
0 0.30512073863636363 0.386375 0.01964488636363638 0.02328846153846151
0 0.6350852272727273 0.2610288461538462 0.029232954545454524 0.035903846153846126
0 0.62390625 0.2236153846153846 0.02997159090909086 0.04488461538461539
0 0.5892826704545455 0.22377884615384613 0.04174715909090907 0.03990384615384615
0 0.5913707386363637 0.2535480769230769 0.03365056818181818 0.03690384615384615
0 0.576015625 0.3067403846153846 0.05305397727272731 0.07813461538461537
0 0.5304616477272728 0.34331730769230767 0.0420028409090909 0.04955769230769233
0 0.5711079545454546 0.2615192307692308 0.020142045454545385 0.03757692307692306
0 0.5566193181818182 0.2610192307692307 0.020624999999999973 0.041230769230769196
0 0.005177556818181818 0.4633557692307692 0.009275568181818182 0.02513461538461537
0 0.5342613636363637 0.26119230769230767 0.028494318181818187 0.056846153846153824
0 0.5179332386363636 0.2907788461538462 0.053792613636363645 0.04290384615384616
0 0.5011079545454545 0.25453846153846155 0.028494318181818187 0.0355769230769231
0 0.4713920454545455 0.03558653846153847 0.025539772727272755 0.03125
0 0.4603409090909091 0.015961538461538465 0.02750000000000002 0.03192307692307693
0 0.4141619318181818 0.013134615384615385 0.03389204545454547 0.02626923076923077
0 0.422890625 0.03691346153846154 0.030213068181818237 0.035903846153846154
0 0.44634232954545455 0.05022115384615385 0.025553977272727287 0.04190384615384615
0 0.4248508522727273 0.06700961538461538 0.01990056818181825 0.026250000000000002
0 0.5029474431818182 0.8494134615384615 0.023394886363636402 0.044173076923076975
0 0.014921875 0.44827884615384617 0.012997159090909092 0.01632692307692304
0 0.4367684659090909 0.08346153846153846 0.023082386363636364 0.03457692307692308
0 0.4760582386363636 0.10674038461538461 0.06188920454545454 0.06982692307692306
0 0.4830610795454545 0.068 0.025781249999999967 0.035576923076923075
0 0.505284090909091 0.06784615384615385 0.023096590909090976 0.03192307692307692
0 0.5122869318181817 0.08379807692307693 0.016448863636363612 0.023942307692307683
0 0.5288636363636363 0.0823076923076923 0.025539772727272755 0.07280769230769231
0 0.545078125 0.1443173076923077 0.03143465909090908 0.06117307692307693
0 0.4689346590909091 0.15412499999999998 0.04372159090909087 0.06682692307692306
0 0.4774076704545455 0.17440384615384616 0.021860795454545515 0.030269230769230788
0 0.44339488636363633 0.18970192307692307 0.025056818181818243 0.03490384615384617
0 0.01979403409090909 0.47685576923076917 0.03015625 0.045865384615384606
0 0.4549431818181818 0.20932692307692308 0.07122159090909097 0.05153846153846153
0 0.32550426136363636 0.014298076923076922 0.02455965909090912 0.028596153846153844
0 0.41563920454545455 0.27449038461538466 0.07073863636363638 0.08078846153846155
0 0.38359375 0.22495192307692308 0.047897727272727314 0.06682692307692308
0 0.40692471590909096 0.09244230769230768 0.024815340909090867 0.035923076923076926
0 0.37549005681818187 0.08031730769230769 0.02578125000000001 0.04821153846153846
0 0.3704545454545455 0.006326923076923077 0.024062499999999955 0.012653846153846154
0 0.35706676136363635 0.04589423076923077 0.027258522727272763 0.035250000000000004
0 0.3218252840909091 0.043403846153846154 0.02995738636363637 0.037576923076923084
0 0.3487144886363636 0.21198076923076922 0.035127840909090935 0.050884615384615375
0 0.03418323863636363 0.5117211538461539 0.022741477272727274 0.04021153846153851
0 0.32379261363636364 0.09559615384615384 0.025056818181818204 0.035576923076923075
0 0.29837357954545457 0.10025961538461538 0.02873579545454544 0.04290384615384616
0 0.26901988636363633 0.13866346153846154 0.02653409090909088 0.03590384615384614
0 0.017897727272727273 0.20450000000000002 0.015482954545454546 0.01796153846153847
0 0.28744318181818185 0.1569519230769231 0.020625000000000015 0.05386538461538463
0 0.3048721590909091 0.17490384615384616 0.02210227272727273 0.031923076923076915
0 0.27577414772727277 0.10807692307692308 0.016946022727272737 0.02326923076923077
0 0.37475142045454546 0.2766442307692308 0.022343749999999985 0.03324999999999999
0 0.3500710227272727 0.3029230769230769 0.016704545454545482 0.01796153846153847
0 0.2518323863636364 0.24673076923076925 0.03389204545454543 0.03457692307692306
0 0.4623863636363636 0.940951923076923 0.03017045454545456 0.047749999999999966
0 0.24519886363636365 0.22028846153846157 0.032414772727272716 0.03157692307692308
0 0.10323863636363638 0.20233653846153846 0.020142045454545444 0.02494230769230769
0 0.022073863636363635 0.22577884615384616 0.025795454545454545 0.03059615384615384
0 0.09943892045454544 0.1898653846153846 0.013991477272727286 0.015961538461538458
0 0.07057528409090909 0.24489423076923078 0.014730113636363633 0.02028846153846156
0 0.05977272727272727 0.24156730769230772 0.015227272727272726 0.022942307692307706
0 0.0727840909090909 0.25836538461538466 0.010312499999999997 0.014615384615384605
0 0.06235085227272727 0.2626826923076923 0.01498579545454546 0.01794230769230766
0 0.06897727272727273 0.2776442307692308 0.014488636363636358 0.02194230769230774
0 0.008274147727272727 0.3394903846153846 0.016548295454545454 0.03590384615384618
0 0.04508522727272728 0.5321346153846155 0.02042613636363636 0.028269230769230748
0 0.01875710227272727 0.3105673076923077 0.025042613636363634 0.03590384615384618
0 0.010113636363636365 0.27781730769230767 0.02022727272727273 0.052211538461538476
0 0.13983664772727272 0.25653846153846155 0.035355113636363636 0.04488461538461536
0 0.16402698863636364 0.23575000000000002 0.03217329545454544 0.03257692307692307
0 0.15948863636363636 0.20782692307692308 0.02210227272727273 0.02526923076923077
0 0.17262784090909092 0.18703846153846154 0.021363636363636373 0.04488461538461539
0 0.15285511363636364 0.1838846153846154 0.02210227272727273 0.03126923076923078
0 0.18735795454545456 0.1301826923076923 0.030198863636363645 0.0548653846153846
0 0.6139985795454546 0.8955480769230769 0.02484375000000001 0.03167307692307698
0 0.14254261363636364 0.14165384615384616 0.03389204545454545 0.041884615384615374
0 0.05041903409090909 0.5591538461538461 0.022741477272727274 0.03076923076923077
0 0.11282670454545456 0.044567307692307684 0.025539772727272734 0.04190384615384615
0 0.017897727272727273 0.07482692307692307 0.025795454545454545 0.045230769230769234
0 0.3146377840909091 0.8212596153846153 0.03552556818181817 0.05278846153846151
0 0.006477272727272728 0.09993269230769232 0.011789772727272729 0.03690384615384616
0 0.04356534090909091 0.07116346153846154 0.028977272727272727 0.0279423076923077
0 0.04405539772727273 0.0450673076923077 0.026519886363636367 0.026942307692307696
0 0.02661221590909091 0.027942307692307693 0.023082386363636364 0.03257692307692308
0 0.018757102272727273 0.005 0.02947443181818182 0.009307692307692307
0 0.14712357954545455 0.9930384615384615 0.02339488636363636 0.01392307692307694
0 0.3079900568181818 0.9514711538461538 0.04938920454545456 0.08563461538461534
0 0.45566051136363633 0.9786538461538461 0.034332386363636384 0.041461538461538355
0 0.12146306818181817 0.9557307692307693 0.024829545454545462 0.047807692307692336
0 0.6173224431818182 0.09532692307692307 0.02975852272727271 0.03519230769230769
0 0.6258380681818182 0.06913461538461538 0.02772727272727278 0.038307692307692306
0 0.6080752840909092 0.05916346153846154 0.02686079545454549 0.03559615384615385
0 0.6602130681818182 0.020096153846153843 0.029460227272727287 0.04019230769230769
0 0.12272017045454545 0.9925192307692308 0.026321022727272728 0.014769230769230892
0 0.7081605113636363 0.05954807692307692 0.04910511363636371 0.052788461538461534
0 0.10087357954545455 0.9398653846153846 0.02504261363636363 0.032153846153846095
0 0.7262073863636364 0.2990480769230769 0.028011363636363674 0.039096153846153815
0 0.49803977272727273 0.9479519230769231 0.05977272727272733 0.051211538461538454
0 0.07919034090909091 0.5644999999999999 0.023664772727272722 0.02638461538461533
0 0.7591335227272726 0.273826923076923 0.07423295454545445 0.08407692307692308
0 0.42540482954545455 0.39406730769230774 0.043906250000000036 0.03909615384615387
0 0.6896732954545454 0.011653846153846155 0.03119318181818179 0.021884615384615388
0 0.4485085227272727 0.6591923076923076 0.03002840909090907 0.04457692307692309
0 0.4245383522727273 0.42496153846153845 0.03061079545454539 0.04457692307692309
0 0.441143465909091 0.4447019230769231 0.025127840909090905 0.03636538461538461
0 0.4596235795454545 0.47344230769230766 0.029161931818181778 0.03753846153846151
0 0.4550071022727273 0.40697115384615384 0.030326704545454577 0.045365384615384564
0 0.47911931818181813 0.40051923076923074 0.04042613636363634 0.04184615384615388
0 0.47551136363636365 0.4288653846153846 0.026846590909090876 0.03049999999999997
0 0.4319886363636364 0.9886923076923076 0.020426136363636358 0.022615384615384596
0 0.06736505681818182 0.5381057692307692 0.02413352272727273 0.03644230769230778
0 0.48822443181818187 0.45272115384615386 0.03494318181818177 0.02971153846153844
0 0.6265625 0.8744326923076924 0.02454545454545459 0.03401923076923077
0 0.4991974431818182 0.42515384615384616 0.023394886363636402 0.035576923076923075
0 0.5170951704545454 0.43101923076923077 0.02686079545454549 0.039499999999999987
0 0.5133451704545454 0.46992307692307694 0.028025568181818207 0.039884615384615345
0 0.006051136363636364 0.9438846153846153 0.012102272727272727 0.03707692307692302
0 0.023934659090909093 0.971423076923077 0.021392045454545452 0.029538461538461673
0 0.4617897727272728 0.9407115384615384 0.029460227272727287 0.04457692307692309
0 0.6430255681818182 0.8355288461538461 0.029744318181818177 0.041442307692307716
0 0.6183309659090909 0.8537115384615384 0.03177556818181819 0.03715384615384614
0 0.06434659090909091 0.5820865384615385 0.023664772727272732 0.02513461538461548
0 0.5817968750000001 0.874826923076923 0.03205965909090908 0.037923076923076865
0 0.032258522727272726 0.9497211538461539 0.02119318181818182 0.033326923076923046
0 0.5871377840909091 0.8513653846153847 0.01674715909090912 0.021500000000000012
0 0.4610724431818182 0.9757115384615385 0.03782670454545462 0.033230769230769175
0 0.5266264204545454 0.484 0.03205965909090908 0.037538461538461555
0 0.021782670454545457 0.9204711538461539 0.043565340909090915 0.053019230769230756
0 0.2994744318181818 0.8920384615384616 0.026562500000000024 0.037923076923076976
0 0.6958806818181817 0.43551923076923077 0.01877840909090905 0.027384615384615403
0 0.49471590909090907 0.5135288461538462 0.04102272727272735 0.029326923076923077
0 0.5215767045454546 0.5252596153846154 0.047954545454545444 0.04340384615384614
0 0.045781249999999996 0.49601923076923077 0.020880681818181816 0.04773076923076916
0 0.5607173295454545 0.5047307692307693 0.03205965909090908 0.04692307692307699
0 0.5800639204545455 0.47970192307692305 0.04302556818181813 0.034403846153846125
0 0.5718323863636363 0.4454903846153846 0.03176136363636366 0.04340384615384614
0 0.43132812499999995 0.988346153846154 0.019928977272727313 0.023307692307692317
0 0.5833806818181818 0.41225 0.029460227272727287 0.03011538461538461
0 0.59609375 0.45076923076923076 0.027159090909090914 0.04457692307692309
0 0.503231534090909 0.9861923076923076 0.023394886363636323 0.027615384615384642
0 0.7124857954545455 0.9340769230769231 0.02252840909090903 0.028153846153846238
0 0.6129900568181817 0.44685576923076925 0.025696022727272692 0.03909615384615387
0 0.42641335227272725 0.6716923076923076 0.018764204545454598 0.02111538461538454
0 0.06991477272727273 0.6043846153846153 0.019034090909090907 0.028269230769230748
0 0.6140056818181818 0.435125 0.02252840909090911 0.027365384615384597
0 0.7574005681818182 0.40072115384615387 0.033210227272727266 0.034403846153846125
0 0.7851278409090909 0.40384615384615385 0.025710227272727305 0.03284615384615382
0 0.7702556818181818 0.42633653846153846 0.02252840909090911 0.03167307692307692
0 0.42496448863636355 0.6982884615384616 0.03379261363636366 0.050038461538461504
0 0.686924715909091 0.4793076923076923 0.030326704545454497 0.0422307692307693
0 0.7916264204545456 0.43610576923076927 0.02830965909090902 0.03713461538461539
0 0.71234375 0.41068269230769233 0.024545454545454506 0.03636538461538461
0 0.7409375 0.43258653846153844 0.04650568181818183 0.040288461538461516
0 0.6779758522727273 0.5205673076923076 0.02166193181818182 0.03948076923076918
0 0.08615056818181818 0.5874230769230769 0.020880681818181823 0.03076923076923077
0 0.01642755681818182 0.44739423076923074 0.01350852272727273 0.020288461538461505
0 0.410234375 0.66975 0.033792613636363586 0.014076923076923063
0 0.473203125 0.6402211538461537 0.025696022727272772 0.04263461538461542
0 0.7348721590909091 0.45056730769230774 0.07133522727272731 0.045749999999999985
0 0.6677201704545455 0.4718846153846154 0.02311079545454543 0.03596153846153844
0 0.47059659090909095 0.6754134615384616 0.026278409090909092 0.03636538461538466
0 0.6606463068181818 0.5174326923076924 0.023394886363636323 0.03401923076923077
0 0.05112215909090909 0.8989038461538462 0.038948863636363636 0.04492307692307695
0 0.991640625 0.4552596153846154 0.016463068181818065 0.043403846153846196
0 0.4876420454545455 0.6951538461538462 0.02857954545454546 0.05161538461538457
0 0.08522727272727272 0.5274326923076923 0.028295454545454537 0.04021153846153851
0 0.5046803977272727 0.7090384615384616 0.03205965909090908 0.05200000000000004
0 0.7006463068181819 0.5111826923076923 0.030042613636363603 0.04028846153846157
0 0.5036647727272728 0.6521442307692308 0.03292613636363637 0.06178846153846153
0 0.48100142045454547 0.987048076923077 0.02396306818181819 0.02463461538461528
0 0.6070667613636364 0.9680865384615384 0.0254119318181818 0.03128846153846161
0 0.7114772727272727 0.48323076923076924 0.02917613636363631 0.05161538461538457
0 0.7431036931818181 0.49046153846153845 0.037542613636363645 0.03715384615384614
0 0.7504687499999999 0.4975 0.025710227272727305 0.051230769230769205
0 0.7719886363636363 0.4840096153846154 0.020795454545454527 0.036750000000000026
0 0.5332741477272728 0.6816634615384616 0.030326704545454577 0.04340384615384614
0 0.05622159090909091 0.480625 0.03991477272727273 0.04963461538461533
0 0.756534090909091 0.5514615384615384 0.008948863636363573 0.019153846153846223
0 0.7705397727272728 0.5325 0.024261363636363695 0.03284615384615382
0 0.7754545454545455 0.5074711538461538 0.02252840909090911 0.02267307692307685
0 0.7937926136363636 0.4998461538461539 0.023977272727272722 0.04184615384615388
0 0.5338494318181819 0.6386538461538462 0.036676136363636355 0.06765384615384616
0 0.5721164772727273 0.6239903846153847 0.04678977272727272 0.05786538461538457
0 0.7917684659090909 0.46875961538461536 0.03725852272727275 0.028942307692307715
0 0.5672088068181819 0.6595769230769231 0.03697443181818178 0.04692307692307699
0 0.07087357954545455 0.9582403846153845 0.07884943181818183 0.08351923076923078
0 0.8275852272727273 0.4554615384615385 0.02974431818181826 0.03519230769230772
0 0.10030539772727275 0.5013557692307693 0.04919034090909092 0.05967307692307698
0 0.822528409090909 0.4834230769230769 0.029460227272727124 0.034807692307692296
0 0.9931463068181817 0.3723653846153846 0.013707386363636331 0.04261538461538461
0 0.9956036931818182 0.41166346153846156 0.008792613636363715 0.039096153846153815
0 0.9808735795454546 0.4927980769230769 0.03825284090909084 0.059826923076923104
0 0.9961079545454545 0.6015096153846153 0.006931818181818175 0.04575000000000004
0 0.8590625 0.5442211538461539 0.040142045454545444 0.054750000000000056
0 0.6330610795454544 0.7283942307692307 0.03580965909090906 0.043019230769230775
0 0.880291193181818 0.5676826923076923 0.041008522727272734 0.043019230769230775
0 0.8986292613636363 0.5940769230769231 0.03725852272727275 0.051230769230769205
0 0.3337002840909091 0.9442403846153846 0.05228693181818182 0.1110576923076923
0 0.092421875 0.4737115384615384 0.031548295454545454 0.03580769230769226
0 0.9823934659090909 0.6773653846153846 0.029758522727272793 0.03950000000000004
0 0.5962357954545454 0.9842403846153847 0.023977272727272722 0.031519230769230744
0 0.921015625 0.5788269230769231 0.03061079545454539 0.048884615384615415
0 0.705703125 0.9154903846153847 0.02455965909090904 0.03167307692307698
0 0.3765909090909091 0.8544999999999999 0.027159090909090914 0.035576923076923075
0 0.9360369318181818 0.6140192307692308 0.03176136363636366 0.035576923076923075
0 0.5992684659090909 0.6714999999999999 0.023678977272727296 0.027769230769230765
0 0.9364701704545454 0.6408076923076924 0.029161931818181778 0.028153846153846238
0 0.5978267045454545 0.7105961538461538 0.03985795454545455 0.04184615384615383
0 0.5669176136363636 0.6949615384615384 0.03292613636363637 0.0410384615384616
0 0.6580965909090909 0.6463846153846154 0.0191477272727273 0.02984615384615381
0 0.6092329545454546 0.7530288461538461 0.029744318181818177 0.045365384615384675
0 0.5378906250000001 0.7254519230769231 0.04419034090909093 0.06217307692307689
0 0.4926917613636364 0.605423076923077 0.026576704545454518 0.035576923076923075
0 0.5157954545454545 0.598576923076923 0.0277272727272727 0.0422307692307693
0 0.014332386363636363 0.9922788461538462 0.028664772727272726 0.01544230769230764
0 0.16068892045454544 0.9630096153846154 0.05112215909090911 0.047711538461538354
0 0.958565340909091 0.653125 0.06355113636363638 0.04340384615384625
0 0.847372159090909 0.05583653846153846 0.025994318181818278 0.0320576923076923
0 0.9542329545454545 0.6851826923076922 0.027159090909090914 0.03636538461538466
0 0.8111292613636365 0.634548076923077 0.030326704545454577 0.040673076923076985
0 0.9823295454545454 0.8894230769230769 0.023778409090908944 0.029038461538461582
0 0.9962428977272727 0.4155096153846154 0.007514204545454494 0.0345576923076923
0 0.604609375 0.5667115384615384 0.05458806818181819 0.07311538461538458
0 0.16820312499999998 0.9865865384615384 0.02396306818181817 0.026826923076923054
0 0.18639914772727273 0.9912788461538462 0.019360795454545447 0.01744230769230768
0 0.884765625 0.6433461538461538 0.02166193181818182 0.03088461538461539
0 0.9964701704545454 0.7823557692307693 0.007059659090909129 0.057096153846153845
0 0.9867897727272728 0.8650576923076924 0.026420454545454577 0.033230769230769286
0 0.9460014204545453 0.8091442307692308 0.022230113636363603 0.029326923076923077
0 0.9589985795454545 0.8277115384615384 0.02455965909090904 0.04223076923076919
0 0.8719176136363637 0.029048076923076923 0.029460227272727287 0.038711538461538464
0 0.9776278409090909 0.8261538461538462 0.01676136363636357 0.03753846153846161
0 0.8935866477272728 0.36368269230769235 0.02958806818181824 0.06282692307692306
0 0.9823934659090909 0.8898846153846154 0.021093750000000033 0.025807692307692337
0 0.9672301136363637 0.9342692307692307 0.03002840909090907 0.037923076923076976
0 0.20502840909090905 0.9718076923076924 0.03582386363636363 0.04965384615384614
0 0.20617897727272724 0.9299711538461539 0.027727272727272743 0.04340384615384614
0 0.9774786931818181 0.9417019230769231 0.025127840909090985 0.04105769230769235
0 0.9912713068181819 0.9260576923076923 0.01745738636363631 0.06061538461538458
0 0.9015269886363636 0.8746346153846154 0.028593749999999994 0.030500000000000027
0 0.3978196022727273 0.8486346153846153 0.02455965909090904 0.03088461538461539
0 0.46453124999999995 0.5696442307692309 0.019346590909090834 0.03363461538461529
0 0.41399857954545455 0.845701923076923 0.02166193181818182 0.02971153846153844
0 0.9910227272727273 0.45516346153846154 0.017954545454545435 0.04474999999999996
0 0.09538352272727274 0.007326923076923078 0.029460227272727266 0.013961538461538463
0 0.23102272727272724 0.9530384615384616 0.032357954545454544 0.040269230769230765
0 0.40908380681818185 0.8687692307692307 0.022826704545454535 0.03519230769230772
0 0.881015625 0.8873461538461538 0.026292613636363624 0.03715384615384614
0 0.8658522727272726 0.8787403846153846 0.02829545454545449 0.05044230769230773
0 0.8304758522727272 0.8181346153846154 0.023394886363636402 0.033230769230769175
0 0.25355113636363635 0.9553076923076923 0.06008522727272729 0.08938461538461542
0 0.8096803977272727 0.8097211538461537 0.03609375000000012 0.041442307692307716
0 0.8519957386363637 0.8281057692307693 0.0254119318181818 0.043788461538461505
0 0.2679971590909091 0.9950769230769232 0.02252840909090907 0.009384615384615377
0 0.992762784090909 0.3727115384615385 0.014474431818181895 0.04476923076923077
0 0.4899502840909091 0.5671057692307692 0.03725852272727275 0.03636538461538466
0 0.8883806818181817 0.9450192307692307 0.03696022727272725 0.06099999999999994
0 0.8736505681818181 0.9676923076923076 0.02829545454545449 0.04926923076923078
0 0.858203125 0.9495096153846154 0.028593749999999994 0.04340384615384614
0 0.9035440340909091 0.9937019230769231 0.02396306818181819 0.010557692307692325
0 0.8485298295454545 0.9914711538461539 0.01964488636363626 0.017057692307692315
0 0.8382741477272727 0.9798173076923077 0.029758522727272793 0.03832692307692309
0 0.829893465909091 0.9041538461538462 0.02166193181818182 0.03246153846153845
0 0.7936505681818182 0.9760288461538461 0.028295454545454648 0.04794230769230771
0 0.7610085227272727 0.9737596153846153 0.03812499999999988 0.036365384615384556
0 0.9808735795454546 0.4940384615384615 0.03825284090909084 0.05811538461538461
0 0.7890340909090909 0.9090384615384616 0.012130681818181766 0.016423076923076964
0 0.7764701704545455 0.9078653846153847 0.03725852272727275 0.03753846153846161
0 0.7052698863636363 0.9549903846153847 0.028295454545454568 0.028557692307692242
0 0.6937215909090909 0.9317307692307693 0.020795454545454527 0.028153846153846127
0 0.6753764204545455 0.9534326923076922 0.03322443181818188 0.05044230769230762
0 0.228125 0.5478076923076923 0.022840909090909068 0.030923076923076893
0 0.30727272727272725 0.9824807692307692 0.045625000000000006 0.03503846153846159
0 0.70671875 0.868576923076923 0.04852272727272731 0.055923076923076895
0 0.23205255681818182 0.006990384615384616 0.02873579545454544 0.013288461538461539
0 0.8867897727272727 0.7205673076923077 0.034374999999999906 0.0484807692307693
0 0.8805397727272729 0.5686346153846153 0.04639204545454541 0.05026923076923074
0 0.5335582386363636 0.5753173076923077 0.026860795454545408 0.04809615384615383
0 0.901953125 0.7272115384615384 0.04794034090909091 0.06803846153846153
0 0.8947301136363636 0.7686634615384615 0.02599431818181812 0.034403846153846125
0 0.8631107954545455 0.7399230769230769 0.025113636363636452 0.03715384615384614
0 0.881015625 0.8071826923076924 0.03725852272727275 0.0574807692307692
0 0.09366477272727272 0.027605769230769232 0.02161931818181818 0.027942307692307693
0 0.8633948863636363 0.7792211538461539 0.0210795454545455 0.026596153846153926
0 0.8398579545454545 0.7332788461538462 0.024261363636363532 0.036365384615384556
0 0.8408735795454544 0.7755096153846154 0.02396306818181819 0.03167307692307698
0 0.8262926136363636 0.7483269230769231 0.034659090909090876 0.0398846153846154
0 0.48048295454545453 0.9852403846153847 0.027386363636363598 0.02951923076923081
0 0.7838352272727271 0.7739423076923078 0.03639204545454546 0.05200000000000004
0 0.816328125 0.7643653846153846 0.033792613636363746 0.04926923076923067
0 0.7910511363636364 0.7385576923076923 0.02542613636363633 0.03361538461538465
0 0.8053480113636362 0.7055192307692307 0.022826704545454615 0.04338461538461539
0 0.785419034090909 0.7059134615384616 0.022826704545454615 0.03713461538461539
0 0.7663565340909091 0.7293653846153846 0.03262784090909095 0.028538461538461492
0 0.7808025568181818 0.6701250000000001 0.025127840909090825 0.039096153846153815
0 0.40821732954545453 0.9604711538461538 0.045355113636363645 0.03871153846153845
0 0.7611576704545455 0.7023846153846154 0.029161931818181778 0.025423076923076975
0 0.7507599431818183 0.6935961538461538 0.0332244318181818 0.03596153846153844
0 0.6522940340909091 0.6224326923076923 0.027258522727272725 0.044750000000000074
0 0.7361789772727273 0.6470576923076924 0.036392045454545545 0.08680769230769239
0 0.6980539772727272 0.5846923076923076 0.0259943181818182 0.03480769230769224
0 0.7140838068181818 0.6105 0.025127840909090905 0.05200000000000004
0 0.49543323863636357 0.5762884615384616 0.03379261363636366 0.028153846153846127
0 0.696171875 0.6206634615384615 0.01589488636363636 0.04574999999999993
0 0.679424715909091 0.6013076923076923 0.025127840909090905 0.03753846153846151
0 0.6820241477272727 0.6249711538461539 0.02166193181818182 0.029326923076923077
0 0.6756605113636364 0.6449134615384615 0.023394886363636323 0.031673076923076866
0 0.657762784090909 0.6445192307692307 0.02166193181818182 0.030115384615384662
0 0.6521306818181819 0.623403846153846 0.029460227272727287 0.046538461538461515
0 0.8584943181818182 0.5458653846153847 0.040596590909090804 0.05653846153846161
0 0.638984375 0.601125 0.023963068181818106 0.031673076923076866
0 0.6288707386363637 0.625173076923077 0.023394886363636323 0.03284615384615382
0 0.21167613636363633 0.6556634615384616 0.055454545454545444 0.043788461538461505
0 0.2136931818181818 0.6869423076923077 0.07105113636363634 0.04926923076923078
0 0.22365767045454543 0.7205769230769231 0.03552556818181821 0.04457692307692309
0 0.2476349431818182 0.702 0.025127840909090905 0.03480769230769224
0 0.2560085227272727 0.6726730769230769 0.027443181818181808 0.03480769230769224
0 0.3526207386363636 0.6597692307692309 0.03524147727272724 0.046538461538461515
0 0.3196946022727273 0.6709134615384615 0.03927556818181815 0.05082692307692298
0 0.29716619318181814 0.7072788461538462 0.0358096590909091 0.06490384615384616
0 0.8988068181818182 0.5941538461538463 0.03653409090909095 0.05103846153846158
0 0.30612215909090906 0.738951923076923 0.027727272727272743 0.0461346153846154
0 0.3277840909090909 0.7473557692307692 0.029460227272727287 0.04105769230769235
0 0.2679971590909091 0.7338653846153846 0.029460227272727246 0.04692307692307688
0 0.23694602272727272 0.785875 0.05863636363636364 0.06490384615384616
0 0.23001420454545454 0.8312307692307692 0.03264204545454544 0.03284615384615382
0 0.2684303977272728 0.8249711538461538 0.02686079545454545 0.03832692307692309
0 0.5261931818181819 0.5610384615384616 0.029460227272727287 0.028153846153846127
0 0.29110085227272725 0.7870384615384616 0.04447443181818182 0.0398846153846154
0 0.09071732954545454 0.051875000000000004 0.01964488636363636 0.021288461538461534
0 0.05264914772727272 0.17823076923076925 0.027997159090909093 0.033923076923076924
0 0.9582670454545454 0.8273846153846154 0.026676136363636326 0.04634615384615389
0 0.9968252840909091 0.6016250000000001 0.006349431818181857 0.04398076923076913
0 0.04417613636363637 0.20981730769230766 0.025795454545454545 0.03259615384615385
0 0.5111789772727273 0.11654807692307693 0.023096590909090896 0.03690384615384616
0 0.6402414772727273 0.28447115384615385 0.01792613636363637 0.02494230769230769
0 0.23451704545454544 0.5286826923076924 0.0208806818181818 0.028596153846153854
0 0.38107244318181815 0.9303557692307691 0.028593749999999994 0.04105769230769224
0 0.49948153409090906 0.8875384615384615 0.033792613636363586 0.054730769230769194
0 0.248515625 0.5404807692307692 0.02333806818181815 0.030923076923076893
0 0.4251136363636363 0.6415865384615385 0.03869318181818175 0.04067307692307688
0 0.4010014204545454 0.6335673076923077 0.011264204545454555 0.012903846153846115
0 0.4034517045454545 0.6234038461538461 0.016761363636363654 0.013692307692307702
0 0.9214346590909092 0.5780673076923077 0.03190340909090898 0.051826923076923055
0 0.4378267045454546 0.6073750000000001 0.03465909090909096 0.028557692307692242
0 0.42872869318181817 0.5915384615384616 0.023394886363636402 0.029730769230769193
0 0.3851065340909091 0.6089326923076923 0.038991477272727254 0.0574807692307692
0 0.4103835227272727 0.5831346153846154 0.028295454545454568 0.035576923076923075
0 0.36662642045454547 0.5960384615384615 0.048224431818181805 0.051230769230769205
0 0.4093678977272728 0.5545865384615385 0.025127840909090905 0.029326923076923077
0 0.37875710227272724 0.5538076923076923 0.04188920454545452 0.046538461538461515
0 0.37500710227272727 0.5143076923076924 0.028593749999999994 0.044961538461538456
0 0.008778409090909092 0.976625 0.01690340909090909 0.02724999999999992
0 0.38872159090909086 0.4840096153846154 0.05315340909090911 0.06725000000000005
0 0.7506107954545456 0.6931057692307693 0.03363636363636357 0.03221153846153846
0 0.13751420454545454 0.706875 0.038948863636363636 0.0312884615384615
0 0.3706747159090909 0.45311538461538464 0.014730113636363602 0.018769230769230753
0 0.3742755681818182 0.4310288461538461 0.025994318181818157 0.03401923076923077
0 0.13279829545454547 0.7393173076923076 0.04494318181818182 0.04751923076923084
0 0.12285511363636363 0.8975288461538461 0.046875 0.0550576923076923
0 0.7311789772727273 0.6279230769230769 0.0342329545454545 0.05103846153846158
0 0.7584375000000001 0.70175 0.030738636363636343 0.022769230769230722
0 0.7393039772727273 0.6648269230769231 0.030738636363636343 0.043192307692307655
0 0.7653977272727271 0.7272692307692307 0.030738636363636343 0.028269230769230748
0 0.9359303977272727 0.6122211538461538 0.03421875000000005 0.03532692307692309
0 0.781640625 0.6664038461538461 0.027258522727272805 0.043192307692307655
0 0.9376704545454545 0.6404903846153847 0.03306818181818178 0.02748076923076916
0 0.9762428977272727 0.9424326923076923 0.026690340909090858 0.04240384615384607
0 0.9417258522727273 0.6616923076923077 0.02842329545454544 0.029038461538461582
0 0.8848863636363636 0.6432403846153847 0.022613636363636305 0.03140384615384612
0 0.9713139204545456 0.6471634615384615 0.03421875000000005 0.03455769230769225
0 0.8115127840909092 0.6357788461538462 0.030156249999999864 0.04474999999999996
0 0.10750000000000001 0.578625 0.024602272727272737 0.023250000000000062
0 0.7839630681818183 0.7017403846153846 0.02144886363636367 0.03532692307692298
0 0.9539133522727273 0.6836826923076923 0.02725852272727264 0.04163461538461534
0 0.8065838068181819 0.7060673076923076 0.022627840909090837 0.04398076923076913
0 0.638955965909091 0.5992596153846154 0.027258522727272725 0.03298076923076919
0 0.9823295454545454 0.6774038461538462 0.03190340909090898 0.04161538461538459
