0 0.6524360795454546 0.9918173076923077 0.022514204545454577 0.01613461538461547
0 0.9412144886363637 0.4788076923076923 0.09836647727272728 0.1229230769230769
0 0.29686789772727273 0.2300480769230769 0.03907670454545453 0.08259615384615382
0 0.22249999999999998 0.254375 0.05201704545454542 0.06051923076923074
0 0.2887215909090909 0.30711538461538457 0.03196022727272727 0.047230769230769236
0 0.26689630681818177 0.24305769230769228 0.029247159090909094 0.038461538461538436
0 0.3299857954545455 0.2634230769230769 0.029659090909090902 0.04865384615384615
0 0.3181818181818182 0.317875 0.023607954545454553 0.04667307692307694
0 0.34460937500000005 0.28393269230769225 0.02674715909090911 0.042711538461538474
0 0.3916122159090909 0.35209615384615384 0.03049715909090913 0.044961538461538456
0 0.36758522727272724 0.3467211538461539 0.0355113636363636 0.06986538461538463
0 0.6112926136363637 0.01546153846153846 0.01775568181818182 0.03092307692307692
0 0.9281605113636363 0.1359423076923077 0.038338068181818195 0.08115384615384616
0 0.39234375 0.3192788461538461 0.03656250000000001 0.06590384615384617
0 0.41793323863636367 0.32098076923076924 0.027997159090909062 0.04099999999999999
0 0.43224431818181813 0.36242307692307696 0.02653409090909092 0.036769230769230776
0 0.42462357954545454 0.29778846153846156 0.03884943181818185 0.04611538461538459
0 0.4707954545454545 0.2771442307692308 0.05014204545454539 0.040442307692307694
0 0.4516761363636364 0.3095288461538461 0.023607954545454553 0.03225000000000002
0 0.4892826704545455 0.2573365384615385 0.039474431818181846 0.0483653846153846
0 0.39798295454545457 0.254375 0.03406250000000002 0.050903846153846126
0 0.4793607954545455 0.20586538461538464 0.05139204545454546 0.03703846153846155
0 0.39171874999999995 0.11649038461538462 0.04741477272727272 0.08851923076923077
0 0.9598508522727272 0.10000961538461538 0.033906250000000006 0.04655769230769231
0 0.4511505681818182 0.21844230769230769 0.04011363636363638 0.05034615384615386
0 0.4272301136363636 0.15339423076923078 0.024857954545454544 0.047519230769230786
0 0.4578409090909091 0.13726923076923075 0.05096590909090908 0.07126923076923077
0 0.5358735795454546 0.024711538461538462 0.059957386363636414 0.04807692307692308
0 0.5871590909090909 0.019048076923076925 0.0363636363636364 0.037903846153846156
0 0.6835795454545455 0.17390384615384616 0.030710227272727278 0.06703846153846153
0 0.6589204545454546 0.12807692307692306 0.02653409090909092 0.0823076923076923
0 0.6387642045454546 0.12596153846153846 0.029659090909090902 0.054884615384615386
0 0.663096590909091 0.19058653846153847 0.02778409090909091 0.040442307692307694
0 0.6286292613636364 0.10122115384615385 0.029872159090909053 0.03875
0 0.9879829545454545 0.12013461538461538 0.023835227272727234 0.035576923076923075
0 0.5676278409090909 0.08 0.0390625 0.051769230769230776
0 0.6063778409090909 0.06995192307692308 0.02465909090909093 0.033942307692307695
0 0.5985440340909091 0.08523076923076923 0.020269886363636337 0.029423076923076916
0 0.6181818181818182 0.04719230769230769 0.0269602272727273 0.03026923076923076
0 0.5793181818181817 0.060903846153846156 0.023607954545454553 0.0345
0 0.6316548295454546 0.023384615384615386 0.031747159090909124 0.04676923076923077
0 0.7260866477272727 0.053278846153846156 0.04052556818181814 0.05148076923076924
0 0.7571164772727272 0.019903846153846154 0.03363636363636373 0.03280769230769231
0 0.7599289772727272 0.00810576923076923 0.034261363636363645 0.01621153846153846
0 0.7239985795454547 0.030365384615384614 0.03802556818181824 0.03619230769230769
0 0.977840909090909 0.22690384615384615 0.04431818181818188 0.06619230769230766
0 0.6824289772727273 0.10488461538461538 0.03551136363636364 0.06873076923076922
0 0.7037357954545455 0.10546153846153847 0.02465909090909093 0.02799999999999999
0 0.6664417613636364 0.08353846153846153 0.02401988636363632 0.03676923076923076
0 0.701434659090909 0.13021153846153846 0.03133522727272728 0.02715384615384615
0 0.736328125 0.09781730769230768 0.0509801136363637 0.04667307692307693
0 0.5360795454545454 0.38716346153846154 0.02821022727272721 0.038173076923076914
0 0.7492826704545454 0.06783653846153848 0.025071022727272855 0.02855769230769231
0 0.6377201704545455 0.16839423076923077 0.023394886363636323 0.047519230769230786
0 0.6232954545454545 0.17517307692307693 0.02130681818181818 0.029423076923076916
0 0.6116051136363636 0.15876923076923077 0.03301136363636365 0.05203846153846154
0 0.9655042613636364 0.21177884615384615 0.01916193181818183 0.02594230769230771
0 0.7339204545454545 0.1570769230769231 0.05786931818181811 0.07353846153846152
0 0.7904332386363637 0.22877884615384617 0.061832386363636326 0.05571153846153843
0 0.61484375 0.2103846153846154 0.03238636363636365 0.047230769230769236
0 0.587578125 0.21250961538461538 0.029673295454545515 0.06051923076923077
0 0.5287642045454546 0.19567307692307692 0.01818181818181812 0.028000000000000004
0 0.6591335227272727 0.3563365384615385 0.06957386363636359 0.04382692307692306
0 0.6258096590909091 0.33498076923076925 0.04471590909090912 0.06957692307692309
0 0.5124715909090909 0.3926826923076923 0.03406249999999995 0.06109615384615386
0 0.6188068181818182 0.4024423076923077 0.04951704545454547 0.06476923076923079
0 0.5543536931818182 0.41091346153846153 0.042201704545454514 0.04836538461538463
0 0.5868678977272727 0.983423076923077 0.02257102272727279 0.032230769230769216
0 0.6681107954545454 0.39438461538461533 0.058295454545454574 0.04638461538461534
0 0.6895241477272728 0.49097115384615386 0.03092329545454543 0.037057692307692326
0 0.6715625 0.4491057692307692 0.02130681818181818 0.03590384615384618
0 0.7052982954545455 0.45561538461538464 0.044914772727272734 0.07269230769230765
0 0.6655042613636364 0.4773846153846154 0.025497159090909074 0.029692307692307688
0 0.6524431818181818 0.4402019230769231 0.04116477272727275 0.05940384615384613
0 0.6768821022727273 0.5134519230769231 0.04992897727272732 0.0458269230769231
0 0.6384517045454546 0.27416346153846155 0.03238636363636365 0.07240384615384614
0 0.6223650568181818 0.4332692307692308 0.022769886363636405 0.03196153846153847
0 0.5754616477272727 0.37287499999999996 0.03677556818181816 0.04355769230769232
0 0.9080113636363637 0.25534615384615383 0.045198863636363544 0.05123076923076923
0 0.6120170454545455 0.28434615384615386 0.022982954545454556 0.03903846153846151
0 0.6781392045454546 0.3182980769230769 0.053267045454545456 0.08655769230769235
0 0.5936363636363636 0.285625 0.025909090909090923 0.052903846153846135
0 0.6661292613636364 0.2269326923076923 0.02214488636363633 0.029980769230769238
0 0.6171377840909091 0.2519711538461539 0.027372159090909145 0.0370576923076923
0 0.6800213068181818 0.21166346153846152 0.019019886363636343 0.029403846153846138
0 0.6734375 0.26751923076923073 0.04011363636363638 0.053461538461538456
0 0.7116761363636364 0.3286153846153846 0.039687499999999994 0.10438461538461538
0 0.7413352272727274 0.36991346153846155 0.02465909090909093 0.038173076923076914
0 0.7348579545454546 0.2929807692307692 0.04553977272727273 0.07100000000000004
0 0.2643465909090909 0.28821153846153846 0.021221590909090905 0.05607692307692307
0 0.7790482954545456 0.18634615384615386 0.04156249999999999 0.05457692307692309
0 0.7137642045454545 0.19327884615384613 0.03133522727272728 0.04582692307692307
0 0.804637784090909 0.18889423076923076 0.022144886363636408 0.027442307692307686
0 0.784580965909091 0.12270192307692307 0.040951704545454604 0.057980769230769225
0 0.885909090909091 0.11676923076923076 0.02798295454545445 0.0393076923076923
0 0.8849715909090908 0.18889423076923076 0.03531250000000002 0.04609615384615384
0 0.9011576704545454 0.27134615384615385 0.03092329545454543 0.05261538461538461
0 0.6265411931818182 0.07066346153846155 0.0240198863636364 0.033096153846153845
0 0.9221519886363635 0.2341442307692308 0.031122159090909044 0.038750000000000014
0 0.8017187500000001 0.2584711538461538 0.02548295454545446 0.046673076923076914
0 0.24240767045454545 0.3009326923076923 0.02720170454545451 0.04728846153846154
0 0.8843394886363637 0.2696442307692307 0.02194602272727263 0.0339423076923077
0 0.7856249999999999 0.2666730769230769 0.027159090909090914 0.0393076923076923
0 0.7577414772727273 0.2720480769230769 0.02318181818181825 0.03309615384615381
0 0.7429048295454546 0.28279807692307696 0.024446022727272778 0.0336730769230769
0 0.7760227272727274 0.2982115384615385 0.04261363636363636 0.06392307692307694
0 0.8197869318181819 0.28675 0.03656250000000001 0.037615384615384564
0 0.775390625 0.3604326923076923 0.04805397727272717 0.06336538461538464
0 0.8058948863636364 0.31193269230769227 0.025909090909090923 0.040442307692307694
0 0.841200284090909 0.3659519230769231 0.03007102272727267 0.06986538461538463
0 0.8607386363636365 0.3489807692307692 0.03196022727272727 0.051192307692307704
0 0.7441548295454545 0.34022115384615387 0.025696022727272613 0.02517307692307693
0 0.2625 0.3359807692307692 0.03545454545454547 0.04561538461538461
0 0.8173792613636363 0.3420480769230769 0.029247159090909136 0.04128846153846154
0 0.877137784090909 0.31263461538461534 0.0547301136363636 0.06392307692307694
0 0.8199928977272727 0.3765576923076923 0.02526988636363631 0.036769230769230776
0 0.8197869318181819 0.42209615384615384 0.03823863636363647 0.04923076923076922
0 0.8605255681818181 0.4280384615384616 0.03531250000000002 0.042423076923076924
0 0.7884446022727274 0.3946634615384616 0.0511789772727274 0.054865384615384614
0 0.841512784090909 0.4004615384615385 0.025269886363636473 0.032538461538461516
0 0.7818678977272726 0.43623076923076926 0.040951704545454604 0.05034615384615386
0 0.8441264204545454 0.42025 0.018792613636363663 0.02403846153846154
0 0.8787002840909092 0.41501923076923075 0.03782670454545454 0.04865384615384617
0 0.22131392045454545 0.31991346153846156 0.026832386363636343 0.0684423076923077
0 0.8720170454545454 0.38009615384615386 0.03363636363636373 0.04326923076923077
0 0.9571448863636363 0.40413461538461537 0.03968749999999992 0.049500000000000016
0 0.9210085227272727 0.4123365384615385 0.051392045454545544 0.05174999999999999
0 0.9003196022727273 0.4551826923076923 0.05055397727272732 0.05882692307692308
0 0.9033522727272728 0.3697692307692308 0.04073863636363629 0.04749999999999998
0 0.9458664772727272 0.35350961538461534 0.035937499999999935 0.041019230769230794
0 0.9233025568181819 0.3305961538461539 0.0359232954545454 0.04442307692307691
0 0.9809659090909091 0.33879807692307695 0.030909090909090896 0.05232692307692309
0 0.9881676136363637 0.36128846153846156 0.023607954545454553 0.039038461538461564
0 0.9387642045454545 0.40978846153846155 0.025909090909090923 0.0398846153846154
0 0.20239346590909094 0.3262019230769231 0.02407670454545457 0.05401923076923072
0 0.9912002840909092 0.4266153846153846 0.01754261363636367 0.061653846153846156
0 0.9888139204545454 0.48785576923076923 0.022372159090909092 0.047788461538461585
0 0.9926775568181818 0.5421634615384615 0.014644886363636285 0.05459615384615382
0 0.952762784090909 0.5380576923076923 0.06978693181818181 0.07580769230769234
0 0.9743892045454546 0.4674903846153846 0.023607954545454553 0.03309615384615381
0 0.9623721590909091 0.4850288461538461 0.02380681818181817 0.030249999999999982
0 0.9379261363636363 0.6626538461538461 0.08607954545454549 0.1213461538461539
0 0.9500426136363636 0.5823269230769231 0.07019886363636357 0.0410000000000001
0 0.9915198863636363 0.8070384615384615 0.016505681818181826 0.04696153846153849
0 0.981278409090909 0.7848365384615384 0.02318181818181825 0.049480769230769266
0 0.9647088068181818 0.9232499999999999 0.07049715909090909 0.1291923076923076
0 0.9951704545454546 0.7647499999999999 0.009602272727272715 0.03592307692307694
0 0.9320809659090908 0.7504711538461538 0.030497159090908967 0.040173076923076895
0 0.8936363636363637 0.7401442307692307 0.04303977272727266 0.0675961538461538
0 0.943359375 0.7335096153846155 0.027997159090909142 0.035634615384615334
0 0.9293678977272729 0.6432788461538461 0.025071022727272695 0.037326923076923015
0 0.9297798295454546 0.6066538461538461 0.020894886363636254 0.03365384615384615
0 0.36915482954545453 0.1584903846153846 0.027372159090909065 0.046942307692307714
0 0.8799573863636364 0.698 0.03656250000000001 0.05911538461538463
0 0.8589630681818182 0.6531730769230769 0.02005681818181819 0.027153846153846164
0 0.8842329545454546 0.6698653846153846 0.03551136363636364 0.041307692307692344
0 0.9565269886363637 0.7826442307692308 0.08535511363636368 0.15882692307692303
0 0.9112926136363636 0.5983076923076923 0.021107954545454565 0.04696153846153838
0 0.8755610795454545 0.49040384615384613 0.04992897727272724 0.0625
0 0.8822514204545455 0.6175384615384616 0.06748579545454544 0.09784615384615383
0 0.7829971590909092 0.6125288461538462 0.06374999999999999 0.07801923076923076
0 0.8654403409090908 0.5826057692307693 0.027159090909090914 0.03590384615384618
0 0.8649147727272729 0.566201923076923 0.042414772727272745 0.052326923076923035
0 0.8532173295454545 0.5309903846153846 0.029872159090909053 0.034519230769230747
0 0.8619815340909092 0.5065192307692308 0.03154829545454551 0.03534615384615384
0 0.8573863636363637 0.46325 0.032386363636363574 0.04215384615384613
0 0.8273934659090909 0.617875 0.04825284090909095 0.08236538461538459
0 0.9848579545454546 0.9827307692307692 0.027698863636363636 0.03407692307692302
0 0.8247585227272727 0.5072019230769231 0.03011363636363643 0.06455769230769225
0 0.8494744318181818 0.6614423076923078 0.019886363636363636 0.03088461538461539
0 0.8532741477272728 0.7037980769230769 0.03802556818181815 0.06494230769230777
0 0.8132102272727273 0.6844038461538461 0.042698863636363556 0.08950000000000004
0 0.7734303977272727 0.6853942307692307 0.05382102272727287 0.10413461538461545
0 0.7030823863636364 0.7804326923076923 0.08394886363636359 0.11205769230769227
0 0.7880539772727272 0.7889423076923077 0.08715909090909092 0.11403846153846145
0 0.7187357954545455 0.7879519230769231 0.06258522727272728 0.19363461538461538
0 0.6520454545454545 0.7210288461538461 0.04446022727272729 0.06928846153846148
0 0.683046875 0.6998365384615384 0.03509943181818187 0.054173076923076956
0 0.9000071022727273 0.970798076923077 0.03927556818181815 0.0354423076923076
0 0.6182954545454545 0.7189711538461538 0.035085227272727254 0.052980769230769255
0 0.6342684659090909 0.6625480769230769 0.031235795454545467 0.05940384615384624
0 0.5876704545454546 0.7458173076923077 0.049318181818181775 0.04586538461538466
0 0.5864417613636363 0.6965192307692307 0.042997159090909065 0.05607692307692302
0 0.5446732954545455 0.5564615384615385 0.02755681818181815 0.06676923076923082
0 0.5173863636363637 0.49480769230769234 0.038607954545454556 0.0389615384615385
0 0.515809659090909 0.4658173076923077 0.03264204545454548 0.03563461538461539
0 0.48764204545454537 0.46071153846153845 0.022982954545454556 0.03207692307692309
0 0.46343039772727274 0.4709326923076923 0.03316761363636367 0.035865384615384625
0 0.4855397727272727 0.43315384615384617 0.029659090909090902 0.033499999999999974
0 0.10205965909090908 0.37246153846153846 0.031335227272727265 0.03592307692307694
0 0.4652698863636363 0.44752884615384614 0.02386363636363638 0.03705769230769227
0 0.43473011363636366 0.41628846153846155 0.028778409090909077 0.04061538461538462
0 0.4407883522727273 0.44027884615384616 0.027911931818181787 0.05201923076923079
0 0.4558806818181818 0.4864903846153847 0.04650568181818183 0.039903846153846206
0 0.41884943181818185 0.4558365384615385 0.027897727272727255 0.05559615384615384
0 0.36892755681818185 0.4483557692307692 0.022116477272727263 0.035865384615384625
0 0.3167542613636364 0.47596153846153844 0.04643465909090909 0.0395769230769231
0 0.39200284090909093 0.47663461538461543 0.026136363636363683 0.036346153846153854
0 0.39007102272727273 0.4468173076923077 0.025085227272727308 0.03517307692307696
0 0.3997230113636363 0.49884615384615383 0.027201704545454595 0.038500000000000076
0 0.9441974431818181 0.9784711538461538 0.02643465909090911 0.035096153846153735
0 0.3797159090909092 0.42091346153846154 0.02369318181818183 0.028980769230769216
0 0.3597088068181818 0.440875 0.021235795454545438 0.028980769230769216
0 0.3311931818181818 0.5039134615384615 0.05744318181818182 0.041442307692307716
0 0.3741974431818182 0.5192788461538461 0.023735795454545464 0.03678846153846153
0 0.3566477272727273 0.5292788461538462 0.019602272727272742 0.03259615384615382
0 0.2892400568181818 0.5188076923076923 0.027173295454545447 0.048884615384615415
0 0.3229403409090909 0.539298076923077 0.05193181818181818 0.04798076923076932
0 0.6104829545454545 0.6595384615384616 0.027897727272727334 0.041423076923076965
0 0.2887215909090909 0.47946153846153844 0.022017045454545456 0.02980769230769231
0 0.2637855113636363 0.37608653846153844 0.03336647727272724 0.041903846153846194
0 0.8826349431818182 0.9428461538461538 0.10373579545454542 0.06953846153846159
0 0.209609375 0.3809711538461539 0.03782670454545454 0.04609615384615384
0 0.14339488636363637 0.46315384615384614 0.06982954545454545 0.043769230769230755
0 0.1107244318181818 0.4075096153846154 0.04161931818181818 0.053557692307692355
0 0.1492400568181818 0.5069423076923077 0.047116477272727275 0.04749999999999998
0 0.1887997159090909 0.4645576923076923 0.029928977272727263 0.05215384615384616
0 0.17125710227272728 0.5195096153846154 0.04024147727272725 0.04471153846153846
0 0.16265624999999997 0.43754807692307696 0.038863636363636364 0.04844230769230769
0 0.6175142045454546 0.9662884615384616 0.033863636363636325 0.05730769230769233
0 0.603075284090909 0.88775 0.04694602272727266 0.0737307692307693
0 0.6592613636363637 0.8919134615384615 0.029630681818181837 0.031519230769230744
0 0.9827485795454546 0.1417596153846154 0.03450284090909086 0.05090384615384617
0 0.9105823863636363 0.9113269230769231 0.026676136363636485 0.03715384615384614
0 0.6701349431818181 0.8786346153846154 0.024815340909090867 0.041423076923076965
0 0.7545099431818181 0.925125 0.03578124999999992 0.04167307692307685
0 0.48859375000000005 0.7994423076923077 0.025397727272727346 0.0356923076923077
0 0.7764488636363637 0.8594807692307691 0.06772727272727282 0.08546153846153846
0 0.7466193181818181 0.8933461538461539 0.014999999999999923 0.021884615384615377
0 0.7465269886363637 0.956125 0.025980113636363746 0.03648076923076928
0 0.6722514204545454 0.9924615384615385 0.017883522727272692 0.014846153846153898
0 0.6929332386363636 0.989596153846154 0.023480113636363598 0.020576923076923163
0 0.723046875 0.9910384615384614 0.030213068181818157 0.01719230769230758
0 0.30071732954545455 0.8610192307692308 0.020553977272727272 0.03161538461538461
0 0.7296875 0.8993846153846154 0.018380681818181734 0.017384615384615314
0 0.6885156250000001 0.9552211538461539 0.03617897727272723 0.07321153846153845
0 0.2539985795454545 0.850798076923077 0.02177556818181816 0.03655769230769229
0 0.6602201704545454 0.9183557692307692 0.02424715909090908 0.028134615384615376
0 0.6676278409090909 0.9515769230769231 0.02713068181818185 0.047153846153846116
0 0.6481960227272728 0.8521826923076923 0.026363636363636367 0.048980769230769286
0 0.2789985795454546 0.7819615384615385 0.02481534090909091 0.03657692307692304
0 0.6606107954545455 0.7003173076923076 0.02616477272727267 0.03855769230769233
0 0.7378693181818182 0.6831250000000001 0.03482954545454551 0.07190384615384623
0 0.7019815340909091 0.6601923076923077 0.04271306818181817 0.05626923076923075
0 0.6515624999999999 0.6239903846153847 0.04156249999999999 0.04740384615384622
0 0.7208735795454545 0.928875 0.04305397727272728 0.04975000000000001
0 0.6638849431818182 0.6618846153846153 0.035014204545454515 0.03880769230769232
0 0.38286221590909086 0.7576346153846154 0.03839488636363641 0.03976923076923078
0 0.42816761363636363 0.7685673076923076 0.020397727272727293 0.02971153846153844
0 0.44587357954545453 0.7637499999999999 0.01578125000000002 0.02892307692307696
0 0.47992897727272726 0.7413365384615385 0.031164772727272725 0.03255769230769232
0 0.4837784090909091 0.7189423076923077 0.027698863636363636 0.03465384615384623
0 0.45867187499999995 0.7547596153846154 0.023281250000000062 0.03751923076923075
0 0.4723295454545454 0.7623076923076922 0.023295454545454595 0.02865384615384622
0 0.3289559659090909 0.796951923076923 0.0407244318181818 0.055134615384615414
0 0.43654119318181817 0.7418653846153845 0.022514204545454577 0.03257692307692307
0 0.5731889204545454 0.9555288461538461 0.03143465909090908 0.044249999999999984
0 0.41556818181818184 0.7442019230769231 0.02136363636363631 0.036211538461538434
0 0.5024431818181818 0.824576923076923 0.028863636363636355 0.0458461538461538
0 0.4424147727272727 0.7920096153846155 0.020397727272727293 0.03490384615384622
0 0.4226846590909091 0.7955288461538462 0.02906250000000005 0.03413461538461538
0 0.4641548295454545 0.7908461538461539 0.025014204545454565 0.0356923076923077
0 0.4229758522727272 0.8432019230769231 0.02771306818181817 0.04090384615384623
0 0.31963068181818177 0.9296057692307692 0.030909090909090938 0.04232692307692306
0 0.4426065340909091 0.8394230769230769 0.025014204545454485 0.05730769230769222
0 0.4683806818181818 0.8148076923076922 0.02616477272727275 0.027884615384615386
0 0.5187002840909091 0.8533653846153846 0.029048295454545438 0.03465384615384612
0 0.6086292613636364 0.9745192307692307 0.03944602272727278 0.05049999999999998
0 0.5224573863636364 0.8171538461538462 0.022698863636363663 0.036730769230769275
0 0.5510298295454544 0.808548076923077 0.03291193181818184 0.04767307692307685
0 0.38769886363636363 0.805548076923077 0.03872159090909089 0.0515192307692307
0 0.5250568181818182 0.7694807692307692 0.030596590909090938 0.04976923076923076
0 0.5835511363636363 0.7651826923076923 0.048295454545454544 0.05782692307692306
0 0.5484303977272728 0.7310576923076922 0.020781250000000074 0.033346153846153796
0 0.5327556818181818 0.7491538461538462 0.022897727272727278 0.02996153846153854
0 0.2903977272727273 0.7578653846153847 0.04573863636363635 0.04746153846153847
0 0.5279403409090908 0.7218076923076924 0.026363636363636367 0.03880769230769232
0 0.5101420454545454 0.7348365384615385 0.021931818181818177 0.031519230769230744
0 0.5892613636363637 0.9282307692307692 0.029488636363636432 0.05315384615384613
0 0.5405397727272727 0.7052596153846155 0.021164772727272775 0.033865384615384644
0 0.5536292613636363 0.7004423076923078 0.02424715909090908 0.036730769230769164
0 0.5424644886363637 0.6711346153846154 0.05311079545454544 0.030230769230769283
0 0.2353196022727273 0.7653269230769232 0.03305397727272729 0.04699999999999999
0 0.5020596590909091 0.6480865384615384 0.026562499999999985 0.08205769230769223
0 0.47723721590909096 0.6333653846153846 0.04001420454545457 0.06461538461538455
0 0.5185085227272727 0.6293269230769231 0.03289772727272731 0.0773846153846154
0 0.23281960227272727 0.7201346153846154 0.02203124999999999 0.030730769230769155
0 0.1955965909090909 0.7542500000000001 0.028380681818181822 0.03842307692307685
0 0.1416903409090909 0.7513076923076923 0.04139204545454544 0.07049999999999994
0 0.4416903409090909 0.9114903846153846 0.125 0.15367307692307686
0 0.4949431818181818 0.652375 0.020397727272727293 0.029173076923076954
0 0.4979261363636363 0.6226826923076922 0.023664772727272763 0.032826923076923066
0 0.5159161931818183 0.5579519230769231 0.04271306818181817 0.06121153846153843
0 0.49590198863636364 0.5255192307692307 0.03424715909090911 0.03646153846153842
0 0.44904829545454544 0.5199134615384615 0.027897727272727255 0.03932692307692306
0 0.46328835227272724 0.5404903846153846 0.024815340909090867 0.03255769230769232
0 0.48493607954545453 0.5785288461538463 0.03424715909090911 0.05498076923076918
0 0.4247017045454546 0.558076923076923 0.028863636363636355 0.03492307692307686
0 0.3948792613636364 0.5711057692307693 0.02848011363636357 0.04844230769230769
0 0.45549005681818183 0.6245 0.03424715909090911 0.055230769230769285
0 0.48887073863636366 0.9899807692307692 0.04387784090909089 0.019153846153846115
0 0.4372159090909091 0.563548076923077 0.02809659090909087 0.03751923076923075
0 0.40585227272727276 0.5901153846153846 0.02809659090909095 0.03700000000000002
0 0.40863636363636363 0.6345384615384616 0.01096590909090913 0.02369230769230768
0 0.398153409090909 0.6652692307692307 0.03309659090909092 0.03776923076923074
0 0.4223011363636363 0.6501634615384615 0.026732954545454535 0.046634615384615385
0 0.39526988636363636 0.6487403846153846 0.021164772727272775 0.02240384615384622
0 0.17340909090909093 0.582951923076923 0.039261363636363636 0.042980769230769274
0 0.3905539772727273 0.6374038461538462 0.02713068181818185 0.03100000000000001
0 0.4328835227272727 0.6754326923076923 0.042130681818181775 0.058096153846153804
0 0.356875 0.6316634615384616 0.031363636363636344 0.04298076923076916
0 0.4244389204545454 0.9812980769230769 0.03984375000000002 0.037403846153846135
0 0.27943181818181817 0.6251634615384616 0.04039772727272727 0.07267307692307697
0 0.3400426136363636 0.6505576923076922 0.02579545454545454 0.039076923076923065
0 0.3058877840909091 0.6229423076923077 0.029446022727272755 0.05261538461538464
0 0.2648011363636364 0.6405288461538462 0.0465625 0.07632692307692307
0 0.20130681818181817 0.6480865384615384 0.03039772727272724 0.04559615384615392
0 0.22507102272727272 0.6159423076923076 0.03752840909090907 0.04173076923076921
0 0.11318181818181819 0.6126538461538461 0.031164772727272746 0.043000000000000024
0 0.13762073863636362 0.64925 0.0388778409090909 0.043769230769230755
0 0.16475142045454547 0.6420865384615384 0.031178977272727258 0.0544423076923077
0 0.15493607954545452 0.6054903846153846 0.02541193181818182 0.05782692307692306
0 0.3921519886363637 0.987826923076923 0.035980113636363616 0.024346153846153896
0 0.13867897727272727 0.6153942307692307 0.022897727272727278 0.032826923076923066
0 0.11058238636363636 0.6077115384615385 0.018664772727272728 0.02630769230769232
0 0.11009943181818181 0.5649807692307692 0.028863636363636373 0.03100000000000001
0 0.0609375 0.5014134615384616 0.022130681818181817 0.05705769230769228
0 0.11539772727272729 0.5493461538461538 0.021363636363636373 0.02630769230769232
0 0.12193892045454545 0.582951923076923 0.029446022727272713 0.036211538461538434
0 0.07605113636363636 0.5823076923076923 0.016164772727272722 0.025538461538461486
0 0.10924005681818182 0.5180865384615384 0.03791193181818182 0.03932692307692306
0 0.013295454545454544 0.8013942307692308 0.02659090909090909 0.04167307692307695
0 0.07566051136363637 0.5244711538461538 0.026946022727272725 0.05263461538461539
0 0.9523579545454546 0.14109615384615384 0.04349431818181819 0.04888461538461539
0 0.3676704545454545 0.9352692307692309 0.03369318181818182 0.054653846153846185
0 0.03968039772727273 0.4950384615384616 0.02424715909090909 0.04323076923076927
0 0.09644176136363637 0.5378846153846154 0.021548295454545455 0.03100000000000001
0 0.0922088068181818 0.4904807692307692 0.04041193181818182 0.04557692307692306
0 0.010504261363636363 0.7318365384615385 0.021008522727272726 0.05209615384615391
0 0.05478693181818182 0.46781730769230767 0.024431818181818186 0.03309615384615386
0 0.0659375 0.613173076923077 0.026363636363636367 0.03515384615384621
0 0.028515625 0.7791153846153845 0.02078125 0.02369230769230768
0 0.030248579545454547 0.71725 0.03501420454545454 0.04115384615384622
0 0.030532670454545455 0.7477211538461539 0.02328125 0.04063461538461537
0 0.01149147727272727 0.8937403846153846 0.022897727272727268 0.07163461538461538
0 0.36854403409090913 0.8907211538461539 0.04001420454545457 0.045365384615384675
0 0.004758522727272727 0.9470096153846155 0.009431818181818182 0.02605769230769233
0 0.057670454545454546 0.9166634615384615 0.0340625 0.04140384615384621
0 0.03227272727272727 0.9141923076923076 0.03366477272727273 0.04273076923076928
0 0.08066761363636364 0.9272115384615384 0.032329545454545465 0.034384615384615375
0 0.03708096590909091 0.973971153846154 0.03867897727272727 0.051826923076923166
0 0.08181818181818182 0.9723365384615384 0.04849431818181818 0.055326923076923044
0 0.09566761363636363 0.90325 0.029630681818181816 0.03596153846153855
0 0.15215198863636364 0.9882211538461538 0.04444602272727274 0.023557692307692307
0 0.11115767045454544 0.9718942307692308 0.025980113636363645 0.03413461538461538
0 0.16350142045454547 0.9738942307692308 0.07407670454545455 0.05221153846153842
0 0.3473153409090909 0.8704134615384616 0.02386363636363634 0.03278846153846156
0 0.13944602272727272 0.9816634615384616 0.023295454545454553 0.030211538461538533
0 0.2159303977272727 0.8831826923076923 0.021548295454545438 0.04740384615384611
0 0.24258522727272727 0.8947788461538461 0.034829545454545426 0.05651923076923085
0 0.20477272727272727 0.9027307692307691 0.02846590909090912 0.03542307692307695
0 0.15686079545454545 0.9384134615384616 0.04156250000000001 0.02971153846153844
0 0.20073153409090908 0.9330769230769231 0.03231534090909091 0.03880769230769232
0 0.2510440340909091 0.964076923076923 0.04867897727272729 0.04453846153846148
0 0.26076704545454543 0.9388076923076923 0.027329545454545426 0.03934615384615392
0 0.27240767045454545 0.9058557692307693 0.029048295454545438 0.030750000000000017
0 0.2349786931818182 0.9175769230769231 0.0319460227272727 0.0458461538461538
0 0.33730823863636367 0.8818076923076923 0.024218750000000015 0.04276923076923079
0 0.275390625 0.8816250000000001 0.026548295454545453 0.02971153846153844
0 0.16677556818181818 0.9124807692307693 0.029403409090909095 0.036153846153846175
0 0.2176846590909091 0.951346153846154 0.02750000000000002 0.04792307692307696
0 0.3215767045454545 0.8955192307692307 0.023352272727272763 0.03407692307692302
0 0.28149857954545454 0.8619134615384615 0.019588068181818172 0.0324423076923077
0 0.2553338068181818 0.8802884615384615 0.02225852272727275 0.02569230769230772
0 0.35906960227272733 0.8392115384615384 0.03322443181818184 0.05557692307692303
0 0.31573863636363636 0.8286538461538461 0.042585227272727295 0.033769230769230774
0 0.34463068181818185 0.9888942307692308 0.045142045454545456 0.022211538461538484
0 0.3245596590909091 0.9646153846153847 0.02931818181818184 0.036230769230769184
0 0.28955965909090914 0.690298076923077 0.05474431818181817 0.06236538461538463
0 0.2901278409090909 0.8 0.021534090909090944 0.03738461538461549
0 0.2172940340909091 0.812326923076923 0.034389204545454556 0.03434615384615376
0 0.30971590909090907 0.8049326923076923 0.021051136363636355 0.03540384615384609
0 0.37418323863636355 0.8378557692307692 0.021036931818181823 0.03932692307692316
0 0.28593039772727274 0.8288173076923078 0.019701704545454512 0.025519230769230735
0 0.0196875 0.1149326923076923 0.039375 0.045826923076923085
0 0.22129971590909092 0.6964038461538461 0.03572443181818183 0.04023076923076915
0 0.21780539772727273 0.7650384615384616 0.036150568181818166 0.06392307692307694
0 0.18533380681818182 0.7840480769230769 0.04563920454545454 0.058211538461538426
0 0.170859375 0.8032884615384616 0.03421875000000003 0.04442307692307686
0 0.949169034090909 0.07542307692307693 0.03737215909090918 0.03753846153846153
0 0.5638068181818182 0.6195192307692308 0.09321022727272728 0.12619230769230771
0 0.059438920454545456 0.319 0.038025568181818174 0.09023076923076927
0 0.10612926136363637 0.32663461538461536 0.03615056818181817 0.050615384615384604
0 0.07667613636363636 0.3774134615384615 0.02235795454545455 0.03563461538461539
0 0.08607244318181818 0.36001923076923076 0.025269886363636352 0.03761538461538462
0 0.04031960227272727 0.36708653846153844 0.04450284090909091 0.06928846153846153
0 0.012116477272727274 0.21279807692307692 0.023607954545454547 0.03167307692307692
0 0.024701704545454548 0.17885576923076923 0.049403409090909095 0.053750000000000006
0 0.011754261363636364 0.062038461538461535 0.02350852272727273 0.06334615384615384
0 0.004545454545454546 0.038423076923076914 0.009090909090909092 0.03649999999999999
0 0.9798863636363635 0.057124999999999995 0.03843750000000008 0.05275
0 0.03948863636363636 0.04053846153846154 0.031136363636363632 0.050346153846153846
0 0.03509943181818182 0.09315384615384614 0.02946022727272727 0.03903846153846155
0 0.014886363636363637 0.13671153846153847 0.029772727272727274 0.038461538461538464
0 0.044289772727272726 0.1978076923076923 0.026960227272727275 0.04411538461538461
0 0.06173295454545455 0.19525961538461536 0.022556818181818174 0.04128846153846154
0 0.044921875 0.13374038461538462 0.028622159090909094 0.037634615384615384
0 0.07803267045454546 0.22764423076923077 0.02339488636363636 0.02971153846153844
0 0.08387784090909091 0.1990769230769231 0.02465909090909092 0.03307692307692308
0 0.2849573863636364 0.0875 0.03071022727272724 0.036769230769230776
0 0.1308877840909091 0.2112403846153846 0.02674715909090909 0.042711538461538474
0 0.9503053977272727 0.054990384615384615 0.02526988636363631 0.0299423076923077
0 0.2529971590909091 0.2580480769230769 0.01985795454545453 0.0520576923076923
0 0.14237926136363635 0.24023076923076922 0.03174715909090908 0.039038461538461536
0 0.17705255681818183 0.11521153846153845 0.07228693181818181 0.06223076923076924
0 0.1127059659090909 0.07066346153846154 0.03217329545454546 0.05063461538461538
0 0.11980823863636364 0.08566346153846154 0.026321022727272728 0.03705769230769231
0 0.18436789772727274 0.07547115384615384 0.048877840909090906 0.046096153846153835
0 0.1969034090909091 0.06925 0.020482954545454568 0.031384615384615386
0 0.15710227272727273 0.037009615384615384 0.024857954545454544 0.06590384615384616
0 0.140703125 0.035307692307692304 0.025497159090909095 0.051769230769230776
0 0.17131392045454547 0.05001923076923077 0.0461789772727273 0.06138461538461538
0 0.9629474431818181 0.021317307692307694 0.02947443181818182 0.04263461538461539
0 0.14477982954545454 0.007259615384615384 0.0420028409090909 0.014519230769230769
0 0.2261505681818182 0.042663461538461546 0.04678977272727272 0.044980769230769234
0 0.18875710227272727 0.01325 0.029673295454545476 0.026307692307692306
0 0.22009232954545455 0.07363461538461538 0.026321022727272728 0.03676923076923077
0 0.24296875 0.06713461538461538 0.0336363636363636 0.04242307692307692
0 0.2827627840909091 0.05299038461538461 0.033423295454545456 0.042980769230769225
0 0.308046875 0.026125000000000002 0.02842329545454544 0.03563461538461539
0 0.3009446022727273 0.05864423076923077 0.05305397727272727 0.029403846153846152
0 0.26114346590909093 0.03559615384615385 0.025696022727272692 0.0511923076923077
0 0.37197443181818185 0.007875 0.026732954545454494 0.015557692307692307
0 0.9910369318181819 0.023153846153846153 0.01792613636363637 0.04561538461538461
0 0.3630965909090909 0.060201923076923076 0.031534090909090935 0.044980769230769234
0 0.3132670454545454 0.09654807692307692 0.025909090909090923 0.037903846153846156
0 0.35181107954545454 0.1791346153846154 0.01274147727272727 0.03223076923076924
0 0.3460724431818182 0.14746153846153848 0.02674715909090911 0.040730769230769216
0 0.3304048295454546 0.16839423076923077 0.027997159090909104 0.045250000000000005
0 0.2719034090909091 0.17022115384615386 0.022556818181818216 0.04440384615384616
0 0.29175426136363636 0.16075 0.03092329545454547 0.042423076923076924
0 0.25821732954545457 0.1849326923076923 0.038650568181818154 0.039326923076923086
0 0.21058948863636362 0.20473076923076924 0.047428977272727255 0.04384615384615384
0 0.29833096590909086 0.2890192307692308 0.02819602272727272 0.040461538461538445
