0 0.079609375 0.7885288461538461 0.03288352272727273 0.0353653846153847
0 0.42933238636363635 0.9768846153846155 0.03380681818181812 0.04619230769230766
0 0.9879545454545454 0.4911153846153846 0.022897727272727278 0.03623076923076924
0 0.1727840909090909 0.871451923076923 0.038693181818181814 0.0467115384615385
0 0.9755468750000001 0.5175192307692308 0.03288352272727269 0.028807692307692343
0 0.44686079545454543 0.8376538461538461 0.027159090909090914 0.03892307692307694
0 0.4625 0.8459903846153846 0.04201704545454543 0.05559615384615389
0 0.9632883522727272 0.4911057692307692 0.02836647727272731 0.039711538461538416
0 0.9930894886363636 0.3075769230769231 0.013821022727272753 0.036653846153846155
0 0.8154758522727273 0.33245192307692306 0.05126420454545459 0.06809615384615389
0 0.7792116477272728 0.32502884615384614 0.030951704545454654 0.049749999999999954
0 0.8364275568181818 0.7750961538461538 0.04348011363636366 0.0637692307692307
0 0.7103551136363637 0.7294326923076924 0.04485795454545452 0.06544230769230763
0 0.8498082386363636 0.7637884615384616 0.02842329545454544 0.07961538461538457
0 0.8949644886363637 0.9731923076923076 0.030099431818181734 0.04565384615384606
0 0.1929332386363636 0.853125 0.04416193181818182 0.046711538461538395
0 0.8794957386363635 0.7681250000000001 0.03595170454545463 0.043019230769230775
0 0.9534588068181818 0.4786634615384615 0.03578125000000008 0.03840384615384615
0 0.8411363636363636 0.7196442307692308 0.03514204545454547 0.04582692307692304
0 0.9937357954545454 0.3935673076923077 0.012528409090909161 0.03317307692307692
0 0.9435937499999999 0.9375384615384615 0.032613636363636414 0.0392307692307693
0 0.059950284090909085 0.842875 0.03353693181818182 0.04451923076923073
0 0.9418536931818182 0.3064807692307692 0.026747159090909148 0.03100000000000001
0 0.6956676136363636 0.7163846153846154 0.028124999999999935 0.03934615384615381
0 0.12136363636363635 0.9388846153846154 0.031278409090909086 0.04626923076923077
0 0.9011008522727273 0.7010961538461539 0.025468750000000092 0.03753846153846151
0 0.9460653409090909 0.7283653846153846 0.03224431818181825 0.032730769230769195
0 0.14586647727272728 0.929721153846154 0.02803977272727274 0.04101923076923074
0 0.9325284090909091 0.7484519230769231 0.030312499999999885 0.04059615384615387
0 0.02786931818181818 0.8708076923076923 0.03772727272727273 0.048884615384615304
0 0.006605113636363637 0.8738557692307691 0.013210227272727275 0.05498076923076918
0 0.9196022727272727 0.32503846153846155 0.02869318181818188 0.036653846153846155
0 0.17568892045454546 0.7372403846153847 0.029019886363636373 0.04363461538461538
0 0.9893821022727273 0.4284807692307692 0.021235795454545518 0.036653846153846155
0 0.6740198863636363 0.7155384615384615 0.028437499999999973 0.04619230769230766
0 0.9786292613636363 0.7220384615384616 0.02708806818181825 0.03753846153846161
0 0.693799715909091 0.5945961538461538 0.03643465909090906 0.057615384615384686
0 0.30206676136363636 0.6807115384615385 0.04191761363636362 0.041461538461538466
0 0.28755681818181816 0.6540961538461538 0.03610795454545457 0.04846153846153855
0 0.24065340909090913 0.6281153846153846 0.035142045454545426 0.048884615384615304
0 0.730546875 0.5854230769230768 0.02740056818181821 0.03403846153846152
0 0.9397514204545455 0.37522115384615384 0.05609375000000001 0.04451923076923078
0 0.7511860795454546 0.5749519230769231 0.02612215909090907 0.03928846153846155
0 0.9879332386363636 0.35537500000000005 0.02413352272727274 0.04321153846153846
0 0.481640625 0.643625 0.03288352272727269 0.03186538461538471
0 0.819502840909091 0.14454807692307695 0.047073863636363615 0.043211538461538475
0 0.46503551136363636 0.6829038461538461 0.03643465909090906 0.05019230769230774
0 0.7739133522727273 0.5404711538461537 0.02771306818181817 0.03928846153846155
0 0.501484375 0.7525384615384615 0.0341903409090909 0.04234615384615381
0 0.9686079545454547 0.27483653846153844 0.02610795454545454 0.03667307692307691
0 0.6586576704545455 0.9439038461538461 0.03029829545454551 0.038499999999999965
0 0.7452201704545455 0.5267211538461538 0.03674715909090918 0.03536538461538459
0 0.8953764204545455 0.898298076923077 0.03595170454545447 0.05432692307692308
0 0.25725142045454547 0.930375 0.03933238636363636 0.0580576923076923
0 0.9309090909090909 0.8922596153846154 0.028437499999999973 0.03471153846153848
0 0.9189275568181817 0.8435865384615384 0.030099431818181734 0.04528846153846156
0 0.7190767045454546 0.21395192307692307 0.04352272727272717 0.04321153846153846
0 0.9479119318181817 0.7835865384615385 0.032897727272727224 0.04678846153846151
0 0.8807386363636364 0.8084999999999999 0.0351136363636364 0.046038461538461535
0 0.8095099431818181 0.37303846153846154 0.02515625000000005 0.040153846153846144
0 0.8576136363636363 0.8618846153846154 0.03289772727272739 0.037346153846153765
0 0.8934943181818181 0.34750961538461533 0.03707386363636367 0.04932692307692309
0 0.3089914772727273 0.954721153846154 0.025710227272727305 0.04051923076923076
0 0.4639559659090909 0.9317596153846154 0.05078125 0.03928846153846155
0 0.32089488636363633 0.9794038461538461 0.024943181818181823 0.032730769230769195
0 0.22517755681818177 0.9397596153846154 0.03191761363636363 0.04975000000000001
0 0.8421448863636364 0.8711346153846155 0.02647727272727287 0.05207692307692305
0 0.7302059659090908 0.19191346153846153 0.03867897727272722 0.04278846153846154
0 0.9882741477272727 0.27636538461538457 0.022883522727272586 0.03623076923076924
0 0.8925852272727273 0.8505673076923076 0.032613636363636414 0.04340384615384614
0 0.49453125 0.65475 0.033522727272727225 0.04276923076923068
0 0.16455965909090908 0.9613653846153846 0.030625000000000003 0.06153846153846143
0 0.6839346590909091 0.9904999999999999 0.034318181818181775 0.017961538461538522
0 0.5973792613636363 0.33528846153846154 0.05157670454545455 0.05803846153846155
0 0.5180255681818182 0.5397692307692307 0.025284090909090843 0.051346153846153826
0 0.269296875 0.32698076923076924 0.04720170454545453 0.05092307692307696
0 0.6113068181818182 0.26716346153846154 0.019772727272727296 0.02555769230769229
0 0.6348721590909091 0.46326923076923077 0.02809659090909087 0.03365384615384615
0 0.9634517045454545 0.08541346153846154 0.02803977272727274 0.1274423076923077
0 0.7277982954545454 0.3919807692307692 0.02028409090909087 0.029346153846153883
0 0.44105113636363635 0.2737211538461538 0.05678977272727275 0.07013461538461538
0 0.5295383522727272 0.5886442307692308 0.028650568181818204 0.03574999999999995
0 0.7418963068181817 0.4262307692307692 0.01632102272727274 0.024615384615384584
0 0.5956676136363637 0.2719519230769231 0.027443181818181808 0.039942307692307714
0 0.5371235795454545 0.5654423076923076 0.028650568181818204 0.041076923076923
0 0.3255255681818182 0.3488076923076923 0.025340909090909094 0.045730769230769235
0 0.286953125 0.39452884615384615 0.03339488636363639 0.06548076923076926
0 0.012372159090909092 0.805173076923077 0.024744318181818183 0.041461538461538466
0 0.5552201704545454 0.3601057692307692 0.039332386363636444 0.04582692307692304
0 0.7245738636363637 0.8057884615384615 0.025909090909090923 0.0410769230769231
0 0.2846519886363636 0.2861826923076923 0.05410511363636364 0.054557692307692314
0 0.29681107954545455 0.2174326923076923 0.04867897727272729 0.032365384615384615
0 0.06492897727272727 0.29596153846153844 0.02125 0.03396153846153845
0 0.30134232954545453 0.33789423076923075 0.023025568181818192 0.035326923076923034
0 0.06875710227272727 0.3423653846153846 0.02365056818181818 0.03103846153846151
0 0.05382102272727273 0.3237692307692308 0.02244318181818182 0.03330769230769235
0 0.4706818181818182 0.4945192307692307 0.02332386363636366 0.030038461538461493
0 0.7397727272727272 0.014615384615384615 0.029715909090909112 0.028884615384615384
0 0.5647940340909091 0.431 0.04973011363636362 0.04907692307692304
0 0.28350142045454546 0.36490384615384613 0.03339488636363635 0.06234615384615388
0 0.9462073863636363 0.1463076923076923 0.049005681818181816 0.05019230769230768
0 0.6493607954545454 0.2663653846153846 0.037471590909090906 0.06950000000000003
0 0.4280326704545454 0.3389326923076923 0.07899147727272729 0.1038653846153846
0 0.662734375 0.44722115384615385 0.024872159090909077 0.037096153846153834
0 0.6027272727272728 0.5764807692307692 0.03792613636363635 0.04792307692307696
0 0.34032670454545455 0.2709519230769231 0.07610795454545452 0.10424999999999998
0 0.5322088068181817 0.4998365384615385 0.03061079545454547 0.039942307692307714
0 0.7235227272727273 0.027499999999999997 0.026676136363636326 0.04434615384615384
0 0.39845170454545453 0.3282788461538461 0.03301136363636365 0.05767307692307688
0 0.5374857954545454 0.13096153846153846 0.08318181818181819 0.09034615384615385
0 0.6175 0.2441923076923077 0.028607954545454607 0.02515384615384618
0 0.9339772727272727 0.6458750000000001 0.05062499999999998 0.04059615384615387
0 0.8943039772727271 0.09545192307692309 0.04062500000000003 0.04451923076923077
0 0.4702627840909091 0.5190480769230769 0.024730113636363592 0.03348076923076928
0 0.2332244318181818 0.29730769230769233 0.02659090909090909 0.04307692307692309
0 0.6245809659090908 0.22822115384615385 0.020951704545454544 0.028365384615384615
0 0.6217400568181819 0.4456538461538462 0.03223011363636363 0.04207692307692307
0 0.31392045454545453 0.20864423076923078 0.10946022727272724 0.05632692307692309
0 0.4445809659090909 0.03691346153846154 0.025269886363636394 0.04159615384615385
0 0.9445596590909091 0.06946153846153846 0.023465909090909065 0.05926923076923077
0 0.44135653409090914 0.06827884615384615 0.026264204545454476 0.03725
0 0.45995028409090905 0.06224038461538461 0.027258522727272725 0.04328846153846153
0 0.44619318181818185 0.10149038461538461 0.0339488636363636 0.045288461538461534
0 0.9389488636363637 0.1770673076923077 0.06093749999999997 0.05325
0 0.24186079545454542 0.3212596153846154 0.03224431818181821 0.027019230769230792
0 0.43293323863636357 0.121125 0.032713068181818225 0.0664423076923077
0 0.40009943181818175 0.10099038461538462 0.02355113636363634 0.04428846153846154
0 0.25306107954545454 0.17076923076923076 0.02546875000000001 0.040153846153846144
0 0.16327414772727272 0.2827211538461538 0.03288352272727271 0.042326923076923116
0 0.13845170454545455 0.2927692307692308 0.03159090909090911 0.05630769230769231
0 0.2529900568181818 0.2999615384615385 0.025326704545454562 0.03430769230769232
0 0.20309659090909093 0.31814423076923076 0.029943181818181838 0.04051923076923076
0 0.20808948863636365 0.3482788461538462 0.023025568181818192 0.03117307692307694
0 0.20348011363636365 0.36647115384615386 0.023039772727272766 0.031173076923076883
0 0.8997798295454544 0.152625 0.03288352272727269 0.03928846153846152
0 0.18141335227272729 0.3963461538461539 0.03492897727272726 0.056653846153846166
0 0.13619318181818182 0.25195192307692305 0.021278409090909098 0.024442307692307708
0 0.12972301136363634 0.6466634615384615 0.022571022727272728 0.032749999999999946
0 0.10496448863636365 0.6366923076923078 0.025553977272727266 0.032115384615384594
0 0.08078835227272728 0.6039519230769231 0.025553977272727277 0.038980769230769194
0 0.22516335227272724 0.3542596153846153 0.031860795454545426 0.041057692307692295
0 0.04796875 0.6614807692307693 0.03039772727272727 0.03242307692307684
0 0.019879261363636366 0.6541442307692307 0.02808238636363636 0.04209615384615393
0 0.2368678977272727 0.3682884615384615 0.027627840909090894 0.039999999999999966
0 0.10007102272727271 0.16422115384615388 0.025909090909090902 0.0596346153846154
0 0.8768892045454546 0.17795192307692306 0.03869318181818183 0.041903846153846167
0 0.03864346590909091 0.617826923076923 0.031093749999999996 0.03180769230769235
0 0.38634232954545455 0.05116346153846153 0.035184659090909065 0.04328846153846153
0 0.03784090909090909 0.5866442307692308 0.029943181818181817 0.03678846153846153
0 0.012592329545454544 0.41855769230769224 0.024133522727272726 0.0401923076923077
0 0.2720809659090909 0.12633653846153844 0.016661931818181805 0.03340384615384615
0 0.25563210227272726 0.12035576923076922 0.021605113636363606 0.02590384615384614
0 0.1310227272727273 0.14240384615384616 0.03656249999999999 0.04326923076923077
0 0.08034801136363635 0.07322115384615385 0.035411931818181815 0.045211538461538456
0 0.6687428977272728 0.08552884615384615 0.033025568181818184 0.039442307692307686
0 0.6827627840909091 0.13774999999999998 0.0283096590909091 0.03192307692307694
0 0.8386860795454545 0.21221153846153845 0.031917613636363515 0.03623076923076921
0 0.7297727272727272 0.10576923076923077 0.021534090909090944 0.037115384615384626
0 0.9316974431818181 0.08564423076923076 0.03836647727272726 0.04767307692307692
0 0.9176988636363635 0.045317307692307685 0.039261363636363615 0.043980769230769226
0 0.7542471590909091 0.13713461538461538 0.04306818181818173 0.042423076923076924
0 0.744296875 0.11879807692307694 0.024474431818181843 0.031365384615384635
0 0.1451278409090909 0.18839423076923079 0.04059659090909091 0.051057692307692304
0 0.46589488636363635 0.031711538461538465 0.02130681818181818 0.03119230769230769
0 0.026441761363636365 0.5668461538461538 0.038451704545454546 0.04396153846153849
0 0.15842329545454545 0.46815384615384614 0.04218749999999998 0.06800000000000003
0 0.13164772727272728 0.46326923076923077 0.029147727272727266 0.04846153846153844
0 0.8475497159090909 0.2377403846153846 0.02063920454545467 0.030557692307692282
0 0.10777698863636363 0.4534903846153846 0.025809659090909074 0.03644230769230767
0 0.0718465909090909 0.5115480769230769 0.031079545454545457 0.06386538461538463
0 0.027301136363636368 0.4978269230769231 0.04357954545454546 0.07326923076923081
0 0.059552556818181814 0.28010576923076924 0.029616477272727273 0.03459615384615387
0 0.025241477272727273 0.274125 0.050482954545454546 0.04655769230769232
0 0.07985795454545454 0.30808653846153844 0.03440340909090909 0.07955769230769226
0 0.07054687500000001 0.23450961538461537 0.045866477272727274 0.06694230769230768
0 0.024559659090909094 0.2149423076923077 0.04897727272727273 0.07503846153846153
0 0.07055397727272728 0.02851923076923077 0.03713068181818182 0.05703846153846154
0 0.16887073863636362 0.019817307692307693 0.04029829545454544 0.039365384615384615
0 0.8354616477272727 0.2484326923076923 0.024815340909090947 0.04582692307692307
0 0.2542329545454546 0.06406730769230769 0.030227272727272728 0.04171153846153846
0 0.3020099431818182 0.007259615384615384 0.02123579545454548 0.014096153846153847
0 0.44417613636363634 0.013759615384615386 0.030681818181818213 0.02751923076923077
0 0.5058380681818182 0.21064423076923075 0.051335227272727255 0.07548076923076923
0 0.509375 0.23960576923076923 0.04778409090909097 0.07748076923076924
0 0.6250213068181818 0.2745480769230769 0.039531249999999976 0.051519230769230755
0 0.6135156249999999 0.22601923076923078 0.04660511363636364 0.055115384615384636
0 0.6263494318181818 0.25837499999999997 0.017414772727272713 0.02555769230769232
0 0.6556036931818181 0.22925 0.043423295454545444 0.0335
0 0.5789985795454545 0.3122980769230769 0.022428977272727222 0.05751923076923076
0 0.8743110795454547 0.23839423076923077 0.03288352272727269 0.039711538461538444
0 0.5956676136363637 0.30990384615384614 0.018579545454545432 0.04792307692307696
0 0.37499289772727273 0.25677884615384616 0.049275568181818136 0.055903846153846165
0 0.7028267045454546 0.015557692307692307 0.02894886363636363 0.031115384615384614
0 0.6569815340909091 0.009028846153846155 0.022599431818181855 0.01805769230769231
0 0.6745099431818182 0.028192307692307694 0.027684659090909104 0.045730769230769235
0 0.69203125 0.03180769230769231 0.02616477272727267 0.05088461538461539
0 0.6886008522727273 0.10709615384615384 0.027940340909090932 0.04399999999999999
0 0.7152698863636364 0.11173076923076923 0.02997159090909094 0.06223076923076923
0 0.03387073863636363 0.7283846153846154 0.042855113636363636 0.04184615384615383
0 0.06462357954545456 0.7563461538461539 0.032741477272727276 0.04061538461538462
0 0.8630326704545456 0.271125 0.03740056818181824 0.051942307692307704
0 0.04732954545454546 0.757173076923077 0.031221590909090914 0.0422692307692308
0 0.02269886363636364 0.7702307692307692 0.03397727272727273 0.05096153846153846
0 0.02244318181818182 0.9322499999999999 0.018579545454545456 0.029653846153846183
0 0.9802485795454546 0.07767307692307693 0.017088068181818142 0.029692307692307688
0 0.9840625 0.1724903846153846 0.03187500000000008 0.09121153846153844
0 0.9910085227272728 0.07985576923076923 0.0179829545454545 0.03667307692307693
0 0.4043394886363636 0.15801923076923075 0.09026988636363638 0.14534615384615382
0 0.5587642045454545 0.3016153846153846 0.03676136363636363 0.021384615384615394
0 0.5644105113636364 0.28350000000000003 0.02740056818181821 0.01834615384615383
0 0.5664985795454546 0.27215384615384614 0.03288352272727269 0.027076923076923103
0 0.12990767045454546 0.9740192307692308 0.04126420454545454 0.050192307692307626
0 0.5508664772727273 0.25687499999999996 0.03707386363636367 0.03928846153846152
0 0.6485724431818182 0.5603653846153845 0.07061079545454542 0.1834230769230769
0 0.7399147727272727 0.4761923076923077 0.08519886363636359 0.08676923076923078
0 0.5402201704545454 0.2808846153846154 0.02546874999999993 0.036653846153846155
0 0.5911931818181818 0.5452884615384616 0.017272727272727228 0.026499999999999947
0 0.6032883522727274 0.5219134615384615 0.029928977272727263 0.03586538461538468
0 0.5863991477272728 0.5117884615384616 0.023792613636363636 0.04676923076923081
0 0.9096519886363637 0.45566346153846154 0.0191051136363637 0.036173076923076926
0 0.9298011363636364 0.45378846153846153 0.024857954545454544 0.044269230769230734
0 0.9213920454545454 0.4416346153846154 0.028778409090909077 0.04053846153846151
0 0.9586434659090909 0.6751153846153847 0.039985795454545586 0.053692307692307616
0 0.2977130681818182 0.8186442307692308 0.03772727272727273 0.053673076923076865
0 0.8925284090909091 0.4387307692307692 0.034488636363636326 0.05630769230769231
0 0.9779119318181819 0.6116442307692307 0.0441761363636364 0.08521153846153846
0 0.7691761363636364 0.7663846153846153 0.08704545454545451 0.09557692307692306
0 0.7188849431818182 0.8306442307692308 0.03285511363636363 0.04286538461538455
0 0.7928125000000001 0.9256442307692309 0.03707386363636367 0.0365961538461539
0 0.7746519886363636 0.8687403846153846 0.07416193181818187 0.09513461538461544
0 0.012855113636363637 0.7628365384615384 0.025710227272727273 0.07725000000000003
0 0.30392755681818184 0.5587884615384615 0.09865056818181817 0.11084615384615382
0 0.17639914772727272 0.7151346153846154 0.10575284090909091 0.12857692307692312
0 0.10034090909090908 0.691903846153846 0.12284090909090907 0.1405384615384615
0 0.24467329545454544 0.7577596153846153 0.029659090909090902 0.04451923076923083
0 0.33052556818181816 0.0033365384615384615 0.017698863636363606 0.006673076923076923
0 0.16970880681818182 0.5701442307692308 0.1966903409090909 0.1676346153846154
0 0.20561079545454544 0.3418173076923077 0.049005681818181816 0.04059615384615387
0 0.03889204545454546 0.007086538461538462 0.036562500000000005 0.014173076923076924
0 0.10020596590909091 0.010009615384615384 0.044616477272727266 0.02001923076923077
0 0.005923295454545453 0.16998076923076924 0.011704545454545452 0.04915384615384616
0 0.007137784090909091 0.7008269230769231 0.014275568181818183 0.04973076923076926
0 0.008274147727272727 0.2058846153846154 0.016548295454545454 0.02392307692307692
0 0.2088849431818182 0.21791346153846153 0.03191761363636363 0.09340384615384614
0 0.23404119318181815 0.22161538461538463 0.033849431818181834 0.058923076923076925
0 0.2695099431818182 0.7571057692307692 0.03288352272727273 0.04059615384615387
0 0.27094460227272726 0.23689423076923077 0.06899147727272727 0.08075000000000002
0 0.24145596590909094 0.2087403846153846 0.022883522727272707 0.03228846153846152
0 0.24031960227272728 0.18233653846153847 0.029019886363636373 0.03536538461538462
0 0.6287571022727273 0.09264423076923077 0.05342329545454547 0.032942307692307694
0 0.62625 0.11947115384615385 0.026846590909090876 0.03363461538461539
0 0.5933806818181818 0.024028846153846154 0.02482954545454548 0.035673076923076925
0 0.6031676136363636 0.05273076923076923 0.029346590909090864 0.042807692307692304
0 0.6157173295454546 0.026913461538461535 0.024332386363636358 0.03940384615384615
0 0.6461931818181819 0.05153846153846153 0.0546875 0.033615384615384616
0 0.38870028409090907 0.12179807692307693 0.024531249999999973 0.03825
0 0.2519318181818182 0.7931057692307691 0.029346590909090906 0.041903846153846194
0 0.22933238636363634 0.13401923076923075 0.0414488636363636 0.0646923076923077
0 0.23566051136363636 0.07692307692307693 0.03109374999999998 0.03703846153846154
0 0.0545809659090909 0.05744230769230769 0.03512784090909091 0.05573076923076922
0 0.20169744318181818 0.0870576923076923 0.046633522727272725 0.07365384615384615
0 0.18571732954545456 0.038538461538461535 0.026775568181818175 0.03507692307692308
0 0.17837357954545455 0.06386538461538462 0.027627840909090932 0.03584615384615385
0 0.15088068181818182 0.039125 0.034261363636363645 0.05963461538461539
0 0.14238636363636362 0.08725961538461538 0.0621875 0.07171153846153845
0 0.17808238636363638 0.15058653846153847 0.04721590909090911 0.08771153846153847
0 0.138359375 0.21821153846153846 0.07714488636363637 0.08965384615384617
0 0.25 0.8264999999999999 0.033210227272727266 0.04057692307692301
0 0.06652698863636362 0.19015384615384615 0.026775568181818185 0.052230769230769226
0 0.07847301136363637 0.20788461538461536 0.029360795454545455 0.03157692307692308
0 0.07789772727272727 0.16052884615384613 0.025340909090909084 0.060788461538461534
0 0.569453125 0.21975 0.033110795454545455 0.05342307692307693
0 0.6132741477272727 0.1993653846153846 0.021065340909090968 0.03169230769230767
0 0.6007315340909091 0.21341346153846152 0.020071022727272722 0.03259615384615385
0 0.5851704545454546 0.21567307692307694 0.019062500000000024 0.04799999999999999
0 0.5396875 0.17696153846153848 0.027755681818181766 0.03849999999999999
0 0.5833380681818182 0.1509230769230769 0.02542613636363633 0.0326153846153846
0 0.5861789772727273 0.17990384615384614 0.02306818181818183 0.02988461538461537
0 0.10637784090909091 0.7856826923076923 0.03159090909090909 0.04190384615384608
0 0.5662855113636364 0.17016346153846154 0.027428977272727275 0.034865384615384604
0 0.738096590909091 0.07704807692307691 0.040142045454545444 0.06540384615384616
0 0.7679545454545454 0.09671153846153847 0.029375000000000092 0.06496153846153847
0 0.765440340909091 0.06725 0.03755681818181826 0.04342307692307692
0 0.7898366477272728 0.03134615384615385 0.03723011363636353 0.0626923076923077
0 0.8147869318181818 0.05775 0.05181818181818185 0.07846153846153846
0 0.9306178977272727 0.019769230769230768 0.05089488636363642 0.039269230769230765
0 0.32860085227272723 0.3823173076923077 0.06447443181818184 0.05559615384615384
0 0.3137926136363636 0.4116826923076923 0.03255681818181821 0.04321153846153846
0 0.3152414772727273 0.4300192307692308 0.04332386363636364 0.043384615384615334
0 0.18923295454545455 0.9089903846153845 0.06769886363636365 0.07201923076923075
0 0.31592329545454545 0.4648461538461539 0.07176136363636361 0.04092307692307692
0 0.3120809659090909 0.48867307692307693 0.05055397727272728 0.022615384615384652
0 0.3369034090909091 0.51525 0.05144886363636363 0.06476923076923073
0 0.3669247159090909 0.5448942307692308 0.04558238636363637 0.08248076923076932
0 0.46421875 0.3878269230769231 0.04747159090909085 0.05857692307692309
0 0.4888068181818182 0.40875 0.05562499999999995 0.0479230769230769
0 0.5671875 0.3895480769230769 0.04551136363636366 0.03917307692307693
0 0.5702769886363637 0.44602884615384614 0.042144886363636384 0.035750000000000004
0 0.5621235795454546 0.47474038461538465 0.04495738636363633 0.035365384615384646
0 0.6338068181818183 0.3564615384615385 0.042556818181818154 0.039269230769230744
0 0.1806818181818182 0.9690096153846154 0.03448863636363637 0.06198076923076926
0 0.638487215909091 0.3080096153846154 0.05319602272727279 0.07505769230769231
0 0.6836221590909091 0.31259615384615386 0.055767045454545444 0.06676923076923076
0 0.6781321022727272 0.26326923076923076 0.03384943181818179 0.04757692307692309
0 0.7005397727272727 0.2822596153846154 0.036107954545454485 0.059365384615384625
0 0.8012855113636363 0.13735576923076923 0.029985795454545473 0.049749999999999996
0 0.16713778409090907 0.23035576923076923 0.05609374999999999 0.09209615384615381
0 0.14982244318181817 0.5092884615384615 0.03163352272727272 0.035307692307692276
0 0.909609375 0.1246923076923077 0.029985795454545473 0.03753846153846153
0 0.20551136363636366 0.9519807692307691 0.02482954545454544 0.027923076923077
0 0.9339772727272727 0.6816634615384615 0.021590909090909157 0.03798076923076923
0 0.20889914772727272 0.9821057692307692 0.02643465909090911 0.03578846153846157
0 0.31108664772727274 0.8214807692307693 0.03288352272727273 0.047153846153846116
0 0.23081676136363638 0.9762115384615384 0.030951704545454536 0.03361538461538465
0 0.3101278409090909 0.8662115384615384 0.03869318181818179 0.052807692307692375
0 0.9523508522727272 0.6871249999999999 0.02353693181818189 0.03667307692307691
0 0.8701491477272728 0.47525 0.039843750000000094 0.039269230769230744
0 0.9346235795454546 0.5762596153846153 0.031917613636363674 0.050634615384615354
0 0.9238210227272727 0.5786634615384615 0.04255681818181823 0.04844230769230769
0 0.9041548295454546 0.6220961538461539 0.02708806818181809 0.06634615384615385
0 0.8545099431818183 0.6044134615384614 0.07865056818181819 0.06328846153846159
0 0.9199502840909091 0.6969519230769231 0.024502840909090908 0.04059615384615387
0 0.853359375 0.2973173076923077 0.02836647727272731 0.034480769230769245
0 0.7265198863636363 0.5461442307692308 0.047073863636363615 0.04975000000000001
0 0.6396377840909091 0.5777884615384616 0.029985795454545473 0.05107692307692308
0 0.7139488636363637 0.6284230769230769 0.05028409090909096 0.06503846153846153
0 0.7681107954545454 0.720951923076923 0.05997159090909095 0.07725000000000003
0 0.7287713068181819 0.6869038461538461 0.03288352272727269 0.04057692307692312
0 0.7020170454545455 0.6631250000000001 0.03997159090909097 0.050634615384615354
0 0.8846519886363637 0.7168076923076924 0.055127840909090994 0.07246153846153848
0 0.8200142045454545 0.6373653846153846 0.026448863636363642 0.031423076923076984
0 0.8225923295454546 0.6637692307692308 0.03288352272727269 0.03100000000000001
0 0.9313991477272726 0.7161442307692307 0.03578124999999992 0.03709615384615388
0 0.9939914772727273 0.6781826923076922 0.012017045454545506 0.034480769230769245
0 0.8620880681818183 0.6727211538461538 0.06545454545454552 0.07332692307692307
0 0.9185085227272727 0.6251442307692309 0.03707386363636351 0.05325
0 0.82375 0.9130096153846153 0.04653409090909089 0.043019230769230775
0 0.9892187500000001 0.5749134615384616 0.02156249999999993 0.03709615384615388
0 0.9528125 0.44069230769230766 0.045454545454545456 0.06896153846153849
0 0.3454403409090909 0.7749903846153846 0.030965909090909106 0.04105769230769235
0 0.3468678977272727 0.8549711538461539 0.04012784090909091 0.058173076923076925
0 0.6532173295454545 0.9878461538461539 0.030525568181818195 0.02430769230769228
0 0.45460227272727266 0.9071634615384616 0.03127840909090915 0.04105769230769224
0 0.4826278409090909 0.88575 0.04298295454545453 0.04765384615384621
0 0.8258380681818182 0.8790576923076924 0.03400568181818189 0.036230769230769184
0 0.49350852272727264 0.8959230769230769 0.0400284090909091 0.04692307692307688
0 0.6278906249999999 0.9919134615384615 0.022428977272727302 0.01617307692307697
0 0.6821235795454546 0.9639423076923077 0.030525568181818116 0.04038461538461539
0 0.8567755681818183 0.8373557692307692 0.02786931818181819 0.026788461538461553
0 0.9616761363636364 0.394 0.03610795454545465 0.03230769230769233
0 0.8335014204545456 0.8343461538461538 0.02759943181818175 0.026038461538461576
0 0.9194886363636363 0.9156538461538462 0.020625000000000136 0.027153846153846164
0 0.8167826704545454 0.8550865384615385 0.03259943181818188 0.032826923076923066
0 0.6996164772727272 0.7897500000000001 0.0322159090909091 0.04492307692307695
0 0.5090340909090909 0.9922788461538462 0.019630681818181808 0.015288461538461626
0 0.6306676136363637 0.950326923076923 0.031221590909090935 0.043192307692307655
0 0.8425639204545454 0.8109519230769231 0.036235795454545444 0.035096153846153846
0 0.8199928977272727 0.8150961538461539 0.025639204545454482 0.03961538461538455
0 0.622578125 0.968951923076923 0.03583806818181821 0.04163461538461534
0 0.7886363636363637 0.8211346153846154 0.049886363636363645 0.05546153846153852
0 0.9381534090909092 0.9199999999999999 0.02676136363636368 0.02980769230769231
0 0.8270951704545454 0.9426346153846153 0.04544034090909092 0.053961538461538464
0 0.4455965909090909 0.6984230769230769 0.03034090909090911 0.03165384615384623
0 0.9885795454545455 0.5258076923076922 0.022840909090909148 0.07419230769230767
0 0.9639417613636364 0.3451057692307692 0.03288352272727286 0.03840384615384615
0 0.4628196022727273 0.9901442307692307 0.05024147727272728 0.01967307692307696
0 0.645909090909091 0.7771346153846154 0.03349431818181816 0.06415384615384619
0 0.9109019886363636 0.38177884615384616 0.03126420454545453 0.03928846153846155
0 0.8156605113636364 0.954701923076923 0.024247159090909 0.030557692307692282
0 0.6727627840909091 0.778201923076923 0.024644886363636397 0.05517307692307692
0 0.38225142045454547 0.7290096153846154 0.04643465909090909 0.060326923076923084
0 0.9524928977272729 0.3254711538461539 0.02353693181818189 0.030557692307692282
0 0.46803267045454544 0.7446250000000001 0.03791193181818182 0.0479038461538462
0 0.7910014204545455 0.9454615384615385 0.030099431818181897 0.035461538461538454
0 0.42490056818181815 0.8179807692307692 0.02937500000000001 0.03976923076923078
0 0.968934659090909 0.4271634615384615 0.02676136363636352 0.03667307692307691
