0 0.6058451704545454 0.20803846153846156 0.027741477272727234 0.0346923076923077
0 0.8145383522727272 0.8459038461538462 0.030099431818181734 0.07330769230769231
0 0.42043323863636367 0.981701923076923 0.02867897727272727 0.03659615384615379
0 0.04305397727272728 0.17165384615384613 0.023977272727272726 0.08096153846153847
0 0.06780539772727273 0.17660576923076923 0.048082386363636355 0.05728846153846155
0 0.4058806818181818 0.9270480769230769 0.03008522727272728 0.029750000000000054
0 0.011818181818181818 0.18139423076923078 0.023636363636363636 0.028673076923076916
0 0.02620028409090909 0.18116346153846152 0.02734375 0.05517307692307692
0 0.4383948863636364 0.3057692307692308 0.036931818181818184 0.04038461538461539
0 0.024389204545454547 0.15052884615384615 0.048778409090909094 0.04717307692307693
0 0.7833664772727272 0.4975192307692307 0.030738636363636343 0.07642307692307689
0 0.7354119318181819 0.4920769230769231 0.035681818181818106 0.0351538461538461
0 0.7786434659090908 0.9324134615384616 0.03771306818181828 0.050173076923076876
0 0.7091619318181818 0.5200961538461539 0.024374999999999956 0.030384615384615406
0 0.6923295454545454 0.540951923076923 0.027386363636363677 0.04578846153846154
0 0.3006676136363637 0.654201923076923 0.02258522727272728 0.03655769230769229
0 0.40724431818181817 0.9507596153846154 0.035994318181818225 0.0312884615384615
0 0.7237713068181818 0.42762500000000003 0.03768465909090905 0.04932692307692309
0 0.9856676136363638 0.7321442307692309 0.025767045454545435 0.02805769230769226
0 0.35017045454545453 0.9814711538461539 0.04269886363636364 0.03705769230769227
0 0.41145596590909084 0.8507307692307692 0.03987215909090908 0.05384615384615385
0 0.684453125 0.5105673076923077 0.02387784090909091 0.02698076923076918
0 0.7925497159090908 0.6636346153846154 0.03433238636363631 0.0708846153846153
0 0.7891761363636364 0.9757596153846153 0.03340909090909088 0.04848076923076919
0 0.37843750000000004 0.66 0.01985795454545457 0.05099999999999996
0 0.8514701704545454 0.6712692307692307 0.044105113636363734 0.03180769230769224
0 0.8724786931818183 0.6518557692307693 0.04092329545454538 0.03717307692307689
0 0.6994247159090908 0.018759615384615385 0.027002840909090896 0.03751923076923077
0 0.34474431818181817 0.9932307692307693 0.03431818181818181 0.013538461538461468
0 0.6850355113636364 0.025721153846153845 0.016122159090909124 0.015865384615384615
0 0.684034090909091 0.4878942307692308 0.024374999999999956 0.02313461538461544
0 0.6982741477272727 0.46594230769230766 0.02220170454545454 0.028230769230769243
0 0.2843465909090909 0.3083942307692308 0.041193181818181816 0.07424999999999997
0 0.6768323863636364 0.46254807692307687 0.026051136363636408 0.03071153846153846
0 0.7629261363636364 0.9700865384615385 0.028778409090909077 0.059826923076923104
0 0.2668252840909091 0.3576923076923077 0.025127840909090905 0.038461538461538464
0 0.6890198863636364 0.43749038461538464 0.03082386363636362 0.03140384615384612
0 0.7086576704545454 0.44434615384615384 0.016832386363636317 0.03196153846153847
0 0.29925426136363636 0.3500384615384615 0.023792613636363636 0.027115384615384604
0 0.8666903409090909 0.6310288461538461 0.034176136363636284 0.034942307692307724
0 0.29048295454545453 0.3623076923076923 0.02471590909090906 0.031923076923076915
0 0.11515624999999999 0.4722884615384615 0.029573863636363648 0.0658461538461538
0 0.32087357954545453 0.6256538461538462 0.02541193181818184 0.03296153846153854
0 0.6123650568181819 0.19232692307692306 0.025269886363636394 0.03553846153846155
0 0.3381676136363636 0.6524711538461538 0.027528409090909086 0.03786538461538461
0 0.4218110795454546 0.347673076923077 0.034161931818181834 0.0384230769230769
0 0.246015625 0.9506057692307692 0.02370738636363636 0.033865384615384644
0 0.09636363636363637 0.43230769230769234 0.03715909090909091 0.04642307692307695
0 0.19602272727272727 0.29615384615384616 0.02556818181818182 0.03461538461538462
0 0.14113636363636364 0.3993846153846154 0.028125000000000015 0.04061538461538462
0 0.122421875 0.43554807692307695 0.03484375 0.03463461538461542
0 0.13654119318181818 0.42909615384615385 0.019843749999999997 0.025076923076923063
0 0.3176988636363636 0.6585000000000001 0.022755681818181793 0.03653846153846154
0 0.0038565340909090906 0.6138365384615385 0.007713068181818181 0.013365384615384593
0 0.15857244318181818 0.4304903846153846 0.029786931818181817 0.04267307692307692
0 0.15829545454545454 0.4666923076923077 0.0659375 0.07488461538461533
0 0.46426846590909093 0.31896153846153846 0.02617897727272728 0.03850000000000002
0 0.23607954545454543 0.9290096153846154 0.02417613636363638 0.028596153846153854
0 0.4242897727272727 0.5750769230769232 0.026988636363636364 0.038461538461538464
0 0.006697443181818182 0.5797884615384615 0.013139204545454546 0.02053846153846155
0 0.15487926136363636 0.3768846153846154 0.026349431818181814 0.07211538461538461
0 0.8032670454545454 0.2586538461538462 0.03551136363636364 0.04038461538461539
0 0.35598011363636367 0.6893750000000001 0.023636363636363657 0.029749999999999943
0 0.8025568181818182 0.175 0.03125 0.046153846153846156
0 0.042123579545454544 0.018019230769230767 0.03220170454545455 0.03603846153846153
0 0.05592329545454545 0.10286538461538462 0.021704545454545452 0.05626923076923078
0 0.5376420454545454 0.1778846153846154 0.06960227272727272 0.04038461538461539
0 0.24796164772727272 0.038461538461538464 0.02708806818181817 0.04230769230769231
0 0.3102485795454546 0.3140576923076923 0.04177556818181818 0.06138461538461541
0 0.33335227272727275 0.919826923076923 0.03125 0.05384615384615385
0 0.172734375 0.3795192307692308 0.024786931818181843 0.043000000000000024
0 0.5021306818181818 0.3459615384615385 0.02130681818181818 0.051923076923076926
0 0.18852272727272726 0.34542307692307694 0.02090909090909093 0.053384615384615364
0 0.25457386363636364 0.9214038461538462 0.022869318181818213 0.028346153846153865
0 0.16769886363636363 0.3373653846153846 0.022329545454545453 0.04442307692307691
0 0.367890625 0.672 0.01711647727272725 0.029153846153846093
0 0.3375923295454546 0.6888942307692308 0.02214488636363637 0.031173076923076883
0 0.8690696022727273 0.9881538461538462 0.02867897727272719 0.02369230769230768
0 0.8782599431818183 0.6890865384615386 0.02725852272727264 0.06401923076923081
0 0.1775852272727273 0.3098269230769231 0.04261363636363638 0.028538461538461544
0 0.878330965909091 0.9657884615384617 0.03419034090909098 0.04434615384615385
0 0.35478693181818177 0.8826923076923077 0.029062500000000012 0.03461538461538462
0 0.9009375 0.9832307692307691 0.037045454545454444 0.03353846153846153
0 0.8970241477272727 0.9666057692307692 0.022599431818181935 0.029865384615384565
0 0.9104758522727273 0.9497307692307693 0.03737215909090901 0.04330769230769227
0 0.34971590909090905 0.6672788461538461 0.021704545454545456 0.033326923076923046
0 0.009985795454545456 0.5583557692307692 0.01997159090909091 0.02663461538461532
0 0.8774360795454544 0.6080480769230769 0.034957386363636385 0.04478846153846147
0 0.9500639204545455 0.5946057692307694 0.05095170454545455 0.05732692307692308
0 0.12215909090909091 0.08076923076923077 0.02556818181818182 0.057692307692307696
0 0.3005397727272727 0.8333750000000001 0.030227272727272728 0.0627884615384616
0 0.2674147727272727 0.9061442307692308 0.01909090909090909 0.027673076923076897
0 0.01044034090909091 0.5381346153846154 0.016306818181818183 0.022153846153846118
0 0.012982954545454546 0.5942692307692308 0.015454545454545453 0.03488461538461536
0 0.019659090909090907 0.5683365384615384 0.018210227272727274 0.027519230769230775
0 0.04125 0.5631153846153846 0.02977272727272728 0.02819230769230763
0 0.11664772727272728 0.40490384615384617 0.021704545454545456 0.027115384615384604
0 0.04319602272727272 0.5604903846153846 0.011647727272727271 0.014903846153846155
0 0.047812499999999994 0.5568173076923076 0.01920454545454546 0.020557692307692305
0 0.04569602272727273 0.5430096153846155 0.026107954545454545 0.02578846153846148
0 0.23029829545454544 0.536826923076923 0.02355113636363634 0.026038461538461576
0 0.11297585227272727 0.54 0.07319602272727271 0.0910769230769231
0 0.11966619318181819 0.5853557692307693 0.045497159090909095 0.04440384615384622
0 0.03173295454545454 0.5840865384615385 0.011022727272727269 0.01721153846153844
0 0.026789772727272728 0.5884807692307692 0.014005681818181818 0.021846153846153873
0 0.10753551136363636 0.6734230769230769 0.048196022727272726 0.0374615384615385
0 0.13082386363636364 0.26665384615384613 0.02883522727272727 0.04276923076923076
0 0.11032670454545455 0.7047115384615384 0.04360795454545454 0.027615384615384642
0 0.09984375 0.7317980769230769 0.026477272727272728 0.028480769230769237
0 0.1418536931818182 0.27597115384615384 0.02461647727272727 0.040134615384615394
0 0.07701704545454545 0.7713076923076922 0.023295454545454543 0.028384615384615366
0 0.9865838068181819 0.9855384615384616 0.026832386363636343 0.02892307692307696
0 0.3142542613636364 0.6969615384615385 0.0338778409090909 0.033192307692307674
0 0.1658522727272727 0.2876153846153846 0.04349431818181817 0.035461538461538454
0 0.11318892045454546 0.7412980769230769 0.041548295454545456 0.04263461538461542
0 0.17960937500000002 0.2522596153846154 0.02231534090909092 0.03786538461538464
0 0.35511363636363635 0.5990384615384615 0.05113636363636364 0.08269230769230769
0 0.17980823863636364 0.538673076923077 0.02723011363636362 0.04657692307692313
0 0.10869318181818181 0.7812596153846154 0.04948863636363636 0.05136538461538469
0 0.11431107954545454 0.821798076923077 0.029247159090909077 0.04863461538461542
0 0.13646306818181816 0.7978461538461539 0.030255681818181814 0.03642307692307692
0 0.139375 0.8262115384615385 0.02161931818181818 0.031538461538461494
0 0.16266335227272727 0.8207307692307692 0.024957386363636355 0.03511538461538471
0 0.4583380681818182 0.33949999999999997 0.030568181818181793 0.034499999999999996
0 0.19411221590909092 0.8078173076923078 0.0379403409090909 0.058288461538461546
0 0.19306107954545454 0.7635096153846154 0.025582386363636352 0.05374999999999998
0 0.15216619318181818 0.7632692307692307 0.039786931818181805 0.05661538461538461
0 0.15811789772727272 0.7165769230769231 0.05893465909090911 0.05088461538461545
0 0.17497159090909092 0.7286923076923076 0.02911931818181818 0.04384615384615387
0 0.16204545454545455 0.6837884615384616 0.02460227272727272 0.033307692307692295
0 0.2511505681818182 0.9042403846153846 0.013664772727272734 0.020634615384615418
0 0.19848011363636367 0.7228461538461538 0.023721590909090932 0.06438461538461542
0 0.24824573863636362 0.8809326923076923 0.02015625000000004 0.02782692307692302
0 0.2236647727272727 0.7234423076923077 0.03440340909090909 0.058884615384615396
0 0.10049715909090909 0.12415384615384616 0.04403409090909091 0.04807692307692308
0 0.22890625 0.888798076923077 0.04911931818181816 0.07398076923076928
0 0.21603693181818182 0.7708557692307693 0.025142045454545438 0.039057692307692314
0 0.22918323863636364 0.77725 0.025326704545454524 0.0363076923076923
0 0.3838991477272727 0.010759615384615385 0.027911931818181787 0.02151923076923077
0 0.25908380681818177 0.7461346153846155 0.06660511363636366 0.030230769230769283
0 0.2641619318181818 0.7702596153846153 0.04446022727272729 0.0514807692307693
0 0.22669034090909088 0.5024903846153846 0.03519886363636364 0.025442307692307726
0 0.26550426136363636 0.8562307692307692 0.0420028409090909 0.045961538461538415
0 0.25375 0.8259903846153845 0.016789772727272757 0.0324807692307692
0 0.27391335227272723 0.7762403846153846 0.038196022727272745 0.04932692307692314
0 0.07883522727272728 0.07884615384615384 0.03551136363636364 0.05
0 0.30659801136363635 0.765298076923077 0.040411931818181805 0.06378846153846157
0 0.23636363636363636 0.9006826923076924 0.016249999999999997 0.02867307692307697
0 0.12859375 0.6384615384615384 0.06116477272727273 0.07692307692307693
0 0.08198863636363636 0.5007115384615385 0.061079545454545456 0.0673076923076923
0 0.23120738636363633 0.8229615384615385 0.041136363636363645 0.060461538461538455
0 0.1858096590909091 0.6182692307692308 0.026477272727272728 0.0404999999999999
0 0.23880681818181818 0.5881153846153846 0.034431818181818195 0.04930769230769228
0 0.19509232954545455 0.6025096153846154 0.03669034090909089 0.04109615384615385
0 0.15186789772727272 0.24879807692307693 0.01958806818181819 0.03332692307692307
0 0.22544034090909087 0.6823942307692308 0.023295454545454553 0.04586538461538455
0 0.1917684659090909 0.6495192307692308 0.015553977272727256 0.02538461538461547
0 0.21107954545454544 0.7038365384615385 0.018977272727272745 0.032019230769230723
0 0.3577059659090909 0.011807692307692307 0.025156250000000012 0.023615384615384614
0 0.25876420454545457 0.6307692307692307 0.03928977272727272 0.06538461538461539
0 0.08563920454545455 0.05490384615384615 0.025397727272727277 0.03269230769230769
0 0.27085227272727275 0.823548076923077 0.02911931818181818 0.06525000000000002
0 0.20602982954545457 0.6779423076923077 0.01990056818181821 0.028961538461538466
0 0.20080255681818182 0.6664519230769231 0.057514204545454556 0.04586538461538466
0 0.1482528409090909 0.9827211538461538 0.025056818181818184 0.03455769230769236
0 0.22610795454545454 0.631875 0.02653409090909092 0.03821153846153847
0 0.2084232954545455 0.6345 0.028437500000000015 0.02665384615384618
0 0.4148082386363636 0.014115384615384615 0.03492897727272724 0.02823076923076923
0 0.04997159090909091 0.7666634615384614 0.03090909090909091 0.05082692307692309
0 0.12927556818181818 0.9962403846153848 0.015028409090909089 0.007519230769230708
0 0.33056107954545455 0.7162019230769231 0.04686079545454547 0.03659615384615379
0 0.3478338068181818 0.7666442307692307 0.020184659090909062 0.029826923076923167
0 0.33205965909090907 0.7791634615384616 0.038465909090909106 0.05598076923076926
0 0.9056107954545454 0.6895576923076923 0.039261363636363615 0.062346153846153766
0 0.1043465909090909 0.07048076923076922 0.026676136363636364 0.05446153846153847
0 0.10845170454545454 0.97775 0.028011363636363636 0.04449999999999998
0 0.38128551136363636 0.7975 0.038252840909090875 0.05503846153846155
0 0.16677556818181818 0.24652884615384615 0.013948863636363627 0.02521153846153846
0 0.38737215909090905 0.03223076923076923 0.061392045454545456 0.04146153846153846
0 0.39515625 0.7662596153846154 0.030142045454545494 0.032673076923076944
0 0.3799076704545455 0.7660673076923077 0.01305397727272727 0.020826923076923045
0 0.31363636363636366 0.5738942307692307 0.04301136363636364 0.07121153846153841
0 0.925965909090909 0.9887019230769231 0.025369318181818038 0.02240384615384622
0 0.3258238636363636 0.5118653846153847 0.0640625 0.04807692307692313
0 0.16360085227272728 0.27053846153846156 0.019928977272727275 0.028076923076923065
0 0.32565340909090906 0.5459807692307692 0.055142045454545444 0.0416538461538462
0 0.6817400568181818 0.6079903846153846 0.04146306818181818 0.0622499999999999
0 0.187890625 0.6890288461538462 0.028650568181818204 0.029134615384615342
0 0.40367897727272734 0.6258557692307692 0.05193181818181818 0.06882692307692301
0 0.7191832386363637 0.649076923076923 0.06856534090909096 0.05561538461538464
0 0.4215980113636363 0.607778846153846 0.050497159090909106 0.05955769230769225
0 0.38950994318181825 0.6651057692307693 0.03330965909090908 0.0562884615384615
0 0.48505681818181823 0.5909134615384615 0.05590909090909093 0.07809615384615376
0 0.23188920454545456 0.5138942307692308 0.05161931818181815 0.03678846153846153
0 0.41145596590909095 0.777875 0.03126420454545453 0.06794230769230777
0 0.5064559659090909 0.5965096153846154 0.023934659090909124 0.03494230769230761
0 0.4990696022727273 0.5276826923076923 0.03671874999999995 0.06390384615384619
0 0.2168394886363636 0.31890384615384615 0.021974431818181817 0.04884615384615386
0 0.5168181818181818 0.5648653846153846 0.02150568181818188 0.025384615384615363
0 0.4768465909090909 0.48878846153846156 0.05204545454545453 0.06942307692307696
0 0.034588068181818185 0.10688461538461538 0.02130681818181818 0.05107692307692308
0 0.17588778409090908 0.1288653846153846 0.06203125 0.056538461538461524
0 0.46940340909090916 0.46274038461538464 0.028551136363636317 0.05674999999999998
0 0.11727272727272728 0.7190961538461539 0.024204545454545444 0.022923076923076845
0 0.4743323863636364 0.4282884615384615 0.031278409090909065 0.04069230769230769
0 0.07419034090909092 0.9920384615384615 0.027528409090909093 0.01592307692307687
0 0.04334517045454545 0.979951923076923 0.03259943181818182 0.04009615384615389
0 0.5250426136363636 0.4214519230769231 0.02991477272727273 0.04959615384615389
0 0.49652698863636363 0.40249038461538467 0.027940340909090852 0.03248076923076926
0 0.5004048295454545 0.4355096153846154 0.02498579545454542 0.03698076923076927
0 0.5545738636363636 0.4316826923076923 0.029573863636363627 0.03028846153846154
0 0.16392045454545456 0.6589903846153845 0.018977272727272728 0.03717307692307689
0 0.5501278409090908 0.40258653846153847 0.03309659090909092 0.027519230769230775
0 0.5275852272727272 0.3639903846153846 0.03698863636363639 0.08121153846153845
0 0.01260653409090909 0.9429423076923077 0.02521306818181818 0.045961538461538415
0 0.557059659090909 0.34852884615384616 0.04906250000000003 0.08494230769230766
0 0.5224360795454546 0.27007692307692305 0.029446022727272755 0.050153846153846125
0 0.5636718749999999 0.20871153846153848 0.04245738636363634 0.03403846153846152
0 0.04332386363636364 0.8363461538461539 0.032670454545454544 0.05384615384615385
0 0.025625 0.9369711538461539 0.02244318181818182 0.027519230769230775
0 0.042144886363636364 0.9180480769230769 0.021164772727272727 0.02982692307692306
0 0.5663210227272727 0.23782692307692307 0.042244318181818195 0.029269230769230766
0 0.837578125 0.8600769230769231 0.031207386363636402 0.07657692307692307
0 0.0703125 0.24903846153846154 0.032670454545454544 0.05961538461538462
0 0.17637073863636363 0.09451923076923077 0.04893465909090908 0.045730769230769235
0 0.9360653409090909 0.9267403846153845 0.03252840909090922 0.04717307692307698
0 0.09171874999999999 0.820076923076923 0.039772727272727265 0.06153846153846154
0 0.5753125 0.2511923076923077 0.025142045454545438 0.031807692307692294
0 0.2752059659090909 0.05000961538461538 0.030184659090909092 0.04440384615384615
0 0.022741477272727274 0.9086442307692307 0.023153409090909093 0.030480769230769273
0 0.5618039772727272 0.29410576923076925 0.02215909090909094 0.031057692307692265
0 0.5683096590909091 0.3202403846153846 0.01840909090909088 0.023288461538461563
0 0.5486789772727273 0.27985576923076927 0.028125000000000015 0.0473269230769231
0 0.51703125 0.29351923076923075 0.02701704545454543 0.03523076923076922
0 0.18084517045454546 0.6580192307692307 0.010923295454545451 0.021192307692307656
0 0.05541193181818182 0.8681249999999999 0.031051136363636364 0.04844230769230769
0 0.02446732954545455 0.7851346153846154 0.04890625 0.048923076923076916
0 0.6321732954545455 0.1822980769230769 0.020255681818181805 0.03440384615384615
0 0.5935511363636364 0.2684326923076923 0.02664772727272726 0.03386538461538459
0 0.6109446022727273 0.2702788461538462 0.01964488636363634 0.03309615384615386
0 0.5265340909090909 0.025846153846153845 0.04170454545454547 0.05142307692307692
0 0.6806889204545454 0.01375 0.019019886363636343 0.0275
0 0.5249147727272727 0.003798076923076923 0.029573863636363627 0.007596153846153846
0 0.6024715909090909 0.1352980769230769 0.029431818181818222 0.04444230769230769
0 0.020269886363636365 0.7422884615384615 0.030625000000000003 0.0386923076923077
0 0.7276207386363637 0.6231249999999999 0.026036931818181796 0.03136538461538462
0 0.1701065340909091 0.6187980769230769 0.020184659090909083 0.0467115384615385
0 0.2232315340909091 0.02696153846153846 0.029360795454545476 0.05392307692307692
0 0.2676704545454545 0.881423076923077 0.018920454545454535 0.024076923076923152
0 0.5682102272727273 0.128375 0.034857954545454574 0.0691730769230769
0 0.5511647727272727 0.1266442307692308 0.03775568181818179 0.07013461538461539
0 0.6926704545454545 0.12086538461538462 0.0277272727272727 0.04673076923076923
0 0.35852982954545454 0.08061538461538462 0.04549715909090913 0.06046153846153846
0 0.6916122159090908 0.09827884615384616 0.04424715909090914 0.04682692307692308
0 0.7277130681818181 0.08360576923076923 0.03642045454545453 0.06678846153846155
0 0.6697017045454546 0.09488461538461539 0.027528409090909166 0.03984615384615386
0 0.1763849431818182 0.6385384615384616 0.019843749999999997 0.027615384615384642
0 0.6865625 0.06377884615384616 0.022017045454545456 0.03898076923076922
0 0.6482741477272728 0.03698076923076923 0.02194602272727271 0.05053846153846153
0 0.6484943181818181 0.07552884615384615 0.028295454545454568 0.032096153846153844
0 0.6702627840909091 0.06765384615384615 0.03558238636363638 0.05073076923076923
0 0.6308096590909091 0.03907692307692308 0.023579545454545405 0.03411538461538462
0 0.9402556818181819 0.8672500000000001 0.03738636363636371 0.050615384615384604
0 0.06444602272727273 0.7345961538461538 0.04488636363636364 0.0351538461538461
0 0.6438352272727272 0.015173076923076923 0.018977272727272745 0.030346153846153846
0 0.6217755681818182 0.014451923076923076 0.026250000000000027 0.02890384615384615
0 0.003586647727272727 0.5960384615384615 0.007173295454545454 0.023653846153846067
0 0.7317755681818183 0.9727788461538462 0.04698863636363642 0.0544423076923077
0 0.747755681818182 0.024865384615384616 0.03457386363636368 0.04973076923076923
0 0.21433238636363636 0.5398653846153847 0.033778409090909095 0.04288461538461541
0 0.7766264204545454 0.034874999999999996 0.02455965909090904 0.03851923076923077
0 0.78375 0.05680769230769231 0.02610795454545454 0.03669230769230769
0 0.7610937499999999 0.060009615384615383 0.022301136363636266 0.03028846153846154
0 0.7475426136363637 0.08036538461538462 0.027812499999999896 0.045000000000000005
0 0.81171875 0.06172115384615384 0.04465909090909082 0.0776346153846154
0 0.012784090909090912 0.7160576923076923 0.025397727272727277 0.03649999999999993
0 0.3173153409090909 0.06148076923076923 0.0358522727272727 0.05169230769230768
0 0.3229545454545455 0.07877884615384614 0.036534090909090905 0.05471153846153846
0 0.3028551136363636 0.024048076923076925 0.03386363636363637 0.041096153846153845
0 0.1299715909090909 0.8559519230769231 0.03835227272727273 0.06117307692307693
0 0.9691406250000001 0.5526057692307693 0.02856534090909093 0.04105769230769224
0 0.9552485795454545 0.8080480769230769 0.05481534090909079 0.05940384615384613
0 0.793515625 0.10964423076923077 0.04796874999999998 0.05494230769230769
0 0.39939630681818183 0.07417307692307692 0.033963068181818136 0.054115384615384614
0 0.8998792613636364 0.013759615384615386 0.025582386363636352 0.02751923076923077
0 0.3989630681818182 0.15831730769230767 0.03943181818181817 0.04228846153846153
0 0.7475639204545454 0.5417307692307692 0.06487215909090911 0.11588461538461536
0 0.7654616477272728 0.35320192307692305 0.03740056818181808 0.0550576923076923
0 0.9390269886363637 0.025932692307692306 0.0496164772727272 0.05186538461538461
0 0.7009517045454546 0.9600384615384616 0.02568181818181816 0.05284615384615388
0 0.9782812500000001 0.013048076923076924 0.04343750000000006 0.025673076923076927
0 0.9769105113636362 0.027740384615384615 0.03143465909090908 0.03717307692307692
0 0.984453125 0.06791346153846153 0.03109374999999998 0.0664423076923077
0 0.16087357954545453 0.5663846153846154 0.0223153409090909 0.029730769230769193
0 0.7448863636363637 0.45425 0.01338068181818176 0.016653846153846148
0 0.9505042613636363 0.11173076923076923 0.04521306818181824 0.08242307692307692
0 0.6770383522727272 0.04366346153846153 0.042343750000000006 0.03755769230769231
0 0.9615838068181817 0.11621153846153846 0.021065340909090968 0.051653846153846154
0 0.9718394886363636 0.17421153846153847 0.044218749999999994 0.04823076923076923
0 0.9083238636363636 0.8400769230769232 0.048295454545454544 0.05569230769230765
0 0.7959588068181819 0.35506730769230765 0.028082386363636337 0.04198076923076925
0 0.7302627840909092 0.45998076923076925 0.023309659090909044 0.030576923076923033
0 0.9898579545454546 0.12277884615384616 0.02028409090909087 0.026865384615384614
0 0.9853409090909092 0.1474903846153846 0.0293181818181818 0.04463461538461537
0 0.7453977272727272 0.43168269230769235 0.021619318181818222 0.03778846153846155
0 0.9797727272727272 0.20616346153846157 0.04045454545454548 0.07478846153846154
0 0.9608025568181818 0.23721153846153845 0.04046875000000001 0.04253846153846152
0 0.9792755681818183 0.26602884615384614 0.04144886363636357 0.05001923076923078
0 0.9881036931818182 0.28148076923076926 0.023593749999999858 0.03642307692307692
0 0.9808735795454546 0.30820192307692307 0.03825284090909084 0.06540384615384619
0 0.9697940340909091 0.31141346153846156 0.015213068181818234 0.033596153846153845
0 0.17219460227272726 0.6609326923076924 0.013451704545454544 0.022250000000000096
0 0.9556818181818181 0.3020096153846154 0.019403409090909044 0.029711538461538494
0 0.7805894886363636 0.3645576923076923 0.015923295454545506 0.03700000000000002
0 0.8675284090909091 0.8480673076923076 0.039261363636363615 0.04209615384615382
0 0.9454261363636363 0.32731730769230766 0.03815340909090911 0.04478846153846152
0 0.9450426136363635 0.3581442307692308 0.026136363636363603 0.03805769230769229
0 0.9336789772727272 0.4139134615384616 0.03849431818181821 0.051057692307692276
0 0.7570738636363636 0.313875 0.02556818181818182 0.049980769230769245
0 0.9685298295454546 0.44630769230769235 0.0519460227272728 0.04807692307692308
0 0.7098579545454545 0.5876826923076923 0.040795454545454586 0.0497115384615384
0 0.9670383522727274 0.41196153846153843 0.030440340909090837 0.06599999999999999
0 0.7150142045454545 0.920625 0.03088068181818183 0.043596153846153875
0 0.41894176136363637 0.17342307692307693 0.028053977272727272 0.04407692307692308
0 0.9883167613636363 0.4751153846153846 0.023366477272727337 0.05761538461538463
0 0.3947088068181818 0.37356730769230767 0.030355113636363642 0.06190384615384615
0 0.9874857954545455 0.4168173076923077 0.025028409090909098 0.06375000000000001
0 0.9811008522727271 0.398375 0.02546874999999993 0.04121153846153847
0 0.8851562500000001 0.3851634615384616 0.037159090909090864 0.04971153846153845
0 0.9077698863636363 0.3397788461538462 0.060539772727272734 0.07571153846153847
0 0.9835227272727273 0.35757692307692307 0.029545454545454482 0.027576923076923082
0 0.9754900568181818 0.3713076923076923 0.017201704545454402 0.02280769230769228
0 0.8461363636363636 0.74725 0.043693181818181805 0.05069230769230772
0 0.44105113636363635 0.8195865384615385 0.03835227272727273 0.06225000000000001
0 0.17824573863636364 0.017173076923076923 0.0577130681818182 0.034346153846153846
0 0.2524147727272727 0.679451923076923 0.024374999999999994 0.029403846153846083
0 0.8370880681818181 0.7158461538461539 0.025596590909091044 0.03296153846153844
0 0.8116619318181819 0.6675288461538462 0.02718749999999998 0.036057692307692304
0 0.25953125 0.69475 0.04389204545454546 0.054653846153846185
0 0.7455823863636364 0.3034807692307692 0.02562499999999995 0.046615384615384635
0 0.7744531250000001 0.6439615384615385 0.029758522727272793 0.04900000000000004
0 0.7708948863636365 0.6828365384615386 0.02130681818181818 0.03471153846153848
0 0.7487855113636364 0.679375 0.023906249999999896 0.03425
0 0.71109375 0.8450769230769231 0.03551136363636364 0.04200000000000006
0 0.6930965909090909 0.805076923076923 0.041193181818181816 0.046153846153846156
0 0.8738636363636364 0.5040865384615385 0.04377840909090916 0.0539038461538461
0 0.8712144886363636 0.45989423076923075 0.036946022727272716 0.039865384615384594
0 0.9108522727272728 0.4867692307692308 0.018522727272727222 0.0407692307692308
0 0.9633522727272728 0.9836730769230769 0.0288920454545455 0.032653846153846186
0 0.8948082386363635 0.48460576923076926 0.01819602272727281 0.03463461538461537
0 0.007102272727272727 0.2519230769230769 0.014204545454545454 0.07307692307692308
0 0.976747159090909 0.5244615384615385 0.02701704545454543 0.03942307692307692
0 0.06791193181818182 0.3497692307692308 0.028409090909090908 0.04276923076923079
0 0.7440198863636364 0.9233846153846154 0.02713068181818185 0.054192307692307706
0 0.4246306818181818 0.37375961538461544 0.03176136363636366 0.04090384615384617
0 0.7677343749999999 0.5964615384615384 0.03140625000000002 0.046423076923077004
0 0.7282173295454545 0.5684711538461539 0.027741477272727234 0.051019230769230824
0 0.34323153409090906 0.019874999999999997 0.023082386363636364 0.030788461538461535
0 0.6610369318181818 0.9758365384615385 0.03539772727272721 0.048326923076923066
0 0.8617755681818182 0.7105384615384616 0.03556818181818193 0.05334615384615386
0 0.3203125 0.007490384615384616 0.031022727272727237 0.014980769230769232
0 0.4416690340909091 0.4586346153846154 0.022571022727272707 0.027307692307692342
0 0.8098650568181818 0.46128846153846154 0.04109375000000009 0.04357692307692307
0 0.22375710227272727 0.1900673076923077 0.020326704545454547 0.03032692307692307
0 0.6357457386363636 0.46925961538461536 0.01978693181818175 0.026788461538461497
0 0.8547301136363636 0.8173846153846153 0.0430113636363636 0.05776923076923081
0 0.6080326704545453 0.6295865384615384 0.07944602272727273 0.17482692307692302
0 0.7211363636363637 0.012971153846153846 0.02011363636363632 0.02594230769230769
0 0.5604119318181818 0.6335288461538462 0.09789772727272729 0.18090384615384625
0 0.23156249999999998 0.35729807692307697 0.020000000000000018 0.024249999999999973
0 0.6306534090909092 0.9898942307692308 0.026022727272727263 0.020019230769230817
0 0.6010369318181819 0.8179038461538461 0.03275568181818182 0.049576923076923025
0 0.2346875 0.31188461538461537 0.08042613636363637 0.14892307692307694
0 0.8040411931818183 0.5600576923076923 0.015042613636363682 0.02249999999999998
0 0.9920454545454546 0.37513461538461534 0.015909090909090973 0.029038461538461527
0 0.007102272727272727 0.33107692307692305 0.014204545454545454 0.06599999999999999
0 0.203125 0.8567307692307692 0.03409090909090909 0.07115384615384615
0 0.9386505681818181 0.652 0.07252840909090917 0.0612692307692308
0 0.578544034090909 0.8217884615384616 0.024815340909090867 0.056423076923076874
0 0.9499431818181818 0.725875 0.043579545454545544 0.05971153846153848
0 0.9838139204545455 0.7065192307692307 0.030525568181818195 0.032730769230769195
0 0.06170454545454545 0.028826923076923076 0.04173295454545455 0.05765384615384615
0 0.8043821022727274 0.5345480769230769 0.03140625000000002 0.04048076923076925
0 0.5419886363636364 0.8131250000000001 0.030000000000000006 0.04509615384615383
0 0.11505681818181818 0.34326923076923077 0.036931818181818184 0.05576923076923077
0 0.7930752840909091 0.5064903846153846 0.024360795454545423 0.033557692307692344
0 0.042144886363636364 0.6805576923076923 0.02752840909090909 0.03469230769230773
0 0.3068181818181818 0.12692307692307692 0.05113636363636364 0.06923076923076923
0 0.5482741477272728 0.7696057692307693 0.038821022727272704 0.04913461538461541
0 0.00809659090909091 0.6843846153846154 0.015738636363636364 0.033923076923076896
0 0.5057883522727273 0.958875 0.018167613636363666 0.022211538461538484
0 0.024076704545454543 0.6743557692307691 0.02596590909090909 0.03640384615384617
0 0.03392045454545455 0.6419134615384615 0.03803977272727273 0.04567307692307692
0 0.9485724431818183 0.6840192307692308 0.05001420454545444 0.04980769230769226
0 0.010838068181818181 0.6306346153846154 0.021676136363636363 0.03707692307692302
0 0.2862215909090909 0.20961538461538462 0.032670454545454544 0.04230769230769231
0 0.02612926136363636 0.6039807692307693 0.02541193181818182 0.022923076923076845
0 0.3104971590909091 0.23815384615384616 0.027954545454545465 0.04288461538461541
0 0.01658380681818182 0.019153846153846157 0.03316761363636364 0.03830769230769231
0 0.49167613636363633 0.9890961538461537 0.02911931818181818 0.021499999999999905
0 0.04182528409090909 0.5881634615384616 0.02180397727272727 0.0306730769230769
0 0.47138494318181823 0.9712307692307691 0.029105113636363648 0.04646153846153851
0 0.02823863636363636 0.5408173076923077 0.023295454545454543 0.037826923076923105
0 0.42613636363636365 0.25096153846153846 0.03409090909090909 0.04807692307692308
0 0.4436363636363637 0.9766346153846154 0.02991477272727273 0.04673076923076925
0 0.03417613636363637 0.5082403846153846 0.03133522727272728 0.04528846153846156
0 0.9971732954545455 0.9282307692307692 0.005653409090909117 0.023576923076923058
0 0.006285511363636364 0.46403846153846157 0.012571022727272728 0.05838461538461541
0 0.4295667613636363 0.9965192307692309 0.014105113636363647 0.00696153846153847
