0 0.3556534090909091 0.43369230769230765 0.023039772727272725 0.03307692307692311
0 0.30622869318181817 0.1244326923076923 0.025355113636363627 0.04332692307692308
0 0.25553977272727274 0.6377403846153846 0.03159090909090911 0.03798076923076923
0 0.23301846590909092 0.6659038461538461 0.028338068181818207 0.04238461538461542
0 0.21569602272727273 0.6639615384615385 0.01775568181818182 0.02842307692307687
0 0.21073863636363638 0.6872884615384615 0.02252840909090907 0.030615384615384645
0 0.192890625 0.6503942307692309 0.027485795454545447 0.0354038461538462
0 0.25342329545454545 0.27157692307692305 0.03880681818181817 0.052230769230769254
0 0.1897443181818182 0.6785 0.026903409090909106 0.032692307692307694
0 0.16497869318181818 0.6969134615384615 0.03177556818181819 0.036173076923076926
0 0.27916193181818183 0.5989038461538462 0.042414772727272745 0.04165384615384609
0 0.2659303977272727 0.5831346153846154 0.031491477272727296 0.03815384615384611
0 0.31571022727272724 0.1836826923076923 0.03383522727272726 0.047211538461538485
0 0.252578125 0.5483653846153845 0.056377840909090905 0.06692307692307695
0 0.24824573863636362 0.5002980769230769 0.04515624999999999 0.04498076923076926
0 0.28560369318181816 0.5034711538461538 0.06302556818181819 0.11063461538461539
0 0.04404829545454545 0.830875 0.027812499999999997 0.05886538461538464
0 0.09672585227272727 0.7286826923076922 0.028764204545454544 0.03925000000000005
0 0.03627130681818182 0.7474326923076923 0.03723011363636364 0.054711538461538436
0 0.04522727272727272 0.7704903846153845 0.025454545454545452 0.03925000000000005
0 0.009076704545454546 0.6624134615384615 0.01809659090909091 0.03698076923076927
0 0.012471590909090908 0.6807788461538461 0.024914772727272726 0.0402115384615384
0 0.04637073863636363 0.6549711538461539 0.03350852272727272 0.08251923076923082
0 0.27936079545454545 0.15084615384615385 0.04744318181818183 0.05842307692307691
0 0.062450284090909094 0.6645865384615385 0.028593750000000005 0.08263461538461533
0 0.08230113636363635 0.6137115384615385 0.04008522727272727 0.04707692307692311
0 0.06233664772727272 0.5657596153846155 0.03382102272727273 0.04817307692307694
0 0.006051136363636364 0.5839038461538462 0.012102272727272727 0.03346153846153842
0 0.24711647727272726 0.3928365384615385 0.030482954545454518 0.052519230769230776
0 0.04703835227272726 0.4638557692307692 0.024474431818181815 0.03740384615384618
0 0.06576704545454545 0.47424999999999995 0.019346590909090907 0.044884615384615335
0 0.04190340909090909 0.4169807692307692 0.04869318181818182 0.06834615384615383
0 0.21303977272727276 0.46066346153846155 0.02275568181818183 0.029134615384615394
0 0.13154829545454547 0.45481730769230766 0.03835227272727273 0.06067307692307695
0 0.2941335227272727 0.216375 0.034261363636363645 0.040557692307692315
0 0.08184659090909091 0.3786057692307692 0.038352272727272735 0.03751923076923075
0 0.12058948863636365 0.43099038461538464 0.025553977272727266 0.03432692307692307
0 0.10715198863636365 0.40877884615384613 0.028082386363636358 0.03763461538461537
0 0.09655539772727272 0.43749038461538464 0.03629261363636363 0.057288461538461524
0 0.12708806818181817 0.3697307692307692 0.029886363636363624 0.04503846153846151
0 0.10927556818181819 0.37106730769230767 0.023664772727272743 0.039288461538461494
0 0.8082670454545454 0.5150673076923078 0.029204545454545375 0.07075000000000004
0 0.058330965909090905 0.29033653846153845 0.03825284090909091 0.040365384615384636
0 0.03973721590909091 0.2510192307692308 0.04026988636363636 0.03892307692307694
0 0.04074573863636363 0.2141826923076923 0.028508522727272726 0.03571153846153845
0 0.2775284090909091 0.2395576923076923 0.037500000000000006 0.046653846153846136
0 0.04888494318181818 0.1737403846153846 0.021264204545454544 0.046788461538461536
0 0.027024147727272727 0.1892596153846154 0.024588068181818187 0.04471153846153846
0 0.20051136363636363 0.08875000000000001 0.03420454545454543 0.055961538461538465
0 0.17794034090909092 0.06599038461538462 0.032073863636363636 0.04294230769230769
0 0.6589133522727273 0.05557692307692307 0.031690340909090835 0.04534615384615384
0 0.20046164772727273 0.014057692307692308 0.03194602272727274 0.028115384615384615
0 0.1671306818181818 0.005942307692307692 0.032102272727272736 0.01176923076923077
0 0.11806107954545456 0.016221153846153843 0.03660511363636363 0.03240384615384615
0 0.1322727272727273 0.057124999999999995 0.02948863636363637 0.038480769230769235
0 0.118671875 0.08720192307692308 0.03944602272727274 0.04940384615384615
0 0.32592329545454546 0.2260769230769231 0.032897727272727266 0.043807692307692284
0 0.09423295454545455 0.13059615384615383 0.03607954545454546 0.05415384615384615
0 0.06050426136363636 0.09231730769230768 0.05103693181818183 0.07601923076923077
0 0.9968465909090909 0.042201923076923074 0.00630681818181826 0.023480769230769232
0 0.912393465909091 0.01735576923076923 0.02734375 0.03471153846153846
0 0.9017116477272726 0.006586538461538461 0.01953125 0.013134615384615385
0 0.9012286931818181 0.09852884615384615 0.021860795454545435 0.03086538461538461
0 0.8780397727272727 0.06583653846153846 0.03446022727272726 0.04844230769230769
0 0.9069531249999998 0.05654807692307692 0.02396306818181819 0.04378846153846154
0 0.8920667613636364 0.02780769230769231 0.02166193181818182 0.03384615384615385
0 0.2364488636363636 0.2858269230769231 0.02968750000000001 0.04350000000000001
0 0.3138068181818182 0.2586730769230769 0.02499999999999999 0.030923076923076945
0 0.86578125 0.009682692307692309 0.013011363636363753 0.019057692307692307
0 0.8767187500000001 0.021413461538461537 0.023011363636363538 0.03478846153846154
0 0.8480255681818182 0.031221153846153846 0.02477272727272735 0.04348076923076923
0 0.8045809659090909 0.050346153846153846 0.020099431818181787 0.0325
0 0.7915625 0.035682692307692304 0.020539772727272778 0.032365384615384615
0 0.7986292613636364 0.09113461538461538 0.03737215909090901 0.029923076923076927
0 0.7826988636363637 0.0519423076923077 0.02906250000000005 0.04634615384615385
0 0.7743323863636363 0.07404807692307691 0.020198863636363674 0.028865384615384612
0 0.7545880681818182 0.04343269230769231 0.027840909090909124 0.03875
0 0.7477414772727274 0.05848076923076923 0.02423295454545463 0.030538461538461542
0 0.3408309659090909 0.24964423076923076 0.023536931818181808 0.03155769230769233
0 0.71890625 0.05786538461538462 0.03210227272727268 0.04815384615384615
0 0.7325994318181818 0.07806730769230769 0.024914772727272674 0.03417307692307692
0 0.9927556818181817 0.5760673076923076 0.014460227272727362 0.05540384615384616
0 0.9963423295454544 0.6168942307692307 0.007286931818181811 0.026480769230769304
0 0.9848082386363637 0.4916634615384615 0.030383522727272707 0.037442307692307636
0 0.9823366477272728 0.18470192307692307 0.03532670454545455 0.058788461538461526
0 0.9552201704545454 0.2321826923076923 0.027002840909090896 0.032903846153846124
0 0.41186079545454546 0.037682692307692306 0.06798295454545457 0.07536538461538461
0 0.3073650568181818 0.3187788461538461 0.02842329545454544 0.038211538461538415
0 0.3750923295454545 0.025913461538461538 0.04473011363636365 0.034442307692307696
0 0.2824715909090909 0.11183653846153846 0.028920454545454524 0.04940384615384615
0 0.3845667613636364 0.00803846153846154 0.023678977272727296 0.015923076923076925
0 0.3309019886363636 0.3010673076923077 0.022542613636363604 0.03517307692307691
0 0.3293678977272727 0.32842307692307693 0.01703125000000001 0.020346153846153816
0 0.3454261363636364 0.3150769230769231 0.01985795454545453 0.028346153846153865
0 0.38602272727272724 0.27579807692307695 0.020397727272727293 0.02636538461538463
0 0.3570809659090909 0.28586538461538463 0.03473011363636366 0.05542307692307691
0 0.3082883522727273 0.2713846153846154 0.03603693181818182 0.05261538461538464
0 0.29664772727272726 0.29027884615384614 0.036505681818181805 0.04009615384615384
0 0.27305397727272723 0.32714423076923077 0.025823863636363645 0.06278846153846154
0 0.9535014204545454 0.5462115384615384 0.024985795454545337 0.036153846153846175
0 0.3652556818181818 0.09225961538461537 0.04548295454545452 0.03598076923076923
0 0.43000000000000005 0.5826730769230769 0.042954545454545384 0.03480769230769235
0 0.9100497159090909 0.5370673076923076 0.04373579545454556 0.08398076923076926
0 0.8713139204545454 0.5266826923076923 0.05759943181818175 0.07428846153846153
0 0.008295454545454545 0.966375 0.01659090909090909 0.03990384615384615
0 0.8933025568181818 0.46854807692307693 0.04021306818181811 0.060442307692307705
0 0.8009303977272727 0.8021538461538462 0.04708806818181815 0.0685384615384615
0 0.17360085227272729 0.5446153846153846 0.07274147727272727 0.10673076923076923
0 0.19776988636363635 0.5935384615384615 0.07883522727272725 0.10926923076923076
0 0.20237215909090908 0.5224038461538462 0.035795454545454526 0.04269230769230767
0 0.8208948863636363 0.02698076923076923 0.03616477272727278 0.05396153846153846
0 0.37430397727272724 0.42741346153846155 0.021448863636363627 0.032673076923076944
0 0.7206392045454545 0.3039807692307692 0.03039772727272724 0.03857692307692308
0 0.8250710227272727 0.07499038461538463 0.03522727272727266 0.06086538461538461
0 0.15504261363636365 0.4179807692307692 0.029659090909090923 0.040153846153846144
0 0.17245738636363636 0.419673076923077 0.019659090909090935 0.042230769230769245
0 0.18485795454545453 0.43173076923076925 0.02809659090909091 0.028846153846153848
0 0.18665482954545454 0.4000961538461539 0.02529829545454546 0.038769230769230764
0 0.004346590909090909 0.45442307692307693 0.008664772727272728 0.03226923076923077
0 0.8688210227272727 0.7155673076923077 0.0699715909090909 0.09878846153846144
0 0.5691548295454545 0.6935865384615384 0.045184659090909095 0.0627884615384616
0 0.8739417613636363 0.7683557692307693 0.041178977272727284 0.04205769230769232
0 0.8169957386363635 0.7891730769230769 0.02049715909090902 0.037230769230769255
0 0.2828338068181818 0.9902403846153846 0.01964488636363638 0.019326923076923207
0 0.3667684659090909 0.06270192307692307 0.03407670454545452 0.045942307692307685
0 0.8355326704545455 0.78875 0.02268465909090913 0.04000000000000002
0 0.8490198863636365 0.7709038461538462 0.015340909090909188 0.02284615384615384
0 0.8344957386363635 0.7587788461538462 0.022514204545454577 0.023211538461538558
0 0.8035085227272728 0.8472500000000001 0.016164772727272722 0.024615384615384636
0 0.7939630681818183 0.8433557692307692 0.010795454545454579 0.018442307692307643
0 0.786846590909091 0.8369326923076923 0.011704545454545306 0.024750000000000008
0 0.7979900568181819 0.7546538461538462 0.05487215909090908 0.06465384615384616
0 0.8136221590909091 0.7235673076923077 0.0984375000000001 0.08413461538461539
0 0.8242400568181818 0.6850961538461539 0.019133522727272766 0.026076923076922973
0 0.7096519886363637 0.26741346153846157 0.01958806818181821 0.03551923076923077
0 0.9775071022727272 0.6988942307692307 0.028764204545454544 0.03290384615384618
0 0.9412144886363637 0.6887788461538461 0.024218749999999935 0.027288461538461536
0 0.9304048295454547 0.673 0.04313920454545455 0.038615384615384586
0 0.9091193181818181 0.7185192307692307 0.0351988636363636 0.06834615384615378
0 0.8812357954545454 0.45275 0.03556818181818177 0.07607692307692308
0 0.9323863636363637 0.7204423076923077 0.017215909090909098 0.04092307692307687
0 0.9871164772727273 0.9473173076923077 0.02573863636363637 0.03409615384615388
0 0.9621022727272727 0.7565288461538461 0.03883522727272732 0.03309615384615381
0 0.9840767045454545 0.7269038461538462 0.03184659090909085 0.0577307692307692
0 0.989971590909091 0.7944038461538461 0.02005681818181819 0.026692307692307682
0 0.636015625 0.09821153846153846 0.03683238636363637 0.04380769230769231
0 0.9919673295454546 0.767048076923077 0.01606534090909083 0.03125
0 0.8940127840909091 0.7818365384615384 0.026491477272727403 0.031057692307692265
0 0.857713068181818 0.4456538461538462 0.02610795454545454 0.0601153846153846
0 0.8747017045454545 0.8057403846153847 0.0320170454545454 0.03571153846153845
0 0.902911931818182 0.8236826923076923 0.03176136363636366 0.05263461538461539
0 0.9657741477272727 0.8660192307692308 0.025752840909090902 0.03669230769230766
0 0.9560795454545453 0.8964038461538462 0.025511363636363527 0.0386923076923077
0 0.9410511363636364 0.9008846153846155 0.022443181818181755 0.03669230769230766
0 0.9395809659090908 0.8654423076923077 0.02759943181818175 0.03188461538461535
0 0.9303196022727271 0.8448461538461539 0.023053977272727136 0.03353846153846153
0 0.7237713068181818 0.569125 0.0277698863636363 0.043788461538461505
0 0.8618394886363635 0.6258269230769231 0.04063920454545456 0.03646153846153853
0 0.8764559659090909 0.6679230769230771 0.03194602272727274 0.044807692307692326
0 0.8607386363636365 0.6545288461538462 0.022727272727272728 0.02794230769230775
0 0.9082954545454546 0.6216346153846154 0.02985795454545468 0.04211538461538457
0 0.9317116477272727 0.5697788461538461 0.025241477272727245 0.03248076923076931
0 0.9442897727272727 0.587923076923077 0.04914772727272731 0.03992307692307701
0 0.9238991477272727 0.591 0.01583806818181815 0.02284615384615384
0 0.9092116477272728 0.5891057692307693 0.014786931818181774 0.024096153846153903
0 0.8946732954545453 0.5933076923076923 0.016136363636363657 0.035576923076923075
0 0.883487215909091 0.5883076923076922 0.04186079545454549 0.05588461538461539
0 0.4967116477272727 0.8849807692307692 0.022059659090909053 0.03349999999999992
0 0.7809375 0.6386346153846154 0.021903409090909032 0.026730769230769297
0 0.7801207386363637 0.6143461538461539 0.025241477272727245 0.03696153846153841
0 0.5808096590909091 0.6578942307692308 0.0488068181818182 0.033288461538461545
0 0.6371022727272727 0.6469326923076922 0.02750000000000002 0.033288461538461545
0 0.6332599431818182 0.6612596153846154 0.02279829545454539 0.028942307692307715
0 0.43734375 0.5650673076923077 0.02911931818181818 0.03513461538461546
0 0.39484375000000005 0.595875 0.02911931818181818 0.034942307692307724
0 0.3933877840909091 0.5721730769230768 0.021633522727272755 0.03173076923076923
0 0.40696732954545456 0.573548076923077 0.023792613636363636 0.028980769230769216
0 0.3491903409090909 0.5068846153846154 0.018380681818181813 0.04484615384615389
0 0.9908167613636365 0.5336153846153846 0.0183664772727272 0.04080769230769225
0 0.3629758522727273 0.5195673076923076 0.018593749999999964 0.043596153846153875
0 0.8341122159090909 0.5168846153846154 0.025241477272727245 0.05130769230769232
0 0.7877343750000001 0.5061634615384615 0.03083806818181807 0.046365384615384586
0 0.7834801136363637 0.5412115384615385 0.023778409090909104 0.03296153846153844
0 0.7653480113636365 0.5452211538461538 0.02401988636363632 0.04098076923076924
0 0.7588920454545455 0.8376442307692308 0.03022727272727269 0.07278846153846158
0 0.7429474431818182 0.5178653846153846 0.031974431818181805 0.04338461538461539
0 0.7390411931818183 0.5611153846153846 0.036349431818181864 0.05153846153846156
0 0.8279190340909092 0.46655769230769234 0.030355113636363642 0.04380769230769231
0 0.1719034090909091 0.2790769230769231 0.03906250000000002 0.05930769230769231
0 0.8510937500000001 0.05323076923076923 0.0253693181818182 0.04534615384615384
0 0.8037997159090909 0.45352884615384614 0.038792613636363556 0.04109615384615385
0 0.761171875 0.43423076923076925 0.03484374999999996 0.03573076923076925
0 0.7679687500000001 0.41592307692307695 0.0288920454545455 0.032692307692307694
0 0.535546875 0.03561538461538461 0.016832386363636317 0.02223076923076923
0 0.7280255681818182 0.8416826923076923 0.04414772727272733 0.05578846153846152
0 0.14263494318181816 0.2926730769230769 0.0411221590909091 0.058807692307692276
0 0.7225994318181819 0.7915576923076924 0.03832386363636366 0.05011538461538462
0 0.756434659090909 0.7755673076923078 0.03198863636363634 0.05451923076923081
0 0.7314346590909092 0.7408942307692308 0.03627840909090912 0.04559615384615381
0 0.7076988636363637 0.7676057692307692 0.027471590909090873 0.036749999999999915
0 0.9506676136363637 0.7189807692307693 0.021392045454545375 0.03403846153846163
0 0.7130397727272727 0.7164519230769231 0.023409090909090935 0.02628846153846146
0 0.7555397727272727 0.6561346153846154 0.03869318181818183 0.04726923076923085
0 0.7265625 0.6549134615384615 0.021846590909090982 0.03294230769230768
0 0.7091122159090909 0.6633557692307692 0.021235795454545438 0.032019230769230723
0 0.532762784090909 0.9512980769230769 0.0292755681818182 0.0467115384615385
0 0.543153409090909 0.9656153846153847 0.03039772727272724 0.046500000000000125
0 0.5528338068181818 0.8875673076923076 0.03478693181818183 0.04921153846153841
0 0.13448863636363637 0.3223173076923077 0.04380681818181817 0.05190384615384612
0 0.5765127840909091 0.8724423076923076 0.03441761363636366 0.05707692307692309
0 0.5586150568181818 0.8441923076923077 0.029190340909090926 0.043115384615384646
0 0.9736647727272728 0.6814423076923077 0.01582386363636362 0.036153846153846175
0 0.5361647727272727 0.8519807692307692 0.023948863636363657 0.047076923076923
0 0.5430752840909091 0.8119423076923078 0.02370738636363636 0.03300000000000005
0 0.4967542613636363 0.813625 0.033735795454545456 0.07148076923076926
0 0.6507457386363636 0.8068365384615385 0.03228693181818185 0.04398076923076924
0 0.54359375 0.7830192307692307 0.02144886363636367 0.027153846153846164
0 0.2313352272727273 0.3580576923076923 0.03747159090909094 0.05353846153846154
0 0.5543607954545454 0.7493269230769231 0.02022727272727274 0.040884615384615366
0 0.5403480113636363 0.7408365384615385 0.02075284090909085 0.037403846153846135
0 0.24537642045454547 0.3242403846153846 0.03151988636363636 0.047519230769230786
0 0.5726207386363636 0.7758846153846154 0.02708806818181825 0.03411538461538463
0 0.30279829545454545 0.3734711538461538 0.03161931818181821 0.03848076923076927
0 0.9646661931818182 0.6733653846153845 0.027855113636363494 0.05538461538461541
0 0.23845880681818182 0.23896153846153845 0.0341903409090909 0.035423076923076925
0 0.6100994318181818 0.7110096153846154 0.051619318181818225 0.06751923076923069
0 0.5821946022727272 0.8087211538461538 0.03166193181818177 0.04617307692307702
0 0.6137286931818182 0.7880096153846153 0.033025568181818184 0.05036538461538461
0 0.6303764204545454 0.7569038461538462 0.029105113636363568 0.04215384615384619
0 0.5778764204545455 0.7467692307692307 0.042997159090909065 0.044884615384615446
0 0.08017045454545454 0.9872692307692308 0.030028409090909102 0.025423076923076975
0 0.7791051136363637 0.9747307692307693 0.051221590909090835 0.04326923076923077
0 0.7855823863636363 0.993326923076923 0.034488636363636485 0.013115384615384711
0 0.8117613636363636 0.9248173076923076 0.026789772727272745 0.041942307692307695
0 0.985752840909091 0.6412307692307693 0.02829545454545449 0.036730769230769275
0 0.808671875 0.9442211538461539 0.043281249999999875 0.04278846153846154
0 0.8937286931818181 0.908028846153846 0.029673295454545435 0.040749999999999995
0 0.4131463068181818 0.29794230769230773 0.03223011363636363 0.06946153846153846
0 0.8725710227272727 0.9503076923076923 0.02761363636363628 0.0404615384615385
0 0.2585582386363636 0.0046442307692307686 0.023053977272727257 0.009173076923076923
0 0.2337713068181818 0.026201923076923078 0.041406250000000006 0.052403846153846155
0 0.2478053977272727 0.06963461538461539 0.028167613636363654 0.045730769230769235
0 0.15050426136363637 0.7743269230769231 0.012656249999999996 0.024076923076923152
0 0.1354190340909091 0.7759711538461538 0.021803977272727284 0.03171153846153848
0 0.08507102272727272 0.8154134615384615 0.06678977272727273 0.06671153846153846
0 0.540362215909091 0.47825961538461537 0.03799715909090909 0.07574999999999997
0 0.15045454545454542 0.8237403846153847 0.03735795454545454 0.038480769230769325
0 0.13941051136363639 0.7999903846153846 0.04933238636363637 0.030711538461538512
0 0.15431818181818183 0.23715384615384616 0.02968750000000001 0.04200000000000001
0 0.51796875 0.1310096153846154 0.027642045454545426 0.04101923076923078
0 0.5325639204545455 0.11626923076923076 0.038394886363636326 0.04669230769230768
0 0.5127414772727273 0.2339326923076923 0.018011363636363645 0.02344230769230769
0 0.5568607954545454 0.23629807692307692 0.024147727272727272 0.04821153846153845
0 0.5764772727272728 0.24301923076923077 0.03184659090909093 0.05142307692307694
0 0.5844389204545455 0.25690384615384615 0.025127840909090905 0.029307692307692326
0 0.5896661931818182 0.28641346153846153 0.028224431818181826 0.040250000000000015
0 0.22154829545454546 0.2193653846153846 0.012045454545454571 0.016307692307692315
0 0.6141051136363637 0.2507692307692308 0.03022727272727277 0.052384615384615404
0 0.6316619318181819 0.24063461538461536 0.03801136363636362 0.03942307692307692
0 0.5784019886363636 0.4476057692307692 0.033508522727272776 0.046596153846153884
0 0.6269318181818182 0.4874326923076923 0.04377840909090908 0.037403846153846135
0 0.6420454545454546 0.4079038461538462 0.02792613636363632 0.035230769230769274
0 0.6574431818181818 0.4650865384615385 0.0232386363636363 0.03563461538461539
0 0.5015625 0.5100576923076924 0.0234375 0.047807692307692336
0 0.6726065340909091 0.4847019230769231 0.024644886363636397 0.030326923076923095
0 0.6805823863636363 0.4602307692307692 0.023267045454545447 0.0371923076923077
0 0.6492258522727273 0.5562980769230769 0.07373579545454541 0.0758653846153846
0 0.9895596590909093 0.6742211538461539 0.020795454545454527 0.033211538461538535
0 0.6565696022727273 0.3080576923076923 0.035042613636363656 0.04392307692307693
0 0.6761789772727272 0.3760384615384616 0.027642045454545426 0.03969230769230772
0 0.6936363636363636 0.32112500000000005 0.03406250000000002 0.05009615384615381
0 0.6886789772727273 0.39949038461538466 0.04147727272727271 0.05217307692307697
0 0.734921875 0.3810480769230769 0.024474431818181843 0.04140384615384616
0 0.7469957386363636 0.28686538461538463 0.023025568181818234 0.031346153846153815
0 0.7979332386363637 0.30696153846153845 0.03183238636363648 0.052230769230769226
0 0.8419247159090908 0.34216346153846156 0.036463068181818124 0.04324999999999996
0 0.8075852272727272 0.2581538461538462 0.03494318181818185 0.05357692307692305
0 0.8273721590909091 0.27763461538461537 0.033323863636363686 0.04276923076923079
0 0.6313210227272728 0.6954134615384615 0.032897727272727224 0.05382692307692309
0 0.8642258522727272 0.23580769230769233 0.04140624999999997 0.051807692307692305
0 0.7334303977272728 0.26758653846153846 0.028167613636363612 0.034980769230769225
0 0.7333806818181817 0.23492307692307693 0.03008522727272728 0.03607692307692306
0 0.7503409090909091 0.22951923076923075 0.020198863636363674 0.029115384615384616
0 0.7588707386363637 0.24688461538461537 0.022713068181818195 0.028576923076923076
0 0.7611931818181819 0.26382692307692307 0.03241477272727264 0.032384615384615394
0 0.9051207386363636 0.273125 0.03291193181818176 0.05098076923076921
0 0.9161576704545454 0.37103846153846154 0.06455965909090916 0.11484615384615385
0 0.968458806818182 0.33637500000000004 0.017514204545454604 0.02471153846153845
0 0.9194247159090909 0.2911634615384615 0.04015624999999998 0.054865384615384614
0 0.009985795454545456 0.29594230769230767 0.01997159090909091 0.05176923076923075
0 0.9466761363636365 0.2850673076923077 0.024573863636363734 0.050250000000000045
0 0.963046875 0.30351923076923076 0.03541193181818191 0.03803846153846154
0 0.9924218749999999 0.33352884615384615 0.015071022727272747 0.03751923076923075
0 0.9871448863636364 0.3077980769230769 0.02568181818181824 0.039365384615384615
0 0.9789985795454544 0.27205769230769233 0.04174715909090907 0.03707692307692308
0 0.6865838068181819 0.03813461538461538 0.028053977272727272 0.046115384615384614
0 0.671796875 0.0705673076923077 0.025383522727272734 0.036826923076923083
0 0.7086931818181819 0.20743269230769232 0.03110795454545451 0.04594230769230769
0 0.6889985795454545 0.17941346153846155 0.025639204545454562 0.03917307692307693
0 0.126796875 0.8302211538461539 0.02251420454545454 0.029288461538461465
0 0.18120738636363637 0.22734615384615384 0.03065340909090911 0.04580769230769229
0 0.8748792613636364 0.27771153846153845 0.026946022727272766 0.03773076923076924
0 0.5205752840909091 0.34481730769230773 0.05907670454545451 0.08209615384615385
0 0.08279829545454545 0.8368076923076923 0.03221590909090908 0.04507692307692307
0 0.6556107954545455 0.12923076923076923 0.02482954545454548 0.04380769230769231
0 0.6752130681818183 0.11922115384615385 0.02579545454545458 0.04290384615384616
0 0.7005752840909092 0.10882692307692308 0.025497159090909074 0.03438461538461539
0 0.6941051136363636 0.14452884615384615 0.02434659090909097 0.03701923076923077
0 0.20584517045454545 0.3015576923076923 0.05876420454545453 0.08153846153846149
0 0.7983522727272727 0.8225 0.033323863636363686 0.05284615384615388
0 0.292421875 0.38190384615384615 0.03501420454545456 0.047807692307692336
0 0.059204545454545454 0.967173076923077 0.02943181818181818 0.03476923076923085
0 0.006115056818181818 0.16372115384615382 0.012230113636363636 0.04959615384615386
0 0.005063920454545455 0.2563653846153846 0.01012784090909091 0.028076923076923093
0 0.7538778409090909 0.34650000000000003 0.02778409090909083 0.03553846153846152
0 0.08433948863636363 0.5133942307692309 0.011093750000000003 0.01544230769230775
0 0.5978906249999999 0.5522788461538461 0.03830965909090905 0.040249999999999904
0 0.6431818181818182 0.7883846153846155 0.030738636363636343 0.035038461538461484
0 0.790724431818182 0.6720480769230769 0.06298295454545459 0.05217307692307691
0 0.7191548295454546 0.3381442307692308 0.03598011363636369 0.03809615384615385
0 0.6191690340909091 0.12915384615384615 0.04265625000000004 0.03461538461538462
0 0.46102272727272725 0.3964230769230769 0.026931818181818234 0.05361538461538466
0 0.8571022727272729 0.6287788461538462 0.017215909090909098 0.021442307692307757
0 0.06564630681818183 0.9378076923076922 0.028480113636363644 0.04530769230769231
0 0.9493678977272727 0.7461057692307693 0.023536931818181728 0.024826923076923125
0 0.5129332386363636 0.47852884615384617 0.02623579545454541 0.03875000000000006
0 0.7118110795454545 0.15375961538461538 0.01359374999999999 0.02001923076923076
0 0.5343181818181818 0.9101730769230769 0.028380681818181763 0.03726923076923076
0 0.091640625 0.31421153846153843 0.027201704545454553 0.05853846153846159
0 0.3127414772727273 0.7720192307692308 0.024147727272727272 0.028961538461538466
0 0.3948295454545455 0.6848846153846153 0.033522727272727225 0.04269230769230767
0 0.32936079545454544 0.755048076923077 0.02701704545454543 0.03705769230769227
0 0.4950355113636364 0.39743269230769235 0.03072443181818181 0.03428846153846156
0 0.42188210227272727 0.6330769230769231 0.05146306818181821 0.06700000000000006
0 0.3258522727272727 0.5374807692307693 0.04477272727272729 0.04365384615384613
0 0.38532670454545453 0.6346826923076923 0.042500000000000024 0.03698076923076916
0 0.7137855113636363 0.12825 0.026690340909090858 0.03738461538461538
0 0.6567542613636363 0.17571153846153847 0.04487215909090905 0.04784615384615384
0 0.6886150568181818 0.21827884615384616 0.02376420454545449 0.03878846153846154
0 0.667549715909091 0.23486538461538464 0.031377840909090876 0.03826923076923078
0 0.6639204545454546 0.21534615384615383 0.0373295454545455 0.03446153846153847
0 0.019971590909090908 0.9556538461538462 0.02946022727272727 0.04042307692307689
0 0.09384943181818182 0.8775961538461539 0.04488636363636364 0.059846153846153854
0 0.41646306818181816 0.11973076923076924 0.0409943181818182 0.05769230769230771
0 0.14931107954545456 0.8597403846153846 0.02691761363636364 0.03644230769230778
0 0.12019886363636365 0.8622980769230769 0.0281534090909091 0.03759615384615387
0 0.12727982954545453 0.8553557692307692 0.01734374999999999 0.026250000000000065
0 0.5149928977272727 0.31458653846153845 0.024161931818181805 0.030442307692307716
0 0.26753551136363635 0.9855288461538462 0.022599431818181855 0.028942307692307715
0 0.3210795454545454 0.9596057692307692 0.022897727272727278 0.036750000000000026
0 0.27287642045454547 0.9548942307692307 0.022883522727272707 0.032826923076923066
0 0.2565056818181818 0.9734038461538462 0.02028409090909091 0.03138461538461548
0 0.23495738636363636 0.9657499999999999 0.027045454545454574 0.03884615384615382
0 0.5135085227272728 0.29086538461538464 0.05937500000000002 0.03157692307692311
0 0.44380681818181816 0.11584615384615385 0.031278409090909065 0.05603846153846154
0 0.19598011363636364 0.9911826923076923 0.023664772727272763 0.017634615384615415
0 0.5269460227272728 0.3918076923076923 0.028380681818181763 0.045923076923076914
0 0.5511789772727272 0.40369230769230774 0.025340909090909056 0.03607692307692312
0 0.1598721590909091 0.9725288461538462 0.030625000000000003 0.04871153846153843
0 0.5686434659090909 0.3710961538461539 0.03907670454545453 0.05042307692307692
0 0.37600852272727275 0.916923076923077 0.03417613636363637 0.07807692307692313
0 0.35542613636363635 0.8593076923076923 0.07377840909090909 0.051807692307692305
0 0.3870809659090909 0.7681923076923076 0.032769886363636355 0.060346153846153834
0 0.40279829545454543 0.7697115384615385 0.020624999999999973 0.04042307692307689
0 0.3009588068181818 0.7541153846153846 0.025184659090909115 0.033307692307692295
0 0.37128551136363636 0.1509230769230769 0.03464488636363634 0.034038461538461545
0 0.31579545454545455 0.7354423076923077 0.018977272727272745 0.0386153846153847
0 0.30009943181818177 0.7234423076923078 0.01931818181818181 0.028961538461538466
0 0.3084303977272727 0.8195865384615385 0.03208806818181819 0.04344230769230775
0 0.28542613636363634 0.7802019230769232 0.031392045454545485 0.03690384615384615
0 0.21379261363636362 0.7799615384615386 0.031846590909090894 0.03830769230769234
0 0.1856747159090909 0.7721730769230769 0.03563920454545453 0.061653846153846156
0 0.2799147727272727 0.7382403846153845 0.0293181818181818 0.0544807692307692
0 0.24107954545454546 0.6868942307692307 0.025000000000000033 0.03525000000000008
0 0.2566832386363636 0.6739038461538461 0.024531250000000015 0.035653846153846085
0 0.2647301136363636 0.2627307692307692 0.025454545454545476 0.03288461538461537
