0 0.09308948863636363 0.3955192307692308 0.035781249999999994 0.04380769230769231
0 0.3591761363636364 0.410625 0.03360795454545454 0.044211538461538476
0 0.26156960227272724 0.9043173076923077 0.03129261363636364 0.03798076923076923
0 0.24128551136363638 0.8904134615384615 0.024389204545454526 0.033865384615384644
0 0.22262784090909093 0.8980673076923077 0.02275568181818183 0.038480769230769214
0 0.11605823863636364 0.7113942307692308 0.029076704545454544 0.03586538461538457
0 0.17758522727272727 0.7490192307692308 0.036193181818181805 0.04507692307692307
0 0.1285227272727273 0.7484903846153846 0.08426136363636363 0.07874999999999997
0 0.188828125 0.849826923076923 0.025667613636363627 0.0553076923076924
0 0.16019176136363636 0.8794903846153846 0.03211647727272727 0.040749999999999995
0 0.13002840909090907 0.9085000000000001 0.051335227272727275 0.0351153846153846
0 0.13259232954545455 0.8319326923076923 0.11762784090909091 0.12636538461538457
0 0.35017045454545453 0.5239615384615385 0.024147727272727272 0.03357692307692304
0 0.4558238636363636 0.2511057692307692 0.026392045454545432 0.03755769230769231
0 0.4222798295454545 0.2638173076923077 0.025866477272727242 0.04351923076923076
0 0.3988991477272728 0.2585096153846154 0.025866477272727242 0.03782692307692305
0 0.4503977272727273 0.28991346153846154 0.03164772727272731 0.04528846153846156
0 0.43918323863636366 0.31630769230769235 0.039843749999999935 0.037038461538461576
0 0.420625 0.33289423076923075 0.022329545454545494 0.027057692307692293
0 0.40233664772727273 0.34714423076923073 0.03404829545454549 0.04851923076923075
0 0.40757102272727275 0.31247115384615387 0.026477272727272707 0.03548076923076926
0 0.3845241477272728 0.29562499999999997 0.02529829545454546 0.03578846153846157
0 0.4095383522727273 0.504875 0.05859375 0.08332692307692305
0 0.33266335227272725 0.5461346153846154 0.025326704545454562 0.03580769230769232
0 0.45617187499999995 0.4861442307692308 0.02714488636363638 0.05128846153846151
0 0.5154900568181818 0.5391923076923076 0.04575284090909088 0.06519230769230765
0 0.4754971590909091 0.5229423076923077 0.04767045454545447 0.06346153846153846
0 0.5965553977272727 0.6158076923076924 0.03186079545454546 0.03646153846153842
0 0.6164417613636364 0.5871057692307693 0.04617897727272726 0.04855769230769231
0 0.6178835227272728 0.5561826923076924 0.037272727272727284 0.04794230769230771
0 0.4729616477272728 0.5858076923076924 0.03475852272727269 0.04457692307692309
0 0.4430113636363636 0.5981442307692307 0.02687499999999994 0.038596153846153836
0 0.4074502840909091 0.5915576923076923 0.026093749999999926 0.03646153846153842
0 0.3983167613636363 0.6224711538461538 0.024360795454545503 0.03571153846153856
0 0.6126278409090908 0.9837596153846154 0.023664772727272763 0.03236538461538469
0 0.5382386363636363 0.6041153846153846 0.02943181818181814 0.03657692307692304
0 0.54421875 0.5855576923076923 0.0351988636363636 0.046038461538461535
0 0.5583877840909092 0.5709038461538462 0.054985795454545426 0.08076923076923077
0 0.5901988636363636 0.7295769230769231 0.027357954545454533 0.04292307692307691
0 0.5974928977272728 0.7027980769230769 0.027741477272727234 0.035596153846153826
0 0.6201491477272727 0.7047403846153847 0.019872159090909104 0.03482692307692299
0 0.6429545454545454 0.7030673076923077 0.026732954545454535 0.03975000000000003
0 0.6987571022727272 0.7668557692307693 0.026406250000000044 0.036134615384615425
0 0.7129119318181818 0.7414423076923076 0.03147727272727276 0.041961538461538446
0 0.5724644886363636 0.3105673076923077 0.04367897727272727 0.040749999999999995
0 0.62703125 0.9751923076923077 0.024090909090909142 0.03469230769230773
0 0.5571448863636363 0.3448557692307692 0.02460227272727272 0.03767307692307693
0 0.6887428977272727 0.37240384615384614 0.022343750000000027 0.03157692307692311
0 0.6803053977272727 0.36038461538461536 0.02879261363636361 0.03623076923076924
0 0.6562357954545455 0.40910576923076925 0.02857954545454546 0.052634615384615335
0 0.5542400568181818 0.37375961538461544 0.02353693181818189 0.03313461538461537
0 0.5861292613636363 0.37427884615384616 0.015866477272727296 0.02136538461538464
0 0.5794389204545455 0.3892019230769231 0.02268465909090913 0.03286538461538462
0 0.6695738636363636 0.6670769230769231 0.03252840909090906 0.03819230769230772
0 0.6661434659090909 0.6345769230769231 0.026832386363636426 0.03257692307692307
0 0.6534943181818181 0.6755096153846154 0.02144886363636367 0.03375000000000002
0 0.6708593749999999 0.9246153846153846 0.030525568181818116 0.043000000000000024
0 0.6410014204545454 0.6591346153846154 0.026349431818181834 0.03584615384615382
0 0.8118749999999999 0.5039711538461539 0.02130681818181818 0.03844230769230771
0 0.7945667613636364 0.5113076923076924 0.026235795454545494 0.03242307692307695
0 0.7278835227272729 0.4572596153846154 0.02894886363636363 0.04148076923076922
0 0.8223863636363636 0.39250000000000007 0.02659090909090913 0.03792307692307692
0 0.7906463068181818 0.41527884615384614 0.023622159090909086 0.03836538461538459
0 0.7662713068181817 0.40568269230769227 0.027400568181818293 0.03917307692307688
0 0.8095099431818181 0.4390769230769231 0.022485795454545352 0.03373076923076922
0 0.7682457386363637 0.3684423076923076 0.02842329545454544 0.039
0 0.9435795454545454 0.5434903846153847 0.029034090909090985 0.040749999999999995
0 0.6444957386363637 0.8736346153846153 0.026775568181818133 0.037923076923076865
0 0.9529758522727273 0.5757019230769231 0.026235795454545494 0.041442307692307716
0 0.9297940340909091 0.585451923076923 0.026889204545454473 0.03690384615384615
0 0.9277414772727273 0.6343557692307692 0.028323863636363713 0.041326923076923094
0 0.8415411931818181 0.6190576923076923 0.023934659090909124 0.0369230769230769
0 0.9306249999999999 0.6689711538461539 0.02306818181818183 0.03148076923076924
0 0.9103267045454545 0.6950384615384616 0.05403409090909086 0.07573076923076923
0 0.8853196022727272 0.6685096153846154 0.026576704545454598 0.03644230769230778
0 0.8474786931818182 0.010557692307692308 0.027485795454545325 0.021115384615384616
0 0.8672159090909091 0.03619230769230769 0.021590909090909157 0.03034615384615385
0 0.8668607954545454 0.08425961538461538 0.026846590909090876 0.03690384615384615
0 0.6846946022727273 0.8363557692307692 0.025894886363636307 0.037403846153846135
0 0.8966477272727272 0.06632692307692307 0.026278409090909092 0.041192307692307695
0 0.8351917613636364 0.13835576923076923 0.028451704545454506 0.04917307692307694
0 0.8733948863636364 0.17664423076923075 0.022499999999999885 0.030365384615384627
0 0.8634232954545454 0.19435576923076922 0.02088068181818188 0.034211538461538446
0 0.9705610795454546 0.20926923076923076 0.031860795454545544 0.038615384615384614
0 0.9253977272727273 0.15844230769230766 0.1097159090909091 0.13819230769230767
0 0.17301846590909092 0.15792307692307694 0.050980113636363636 0.06457692307692307
0 0.6878480113636364 0.9950480769230768 0.027627840909090973 0.00990384615384611
0 0.7409375 0.9747884615384615 0.04241477272727267 0.05042307692307697
0 0.7715980113636363 0.9932307692307693 0.023196022727272784 0.013538461538461468
0 0.5802982954545454 0.8405288461538462 0.03571022727272733 0.04155769230769234
0 0.7955752840909092 0.9598269230769231 0.022883522727272745 0.03238461538461534
0 0.786747159090909 0.9795384615384616 0.033210227272727266 0.04092307692307687
0 0.9219815340909091 0.9816634615384616 0.027571022727272684 0.03667307692307691
0 0.8986363636363636 0.9857596153846154 0.028892045454545337 0.028480769230769237
0 0.8515553977272727 0.9086442307692307 0.054417613636363556 0.06940384615384622
0 0.8789133522727273 0.96525 0.04799715909090904 0.04688461538461538
0 0.8648508522727273 0.9749711538461538 0.017826704545454482 0.027403846153846154
0 0.8506676136363637 0.9660673076923078 0.02900568181818192 0.05544230769230766
0 0.7591193181818183 0.6557980769230769 0.030312500000000044 0.04355769230769226
0 0.7766548295454545 0.7143942307692308 0.023906249999999896 0.04755769230769234
0 0.5138849431818181 0.9842307692307692 0.022457386363636367 0.03149999999999999
0 0.7585085227272728 0.737875 0.040142045454545444 0.04055769230769237
0 0.7731818181818181 0.9130192307692307 0.0405681818181819 0.03465384615384612
0 0.7990482954545454 0.8742307692307693 0.04482954545454538 0.06484615384615379
0 0.7301988636363635 0.8570480769230768 0.03471590909090909 0.060442307692307705
0 0.7629048295454546 0.834798076923077 0.02509943181818176 0.03524999999999997
0 0.7849218750000001 0.8552019230769231 0.023309659090909044 0.029634615384615433
0 0.7896448863636363 0.8277403846153847 0.023721590909090973 0.03313461538461542
0 0.7508664772727273 0.814326923076923 0.040028409090909184 0.06003846153846159
0 0.8742116477272727 0.8447884615384615 0.023991477272727255 0.03030769230769229
0 0.849872159090909 0.8440288461538461 0.05934659090909103 0.062211538461538395
0 0.11114346590909091 0.4953846153846154 0.028224431818181826 0.037500000000000054
0 0.3493323863636364 0.8307596153846154 0.028380681818181805 0.039096153846153926
0 0.8200639204545456 0.827798076923077 0.021036931818181902 0.039557692307692294
0 0.8629616477272729 0.7984615384615384 0.04384943181818182 0.0464230769230769
0 0.8293821022727272 0.7906826923076923 0.03382102272727265 0.051134615384615334
0 0.9356463068181817 0.7423846153846153 0.03177556818181819 0.03842307692307685
0 0.9911505681818181 0.9422403846153847 0.017670454545454625 0.027326923076923037
0 0.9935227272727274 0.9039519230769231 0.012954545454545462 0.039634615384615414
0 0.9885795454545455 0.8351346153846153 0.022840909090909148 0.04184615384615383
0 0.9557883522727273 0.7741153846153846 0.02890624999999987 0.04061538461538462
0 0.972734375 0.7799615384615385 0.027911931818181787 0.03457692307692311
0 0.9787215909090908 0.7946826923076923 0.03196022727272727 0.04248076923076918
0 0.41097301136363645 0.9892884615384616 0.029417613636363606 0.021423076923076895
0 0.9830681818181817 0.7564326923076924 0.026022727272727343 0.03463461538461548
0 0.23038352272727272 0.006403846153846154 0.028210227272727293 0.012807692307692308
0 0.34850142045454546 0.00375 0.022173295454545473 0.0075
0 0.3785582386363636 0.0040384615384615385 0.018536931818181755 0.008076923076923077
0 0.5362073863636364 0.036298076923076926 0.01889204545454547 0.023673076923076925
0 0.53234375 0.01848076923076923 0.017642045454545476 0.021923076923076924
0 0.5446164772727272 0.009740384615384616 0.017840909090909095 0.019365384615384618
0 0.7017400568181817 0.039509615384615386 0.02612215909090915 0.036903846153846155
0 0.6818536931818181 0.026826923076923075 0.025497159090909074 0.03469230769230769
0 0.6638991477272728 0.015557692307692307 0.03242897727272725 0.031115384615384614
0 0.32558948863636367 0.9488749999999999 0.032144886363636355 0.0354038461538462
0 0.75421875 0.132125 0.022840909090909148 0.032019230769230765
0 0.7573437500000001 0.0989326923076923 0.022784090909091018 0.03767307692307693
0 0.7364701704545454 0.12088461538461538 0.025866477272727326 0.031692307692307686
0 0.7384730113636363 0.088375 0.030468749999999985 0.042442307692307696
0 0.6010653409090909 0.12777884615384613 0.02082386363636367 0.030519230769230764
0 0.6064417613636364 0.10838461538461538 0.019701704545454553 0.03107692307692307
0 0.6243039772727272 0.11524038461538462 0.021818181818181837 0.03505769230769232
0 0.6440340909090909 0.1013076923076923 0.024147727272727272 0.03615384615384615
0 0.66046875 0.11938461538461538 0.022755681818181873 0.03126923076923075
0 0.677578125 0.13051923076923078 0.017457386363636394 0.027153846153846164
0 0.33433948863636365 0.9711826923076923 0.02984374999999999 0.0366346153846153
0 0.6657315340909091 0.14659615384615382 0.02484375000000001 0.034230769230769224
0 0.6320809659090909 0.1684903846153846 0.025639204545454562 0.03671153846153847
0 0.7334730113636364 0.23422115384615386 0.041889204545454556 0.05725000000000002
0 0.6507741477272727 0.22345192307692308 0.10169034090909088 0.15074999999999997
0 0.9931960227272728 0.4351730769230769 0.013607954545454604 0.0381153846153846
0 0.939637784090909 0.429625 0.030042613636363766 0.04151923076923072
0 0.8666264204545455 0.39146153846153847 0.028877840909090804 0.04069230769230769
0 0.891328125 0.3849326923076923 0.021463068181818038 0.03078846153846152
0 0.9012571022727273 0.3997788461538461 0.024275568181818065 0.03090384615384614
0 0.8950497159090909 0.48911538461538456 0.03453124999999992 0.04157692307692303
0 0.3457954545454545 0.9913365384615385 0.02997159090909094 0.01732692307692306
0 0.88921875 0.4549615384615384 0.028295454545454648 0.033038461538461496
0 0.9058806818181818 0.4235 0.01235795454545461 0.02488461538461538
0 0.8893821022727273 0.42568269230769235 0.023338068181818272 0.03548076923076926
0 0.9114133522727272 0.30693269230769227 0.04032670454545453 0.0675576923076923
0 0.7912144886363636 0.277625 0.022656250000000065 0.032903846153846124
0 0.8138494318181819 0.28925000000000006 0.028380681818181843 0.044653846153846155
0 0.8308664772727273 0.30126923076923084 0.03264204545454532 0.041538461538461524
0 0.8584588068181819 0.27363461538461537 0.02370738636363644 0.050576923076923096
0 0.8726988636363636 0.30038461538461536 0.023948863636363494 0.03292307692307693
0 0.8535582386363636 0.3098653846153846 0.021093750000000033 0.035076923076923096
0 0.4102698863636364 0.9091057692307692 0.02889204545454542 0.045480769230769186
0 0.868565340909091 0.33307692307692305 0.02676136363636368 0.03453846153846155
0 0.8416832386363637 0.3267307692307692 0.021434659090909136 0.03169230769230767
0 0.8253764204545455 0.3360288461538462 0.02291193181818181 0.0315961538461538
0 0.8938068181818182 0.8809615384615385 0.13198863636363647 0.18469230769230774
0 0.7510511363636364 0.704125 0.037926136363636426 0.04882692307692305
0 0.3857173295454545 0.7212403846153846 0.04896306818181814 0.07144230769230765
0 0.44991477272727276 0.9163749999999999 0.03937500000000004 0.0574807692307692
0 0.42558948863636364 0.8767115384615385 0.0175994318181818 0.026192307692307702
0 0.42192471590909086 0.8903269230769232 0.02305397727272722 0.03173076923076923
0 0.4527059659090909 0.870596153846154 0.03907670454545453 0.05542307692307691
0 0.14909801136363637 0.45017307692307695 0.030866477272727278 0.0386923076923077
0 0.4281036931818182 0.8400096153846153 0.02504261363636363 0.034519230769230747
0 0.41723011363636364 0.8545576923076923 0.026562499999999985 0.037884615384615475
0 0.13201704545454546 0.005394230769230769 0.07377840909090909 0.010788461538461538
0 0.13852982954545456 0.02510576923076923 0.03296874999999999 0.037788461538461535
0 0.06904829545454545 0.016490384615384615 0.03244318181818182 0.03294230769230769
0 0.04256392045454546 0.015423076923076923 0.022485795454545456 0.030846153846153846
0 0.014900568181818181 0.09790384615384615 0.029801136363636363 0.054730769230769236
0 0.0053693181818181826 0.14063461538461539 0.010681818181818183 0.03803846153846153
0 0.016740056818181817 0.165875 0.033480113636363634 0.04213461538461538
0 0.0023011363636363637 0.22172115384615385 0.004573863636363636 0.025596153846153852
0 0.18066761363636363 0.464 0.025795454545454562 0.03650000000000003
0 0.019559659090909093 0.21144230769230768 0.030625000000000003 0.038730769230769235
0 0.010717329545454546 0.2477980769230769 0.02137784090909091 0.03109615384615385
0 0.007407670454545454 0.2907980769230769 0.014815340909090908 0.05032692307692311
0 0.20894176136363637 0.1259423076923077 0.029048295454545438 0.038769230769230764
0 0.24916903409090913 0.096125 0.042031250000000006 0.04413461538461539
0 0.2649502840909091 0.12471153846153846 0.027002840909090896 0.03596153846153847
0 0.13659801136363636 0.16185576923076922 0.02600852272727271 0.03782692307692308
0 0.14954545454545454 0.10410576923076924 0.02738636363636364 0.037634615384615384
0 0.13720880681818182 0.12703846153846154 0.025980113636363624 0.031076923076923085
0 0.41702414772727275 0.09064423076923077 0.03538352272727276 0.046634615384615385
0 0.20509232954545453 0.4900865384615384 0.026832386363636385 0.04659615384615383
0 0.30904119318181816 0.10564423076923077 0.022400568181818157 0.03109615384615385
0 0.3327627840909091 0.09520192307692307 0.02166193181818182 0.029826923076923074
0 0.32960937500000004 0.12198076923076923 0.028707386363636376 0.0308076923076923
0 0.3191477272727273 0.0855576923076923 0.024062499999999997 0.03307692307692308
0 0.4783096590909091 0.17799038461538463 0.026392045454545432 0.035826923076923096
0 0.00825284090909091 0.38629807692307694 0.016477272727272726 0.05798076923076919
0 0.027876420454545456 0.34526923076923083 0.05069602272727272 0.06603846153846155
0 0.04000000000000001 0.2886923076923077 0.029431818181818184 0.040153846153846144
0 0.05600142045454545 0.30875 0.027542613636363632 0.03684615384615384
0 0.0660653409090909 0.33475961538461535 0.027102272727272725 0.04240384615384612
0 0.22389204545454547 0.4733173076923077 0.024715909090909097 0.036173076923076926
0 0.008657670454545454 0.4900865384615384 0.01731534090909091 0.05455769230769226
0 0.032279829545454546 0.5338942307692308 0.02919034090909091 0.03709615384615378
0 0.014765625 0.5597596153846155 0.02953125 0.04625000000000002
0 0.06373579545454545 0.5670961538461539 0.03693181818181818 0.04634615384615389
0 0.05706676136363636 0.6072884615384615 0.041917613636363635 0.05207692307692305
0 0.010660511363636363 0.635875 0.021321022727272727 0.06298076923076923
0 0.06058238636363636 0.687 0.02386363636363636 0.030807692307692272
0 0.08083806818181818 0.6633173076923076 0.028693181818181823 0.04071153846153849
0 0.16624999999999998 0.30265384615384616 0.039744318181818186 0.04626923076923077
0 0.1577556818181818 0.3391730769230769 0.03159090909090911 0.042115384615384624
0 0.2132741477272727 0.5723557692307693 0.02819602272727272 0.03644230769230778
0 0.1963565340909091 0.40596153846153843 0.02927556818181816 0.03873076923076921
0 0.2919460227272727 0.2383846153846154 0.025000000000000033 0.035115384615384625
0 0.2948295454545455 0.2948846153846154 0.024374999999999994 0.03650000000000003
0 0.31968039772727275 0.294673076923077 0.02262784090909092 0.04334615384615383
0 0.328125 0.26566346153846154 0.02306818181818183 0.03090384615384614
0 0.24403409090909092 0.20854807692307692 0.023835227272727275 0.03371153846153844
0 0.24012073863636366 0.25368269230769236 0.016349431818181846 0.023596153846153867
0 0.22654829545454547 0.24246153846153845 0.021931818181818177 0.04896153846153848
0 0.23512784090909092 0.292125 0.024062499999999997 0.035557692307692325
0 0.22491477272727273 0.3240480769230769 0.027642045454545426 0.03667307692307691
0 0.29109375 0.5646538461538462 0.03397727272727271 0.040730769230769244
0 0.17063210227272727 0.13642307692307692 0.033735795454545456 0.05238461538461539
0 0.16022017045454542 0.2426730769230769 0.04126420454545454 0.0386923076923077
0 0.19813920454545456 0.2110673076923077 0.021477272727272734 0.0373653846153846
0 0.17824573863636364 0.21252884615384615 0.03157670454545453 0.05351923076923079
0 0.16006392045454546 0.1924423076923077 0.026633522727272728 0.03219230769230768
0 0.14391335227272728 0.21881730769230767 0.042201704545454556 0.051057692307692304
0 0.010170454545454545 0.7331442307692307 0.02025568181818182 0.030750000000000017
0 0.011328125 0.7598365384615384 0.02265625 0.0330192307692308
0 0.007940340909090909 0.7914711538461539 0.015880681818181818 0.04305769230769228
0 0.024957386363636366 0.8348269230769231 0.04991477272727273 0.06919230769230773
0 0.3378125 0.4959230769230769 0.02596590909090909 0.0383461538461539
0 0.04754971590909091 0.8996923076923078 0.03586647727272727 0.042730769230769176
0 0.29048295454545453 0.6888557692307692 0.03849431818181821 0.047096153846153864
0 0.3421946022727273 0.7179423076923078 0.01740056818181818 0.025307692307692357
0 0.2119460227272727 0.703298076923077 0.022215909090909113 0.032019230769230834
0 0.22596590909090908 0.7318365384615385 0.034289772727272745 0.04559615384615392
0 0.2569176136363636 0.7629903846153846 0.024176136363636337 0.030711538461538512
0 0.2514275568181818 0.7929615384615385 0.02873579545454548 0.04092307692307698
0 0.28404829545454546 0.8161634615384615 0.030795454545454556 0.036749999999999915
0 0.23877130681818182 0.8219711538461537 0.028821022727272758 0.03686538461538465
0 0.288671875 0.9175096153846154 0.027286931818181828 0.03551923076923071
