0 0.009488636363636364 0.780076923076923 0.018977272727272728 0.03473076923076923
0 0.861619318181818 0.7184326923076922 0.023210227272727316 0.035096153846153846
0 0.9161505681818182 0.9726442307692308 0.0402272727272728 0.04921153846153852
0 0.033380681818181816 0.6406826923076923 0.030909090909090917 0.04709615384615375
0 0.5050639204545454 0.6421634615384615 0.036349431818181864 0.05394230769230771
0 0.40146306818181815 0.3729711538461538 0.0371306818181818 0.04871153846153849
0 0.5216335227272727 0.563 0.05079545454545453 0.05257692307692314
0 0.09733664772727274 0.6371249999999999 0.02600852272727274 0.033288461538461545
0 0.10892755681818182 0.6221346153846153 0.02529829545454546 0.030923076923076893
0 0.9565625000000001 0.8061346153846154 0.04215909090909084 0.05026923076923074
0 0.09452414772727273 0.6023942307692308 0.03725852272727272 0.057096153846153845
0 0.9165340909090909 0.9022211538461538 0.02784090909090896 0.03401923076923077
0 0.7894886363636363 0.7493269230769231 0.02204545454545452 0.046615384615384635
0 0.859872159090909 0.8804903846153846 0.03286931818181816 0.04294230769230766
0 0.43066051136363637 0.3944423076923077 0.025923295454545456 0.026692307692307737
0 0.8790269886363636 0.9375576923076923 0.025525568181818222 0.03769230769230763
0 0.6014133522727273 0.25096153846153846 0.03325284090909095 0.03926923076923077
0 0.8705113636363635 0.9100769230769231 0.045625000000000006 0.04030769230769238
0 0.32797585227272724 0.41224038461538465 0.034815340909090935 0.03717307692307695
0 0.9074502840909091 0.9315480769230768 0.026690340909090858 0.05078846153846159
0 0.9844105113636363 0.7933076923076923 0.025923295454545456 0.05811538461538456
0 0.5232883522727273 0.3025480769230769 0.02166193181818182 0.0303653846153846
0 0.8944886363636364 0.9294423076923077 0.019346590909090914 0.035076923076923096
0 0.8627769886363637 0.7404230769230769 0.030156250000000027 0.05603846153846151
0 0.03513494318181818 0.6808942307692307 0.03092329545454545 0.03709615384615378
0 0.3298153409090909 0.5507307692307692 0.035085227272727254 0.044884615384615446
0 0.7761434659090909 0.7815288461538461 0.03171875000000006 0.039788461538461536
0 0.9565625000000001 0.6171153846153846 0.04215909090909084 0.03769230769230763
0 0.9660440340909091 0.6739326923076924 0.04640624999999994 0.045557692307692306
0 0.9708735795454545 0.5770673076923076 0.038281250000000065 0.041365384615384596
0 0.4388636363636364 0.5051538461538462 0.020312500000000015 0.025884615384615454
0 0.40779119318181817 0.5767596153846153 0.06214488636363636 0.08090384615384615
0 0.5360937499999999 0.4988942307692308 0.07735795454545452 0.07959615384615387
0 0.34279119318181817 0.5262307692307692 0.02569602272727273 0.03103846153846151
0 0.014048295454545456 0.7296442307692307 0.026704545454545457 0.032826923076923066
0 0.35412642045454545 0.5051057692307692 0.036747159090909094 0.05086538461538459
0 0.37641335227272726 0.5617884615384615 0.06274147727272726 0.07603846153846147
0 0.40883522727272725 0.6566442307692307 0.042130681818181775 0.09182692307692308
0 0.9924928977272726 0.6770673076923077 0.015014204545454617 0.03194230769230772
0 0.038821022727272725 0.7519423076923076 0.022102272727272724 0.031423076923076984
0 0.09296875 0.757375 0.0403409090909091 0.04151923076923072
0 0.05166903409090909 0.7300673076923077 0.04336647727272727 0.07444230769230777
0 0.47517045454545453 0.5975865384615384 0.05349431818181822 0.06998076923076921
0 0.5252627840909091 0.4443269230769231 0.026519886363636388 0.028807692307692288
0 0.5339630681818182 0.4108557692307692 0.05332386363636366 0.03740384615384618
0 0.011590909090909091 0.7524903846153845 0.021789772727272727 0.04044230769230775
0 0.555234375 0.44059615384615386 0.05330965909090905 0.04599999999999998
0 0.9439914772727271 0.6566442307692308 0.0340340909090908 0.036134615384615425
0 0.2784446022727272 0.06854807692307692 0.03563920454545455 0.03478846153846153
0 0.32333806818181815 0.02777884615384615 0.024857954545454544 0.03478846153846153
0 0.25123579545454544 0.05526923076923077 0.023210227272727278 0.05011538461538462
0 0.22803267045454545 0.043125 0.030383522727272707 0.08190384615384615
0 0.07323153409090909 0.11739423076923078 0.03867897727272728 0.04082692307692307
0 0.030994318181818182 0.053625 0.03519886363636364 0.04921153846153846
0 0.007088068181818182 0.06775961538461539 0.014176136363636365 0.03140384615384615
0 0.014822443181818183 0.08897115384615385 0.029644886363636366 0.03194230769230769
0 0.8641335227272726 0.7689519230769231 0.02900568181818176 0.03455769230769225
0 0.043764204545454544 0.15939423076923076 0.05221590909090909 0.04713461538461539
0 0.17041903409090908 0.2510192307692308 0.02166193181818182 0.046076923076923064
0 0.1298153409090909 0.2227403846153846 0.04099431818181818 0.0659807692307692
0 0.20147017045454546 0.9497980769230769 0.04475852272727274 0.03590384615384618
0 0.09652698863636364 0.9904423076923077 0.02745738636363637 0.01911538461538461
0 0.12593039772727274 0.967798076923077 0.03055397727272726 0.039788461538461536
0 0.054382102272727266 0.9559326923076923 0.04103693181818181 0.036057692307692304
0 0.12393465909090909 0.9268076923076923 0.03690340909090908 0.05638461538461548
0 0.15097301136363636 0.8775288461538462 0.02268465909090909 0.03205769230769223
0 0.09956676136363636 0.9266730769230769 0.045781249999999996 0.08069230769230776
0 0.04286221590909091 0.6511538461538462 0.028110795454545454 0.02807692307692301
0 0.17780539772727272 0.9362980769230769 0.021519886363636373 0.031519230769230744
0 0.2792755681818182 0.24301923076923077 0.03397727272727271 0.047115384615384615
0 0.41306107954545457 0.2991346153846154 0.027855113636363657 0.048692307692307736
0 0.20578125 0.38964423076923077 0.032329545454545444 0.04825000000000001
0 0.2556534090909091 0.42460576923076926 0.04309659090909091 0.053865384615384655
0 0.23299005681818183 0.39992307692307694 0.026519886363636388 0.03292307692307693
0 0.22083806818181817 0.37112500000000004 0.024318181818181826 0.03517307692307691
0 0.2243039772727273 0.42348076923076927 0.024374999999999994 0.035076923076923096
0 0.2103764204545455 0.43369230769230765 0.01353693181818182 0.017807692307692344
0 0.2118039772727273 0.7870096153846154 0.030937500000000003 0.04817307692307683
0 0.3869957386363636 0.4306730769230769 0.025696022727272772 0.029923076923076927
0 0.21273437499999998 0.9216057692307693 0.02268465909090909 0.04755769230769234
0 0.2220525568181818 0.7744423076923077 0.022826704545454577 0.03769230769230763
0 0.17766335227272728 0.40358653846153847 0.03839488636363637 0.06394230769230769
0 0.11316051136363635 0.4746442307692308 0.030383522727272728 0.04675000000000006
0 0.1840198863636364 0.4075096153846154 0.02514204545454546 0.03590384615384618
0 0.13553267045454545 0.5032596153846154 0.04751420454545455 0.039634615384615414
0 0.1380255681818182 0.5290576923076923 0.019886363636363636 0.02842307692307687
0 0.11675426136363636 0.4548269230769231 0.022656250000000003 0.034769230769230795
0 0.08191761363636364 0.7624230769230769 0.024318181818181826 0.03365384615384615
0 0.08495028409090909 0.7255769230769231 0.03757102272727273 0.0362692307692308
0 0.430078125 0.4148557692307692 0.020894886363636334 0.026711538461538436
0 0.268984375 0.7163269230769231 0.02359374999999998 0.0785384615384616
0 0.17345880681818182 0.7278461538461539 0.04370738636363636 0.07853846153846149
0 0.1982102272727273 0.7556057692307692 0.026676136363636364 0.0282884615384615
0 0.15295454545454545 0.7574423076923077 0.03519886363636362 0.07696153846153843
0 0.16900568181818182 0.7493173076923076 0.027840909090909083 0.04294230769230766
0 0.09301136363636364 0.7807403846153846 0.024375000000000004 0.03351923076923078
0 0.02997159090909091 0.782826923076923 0.03133522727272728 0.04607692307692315
0 0.0030894886363636363 0.828903846153846 0.006178977272727273 0.023038461538461463
0 0.099765625 0.8793942307692307 0.048139204545454554 0.07105769230769228
0 0.14377130681818182 0.8911442307692308 0.034332386363636364 0.050749999999999976
0 0.39526988636363636 0.38500961538461537 0.024744318181818204 0.02774999999999996
0 0.07539772727272727 0.9074423076923077 0.03730113636363635 0.06784615384615379
0 0.05024147727272727 0.9288076923076923 0.025255681818181816 0.03473076923076923
0 0.5209659090909091 0.8083173076923077 0.03619318181818185 0.038519230769230715
0 0.5454190340909091 0.8470192307692308 0.02044034090909097 0.03292307692307693
0 0.4528693181818182 0.8780673076923078 0.03093749999999996 0.05086538461538459
0 0.4127982954545455 0.8223653846153846 0.06497159090909092 0.0434615384615385
0 0.36317471590909095 0.8841346153846154 0.021122159090909098 0.02984615384615381
0 0.32636363636363636 0.9244615384615386 0.03133522727272728 0.04869230769230768
0 0.31012073863636364 0.8158076923076923 0.09089488636363634 0.11623076923076922
0 0.2918465909090909 0.10296153846153848 0.053039772727272734 0.09611538461538462
0 0.007556818181818182 0.723701923076923 0.015113636363636364 0.04090384615384612
0 0.920205965909091 0.6569134615384616 0.05066761363636358 0.07121153846153852
0 0.2965482954545454 0.16336538461538463 0.020994318181818183 0.028423076923076926
0 0.27582386363636363 0.14952884615384615 0.02596590909090909 0.029173076923076927
0 0.28828125 0.38130769230769224 0.029005681818181802 0.04188461538461539
0 0.2815127840909091 0.3475384615384616 0.03634943181818182 0.04765384615384616
0 0.21943892045454547 0.23391346153846154 0.021264204545454544 0.02671153846153849
0 0.21441051136363634 0.2522403846153846 0.01973011363636362 0.02355769230769228
0 0.13537642045454545 0.68725 0.029559659090909074 0.044884615384615446
0 0.1094034090909091 0.6995865384615384 0.022926136363636364 0.03590384615384618
0 0.13399147727272728 0.7195961538461538 0.03065340909090909 0.03030769230769229
0 0.23539772727272726 0.9126826923076924 0.018551136363636367 0.02617307692307684
0 0.3341619318181818 0.39208653846153846 0.023977272727272722 0.0303653846153846
0 0.24197443181818182 0.8891153846153846 0.021647727272727287 0.024076923076923152
0 0.2232173295454545 0.8922596153846154 0.018167613636363624 0.03351923076923078
0 0.2139346590909091 0.8273365384615385 0.03133522727272724 0.06282692307692311
0 0.25667613636363634 0.8315192307692307 0.034034090909090924 0.03769230769230773
0 0.20816051136363634 0.6988846153846153 0.017315340909090905 0.02923076923076921
0 0.11631392045454544 0.7330673076923078 0.02680397727272726 0.033288461538461545
0 0.22799005681818182 0.7027211538461537 0.025127840909090905 0.02513461538461537
0 0.19171164772727273 0.6791634615384616 0.02359375000000002 0.03194230769230772
0 0.19395596590909092 0.662673076923077 0.02049715909090906 0.02984615384615392
0 0.14242187499999998 0.6792019230769231 0.02541193181818182 0.03928846153846144
0 0.8885014204545455 0.7613749999999999 0.023593749999999858 0.036134615384615425
0 0.2254758522727273 0.6836538461538462 0.026775568181818175 0.020807692307692405
0 0.05968039772727273 0.7762596153846153 0.027911931818181825 0.027673076923077005
0 0.20961647727272725 0.6712499999999999 0.021278409090909077 0.02803846153846151
0 0.2334659090909091 0.82 0.01625000000000004 0.03350000000000003
0 0.24294034090909086 0.7595288461538462 0.026676136363636364 0.036134615384615425
0 0.2854190340909091 0.6027115384615384 0.031718749999999976 0.046076923076923036
0 0.24255681818181818 0.7898942307692308 0.029005681818181802 0.03194230769230772
0 0.20382102272727273 0.7299423076923077 0.027840909090909083 0.03246153846153845
0 0.2976065340909091 0.5995673076923076 0.04603693181818181 0.03771153846153838
0 0.188984375 0.7786346153846153 0.01856534090909092 0.026192307692307702
0 0.9953977272727272 0.7417403846153847 0.00920454545454548 0.02513461538461537
0 0.30959517045454543 0.649576923076923 0.0305539772727273 0.05811538461538456
0 0.31462357954545456 0.6904134615384615 0.026690340909090896 0.04032692307692313
0 0.2780752840909091 0.6705192307692307 0.04254261363636366 0.036115384615384674
0 0.2894815340909091 0.7333557692307693 0.03441761363636362 0.042403846153846174
0 0.22238636363636363 0.6613557692307692 0.023977272727272722 0.02617307692307684
0 0.2235440340909091 0.72 0.02166193181818182 0.029307692307692326
0 0.22644886363636366 0.62575 0.03210227272727272 0.08169230769230773
0 0.18892755681818182 0.7076923076923077 0.025127840909090905 0.035076923076923096
0 0.1864133522727273 0.6265384615384616 0.03791193181818184 0.0434615384615385
0 0.2202556818181818 0.6354326923076922 0.02204545454545452 0.027750000000000014
0 0.3830397727272727 0.7104903846153847 0.026676136363636405 0.051326923076923076
0 0.29973011363636365 0.6998461538461538 0.020113636363636358 0.03403846153846152
0 0.207109375 0.6404134615384615 0.01973011363636362 0.039788461538461536
0 0.28503551136363636 0.7040288461538462 0.02166193181818182 0.03401923076923077
0 0.7466548295454545 0.966298076923077 0.02359375000000002 0.03194230769230761
0 0.8774786931818181 0.6393653846153846 0.02862215909090922 0.04030769230769227
0 0.993465909090909 0.6021923076923077 0.013068181818181883 0.03611538461538456
0 0.15845170454545454 0.5135576923076923 0.024374999999999994 0.0491153846153846
0 0.8825 0.6055961538461538 0.03093749999999996 0.03769230769230763
0 0.8268039772727271 0.6624038461538462 0.027840909090909124 0.0476538461538461
0 0.9277556818181819 0.56475 0.027840909090909124 0.03350000000000003
0 0.4418252840909091 0.6950480769230768 0.04990056818181818 0.05394230769230771
0 0.8649644886363635 0.02481730769230769 0.040213068181818266 0.04963461538461538
0 0.9289133522727272 0.5964326923076922 0.024758522727272657 0.0329807692307693
0 0.9844105113636363 0.6482692307692308 0.029786931818181858 0.03300000000000005
0 0.007904829545454546 0.5492884615384616 0.015809659090909093 0.028807692307692343
0 0.028764204545454544 0.5767692307692308 0.03210227272727273 0.05026923076923074
0 0.03012073863636364 0.5610576923076923 0.02009943181818182 0.023038461538461574
0 0.7242258522727273 0.9419423076923077 0.04370738636363634 0.04503846153846146
0 0.11402698863636364 0.5993076923076923 0.015809659090909103 0.020461538461538434
0 0.6780042613636363 0.9045096153846154 0.024758522727272657 0.04032692307692302
0 0.9802485795454546 0.2556057692307692 0.039502840909090835 0.08667307692307691
0 0.3943039772727273 0.4064903846153846 0.02900568181818184 0.03194230769230772
0 0.010035511363636365 0.5757307692307693 0.02007102272727273 0.031423076923076984
0 0.11999999999999998 0.5852692307692309 0.015113636363636364 0.018076923076923143
0 0.5914559659090909 0.6720576923076924 0.1142471590909091 0.16199999999999992
0 0.6418465909090909 0.9924423076923076 0.03286931818181816 0.015115384615384642
0 0.3323579545454546 0.7165961538461538 0.030937500000000003 0.0434615384615385
0 0.7213281249999999 0.014567307692307692 0.02552556818181814 0.029134615384615384
0 0.9868323863636363 0.5147019230769231 0.026335227272727222 0.05040384615384617
0 0.9037357954545455 0.3807019230769231 0.051761363636363716 0.08728846153846151
0 0.992734375 0.32875 0.014531250000000025 0.0682307692307692
0 0.9775213068181817 0.4415576923076923 0.04495738636363633 0.07376923076923074
0 0.4455894886363637 0.5801923076923077 0.04572443181818182 0.04165384615384609
0 0.13616477272727273 0.5921634615384616 0.01792613636363637 0.024250000000000025
0 0.7000497159090909 0.9832788461538462 0.046406250000000024 0.03344230769230767
0 0.6557741477272727 0.013259615384615384 0.026690340909090938 0.026519230769230767
0 0.7336931818181818 0.9835384615384616 0.02707386363636356 0.03292307692307693
0 0.8935227272727272 0.5411346153846154 0.048579545454545354 0.03442307692307688
0 0.12526988636363637 0.6014423076923077 0.010198863636363647 0.019038461538461494
0 0.9455113636363636 0.5110192307692308 0.021789772727272613 0.033192307692307674
0 0.9591335227272727 0.29648076923076927 0.05539772727272727 0.058999999999999955
0 0.7263565340909092 0.03438461538461539 0.017798295454545497 0.05550000000000001
0 0.9813849431818181 0.4895 0.037230113636363686 0.04673076923076925
0 0.9838352272727273 0.7535192307692308 0.02088068181818188 0.028807692307692343
0 0.9952272727272727 0.5205384615384615 0.009545454545454584 0.030115384615384554
0 0.9094105113636364 0.4314134615384615 0.03586647727272727 0.025211538461538435
0 0.7093252840909091 0.9537211538461539 0.03558238636363638 0.037173076923077
0 0.8905681818181819 0.5125576923076922 0.02997159090909094 0.036269230769230686
0 0.8808096590909091 0.3244519230769231 0.08127840909090912 0.08667307692307691
0 0.6890340909090908 0.01893269230769231 0.017414772727272713 0.030903846153846153
0 0.5647514204545454 0.8475865384615384 0.02044034090909089 0.035519230769230824
0 0.8388920454545455 0.05479807692307692 0.013153409090909078 0.019365384615384618
0 0.5488707386363636 0.7967115384615384 0.025696022727272692 0.03403846153846152
0 0.9632173295454546 0.5103942307692308 0.022713068181818195 0.05409615384615389
0 0.3897088068181818 0.7268365384615384 0.03734375000000003 0.05340384615384612
0 0.684971590909091 0.8762307692307693 0.03713068181818188 0.0476538461538461
0 0.6675639204545455 0.9550384615384615 0.043309659090909024 0.0649230769230769
0 0.7031534090909091 0.016403846153846154 0.014687499999999964 0.03280769230769231
0 0.7068252840909092 0.05427884615384616 0.029786931818181775 0.053403846153846156
0 0.6752982954545454 0.9283365384615385 0.04795454545454552 0.029326923076923077
0 0.022407670454545454 0.5257211538461538 0.04481534090909091 0.051826923076923166
0 0.9214417613636363 0.46799038461538467 0.05992897727272719 0.0848269230769231
0 0.9202698863636364 0.132875 0.028607954545454686 0.05759615384615384
0 0.6379829545454545 0.051134615384615376 0.04525568181818184 0.033499999999999995
0 0.9938707386363635 0.37639423076923073 0.01225852272727272 0.03198076923076922
0 0.803409090909091 0.7351826923076923 0.020511363636363713 0.023557692307692307
0 0.9349076704545454 0.7137211538461539 0.028224431818181826 0.042403846153846174
0 0.6793678977272727 0.03751923076923076 0.026690340909090938 0.033499999999999995
0 0.629090909090909 0.009076923076923076 0.0390625 0.018153846153846152
0 0.15860795454545454 0.42490384615384613 0.022926136363636364 0.034769230769230795
0 0.1329119318181818 0.4497788461538461 0.02017045454545455 0.0291730769230769
0 0.142578125 0.4426730769230769 0.024588068181818187 0.03292307692307693
0 0.1478338068181818 0.46791346153846153 0.02569602272727273 0.034788461538461546
0 0.13580965909090909 0.47277884615384613 0.019886363636363636 0.03478846153846149
0 0.3466690340909091 0.9605961538461538 0.02552556818181818 0.035076923076923096
0 0.7375710227272727 0.05505769230769231 0.02784090909090904 0.04030769230769231
0 0.7476349431818182 0.019288461538461536 0.02862215909090906 0.03857692307692307
0 0.46262073863636366 0.5492403846153846 0.054076704545454615 0.03478846153846149
0 0.3718039772727273 0.7919807692307693 0.045625000000000006 0.04869230769230768
0 0.7584517045454546 0.05531730769230769 0.013153409090909078 0.018326923076923077
0 0.8148508522727272 0.29250000000000004 0.0355823863636363 0.04346153846153845
0 0.773153409090909 0.07338461538461538 0.024744318181818124 0.039269230769230765
0 0.4485795454545455 0.9721057692307692 0.025909090909090923 0.03821153846153836
0 0.35826704545454546 0.935721153846154 0.03326704545454548 0.04294230769230766
0 0.7814701704545454 0.02966346153846154 0.02049715909090902 0.03771153846153846
0 0.776171875 0.12275961538461538 0.01933238636363638 0.03717307692307692
0 0.6854758522727272 0.19187500000000002 0.029786931818181858 0.022519230769230757
0 0.8025355113636364 0.06448076923076923 0.01856534090909082 0.023038461538461546
0 0.4176491477272727 0.72825 0.028082386363636417 0.030346153846153794
0 0.4336860795454545 0.9592788461538462 0.020894886363636414 0.029326923076923077
0 0.42524147727272726 0.8788173076923077 0.033153409090909136 0.04786538461538459
0 0.7679332386363636 0.10532692307692307 0.022826704545454456 0.026692307692307696
0 0.6827698863636363 0.1722403846153846 0.0181818181818182 0.0303653846153846
0 0.7861008522727272 0.05610576923076922 0.016633522727272778 0.018865384615384614
0 0.7618678977272727 0.3841346153846154 0.02862215909090906 0.04869230769230768
0 0.8091122159090909 0.07914423076923077 0.01933238636363638 0.024096153846153847
0 0.6249076704545454 0.08783653846153845 0.0503551136363637 0.056442307692307694
0 0.7504616477272728 0.3998365384615385 0.035184659090909065 0.054980769230769236
0 0.8007954545454545 0.041701923076923074 0.029772727272727326 0.023557692307692304
0 0.9188565340909091 0.8674038461538461 0.0456392045454547 0.047115384615384615
0 0.43291193181818177 0.9762980769230769 0.021647727272727287 0.026711538461538436
0 0.44296875 0.988076923076923 0.023210227272727237 0.023038461538461463
0 0.7947443181818182 0.3249615384615385 0.023210227272727157 0.03611538461538462
0 0.6581178977272727 0.03749038461538462 0.017684659090909157 0.02505769230769231
0 0.3366122159090909 0.9856634615384614 0.03481534090909089 0.02867307692307697
0 0.6907741477272727 0.06318269230769231 0.026292613636363624 0.03455769230769231
0 0.4040980113636364 0.8574326923076924 0.025923295454545456 0.03717307692307689
0 0.8187855113636363 0.06160576923076922 0.01856534090909098 0.030903846153846153
0 0.6582102272727273 0.10324038461538462 0.030312500000000044 0.056442307692307694
0 0.40487215909090907 0.9718557692307692 0.024375000000000036 0.03455769230769236
0 0.4275142045454546 0.7151057692307693 0.019119318181818154 0.026711538461538436
0 0.7675497159090909 0.015355769230769232 0.03441761363636366 0.030711538461538464
0 0.4216974431818182 0.9768173076923078 0.02166193181818182 0.036134615384615425
0 0.74078125 0.13060576923076922 0.025909090909090923 0.032980769230769216
0 0.5391974431818182 0.8253269230769231 0.019616477272727275 0.026923076923076925
0 0.6724857954545453 0.016538461538461537 0.017130681818181823 0.022807692307692307
0 0.6964985795454545 0.1651634615384615 0.02166193181818182 0.0361346153846154
0 0.5252556818181818 0.8272019230769231 0.020994318181818225 0.026942307692307675
0 0.7505326704545454 0.07914423076923077 0.022826704545454456 0.04136538461538461
0 0.6366264204545454 0.026259615384615388 0.02938920454545454 0.019365384615384618
0 0.7869389204545455 0.6175288461538462 0.026235795454545494 0.033288461538461545
0 0.4396946022727273 0.7322211538461538 0.026292613636363624 0.036134615384615314
0 0.7224218750000001 0.44775 0.030951704545454574 0.04503846153846151
0 0.7452414772727274 0.45455769230769233 0.024744318181818124 0.037692307692307685
0 0.7565553977272728 0.5472211538461539 0.04061079545454534 0.02805769230769237
0 0.7641974431818181 0.4799519230769231 0.025525568181818222 0.03298076923076919
0 0.6830681818181819 0.5717115384615384 0.027897727272727255 0.04338461538461539
0 0.7242329545454546 0.5851730769230769 0.036732954545454485 0.04338461538461539
0 0.6858735795454546 0.43570192307692307 0.02745738636363634 0.03351923076923078
0 0.7395667613636363 0.5072019230769231 0.04032670454545461 0.05198076923076923
0 0.7989985795454545 0.4124038461538461 0.03325284090909102 0.05392307692307691
0 0.16500710227272727 0.31149038461538464 0.03481534090909089 0.05078846153846153
0 0.07027698863636364 0.6913557692307692 0.022485795454545453 0.02948076923076931
0 0.07013494318181818 0.06896153846153846 0.03558238636363636 0.05811538461538461
0 0.26681818181818184 0.3889038461538462 0.019346590909090914 0.029846153846153866
0 0.22917613636363637 0.9362788461538462 0.022784090909090938 0.03763461538461537
0 0.2510653409090909 0.9100576923076923 0.0181818181818182 0.02407692307692304
0 0.05629261363636364 0.22294230769230772 0.027613636363636365 0.06157692307692307
0 0.25125 0.8629326923076923 0.030937500000000003 0.03351923076923078
0 0.06414772727272727 0.2020576923076923 0.020568181818181815 0.025653846153846135
0 0.03247159090909091 0.2508076923076923 0.025454545454545455 0.0293076923076923
0 0.009602272727272727 0.30212500000000003 0.019204545454545453 0.0791730769230769
0 0.03734375 0.4666923076923077 0.02761363636363636 0.03738461538461538
0 0.5037073863636364 0.5925384615384616 0.018522727272727302 0.02426923076923078
0 0.03003551136363637 0.3332692307692308 0.03032670454545455 0.02565384615384616
0 0.13909801136363636 0.3109807692307692 0.020894886363636376 0.035076923076923096
0 0.12323863636363636 0.21934615384615386 0.02397727272727274 0.032999999999999995
0 0.2294034090909091 0.8590096153846154 0.025142045454545438 0.04763461538461535
0 0.23462357954545457 0.8427788461538461 0.016235795454545423 0.037173076923077
0 0.25376420454545456 0.8079615384615384 0.025909090909090923 0.023038461538461574
0 0.18550426136363637 0.2565192307692307 0.026292613636363624 0.06546153846153845
0 0.11770596590909092 0.17839423076923078 0.04717329545454545 0.04032692307692307
0 0.01946022727272727 0.10467307692307692 0.03892045454545454 0.03611538461538462
0 0.5073863636363637 0.04857692307692307 0.02815340909090908 0.051307692307692304
0 0.7867755681818184 0.8011634615384615 0.03286931818181816 0.04032692307692302
0 0.3160227272727273 0.04031730769230769 0.02514204545454548 0.044134615384615376
0 0.3528977272727273 0.19402884615384616 0.02542613636363633 0.038903846153846164
0 0.2886647727272727 0.021086538461538462 0.027897727272727255 0.042173076923076924
0 0.4104758522727273 0.745125 0.03248579545454546 0.03351923076923078
0 0.738544034090909 0.098 0.01973011363636362 0.03507692307692307
0 0.269609375 0.012115384615384615 0.030667613636363642 0.02423076923076923
0 0.43942471590909093 0.08118269230769232 0.0308664772727273 0.05498076923076922
0 0.23991477272727268 0.08295192307692309 0.02596590909090909 0.03367307692307692
0 0.20454545454545456 0.021653846153846152 0.03590909090909087 0.043307692307692304
0 0.552315340909091 0.036480769230769226 0.02707386363636364 0.022730769230769228
0 0.3580397727272727 0.639451923076923 0.06903409090909095 0.08251923076923082
0 0.5108948863636363 0.12444230769230771 0.02653409090909092 0.03884615384615385
0 0.43075994318181815 0.02428846153846154 0.021122159090909098 0.04857692307692308
0 0.25040482954545457 0.06817307692307692 0.02044034090909089 0.025807692307692306
0 0.31438920454545455 0.3462211538461539 0.029403409090909115 0.04501923076923076
0 0.26333806818181815 0.3370576923076923 0.03866477272727273 0.04661538461538458
0 0.5531321022727272 0.017317307692307694 0.031946022727272656 0.03463461538461539
0 0.5241690340909091 0.02135576923076923 0.03140625000000002 0.04271153846153846
0 0.2743039772727273 0.04724038461538461 0.027357954545454574 0.040019230769230765
0 0.45593750000000005 0.02208653846153846 0.04656250000000004 0.04417307692307692
0 0.869737215909091 0.6770673076923077 0.03171875000000006 0.04344230769230775
0 0.8074715909090909 0.7584903846153845 0.02011363636363632 0.030365384615384655
0 0.10682528409090909 0.6846923076923076 0.02600852272727273 0.029499999999999953
0 0.9390269886363637 0.23183653846153846 0.03288352272727269 0.0523653846153846
0 0.37102982954545455 0.8511538461538461 0.0495028409090909 0.07488461538461538
0 0.3439559659090909 0.7333461538461539 0.0456392045454545 0.05392307692307696
0 0.5389559659090909 0.2632692307692307 0.02745738636363634 0.037692307692307685
0 0.8993821022727272 0.04419230769230769 0.056463068181818184 0.08838461538461538
0 0.9513210227272727 0.13474999999999998 0.03039772727272724 0.032923076923076916
0 0.3898508522727273 0.3012403846153846 0.022428977272727302 0.04240384615384612
0 0.5244460227272727 0.2685096153846154 0.023977272727272722 0.035596153846153826
0 0.21406960227272726 0.5362115384615385 0.056860795454545456 0.06176923076923078
0 0.9925071022727273 0.0054423076923076925 0.01498579545454539 0.010884615384615385
0 0.9894034090909091 0.7236730769230768 0.02119318181818176 0.03088461538461539
0 0.2357244318181818 0.5178846153846154 0.02590909090909088 0.04188461538461533
0 0.5696946022727273 0.171125 0.024758522727272657 0.03351923076923078
0 0.19995028409090906 0.5309711538461539 0.024758522727272695 0.03351923076923078
0 0.7498792613636364 0.6884326923076923 0.027826704545454592 0.05236538461538465
0 0.2393963068181818 0.5671057692307692 0.03248579545454546 0.036634615384615404
0 0.5321874999999999 0.23238461538461538 0.03713068181818188 0.04292307692307691
0 0.24384943181818183 0.6008846153846155 0.048352272727272716 0.04765384615384621
0 0.2450071022727273 0.7165961538461538 0.022031250000000027 0.03299999999999994
0 0.2552556818181818 0.6982692307692309 0.019346590909090914 0.03403846153846152
0 0.6941335227272728 0.7268942307692308 0.022897727272727278 0.02725000000000003
0 0.8538849431818182 0.8626923076923078 0.029389204545454625 0.040846153846153865
0 0.19115056818181816 0.8806057692307692 0.034744318181818196 0.051750000000000046
0 0.7432670454545455 0.7478653846153845 0.023295454545454675 0.03180769230769235
0 0.17724431818181818 0.9043942307692308 0.02548295454545454 0.03344230769230778
0 0.6966974431818183 0.7043269230769231 0.022485795454545432 0.024846153846153768
0 0.17897727272727273 0.8107692307692308 0.03590909090909089 0.07053846153846155
0 0.546875 0.18132692307692305 0.02088068181818188 0.034038461538461545
0 0.5457173295454546 0.1378653846153846 0.033252840909090864 0.02565384615384616
0 0.7219602272727272 0.7554807692307692 0.025653409090909015 0.03257692307692307
0 0.4097727272727273 0.2224326923076923 0.03286931818181816 0.04082692307692309
0 0.5180681818181818 0.16902884615384617 0.0638068181818182 0.06282692307692309
0 0.5846235795454546 0.49182692307692305 0.04447443181818182 0.05184615384615386
0 0.13605823863636363 0.7648173076923078 0.04558238636363637 0.06144230769230767
0 0.027620738636363638 0.8382884615384615 0.04183238636363637 0.028307692307692253
0 0.03256392045454545 0.8577788461538461 0.049332386363636356 0.021903846153846128
0 0.725703125 0.6965673076923078 0.11325284090909093 0.1306346153846154
0 0.24995028409090905 0.9430673076923076 0.021264204545454544 0.047134615384615365
0 0.0640340909090909 0.8536442307692307 0.041647727272727274 0.05636538461538462
0 0.07676136363636364 0.8039615384615385 0.02840909090909092 0.0398076923076924
0 0.3682315340909091 0.022211538461538463 0.07541193181818179 0.044423076923076926
0 0.7547585227272727 0.5762019230769231 0.03977272727272727 0.0538653846153846
0 0.7151207386363637 0.5509615384615385 0.02845170454545459 0.03103846153846151
0 0.9915269886363638 0.7663365384615385 0.016946022727272657 0.029326923076923077
0 0.6593110795454545 0.5537596153846154 0.02734375 0.04113461538461536
0 0.8000639204545454 0.5746153846153845 0.05598011363636375 0.07488461538461538
0 0.23727982954545457 0.34438461538461534 0.04336647727272727 0.11034615384615389
0 0.6823792613636364 0.47915384615384615 0.04529829545454544 0.06096153846153844
0 0.7924644886363637 0.5294615384615384 0.019616477272727195 0.03365384615384615
0 0.4056605113636364 0.12446153846153846 0.046406250000000024 0.048615384615384616
0 0.6325142045454545 0.5137403846153846 0.021278409090909035 0.029173076923076954
0 0.6670454545454546 0.5268365384615386 0.027897727272727334 0.03517307692307696
0 0.7167755681818182 0.5223557692307692 0.03894886363636374 0.05609615384615377
0 0.16525568181818182 0.8442884615384615 0.040056818181818186 0.09323076923076916
0 0.9969460227272727 0.8024711538461538 0.006107954545454481 0.02617307692307684
0 0.04725852272727273 0.8072980769230769 0.035710227272727275 0.04167307692307695
0 0.8397088068181818 0.4675576923076923 0.024588068181818103 0.03030769230769229
0 0.8174644886363637 0.543673076923077 0.03038352272727287 0.03515384615384621
0 0.8405326704545455 0.49336538461538465 0.021264204545454583 0.025807692307692285
0 0.8322443181818183 0.5698557692307692 0.01684659090909093 0.020942307692307666
0 0.0784375 0.8390865384615386 0.03571022727272728 0.03259615384615382
0 0.8229900568181818 0.6145384615384616 0.0292755681818182 0.03926923076923069
0 0.0871377840909091 0.8206153846153846 0.02842329545454544 0.04326923076923077
0 0.8200923295454546 0.5113173076923077 0.026235795454545494 0.03401923076923077
0 0.8007528409090909 0.5113173076923077 0.021278409090909115 0.03778846153846149
0 0.47068892045454547 0.35988461538461536 0.027855113636363657 0.030884615384615333
0 0.04302556818181818 0.2834230769230769 0.03897727272727272 0.07111538461538465
0 0.032741477272727276 0.3607596153846154 0.02923295454545455 0.032249999999999966
0 0.05061079545454545 0.39154807692307697 0.02707386363636363 0.05863461538461535
0 0.06550426136363637 0.4029134615384615 0.02328125 0.035903846153846126
0 0.10041903409090908 0.3981538461538462 0.04873579545454545 0.04838461538461538
0 0.07714488636363637 0.31238461538461537 0.037897727272727284 0.058653846153846154
0 0.08823863636363637 0.24934615384615383 0.05576704545454545 0.04984615384615385
0 0.12227272727272727 0.31201923076923077 0.019715909090909086 0.035076923076923096
0 0.40966619318181813 0.021653846153846152 0.022372159090909092 0.043307692307692304
0 0.37210227272727275 0.05807692307692308 0.04999999999999998 0.036269230769230776
0 0.822940340909091 0.873951923076923 0.02707386363636356 0.03194230769230772
0 0.14268465909090908 0.8232884615384616 0.02900568181818182 0.044884615384615335
0 0.3270667613636364 0.07640384615384616 0.04558238636363637 0.06469230769230769
0 0.064375 0.6161634615384615 0.017017045454545462 0.035096153846153846
0 0.03691761363636364 0.8884711538461538 0.04360795454545455 0.047019230769230855
0 0.11811789772727273 0.8230288461538462 0.02723011363636364 0.037403846153846135
0 0.7694105113636364 0.5218365384615385 0.02359375000000002 0.041365384615384596
0 0.19329545454545452 0.9173269230769231 0.017357954545454544 0.029384615384615332
0 0.12215909090909091 0.85575 0.02269886363636362 0.03873076923076921
0 0.7939701704545453 0.48492307692307696 0.027855113636363657 0.03561538461538463
0 0.05655539772727272 0.9031730769230769 0.024076704545454543 0.029384615384615443
0 0.8823082386363637 0.807451923076923 0.038281250000000065 0.05078846153846148
0 0.06888494318181819 0.9222692307692307 0.02467329545454545 0.03338461538461541
0 0.26652698863636365 0.9142692307692308 0.020724431818181822 0.026923076923076925
0 0.2777130681818182 0.8303076923076923 0.023210227272727278 0.03476923076923074
0 0.26556107954545455 0.890701923076923 0.027627840909090932 0.02394230769230767
0 0.1203409090909091 0.27825 0.0390625 0.03350000000000003
0 0.40939630681818184 0.05415384615384615 0.025696022727272692 0.04188461538461538
0 0.3727911931818182 0.10127884615384615 0.0292755681818182 0.05086538461538462
0 0.7038423295454546 0.11228846153846155 0.05259943181818178 0.04973076923076922
0 0.6661363636363636 0.1696153846153846 0.022812500000000003 0.036653846153846155
0 0.7935795454545453 0.09920192307692308 0.03017045454545456 0.07382692307692308
0 0.5349289772727273 0.46355769230769234 0.023977272727272722 0.02565384615384616
0 0.11531250000000001 0.34657692307692306 0.04525568181818182 0.052884615384615384
0 0.3977911931818181 0.09809615384615385 0.0306676136363636 0.046000000000000006
0 0.7502698863636365 0.323125 0.0394602272727274 0.06282692307692311
0 0.1468252840909091 0.28165384615384614 0.02552556818181818 0.035076923076923096
0 0.39308948863636367 0.183 0.028451704545454506 0.03776923076923077
0 0.7669034090909093 0.34878846153846155 0.023210227272727316 0.03142307692307693
0 0.3440553977272727 0.14466346153846152 0.026519886363636388 0.05386538461538463
0 0.7523934659090908 0.34957692307692306 0.024360795454545423 0.0434615384615385
0 0.37830965909090913 0.16934615384615384 0.025965909090909133 0.03442307692307693
0 0.08708096590909091 0.2010096153846154 0.050667613636363636 0.06440384615384614
0 0.015461647727272727 0.6290288461538462 0.030923295454545453 0.052326923076923035
0 0.7970241477272727 0.8655673076923077 0.02862215909090906 0.035096153846153846
0 0.1530184659090909 0.2505 0.023196022727272725 0.049230769230769245
0 0.37651988636363637 0.14110576923076923 0.022386363636363624 0.03178846153846154
0 0.04963778409090909 0.06189423076923077 0.04100852272727273 0.06701923076923078
0 0.09488636363636363 0.10142307692307692 0.02707386363636363 0.03611538461538462
0 0.34378551136363633 0.21478846153846154 0.02873579545454544 0.03776923076923077
0 0.1103622159090909 0.13388461538461538 0.03867897727272728 0.05707692307692306
0 0.13375710227272727 0.13231730769230768 0.029786931818181817 0.060211538461538455
0 0.30911221590909094 0.22825 0.029019886363636373 0.03476923076923077
0 0.3581534090909091 0.15232692307692308 0.016022727272727234 0.05723076923076924
0 0.1627627840909091 0.1823173076923077 0.04137784090909092 0.06701923076923079
0 0.5010440340909091 0.39365384615384613 0.02359375000000002 0.036653846153846155
0 0.3073153409090909 0.2022596153846154 0.04696022727272728 0.030673076923076928
0 0.13201704545454546 0.09068269230769231 0.05105113636363636 0.04294230769230769
0 0.2809375 0.17382692307692307 0.022926136363636343 0.03365384615384615
0 0.3157457386363636 0.17196153846153847 0.037286931818181816 0.03365384615384615
0 0.7315127840909091 0.36658653846153844 0.019730113636363535 0.03351923076923078
0 0.1929332386363636 0.18284615384615385 0.02436079545454546 0.0691153846153846
0 0.7154616477272728 0.36501923076923076 0.030951704545454574 0.05969230769230773
0 0.16759943181818182 0.12602884615384616 0.04872159090909089 0.06963461538461539
0 0.21342329545454544 0.17394230769230767 0.0390625 0.07538461538461538
0 0.28627840909090907 0.8637788461538461 0.03150568181818183 0.0336730769230769
0 0.5985511363636363 0.4502019230769231 0.04525568181818184 0.051326923076923076
0 0.25734375 0.3729326923076923 0.020511363636363633 0.025134615384615425
0 0.21885653409090908 0.4470192307692307 0.02242897727272726 0.03088461538461539
0 0.2714133522727273 0.947298076923077 0.03634943181818182 0.05932692307692301
0 0.20377130681818179 0.04659615384615385 0.0319460227272727 0.0535
0 0.23293323863636364 0.9816730769230769 0.04137784090909094 0.036653846153846155
0 0.11767755681818182 0.019086538461538464 0.02328125 0.03817307692307693
0 0.18048295454545454 0.04770192307692308 0.024374999999999977 0.06598076923076923
0 0.2942329545454545 0.8968461538461538 0.027840909090909083 0.046076923076923036
0 0.1439346590909091 0.014317307692307693 0.03357954545454545 0.028634615384615387
0 0.012038352272727272 0.19473076923076924 0.024076704545454543 0.021269230769230773
0 0.13212357954545453 0.6226057692307693 0.02109374999999999 0.0366346153846153
0 0.012578125 0.2181826923076923 0.02515625 0.032980769230769244
0 0.16261363636363635 0.02751923076923077 0.053607954545454535 0.05503846153846154
0 0.018657670454545458 0.22698076923076924 0.02166193181818182 0.046192307692307685
0 0.2933096590909091 0.2954326923076923 0.03519886363636364 0.057596153846153825
0 0.7870028409090909 0.21072115384615386 0.020880681818181722 0.03821153846153847
0 0.7862286931818182 0.15783653846153844 0.056463068181818184 0.04659615384615386
0 0.04031960227272727 0.20939423076923078 0.044389204545454544 0.054980769230769236
0 0.009460227272727273 0.25153846153846154 0.017329545454545455 0.04838461538461538
0 0.9494673295454544 0.08811538461538461 0.05376420454545458 0.05707692307692307
0 0.989140625 0.06560576923076923 0.02171874999999995 0.03717307692307693
0 0.45077414772727276 0.4193076923076923 0.03674715909090902 0.04923076923076922
0 0.9653267045454544 0.015653846153846154 0.03596590909090916 0.03130769230769231
0 0.9906889204545454 0.10408653846153847 0.01862215909090911 0.030365384615384627
0 0.9334161931818182 0.06690384615384615 0.0425426136363637 0.046076923076923085
0 0.982372159090909 0.14309615384615385 0.03525568181818189 0.061269230769230784
0 0.8320596590909091 0.1266826923076923 0.0351988636363636 0.05863461538461539
0 0.93484375 0.3785384615384615 0.026789772727272586 0.067
0 0.9791051136363635 0.3840769230769231 0.022698863636363663 0.027653846153846143
0 0.9707102272727273 0.33213461538461536 0.030426136363636468 0.07623076923076925
0 0.9346093749999999 0.35918269230769234 0.06265625000000002 0.09590384615384616
0 0.7697869318181819 0.20889423076923078 0.028238636363636358 0.07017307692307694
0 0.8037926136363637 0.8440961538461539 0.042159090909091 0.0434615384615385
0 0.6394531250000001 0.17537499999999998 0.03055397727272726 0.038749999999999986
0 0.7111931818181818 0.141875 0.05491477272727268 0.06178846153846154
0 0.9578622159090909 0.32675 0.0410369318181818 0.05780769230769231
0 0.9283948863636364 0.04202884615384615 0.04332386363636364 0.08221153846153846
0 0.9115625 0.24859615384615386 0.0460227272727274 0.046076923076923064
0 0.9662926136363637 0.22425 0.0363636363636364 0.04765384615384616
0 0.9521732954545453 0.171625 0.02900568181818176 0.04294230769230769
0 0.9587784090909092 0.1154903846153846 0.019886363636363636 0.0280576923076923
0 0.8532386363636365 0.5159903846153846 0.04005681818181808 0.042634615384615306
0 0.9414204545454545 0.46429807692307695 0.03088068181818183 0.044249999999999984
0 0.11543323863636364 0.671375 0.020724431818181822 0.02759615384615389
0 0.8758096590909091 0.48089423076923077 0.027698863636363636 0.049173076923076965
0 0.8678053977272726 0.6498461538461537 0.03558238636363646 0.0392692307692308
0 0.6717400568181818 0.6581153846153847 0.037286931818181816 0.03365384615384615
0 0.6707741477272727 0.6122980769230769 0.039786931818181805 0.057980769230769294
0 0.9912713068181819 0.16115384615384615 0.01745738636363631 0.058653846153846154
0 0.8486576704545453 0.6624038461538463 0.01663352272727262 0.0392692307692308
0 0.9624289772727272 0.18707692307692309 0.03093750000000012 0.05184615384615386
0 0.8241619318181819 0.01225 0.0382954545454546 0.0245
0 0.8486576704545453 0.6964326923076922 0.022826704545454615 0.03194230769230772
0 0.9743892045454546 0.12016346153846154 0.021818181818181837 0.029173076923076913
0 0.07431818181818182 0.5757596153846154 0.038295454545454535 0.049480769230769266
0 0.646875 0.8977019230769231 0.0390625 0.05498076923076929
0 0.968174715909091 0.09622115384615385 0.0254119318181818 0.029173076923076913
0 0.7109659090909091 0.6164711538461538 0.04440340909090908 0.04032692307692313
0 0.9661718749999999 0.4366346153846154 0.03586647727272727 0.049192307692307716
0 0.8762713068181818 0.43601923076923077 0.034957386363636385 0.04796153846153846
0 0.6763068181818181 0.6905096153846154 0.04548295454545452 0.04178846153846157
0 0.971846590909091 0.40775 0.028153409090909163 0.029499999999999953
0 0.7130042613636364 0.897701923076923 0.041377840909090906 0.045557692307692306
0 0.9946235795454544 0.893576923076923 0.010752840909090981 0.03350000000000003
0 0.9919176136363635 0.9768942307692308 0.016164772727272722 0.04621153846153841
0 0.35563920454545456 0.5062211538461538 0.020994318181818183 0.0291730769230769
0 0.8316477272727273 0.8176538461538461 0.035965909090909 0.05446153846153845
0 0.9064772727272729 0.7647692307692308 0.033267045454545396 0.0649230769230769
0 0.8459517045454544 0.7770769230769231 0.04448863636363643 0.05707692307692309
0 0.9637215909090909 0.7173846153846153 0.03170454545454553 0.04553846153846155
0 0.49447443181818185 0.41015384615384615 0.03210227272727276 0.03403846153846152
0 0.15127130681818182 0.5586346153846155 0.04603693181818181 0.043769230769230755
0 0.44842329545454546 0.6236826923076924 0.051392045454545385 0.04775000000000008
0 0.527159090909091 0.38003846153846155 0.04718750000000004 0.037692307692307685
0 0.5292826704545455 0.3632884615384615 0.018167613636363586 0.02407692307692304
0 0.8374431818181818 0.7207884615384615 0.031335227272727355 0.04503846153846146
0 0.0061505681818181815 0.8022019230769231 0.012301136363636363 0.033288461538461545
0 0.9528906250000001 0.7605865384615385 0.039446022727272705 0.04398076923076924
0 0.7734303977272726 0.9734903846153847 0.04563920454545454 0.053019230769230756
0 0.6045099431818183 0.3313365384615385 0.022428977272727302 0.0345576923076923
0 0.5638991477272728 0.3501923076923077 0.025525568181818222 0.030384615384615406
0 0.36196022727272725 0.7002884615384615 0.031704545454545485 0.0392692307692308
0 0.41828125000000005 0.43187499999999995 0.028238636363636438 0.04294230769230772
0 0.5849715909090909 0.2624903846153846 0.02900568181818176 0.03613461538461537
0 0.5515198863636364 0.3216538461538461 0.046420454545454556 0.03823076923076922
0 0.8161718750000001 0.7807403846153846 0.027457386363636423 0.05917307692307689
0 0.5880681818181818 0.3232307692307692 0.022812499999999923 0.03507692307692304
0 0.026704545454545457 0.7391634615384616 0.018267045454545456 0.03948076923076918
0 0.4412926136363636 0.37192307692307686 0.03093750000000004 0.04030769230769232
0 0.5437855113636364 0.3572692307692308 0.022428977272727302 0.03403846153846152
0 0.3557528409090909 0.7799423076923077 0.04602272727272724 0.04449999999999998
0 0.9008664772727273 0.7137211538461539 0.052982954545454646 0.05601923076923076
0 0.5147727272727273 0.34652884615384616 0.02707386363636364 0.0345576923076923
0 0.45828835227272724 0.6546249999999999 0.057968750000000006 0.0675576923076924
0 0.5116832386363637 0.33003846153846156 0.03248579545454546 0.035076923076923096
0 0.47919744318181823 0.3881538461538461 0.02552556818181814 0.04765384615384616
0 0.12228693181818183 0.5643365384615384 0.02107954545454546 0.02855769230769235
0 0.5812997159090909 0.20908653846153846 0.06728693181818182 0.06440384615384614
0 0.8237144886363637 0.7399038461538462 0.01856534090909082 0.035076923076923096
0 0.09136363636363636 0.5003557692307692 0.032329545454545465 0.058519230769230726
0 0.48693181818181813 0.32558653846153846 0.0208806818181818 0.026173076923076948
0 0.48480113636363636 0.3525576923076923 0.0351988636363636 0.04346153846153845
0 0.8200426136363635 0.9087692307692308 0.03519886363636376 0.04607692307692315
0 0.08468750000000001 0.6699519230769231 0.028806818181818194 0.03424999999999989
0 0.8569744318181818 0.9839615384615384 0.028607954545454527 0.03207692307692309
0 0.05095170454545454 0.6126153846153847 0.021789772727272727 0.04900000000000004
0 0.008963068181818181 0.6057307692307693 0.017926136363636363 0.033307692307692295
0 0.9356818181818182 0.9050961538461538 0.03596590909090916 0.0607307692307692
0 0.056399147727272725 0.677798076923077 0.01862215909090909 0.032826923076923066
