0 0.8513423295454546 0.11715384615384616 0.028338068181818245 0.028769230769230783
0 0.28169744318181816 0.7042307692307692 0.03098011363636364 0.06292307692307697
0 0.8316051136363637 0.11631730769230769 0.01943181818181811 0.03894230769230769
0 0.8406889204545455 0.1415 0.03305397727272725 0.02684615384615386
0 0.8543821022727272 0.15045192307692307 0.017940340909090902 0.020442307692307683
0 0.8831889204545456 0.1494903846153846 0.034957386363636385 0.058173076923076925
0 0.9131747159090909 0.15428846153846154 0.04109375000000009 0.04346153846153845
0 0.888856534090909 0.029615384615384616 0.04723011363636364 0.04988461538461539
0 0.8685511363636365 0.15524038461538464 0.03965909090909085 0.06713461538461539
0 0.6975923295454546 0.7392211538461538 0.032144886363636355 0.04794230769230771
0 0.2006534090909091 0.18757692307692306 0.04761363636363638 0.06326923076923076
0 0.19108664772727274 0.15112499999999998 0.04271306818181819 0.01928846153846154
0 0.2696590909090909 0.7715096153846154 0.0653977272727273 0.07513461538461548
0 0.20067471590909092 0.5698365384615385 0.024701704545454527 0.03528846153846158
0 0.009524147727272727 0.05835576923076923 0.01867897727272727 0.08675
0 0.07093039772727273 0.06436538461538462 0.04805397727272726 0.06988461538461539
0 0.10875710227272727 0.06347115384615386 0.034701704545454556 0.06928846153846153
0 0.16349431818181817 0.174625 0.03471590909090909 0.06990384615384616
0 0.20799005681818183 0.061663461538461535 0.020468749999999994 0.04278846153846153
0 0.1434659090909091 0.04569230769230769 0.04806818181818182 0.05061538461538462
0 0.14480113636363637 0.01893269230769231 0.04806818181818182 0.03786538461538462
0 0.2313565340909091 0.07521153846153845 0.04049715909090908 0.0735
0 0.4944389204545455 0.019692307692307693 0.042343750000000006 0.039384615384615386
0 0.2943963068181818 0.8874326923076923 0.02970170454545454 0.026211538461538453
0 0.5275568181818181 0.3484519230769231 0.055369318181818124 0.06540384615384613
0 0.08168323863636363 0.4355288461538461 0.01535511363636363 0.03198076923076922
0 0.22453125 0.3973173076923077 0.03142045454545455 0.03805769230769229
0 0.07203125 0.4294038461538462 0.05355113636363637 0.05065384615384616
0 0.1887784090909091 0.42620192307692306 0.024801136363636355 0.031442307692307735
0 0.16003551136363636 0.4150096153846154 0.0326846590909091 0.041057692307692295
0 0.21819602272727276 0.4555192307692308 0.03639204545454542 0.042538461538461546
0 0.20441051136363636 0.42455769230769225 0.02424715909090908 0.023884615384615362
0 0.16389204545454544 0.3939519230769231 0.04244318181818181 0.049249999999999974
0 0.09686789772727274 0.4348076923076923 0.019133522727272735 0.03884615384615382
0 0.29525568181818185 0.8559807692307693 0.02968750000000001 0.040192307692307645
0 0.17795454545454545 0.36970192307692307 0.03417613636363637 0.04851923076923081
0 0.2264630681818182 0.42604807692307695 0.023153409090909106 0.022403846153846163
0 0.2107528409090909 0.36224038461538466 0.024801136363636376 0.03805769230769229
0 0.364453125 0.8189615384615385 0.04813920454545453 0.03611538461538456
0 0.39415482954545455 0.8188173076923076 0.02177556818181816 0.04844230769230769
0 0.37652698863636364 0.7928365384615385 0.03526988636363638 0.04001923076923077
0 0.3548508522727273 0.7875288461538461 0.013764204545454543 0.03728846153846151
0 0.3871235795454545 0.7779230769230769 0.024957386363636355 0.025038461538461503
0 0.3395809659090909 0.7910288461538462 0.02194602272727271 0.06059615384615383
0 0.3690482954545455 0.7543173076923076 0.024090909090909104 0.033788461538461524
0 0.2756747159090909 0.8443269230769231 0.028394886363636337 0.032038461538461474
0 0.4138565340909091 0.7052307692307693 0.02964488636363637 0.03419230769230775
0 0.36517755681818187 0.687923076923077 0.04217329545454545 0.05126923076923082
0 0.5877840909090909 0.35270192307692305 0.06321022727272728 0.0819038461538461
0 0.35657670454545454 0.7167500000000001 0.02065340909090912 0.03088461538461539
0 0.8187428977272727 0.3341634615384615 0.025582386363636352 0.037057692307692326
0 0.7919318181818181 0.3132307692307692 0.03846590909090899 0.06988461538461539
0 0.809140625 0.2954038461538462 0.03947443181818177 0.052076923076923104
0 0.07350852272727272 0.4692019230769231 0.04025568181818182 0.03963461538461536
0 0.25121448863636364 0.42400000000000004 0.025156250000000012 0.05573076923076921
0 0.8641832386363636 0.714076923076923 0.0238210227272727 0.029307692307692326
0 0.23717329545454546 0.839951923076923 0.04775568181818182 0.061749999999999916
0 0.8489559659090908 0.7401153846153846 0.033139204545454604 0.05857692307692304
0 0.8215198863636364 0.7480576923076924 0.03028409090909082 0.04919230769230766
0 0.1260653409090909 0.5182596153846154 0.017301136363636373 0.052019230769230734
0 0.13183238636363637 0.4806634615384615 0.027897727272727272 0.03159615384615391
0 0.8229190340909092 0.7136730769230769 0.022826704545454615 0.0422692307692308
0 0.8427201704545456 0.693173076923077 0.030752840909090876 0.030269230769230788
0 0.8077769886363636 0.7780192307692309 0.02515624999999989 0.046038461538461535
0 0.12485085227272727 0.24696153846153848 0.05055397727272728 0.07673076923076924
0 0.10333096590909091 0.512625 0.035866477272727286 0.06155769230769229
0 0.26215198863636363 0.6023461538461539 0.038423295454545474 0.04334615384615389
0 0.11102272727272727 0.4269807692307692 0.025909090909090902 0.03184615384615385
0 0.7079900568181818 0.107875 0.021633522727272755 0.05105769230769232
0 0.8697443181818181 0.6830865384615386 0.02329545454545451 0.037826923076923105
0 0.278046875 0.747048076923077 0.036576704545454544 0.02971153846153844
0 0.6937002840909091 0.30783653846153847 0.027798295454545444 0.03482692307692305
0 0.14784090909090908 0.5208557692307693 0.032670454545454544 0.06763461538461542
0 0.04084517045454546 0.9888750000000001 0.04265625 0.02224999999999999
0 0.24321732954545458 0.4651730769230769 0.016463068181818186 0.0613076923076923
0 0.8462144886363636 0.6181153846153845 0.02376420454545457 0.0630769230769231
0 0.8513423295454546 0.6619615384615385 0.029360795454545396 0.047307692307692245
0 0.013806818181818182 0.4433846153846154 0.027613636363636365 0.0803846153846154
0 0.11152698863636364 0.8976346153846153 0.028821022727272716 0.05126923076923082
0 0.280078125 0.5733076923076923 0.03586647727272727 0.04423076923076923
0 0.7218536931818181 0.1176923076923077 0.021122159090909098 0.02230769230769231
0 0.8361931818181819 0.7051634615384615 0.02329545454545451 0.02144230769230765
0 0.25899147727272726 0.477875 0.02332386363636362 0.052019230769230734
0 0.12701704545454545 0.875778846153846 0.04088068181818182 0.03786538461538461
0 0.3873366477272727 0.7531634615384615 0.027116477272727316 0.045442307692307685
0 0.012720170454545454 0.9912788461538462 0.02544034090909091 0.01744230769230768
0 0.148984375 0.46766346153846156 0.021036931818181823 0.039019230769230806
0 0.876356534090909 0.745951923076923 0.025440340909090864 0.06082692307692307
0 0.8164346590909091 0.5986057692307691 0.023153409090909027 0.056403846153846124
0 0.39093750000000005 0.6825192307692307 0.018068181818181775 0.040192307692307756
0 0.8332883522727272 0.5981634615384616 0.0277698863636363 0.048326923076923066
0 0.7476420454545455 0.7176250000000001 0.040482954545454544 0.03678846153846153
0 0.2998721590909091 0.02614423076923077 0.02071022727272729 0.05228846153846154
0 0.33046875000000003 0.015509615384615384 0.05298295454545456 0.030134615384615385
0 0.01728693181818182 0.024653846153846155 0.03420454545454546 0.04930769230769231
0 0.8797585227272727 0.6289711538461539 0.04892045454545462 0.07217307692307687
0 0.03730113636363636 0.2800480769230769 0.019034090909090914 0.02255769230769234
0 0.6308167613636364 0.5989038461538462 0.0517471590909091 0.04230769230769231
0 0.9557031250000001 0.1435673076923077 0.042769886363636385 0.0460576923076923
0 0.006534090909090909 0.7091346153846154 0.013068181818181817 0.08807692307692298
0 0.14164772727272726 0.9159807692307692 0.03744318181818182 0.062346153846153766
0 0.8848011363636363 0.07915384615384616 0.02690340909090917 0.03915384615384616
0 0.8767045454545456 0.31 0.03809659090909098 0.10842307692307691
0 0.9187144886363637 0.11914423076923077 0.02390625000000006 0.03159615384615384
0 0.8579261363636363 0.09135576923076924 0.015170454545454636 0.03563461538461539
0 0.8200639204545456 0.630826923076923 0.030411931818181772 0.03669230769230766
0 0.9436292613636365 0.02044230769230769 0.03774147727272734 0.03915384615384615
0 0.9511576704545455 0.06983653846153846 0.031860795454545544 0.023903846153846154
0 0.8456036931818183 0.3215769230769231 0.03188920454545445 0.05999999999999998
0 0.9127059659090908 0.09465384615384616 0.030525568181818195 0.03207692307692308
0 0.8560724431818181 0.05322115384615385 0.01754261363636367 0.047942307692307694
0 0.8886150568181819 0.10199038461538461 0.030525568181818195 0.04132692307692308
0 0.1488494318181818 0.9481634615384614 0.03181818181818181 0.04648076923076926
0 0.8946306818181817 0.2210480769230769 0.030795454545454473 0.044519230769230755
0 0.8484730113636364 0.03792307692307693 0.027997159090908982 0.06576923076923077
0 0.8623224431818183 0.4022980769230769 0.04819602272727266 0.048788461538461544
0 0.839268465909091 0.1663076923076923 0.038338068181818195 0.048346153846153844
0 0.6225639204545454 0.9834711538461538 0.04589488636363637 0.03221153846153846
0 0.929375 0.06665384615384615 0.018068181818181858 0.031538461538461536
0 0.8422372159090908 0.08497115384615385 0.02765624999999988 0.04109615384615384
0 0.9440269886363637 0.04246153846153846 0.028906250000000033 0.03207692307692308
0 0.9386292613636363 0.093375 0.029161931818181778 0.025365384615384613
0 0.9732102272727272 0.04255769230769231 0.03977272727272727 0.04642307692307692
0 0.12940340909090908 0.9881057692307691 0.03613636363636363 0.023019230769230712
0 0.6858806818181818 0.9865576923076923 0.038863636363636385 0.02688461538461542
0 0.7959446022727273 0.6075576923076923 0.03768465909090905 0.08861538461538469
0 0.7701562500000001 0.6259134615384616 0.045625000000000006 0.08413461538461539
0 0.7265482954545455 0.9837980769230769 0.052414772727272775 0.0324038461538462
0 0.7602485795454544 0.8452403846153845 0.05805397727272728 0.06086538461538468
0 0.8974076704545456 0.6547596153846155 0.04995738636363631 0.05982692307692299
0 0.20821732954545452 0.02039423076923077 0.02092329545454544 0.03975
0 0.19308238636363637 0.01773076923076923 0.02269886363636362 0.03546153846153846
0 0.4069176136363637 0.7936442307692307 0.0232386363636363 0.025057692307692257
0 0.23557528409090908 0.5434038461538462 0.02498579545454542 0.04161538461538459
0 0.16258522727272728 0.934701923076923 0.028181818181818166 0.0645961538461538
0 0.4570099431818182 0.9817211538461539 0.045525568181818195 0.03655769230769229
0 0.7258167613636364 0.7543173076923076 0.024474431818181843 0.03774999999999999
0 0.5025426136363635 0.97675 0.04553977272727273 0.045923076923076914
0 0.24485795454545453 0.5928173076923077 0.03457386363636364 0.05201923076923079
0 0.9781534090909091 0.5723942307692307 0.03840909090909086 0.06859615384615388
0 0.7910085227272727 0.786076923076923 0.025170454545454583 0.05461538461538457
0 0.7805397727272727 0.6942884615384615 0.024176136363636337 0.037307692307692375
0 0.190078125 0.3540288461538462 0.039701704545454526 0.07986538461538462
0 0.0999502840909091 0.3943269230769231 0.03473011363636364 0.03953846153846154
0 0.12971590909090908 0.3894711538461539 0.028124999999999997 0.04925000000000002
0 0.41166193181818184 0.7693846153846153 0.02744318181818189 0.04161538461538459
0 0.6889772727272727 0.7672884615384615 0.03355113636363637 0.03596153846153844
0 0.10369318181818182 0.48004807692307694 0.02653409090909092 0.03901923076923075
0 0.2019318181818182 0.4044038461538461 0.0325284090909091 0.028346153846153865
0 0.8051704545454544 0.15210576923076924 0.03187499999999992 0.04736538461538461
0 0.7476846590909091 0.686548076923077 0.027954545454545544 0.04351923076923076
0 0.8673650568181818 0.07660576923076923 0.01936079545454561 0.042826923076923075
0 0.09456676136363634 0.9794615384615385 0.034474431818181814 0.040269230769230654
0 0.7187926136363637 0.7247115384615385 0.0288920454545455 0.03784615384615386
0 0.4539985795454546 0.35617307692307687 0.043963068181818166 0.04996153846153844
0 0.25545454545454543 0.010971153846153846 0.023835227272727275 0.02194230769230769
0 0.18120028409090908 0.9753173076923076 0.04228693181818179 0.048942307692307674
0 0.16916193181818182 0.020134615384615386 0.03849431818181815 0.04026923076923077
0 0.15806818181818183 0.9825384615384615 0.026392045454545453 0.03492307692307697
0 0.7709730113636365 0.683625 0.02754261363636362 0.03425
0 0.12867897727272729 0.21965384615384614 0.021448863636363627 0.053923076923076935
0 0.7784303977272727 0.7922115384615385 0.016775568181818103 0.05046153846153848
0 0.524296875 0.013307692307692307 0.04126420454545456 0.025730769230769227
0 0.27748579545454544 0.012557692307692306 0.02252840909090911 0.02396153846153846
0 0.28123579545454547 0.03288461538461539 0.02681818181818181 0.03123076923076923
0 0.26112215909090913 0.03760576923076923 0.013409090909090905 0.03048076923076923
0 0.2522798295454545 0.039057692307692314 0.013934659090909095 0.043576923076923076
0 0.1359943181818182 0.9599038461538462 0.020397727272727272 0.0345384615384615
0 0.2310298295454545 0.032874999999999995 0.03288352272727273 0.023173076923076925
0 0.8725497159090909 0.10661538461538461 0.017656250000000092 0.027730769230769232
0 0.23090909090909092 0.014115384615384615 0.026250000000000027 0.02823076923076923
0 0.5042400568181818 0.22827884615384617 0.027855113636363657 0.04663461538461541
0 0.720419034090909 0.09369230769230769 0.020213068181818127 0.03257692307692307
0 0.1448934659090909 0.21352884615384615 0.018821022727272728 0.03821153846153847
0 0.6295596590909092 0.8327788461538462 0.05249999999999997 0.09086538461538461
0 0.903153409090909 0.6986826923076923 0.05411931818181821 0.0366346153846153
0 0.14959517045454546 0.1654134615384615 0.019872159090909104 0.036326923076923076
0 0.9169531250000001 0.7257980769230769 0.042769886363636385 0.04836538461538468
0 0.12897727272727272 0.9622115384615385 0.014034090909090902 0.02876923076923073
0 0.1646377840909091 0.20755769230769233 0.021065340909090905 0.0316923076923077
0 0.8045170454545455 0.7048461538461538 0.01397727272727261 0.020807692307692294
0 0.7952485795454546 0.3845 0.029389204545454625 0.036
0 0.8035866477272727 0.7297596153846154 0.016775568181818103 0.03532692307692309
0 0.8654261363636363 0.3657884615384615 0.05286931818181822 0.057884615384615375
0 0.7982244318181819 0.6692115384615385 0.03494318181818185 0.016384615384615348
0 0.7340482954545454 0.0954326923076923 0.021818181818181917 0.03517307692307693
0 0.151171875 0.2454326923076923 0.025809659090909095 0.033403846153846166
0 0.14767755681818182 0.1918269230769231 0.03345170454545454 0.017461538461538487
0 0.9074786931818182 0.6697403846153845 0.03896306818181827 0.03298076923076919
0 0.03254971590909091 0.9504711538461539 0.04444602272727273 0.042519230769230795
0 0.8915127840909091 0.7400865384615385 0.024360795454545583 0.04617307692307702
0 0.8019602272727272 0.6865576923076923 0.020028409090909124 0.020807692307692294
0 0.8238494318181818 0.681826923076923 0.029346590909091027 0.026499999999999947
0 0.7907741477272726 0.7013846153846154 0.019105113636363538 0.02523076923076913
0 0.8448224431818182 0.3673653846153846 0.024105113636363674 0.03157692307692311
0 0.789375 0.7288173076923077 0.02562499999999995 0.029634615384615433
0 0.17407670454545454 0.23802884615384615 0.04025568181818182 0.06390384615384613
0 0.8413281250000001 0.28789423076923076 0.04819602272727266 0.05159615384615387
0 0.7676065340909091 0.34897115384615385 0.04268465909090902 0.05590384615384614
0 0.16379261363636363 0.2345576923076923 0.018920454545454535 0.03338461538461538
0 0.005759943181818181 0.9743365384615384 0.011519886363636362 0.03490384615384622
0 0.8233877840909091 0.6603846153846153 0.029360795454545396 0.030269230769230788
0 0.7994531250000001 0.35797115384615386 0.027997159090908982 0.02463461538461539
0 0.735049715909091 0.07432692307692308 0.035071022727272805 0.048807692307692316
0 0.7775710227272729 0.40421153846153846 0.038863636363636385 0.058961538461538454
0 0.4225000000000001 0.09266346153846154 0.025653409090909095 0.02778846153846153
0 0.550078125 0.9404903846153846 0.03615056818181825 0.04471153846153846
0 0.7166264204545455 0.047605769230769236 0.038281250000000065 0.03786538461538462
0 0.5272230113636364 0.16500000000000004 0.026491477272727323 0.042269230769230774
0 0.1864914772727273 0.5165865384615385 0.01920454545454547 0.05882692307692308
0 0.6629190340909091 0.9924903846153846 0.034161931818181834 0.015019230769230665
0 0.016910511363636364 0.9692884615384615 0.02240056818181818 0.03088461538461528
0 0.44647017045454546 0.029826923076923077 0.03830965909090913 0.059653846153846155
0 0.4880397727272728 0.4339230769230769 0.036505681818181805 0.04599999999999998
0 0.1414630681818182 0.06527884615384615 0.036051136363636355 0.0620576923076923
0 0.4403267045454546 0.17484615384615382 0.04318181818181815 0.053153846153846156
0 0.5630255681818181 0.9005961538461539 0.03883522727272732 0.06284615384615375
0 0.5249786931818182 0.19576923076923078 0.024048295454545465 0.03123076923076922
0 0.7010298295454546 0.06227884615384615 0.034644886363636426 0.037288461538461534
0 0.7127769886363636 0.32419230769230767 0.023991477272727255 0.030076923076923105
0 0.6112002840909091 0.4113461538461538 0.030326704545454497 0.06207692307692308
0 0.6802272727272727 0.9461923076923077 0.042017045454545515 0.07219230769230774
0 0.1390127840909091 0.4100769230769231 0.016463068181818186 0.02553846153846154
0 0.008664772727272728 0.9454230769230769 0.017329545454545455 0.026961538461538426
0 0.1942471590909091 0.26006730769230774 0.04500000000000001 0.07086538461538461
0 0.6857954545454544 0.06792307692307692 0.03755681818181818 0.054230769230769235
0 0.16794744318181817 0.06196153846153846 0.028480113636363633 0.050615384615384625
0 0.6011434659090908 0.4127692307692307 0.02504261363636363 0.06111538461538462
0 0.1841903409090909 0.06286538461538461 0.033380681818181795 0.06688461538461539
0 0.6838352272727273 0.11396153846153846 0.042244318181818195 0.05719230769230768
0 0.5224076704545454 0.883375 0.045980113636363645 0.04048076923076925
0 0.2813636363636363 0.5399326923076923 0.030738636363636385 0.03467307692307687
0 0.4766974431818182 0.2666346153846154 0.04600852272727279 0.04703846153846153
0 0.2599076704545455 0.5403653846153846 0.03137784090909091 0.05461538461538457
0 0.3704971590909091 0.7188557692307692 0.021960227272727284 0.03863461538461545
0 0.5230752840909091 0.9413846153846154 0.027684659090909104 0.035653846153846196
0 0.22821022727272727 0.5780673076923077 0.029460227272727287 0.05201923076923079
0 0.5371732954545455 0.14428846153846153 0.03335227272727275 0.0356923076923077
0 0.3581463068181818 0.89425 0.03348011363636367 0.035653846153846085
0 0.16682528409090908 0.516576923076923 0.03475852272727275 0.06750000000000005
0 0.5507457386363637 0.12092307692307692 0.03257102272727274 0.03307692307692308
0 0.45234375 0.19345192307692308 0.05153409090909087 0.07575
0 0.3411789772727273 0.8818653846153847 0.030795454545454556 0.025384615384615363
0 0.23406960227272727 0.5184423076923077 0.04208806818181818 0.04396153846153838
0 0.007748579545454545 0.1348653846153846 0.015127840909090907 0.06265384615384616
0 0.3915340909090909 0.7183557692307693 0.0201136363636364 0.0336730769230769
0 0.34029119318181816 0.8649423076923076 0.045980113636363645 0.02899999999999997
0 0.3400071022727273 0.7403365384615385 0.04174715909090911 0.061749999999999916
0 0.24740767045454548 0.37119230769230765 0.04850852272727273 0.09180769230769227
0 0.21328835227272727 0.3197019230769231 0.03345170454545456 0.09267307692307691
0 0.2045596590909091 0.51225 0.03065340909090911 0.05015384615384618
0 0.2132954545454546 0.4871634615384615 0.03423295454545454 0.026326923076923126
0 0.34500710227272724 0.8457980769230771 0.015923295454545464 0.020557692307692305
0 0.23500710227272725 0.31074038461538456 0.03032670454545454 0.08732692307692307
0 0.19384943181818182 0.3220673076923077 0.03034090909090909 0.04686538461538462
0 0.3333380681818182 0.832 0.025937500000000027 0.03007692307692305
0 0.41751420454545457 0.7292596153846154 0.04281249999999998 0.05648076923076924
0 0.5837073863636364 0.16607692307692307 0.03411931818181815 0.06142307692307692
0 0.5598579545454545 0.151375 0.032187500000000036 0.06563461538461539
0 0.4449857954545454 0.11803846153846154 0.025028409090909098 0.039192307692307686
0 0.32352272727272724 0.8510576923076923 0.02778409090909091 0.031076923076923016
0 0.48399857954545455 0.19676923076923075 0.029446022727272755 0.034538461538461525
0 0.4238778409090909 0.12002884615384615 0.025028409090909098 0.03655769230769232
0 0.5233025568181818 0.9138942307692308 0.044190340909090846 0.036249999999999935
0 0.441796875 0.14760576923076923 0.04907670454545456 0.03986538461538462
0 0.5060866477272726 0.1858076923076923 0.023565340909090873 0.03123076923076922
0 0.44671875 0.09846153846153846 0.025085227272727228 0.034730769230769225
0 0.404921875 0.6723173076923077 0.021946022727272793 0.033788461538461524
0 0.4848792613636364 0.16274999999999998 0.02413352272727274 0.04930769230769231
0 0.6515909090909091 0.9671057692307692 0.02809659090909095 0.05294230769230764
0 0.04533380681818182 0.4676730769230769 0.018678977272727274 0.03411538461538463
0 0.5604403409090909 0.340375 0.026363636363636367 0.027826923076923075
0 0.3681534090909091 0.8420288461538462 0.031107954545454553 0.04113461538461536
0 0.4371946022727272 0.6784326923076922 0.05035511363636362 0.046019230769230784
0 0.4178338068181818 0.6300865384615384 0.06066761363636361 0.06467307692307692
0 0.3615340909090909 0.3759423076923077 0.037954545454545456 0.0670384615384615
0 0.33930397727272726 0.35978846153846156 0.041193181818181816 0.04746153846153847
0 0.33622869318181814 0.3879230769230769 0.043735795454545444 0.04992307692307688
0 0.4578551136363637 0.4618076923076923 0.043380681818181846 0.06557692307692306
0 0.14690340909090907 0.4168173076923077 0.014403409090909092 0.0306730769230769
0 0.47538352272727274 0.47404807692307693 0.031448863636363615 0.04990384615384619
0 0.5581178977272727 0.31805769230769226 0.024048295454545465 0.04096153846153843
0 0.12250000000000001 0.4538173076923077 0.03389204545454545 0.03825000000000003
0 0.6168678977272727 0.28576923076923083 0.03916193181818181 0.05511538461538461
0 0.08860085227272728 0.4797403846153846 0.03475852272727273 0.05201923076923079
0 0.6151207386363636 0.26346153846153847 0.022485795454545432 0.028346153846153865
0 0.6034872159090909 0.2272403846153846 0.04731534090909091 0.044096153846153834
0 0.4118821022727273 0.016855769230769233 0.04205965909090903 0.033711538461538466
0 0.7497230113636365 0.7392884615384615 0.02333806818181811 0.030807692307692272
0 0.3227556818181818 0.04820192307692307 0.0267613636363636 0.05144230769230769
0 0.11473721590909092 0.9653653846153847 0.028906250000000012 0.046615384615384635
0 0.415625 0.04067307692307692 0.03832386363636358 0.03415384615384616
0 0.2658025568181818 0.32839423076923074 0.03811079545454543 0.0910961538461538
0 0.25782670454545453 0.8181057692307692 0.05034090909090909 0.046019230769230784
0 0.4240340909090909 0.06661538461538462 0.03832386363636366 0.035423076923076925
0 0.4644389204545455 0.07925 0.045071022727272675 0.07003846153846154
0 0.4972585227272728 0.11954807692307694 0.04394886363636363 0.05121153846153847
0 0.46920454545454543 0.14321153846153845 0.02900568181818176 0.03334615384615385
0 0.4640411931818182 0.11416346153846155 0.022656250000000065 0.027980769230769226
0 0.5153906250000001 0.13552884615384614 0.045411931818181775 0.0768653846153846
0 0.6905965909090909 0.13370192307692308 0.025340909090909136 0.05090384615384617
0 0.3040838068181818 0.8020961538461538 0.05163352272727272 0.08388461538461539
0 0.7199573863636364 0.1534326923076923 0.04096590909090905 0.04917307692307691
0 0.7475213068181819 0.11651923076923078 0.04521306818181816 0.06326923076923079
0 0.4641974431818181 0.23191346153846154 0.01558238636363632 0.021096153846153844
0 0.4796235795454545 0.22901923076923078 0.04032670454545461 0.038461538461538464
0 0.5112357954545454 0.21019230769230768 0.032073863636363616 0.03226923076923077
0 0.45897017045454547 0.24593269230769232 0.04174715909090907 0.05736538461538464
0 0.5436150568181819 0.1818846153846154 0.03129261363636368 0.039346153846153864
0 0.5782741477272727 0.3044807692307692 0.020127840909090932 0.027230769230769225
0 0.5948579545454545 0.27875961538461536 0.019005681818181894 0.036326923076923104
0 0.5810724431818182 0.2767307692307692 0.014531250000000025 0.037346153846153876
0 0.2599786931818182 0.8722980769230769 0.05120738636363638 0.03786538461538461
0 0.6045454545454546 0.2557884615384615 0.032414772727272716 0.016653846153846148
0 0.5924360795454546 0.20334615384615387 0.04149147727272724 0.07192307692307691
0 0.5823721590909091 0.2484807692307692 0.018636363636363642 0.027230769230769225
0 0.718330965909091 0.7717115384615384 0.02237215909090917 0.03973076923076928
0 0.6978267045454545 0.7940961538461537 0.02701704545454543 0.027769230769230765
0 0.6719744318181818 0.7953653846153846 0.04519886363636363 0.05676923076923084
0 0.6869176136363637 0.896625 0.014261363636363666 0.022211538461538373
0 0.7077201704545455 0.826298076923077 0.02734375 0.03540384615384609
0 0.8008238636363636 0.6503846153846153 0.028124999999999935 0.02253846153846159
0 0.7919531249999999 0.4594711538461539 0.05830965909090902 0.11894230769230774
0 0.29891335227272725 0.7330673076923077 0.03098011363636364 0.06467307692307692
0 0.8502698863636362 0.457375 0.0878693181818182 0.1273653846153846
0 0.7164275568181818 0.8502403846153846 0.0580539772727272 0.08321153846153842
0 0.7742542613636364 0.32432692307692307 0.05598011363636359 0.0464230769230769
0 0.7188707386363636 0.8063173076923076 0.02438920454545449 0.027519230769230775
0 0.7323366477272728 0.7914711538461539 0.02535511363636367 0.03432692307692312
0 0.6577272727272727 0.6425000000000001 0.03630681818181818 0.06084615384615393
0 0.5760511363636364 0.6331057692307693 0.0670738636363636 0.06632692307692299
0 0.5646803977272727 0.6812596153846153 0.06765624999999999 0.042634615384615306
0 0.3885724431818182 0.6431923076923077 0.03055397727272726 0.034961538461538474
0 0.9113068181818181 0.06175961538461538 0.03573863636363632 0.04782692307692307
0 0.6069744318181818 0.31333653846153847 0.03801136363636362 0.04409615384615386
0 0.9109019886363636 0.030336538461538463 0.034133522727272686 0.06067307692307693
0 0.883387784090909 0.07154807692307692 0.03132102272727266 0.050019230769230774
0 0.9004545454545455 0.12509615384615383 0.02369318181818175 0.026653846153846167
0 0.6527272727272727 0.6815288461538461 0.03306818181818186 0.03836538461538459
0 0.1396590909090909 0.17248076923076922 0.013238636363636374 0.035384615384615396
0 0.6370738636363636 0.6795288461538462 0.024204545454545402 0.05036538461538461
0 0.7615269886363637 0.7541538461538461 0.015184659090909169 0.02511538461538462
0 0.7486150568181817 0.8066923076923077 0.010241477272727324 0.020807692307692294
0 0.7670383522727273 0.7205480769230769 0.02867897727272735 0.03348076923076917
0 0.809453125 0.12209615384615385 0.03887784090909092 0.039999999999999994
