0 0.04556818181818181 0.8644999999999999 0.042585227272727275 0.0618846153846154
0 0.24487215909090906 0.3510673076923077 0.11363636363636363 0.17859615384615385
0 0.9264772727272728 0.6376442307692307 0.11627840909090911 0.0776346153846154
0 0.836328125 0.6273557692307693 0.06578124999999992 0.12001923076923082
0 0.7306818181818181 0.7416923076923077 0.08306818181818176 0.09811538461538458
0 0.6582102272727273 0.7760384615384616 0.06522727272727268 0.12453846153846151
0 0.00926846590909091 0.357625 0.01853693181818182 0.10513461538461541
0 0.5882528409090909 0.6745576923076922 0.07911931818181825 0.09653846153846152
0 0.6139133522727273 0.7583557692307693 0.09254261363636361 0.13132692307692312
0 0.6286860795454546 0.6677980769230769 0.031775568181818106 0.051326923076923076
0 0.33014204545454545 0.6090384615384615 0.050227272727272704 0.057038461538461475
0 0.7833309659090909 0.6735961538461538 0.13061079545454551 0.17573076923076922
0 0.2674857954545455 0.21844230769230769 0.09562499999999999 0.12946153846153846
0 0.04758522727272727 0.642125 0.05735795454545454 0.09040384615384625
0 0.07985795454545454 0.6193653846153846 0.04213068181818181 0.06796153846153852
0 0.050269886363636364 0.5944903846153846 0.040340909090909094 0.06309615384615386
0 0.3560653409090909 0.5732019230769231 0.04051136363636365 0.030711538461538512
0 0.08388494318181818 0.5753846153846155 0.03674715909090909 0.05399999999999997
0 0.11301846590909091 0.5687019230769231 0.03944602272727272 0.0770576923076923
0 0.16477982954545453 0.5890288461538462 0.04257102272727275 0.07159615384615388
0 0.20982954545454546 0.5708269230769232 0.05377840909090911 0.08496153846153848
0 0.0670809659090909 0.5359423076923077 0.055127840909090904 0.0649230769230769
0 0.019119318181818182 0.5459519230769231 0.038096590909090906 0.06551923076923076
0 0.20400568181818182 0.7745 0.05977272727272727 0.040769230769230745
0 0.01630681818181818 0.5723365384615384 0.032073863636363636 0.03944230769230767
0 0.316640625 0.4591442307692308 0.05455965909090909 0.08628846153846155
0 0.3557954545454545 0.5231153846153845 0.08534090909090906 0.06946153846153842
0 0.6782102272727273 0.684375 0.08681818181818182 0.06144230769230778
0 0.7118536931818181 0.6277692307692307 0.08640624999999989 0.06576923076923086
0 0.6461576704545454 0.6148365384615385 0.06092329545454544 0.0830192307692308
0 0.6905539772727273 0.5700865384615385 0.08201704545454547 0.05605769230769227
0 0.7445099431818182 0.5948846153846155 0.0664914772727272 0.04419230769230762
0 0.7739772727272727 0.48760576923076926 0.09278409090909082 0.11536538461538463
0 0.8175284090909091 0.53025 0.06298295454545459 0.038499999999999965
0 0.14904829545454545 0.25323076923076926 0.10264204545454546 0.2439230769230769
0 0.3029545454545455 0.9498557692307692 0.015596590909090935 0.028134615384615376
0 0.31696022727272727 0.9501538461538461 0.013778409090909115 0.0238461538461538
0 0.013742897727272729 0.6339230769230769 0.02734375 0.04611538461538465
0 0.8060795454545455 0.5153557692307693 0.045795454545454556 0.02667307692307693
0 0.7207812499999999 0.4985096153846154 0.05184659090909083 0.10944230769230769
0 0.6608522727272728 0.5071826923076923 0.08028409090909089 0.08451923076923075
0 0.6221093750000001 0.5502115384615385 0.07080965909090904 0.05434615384615383
0 0.6073366477272727 0.57775 0.07134943181818185 0.06265384615384623
0 0.6720241477272727 0.42900961538461535 0.1401562500000001 0.11051923076923077
0 0.04452414772727273 0.4453846153846154 0.05490056818181819 0.11388461538461533
0 0.2772727272727273 0.7145673076923077 0.085 0.09828846153846156
0 0.09125 0.49189423076923083 0.05002840909090908 0.0791346153846154
0 0.604921875 0.4996346153846154 0.10632102272727276 0.09542307692307693
0 0.7695951704545455 0.5719807692307692 0.076065340909091 0.06523076923076915
0 0.12915482954545454 0.5426153846153845 0.04302556818181817 0.10011538461538462
0 0.6085724431818181 0.9703365384615384 0.11600852272727268 0.05932692307692312
0 0.5966193181818181 0.9149038461538461 0.13369318181818182 0.09830769230769232
0 0.6223011363636364 0.8621634615384615 0.08499999999999996 0.09709615384615386
0 0.57625 0.8147980769230769 0.05843749999999998 0.11748076923076929
0 0.12178267045454545 0.41931730769230774 0.11555397727272726 0.15644230769230774
0 0.4385653409090909 0.9796346153846153 0.05843749999999998 0.040730769230769244
0 0.8910582386363636 0.10050961538461539 0.06640625 0.08271153846153845
0 0.07286221590909091 0.3581730769230769 0.03984374999999998 0.06773076923076929
0 0.48022017045454546 0.9871250000000001 0.029303977272727266 0.025749999999999974
0 0.5353835227272726 0.7177307692307693 0.08707386363636366 0.10142307692307684
0 0.509921875 0.8333173076923077 0.09012784090909089 0.13101923076923075
0 0.5085014204545455 0.7772307692307693 0.05629261363636363 0.10361538461538461
0 0.47909090909090907 0.7851538461538461 0.037954545454545414 0.061230769230769186
0 0.037017045454545455 0.5245576923076922 0.03630681818181818 0.08211538461538465
0 0.45758522727272727 0.7787211538461538 0.03795454545454549 0.06036538461538459
0 0.5664985795454546 0.4317115384615384 0.10910511363636365 0.12346153846153844
0 0.3862357954545455 0.9772307692307691 0.06392045454545459 0.04553846153846155
0 0.2012215909090909 0.21309615384615385 0.07454545454545455 0.09734615384615386
0 0.4235724431818182 0.9504230769230769 0.03478693181818183 0.03996153846153852
0 0.43990767045454543 0.9151153846153847 0.05376420454545458 0.06207692307692302
0 0.4476278409090909 0.8734711538461538 0.08394886363636367 0.10601923076923075
0 0.03611505681818183 0.357875 0.046036931818181824 0.06951923076923072
0 0.36104403409090907 0.9529807692307691 0.03651988636363634 0.09173076923076921
0 0.39059659090909093 0.9412500000000001 0.051193181818181846 0.040769230769230745
0 0.49781250000000005 0.45220192307692303 0.040227272727272716 0.08463461538461536
0 0.5102485795454546 0.9067019230769231 0.0521732954545454 0.06155769230769229
0 0.37478693181818185 0.881625 0.08508522727272728 0.09786538461538459
0 0.029098011363636368 0.2774230769230769 0.049133522727272734 0.1055
0 0.2080752840909091 0.13084615384615386 0.10598011363636362 0.11580769230769232
0 0.3934232954545455 0.8128076923076922 0.049318181818181775 0.10907692307692302
0 0.44950994318181814 0.7480865384615385 0.09373579545454547 0.09990384615384625
0 0.3446661931818182 0.800576923076923 0.07151988636363636 0.0744230769230769
0 0.3303196022727273 0.7333557692307693 0.05666193181818184 0.08332692307692305
0 0.18426136363636364 0.497451923076923 0.08696022727272729 0.14628846153846153
0 0.09019886363636363 0.30740384615384614 0.08190340909090908 0.09350000000000001
0 0.14487926136363638 0.31818269230769225 0.04958806818181818 0.07313461538461538
0 0.34040482954545453 0.779653846153846 0.03839488636363637 0.048923076923076916
0 0.4229119318181818 0.7074999999999999 0.1363636363636364 0.11988461538461534
0 0.4003267045454546 0.6742307692307693 0.10005681818181818 0.13965384615384616
0 0.22852982954545453 0.06916346153846155 0.10970170454545455 0.13509615384615384
0 0.2788068181818182 0.7704326923076923 0.08721590909090905 0.08751923076923075
0 0.2920809659090909 0.8234807692307693 0.1058096590909091 0.06534615384615378
0 0.3013778409090909 0.8837211538461538 0.0827840909090909 0.08271153846153856
0 0.24519176136363638 0.4437211538461538 0.07620738636363637 0.15498076923076917
0 0.24582386363636363 0.5049423076923076 0.10278409090909092 0.12930769230769232
0 0.2339488636363636 0.9116249999999999 0.018068181818181817 0.022019230769230746
0 0.2700994318181818 0.9514615384615385 0.06664772727272729 0.09653846153846152
0 0.9672230113636363 0.013692307692307693 0.06555397727272724 0.027384615384615386
0 0.46735085227272727 0.40475 0.03663352272727276 0.09542307692307693
0 0.43210937499999996 0.4222788461538461 0.06092329545454544 0.12290384615384614
0 0.19891335227272727 0.73075 0.08501420454545455 0.07073076923076918
0 0.37436789772727275 0.43197115384615387 0.07686079545454548 0.1434038461538462
0 0.40284090909090914 0.3697115384615385 0.05335227272727273 0.10619230769230774
0 0.38412642045454537 0.3085288461538462 0.10592329545454544 0.10782692307692307
0 0.4418678977272727 0.3263173076923077 0.07884943181818181 0.08409615384615388
0 0.48825284090909093 0.3335961538461538 0.051363636363636396 0.10080769230769233
0 0.35246448863636365 0.25219230769230766 0.1286221590909091 0.07492307692307694
0 0.3512784090909091 0.1726730769230769 0.11826704545454549 0.1498846153846154
0 0.389502840909091 0.17564423076923077 0.10073863636363639 0.11698076923076922
0 0.7922869318181818 0.4514230769230769 0.09994318181818183 0.09596153846153847
0 0.931065340909091 0.41423076923076924 0.1194602272727273 0.09919230769230766
0 0.15441761363636364 0.7667115384615385 0.04383522727272727 0.040769230769230856
0 0.20590198863636366 0.06499999999999999 0.1276846590909091 0.12999999999999998
0 0.7903053977272727 0.38646153846153847 0.1063210227272726 0.05661538461538461
0 0.8595809659090908 0.430125 0.060127840909090804 0.15255769230769228
0 0.7837286931818181 0.3476442307692308 0.10035511363636376 0.052288461538461534
0 0.8060298295454544 0.3123365384615385 0.09157670454545443 0.08948076923076924
0 0.8329048295454545 0.3007403846153846 0.10870738636363632 0.11698076923076925
0 0.8293181818181818 0.2303942307692308 0.04897727272727275 0.0668653846153846
0 0.5195454545454545 0.3675961538461538 0.046590909090909106 0.10403846153846152
0 0.47824573863636366 0.2512596153846154 0.14606534090909096 0.10944230769230771
0 0.5571306818181818 0.31502884615384613 0.08974431818181819 0.055865384615384636
0 0.602840909090909 0.3010673076923077 0.047386363636363574 0.0913269230769231
0 0.022017045454545456 0.19890384615384615 0.04383522727272727 0.05753846153846154
0 0.5596448863636364 0.2629519230769231 0.08139204545454547 0.06190384615384618
0 0.5891832386363636 0.24068269230769232 0.08251420454545451 0.17132692307692304
0 0.6928764204545454 0.290875 0.14941761363636363 0.20074999999999998
0 0.5203409090909091 0.21125 0.09198863636363636 0.08680769230769228
0 0.6641619318181818 0.14672115384615386 0.09755681818181819 0.16301923076923078
0 0.45232954545454546 0.13841346153846154 0.08417613636363636 0.1313269230769231
0 0.32259943181818185 0.3560865384615384 0.07025568181818183 0.1669423076923077
0 0.22017755681818182 0.958548076923077 0.07004261363636365 0.08225000000000007
0 0.23629261363636367 0.8460769230769231 0.08491477272727273 0.14930769230769228
0 0.2549928977272727 0.5672403846153847 0.047116477272727254 0.07148076923076926
0 0.9486150568181819 0.1023076923076923 0.06109374999999999 0.12346153846153844
0 0.16607954545454542 0.8530192307692308 0.06693181818181816 0.15199999999999994
0 0.16782670454545456 0.9306730769230769 0.07315340909090909 0.05315384615384613
0 0.08941761363636364 0.5102019230769231 0.04553977272727273 0.05351923076923085
0 0.13791193181818182 0.6397596153846155 0.046051136363636364 0.13725
0 0.14609375 0.31925961538461534 0.05249999999999999 0.07663461538461537
0 0.02639914772727273 0.2610192307692307 0.047116477272727275 0.07149999999999998
0 0.2826207386363636 0.08710576923076924 0.08677556818181818 0.17382692307692307
0 0.20941761363636366 0.571125 0.05178977272727274 0.07913461538461534
0 0.8897301136363637 0.0985 0.06355113636363638 0.07576923076923078
0 0.40816761363636367 0.6701250000000001 0.1201704545454545 0.13528846153846147
0 0.033941761363636365 0.16865384615384615 0.03430397727272727 0.04238461538461537
0 0.6673295454545454 0.14550961538461538 0.10113636363636362 0.16071153846153846
0 0.31611505681818186 0.9441538461538462 0.06211647727272726 0.11161538461538466
0 0.11046875000000002 0.5615384615384615 0.030994318181818192 0.05515384615384606
0 0.45136363636363636 0.8659711538461538 0.07883522727272728 0.12078846153846154
0 0.06664772727272728 0.5380384615384615 0.03605113636363637 0.05780769230769231
0 0.06625710227272727 0.43718269230769224 0.08191761363636364 0.0982884615384615
0 0.3031321022727273 0.9499615384615385 0.015809659090909086 0.02784615384615388
0 0.49531960227272726 0.46029807692307695 0.04174715909090907 0.09932692307692309
0 0.6634375 0.5080769230769231 0.07241477272727276 0.081
0 0.5118963068181818 0.7782307692307693 0.06197443181818181 0.10488461538461531
0 0.9732954545454546 0.12562500000000001 0.05281249999999993 0.06721153846153845
0 0.10119318181818181 0.2929230769230769 0.043636363636363626 0.09161538461538458
0 0.585497159090909 0.6781826923076922 0.06974431818181821 0.09371153846153839
0 0.11068181818181819 0.21157692307692308 0.0556534090909091 0.11473076923076922
0 0.29471590909090906 0.8766634615384615 0.10005681818181818 0.09471153846153846
0 0.9521875000000001 0.0062403846153846155 0.023409090909090935 0.011980769230769232
0 0.9933025568181819 0.017461538461538462 0.013281250000000033 0.034923076923076925
0 0.6369460227272726 0.6687980769230769 0.038494318181818137 0.05778846153846156
0 0.13598011363636361 0.0653653846153846 0.06451704545454545 0.1297307692307692
0 0.15422585227272725 0.7642884615384615 0.03984375 0.039576923076923155
0 0.22483664772727271 0.11077884615384614 0.11024147727272728 0.16601923076923075
0 0.008259943181818183 0.16183653846153848 0.016519886363636365 0.046442307692307706
0 0.3935085227272727 0.9412596153846153 0.04806818181818178 0.037250000000000005
0 0.018046875 0.5466057692307693 0.03586647727272727 0.058134615384615417
0 0.05892755681818182 0.8028557692307693 0.04205965909090909 0.06832692307692302
0 0.5713565340909091 0.30191346153846155 0.11688920454545458 0.09590384615384616
0 0.09873579545454544 0.6448557692307693 0.039403409090909086 0.08871153846153845
0 0.43683948863636357 0.9735192307692309 0.05882102272727276 0.052961538461538504
0 0.10118607954545454 0.7122788461538462 0.07558238636363636 0.07963461538461532
0 0.9152840909090909 0.8332019230769231 0.10119318181818183 0.08348076923076928
0 0.6995383522727273 0.8292884615384616 0.09771306818181821 0.12546153846153849
0 0.9141477272727272 0.9298942307692307 0.09917613636363644 0.1402115384615385
0 0.37345170454545457 0.6163076923076923 0.15431818181818183 0.15584615384615388
0 0.7900497159090908 0.45127884615384617 0.0999289772727273 0.10917307692307694
0 0.9607102272727271 0.350375 0.07857954545454553 0.09601923076923079
0 0.7482599431818181 0.5911826923076923 0.06754261363636357 0.0455192307692308
0 0.010823863636363637 0.04125961538461538 0.02119318181818182 0.05309615384615385
0 0.5087357954545454 0.8427307692307693 0.0891761363636364 0.07707692307692304
0 0.027244318181818182 0.8386538461538462 0.02857954545454545 0.17211538461538461
0 0.03193892045454545 0.6769615384615384 0.06356534090909091 0.048384615384615436
0 0.669375 0.42956730769230766 0.14420454545454542 0.11217307692307689
0 0.3533522727272727 0.5383749999999999 0.08221590909090909 0.09205769230769231
0 0.12115767045454544 0.4174038461538462 0.11467329545454544 0.15823076923076923
0 0.06824573863636364 0.15575961538461539 0.05771306818181818 0.04236538461538462
0 0.6124005681818182 0.7604423076923076 0.07704545454545456 0.12826923076923075
0 0.36186079545454547 0.9517884615384615 0.034772727272727295 0.09388461538461548
0 0.9780397727272727 0.8051730769230769 0.043920454545454485 0.11388461538461543
0 0.38400568181818184 0.3021057692307692 0.10500000000000002 0.10317307692307688
0 0.28297585227272726 0.7576826923076924 0.08191761363636366 0.11928846153846148
0 0.45465198863636364 0.1416346153846154 0.08348011363636361 0.12457692307692309
0 0.036519886363636365 0.35907692307692307 0.04394886363636363 0.06892307692307688
0 0.30844460227272724 0.5480096153846155 0.07904829545454546 0.10190384615384607
0 0.07826704545454545 0.7326153846153847 0.043011363636363625 0.07576923076923084
0 0.9053977272727273 0.17364423076923077 0.06863636363636355 0.10071153846153846
0 0.05074573863636364 0.1314326923076923 0.031633522727272725 0.04021153846153846
0 0.8577201704545455 0.4300769230769231 0.06768465909090905 0.15584615384615388
0 0.06767045454545455 0.2907884615384615 0.03857954545454545 0.0710769230769231
0 0.04987926136363636 0.4578653846153846 0.04737215909090908 0.0881153846153846
0 0.4830113636363636 0.9619615384615385 0.06451704545454548 0.07607692307692308
0 0.050525568181818185 0.5821442307692307 0.041107954545454545 0.08605769230769231
0 0.7795454545454544 0.48912500000000003 0.10448863636363645 0.11448076923076923
0 0.06956676136363636 0.35885576923076923 0.042372159090909085 0.0693653846153846
0 0.8292471590909091 0.2296826923076923 0.05269886363636367 0.0641346153846154
0 0.6032528409090909 0.49347115384615386 0.10758522727272729 0.0815192307692308
0 0.1756178977272727 0.41021153846153846 0.07393465909090909 0.10788461538461543
0 0.1371661931818182 0.07084615384615384 0.07098011363636364 0.14153846153846153
0 0.045958806818181826 0.09867307692307693 0.04737215909090909 0.03896153846153846
0 0.08293323863636365 0.11425961538461538 0.03276988636363636 0.07613461538461538
0 0.04284801136363636 0.7300480769230769 0.04490056818181818 0.07236538461538461
0 0.5230965909090909 0.20840384615384616 0.09917613636363636 0.0863076923076923
0 0.4371306818181818 0.4958365384615385 0.09423295454545459 0.0830576923076923
0 0.017947443181818182 0.6075961538461538 0.035894886363636365 0.09803846153846157
0 0.9695525568181819 0.7042211538461539 0.06089488636363637 0.10875000000000003
0 0.7878196022727273 0.9529807692307692 0.06546874999999988 0.07234615384615385
0 0.5236292613636363 0.36417307692307693 0.05217329545454548 0.1006153846153846
0 0.5116761363636364 0.5611346153846153 0.018153409090909133 0.029384615384615443
0 0.17093039772727273 0.403125 0.07569602272727272 0.12286538461538458
0 0.059588068181818186 0.42440384615384613 0.06286931818181818 0.07311538461538458
0 0.46765625000000005 0.40271153846153845 0.03826704545454545 0.09976923076923076
0 0.08191051136363638 0.569923076923077 0.031434659090909096 0.06234615384615388
0 0.22041193181818183 0.6782788461538463 0.05090909090909091 0.06532692307692302
0 0.5878267045454546 0.6986923076923077 0.01460227272727277 0.01438461538461542
0 0.08633522727272727 0.6151826923076923 0.053579545454545456 0.07732692307692304
0 0.5194318181818182 0.5620384615384615 0.10448863636363637 0.14746153846153853
0 0.19198863636363636 0.8349711538461538 0.11025568181818182 0.11467307692307692
0 0.3599928977272727 0.16115384615384618 0.10007102272727275 0.1240769230769231
0 0.8358948863636364 0.30310576923076926 0.10758522727272729 0.11148076923076923
0 0.48511363636363636 0.5488461538461538 0.08278409090909095 0.13665384615384615
0 0.9048295454545454 0.17229807692307691 0.07019886363636374 0.10317307692307692
0 0.7266477272727273 0.7417115384615385 0.09696022727272734 0.10669230769230773
0 0.013643465909090907 0.09298076923076923 0.027002840909090907 0.05753846153846154
0 0.6790625 0.6796442307692308 0.08613636363636362 0.07636538461538457
0 0.5576278409090909 0.2650480769230769 0.07968750000000004 0.06651923076923077
0 0.046846590909090914 0.025548076923076927 0.056221590909090915 0.04736538461538462
0 0.4434588068181818 0.3269326923076923 0.07336647727272724 0.08348076923076922
0 0.9479190340909092 0.10300000000000001 0.06041193181818178 0.12415384615384616
0 0.2864630681818182 0.6216538461538461 0.040795454545454544 0.10361538461538461
0 0.6602130681818182 0.7802115384615386 0.06286931818181817 0.13665384615384615
0 0.08106534090909091 0.887076923076923 0.0447159090909091 0.061730769230769166
0 0.017670454545454548 0.13413461538461538 0.03497159090909091 0.03896153846153846
0 0.01268465909090909 0.44826923076923075 0.025227272727272723 0.09650000000000002
0 0.5015482954545455 0.905 0.0657386363636364 0.06084615384615393
0 0.08300426136363637 0.009451923076923077 0.05092329545454546 0.018596153846153846
0 0.7820951704545455 0.34536538461538463 0.10183238636363644 0.05453846153846156
0 0.20173295454545456 0.21390384615384614 0.07482954545454547 0.09530769230769229
0 0.14784801136363634 0.8971634615384615 0.10711647727272727 0.13228846153846158
0 0.7623508522727271 0.5625865384615384 0.0566619318181818 0.048980769230769175
0 0.07241477272727272 0.22121153846153846 0.049971590909090896 0.08434615384615388
0 0.11230113636363637 0.09542307692307693 0.090625 0.16053846153846155
0 0.4571875 0.7773846153846155 0.03352272727272731 0.058653846153846154
0 0.08364346590909091 0.12483653846153844 0.03231534090909092 0.043173076923076925
0 0.24409801136363637 0.06762500000000002 0.13015625 0.13486538461538464
0 0.22365767045454543 0.9437596153846154 0.07203125 0.11248076923076925
0 0.022720170454545455 0.19667307692307695 0.04515625 0.06353846153846154
0 0.5706747159090909 0.8127211538461538 0.06640625 0.1222884615384616
0 0.8260440340909092 0.7943365384615385 0.1291335227272727 0.1325192307692307
0 0.4698295454545454 0.25102884615384613 0.12460227272727277 0.10790384615384616
0 0.061903409090909085 0.16371153846153846 0.05977272727272728 0.05153846153846153
0 0.8463210227272726 0.981451923076923 0.09201704545454557 0.036826923076923035
0 0.04485795454545455 0.06361538461538462 0.06375 0.05034615384615385
0 0.31537642045454545 0.4592307692307693 0.05882102272727272 0.09203846153846157
0 0.3885298295454545 0.5843365384615385 0.1296448863636364 0.11986538461538458
0 0.5415056818181818 0.09134615384615384 0.2054261363636363 0.18269230769230768
0 0.5642613636363637 0.4298942307692307 0.10500000000000002 0.1258653846153846
0 0.018295454545454545 0.13674038461538462 0.03630681818181818 0.062326923076923085
0 0.4320738636363636 0.42091346153846154 0.06576704545454547 0.11901923076923074
0 0.014623579545454547 0.0060384615384615386 0.027457386363636368 0.012076923076923077
0 0.5998153409090908 0.9176538461538462 0.1328125 0.0976153846153846
0 0.24803977272727273 0.44333653846153853 0.07272727272727271 0.15455769230769237
0 0.6441903409090909 0.6076538461538462 0.054488636363636385 0.07584615384615384
0 0.20668323863636362 0.0718173076923077 0.12529829545454546 0.14205769230769233
0 0.23470880681818185 0.9108846153846153 0.019446022727272763 0.0232307692307692
0 0.2784232954545454 0.0905673076923077 0.08056818181818182 0.1594423076923077
0 0.2022585227272727 0.7331153846153846 0.08014204545454544 0.07073076923076929
0 0.6946875 0.57 0.07468750000000006 0.058307692307692296
0 0.1644744318181818 0.5995961538461538 0.0425 0.059346153846153875
0 0.43873579545454544 0.9149326923076923 0.05059659090909092 0.07021153846153845
0 0.39114346590909094 0.9760865384615385 0.06419034090909087 0.047826923076923086
0 0.16779829545454547 0.9302307692307693 0.068125 0.05157692307692306
0 0.34164772727272724 0.7804903846153847 0.03857954545454545 0.05051923076923073
0 0.043409090909090904 0.6345865384615385 0.04522727272727272 0.059942307692307725
0 0.37356534090909094 0.07644230769230771 0.159375 0.13915384615384618
0 0.9759801136363635 0.9 0.0480397727272728 0.08434615384615388
0 0.12548295454545455 0.1239423076923077 0.06818181818181818 0.09650000000000002
0 0.859872159090909 0.9174903846153847 0.07937499999999999 0.10574999999999991
0 0.03992897727272727 0.5279807692307692 0.03951704545454546 0.07450000000000001
0 0.2942684659090909 0.8200192307692307 0.09916193181818182 0.05453846153846145
0 0.4891548295454546 0.3318557692307692 0.04774147727272729 0.10359615384615385
0 0.5190767045454545 0.9487884615384615 0.06988636363636362 0.10242307692307691
0 0.61609375 0.5495096153846154 0.09696022727272725 0.056942307692307716
0 0.21155539772727272 0.7642884615384615 0.0854403409090909 0.06353846153846147
0 0.0495028409090909 0.13434615384615384 0.03232954545454545 0.035961538461538455
0 0.7938565340909091 0.14200000000000002 0.21694602272727276 0.28400000000000003
0 0.35699573863636364 0.017875 0.07615056818181816 0.034173076923076924
0 0.013245738636363637 0.09069230769230768 0.02612215909090909 0.0635
0 0.027400568181818182 0.9620480769230769 0.054801136363636364 0.07551923076923073
0 0.4782173295454545 0.7803749999999999 0.0306676136363636 0.05609615384615388
0 0.710887784090909 0.6293269230769231 0.08575284090909091 0.06346153846153846
0 0.368984375 0.43075 0.07367897727272724 0.1524230769230769
0 0.7206605113636363 0.49631730769230775 0.05490056818181815 0.10728846153846158
0 0.4012428977272728 0.36996153846153845 0.048394886363636355 0.10446153846153845
0 0.10220880681818184 0.9567692307692307 0.11024147727272729 0.08646153846153842
0 0.3770667613636363 0.8819615384615385 0.07526988636363634 0.09161538461538458
0 0.12776988636363634 0.8487115384615386 0.0584375 0.10488461538461542
0 0.4224005681818182 0.708875 0.13977272727272727 0.11944230769230772
0 0.3055752840909091 0.5421346153846153 0.06373579545454545 0.11773076923076918
0 0.7894034090909091 0.3852307692307692 0.10758522727272729 0.05873076923076922
0 0.026704545454545457 0.2850865384615385 0.053125 0.08690384615384615
0 0.8263849431818183 0.607173076923077 0.08569602272727278 0.12246153846153847
0 0.8117613636363636 0.31479807692307693 0.09298295454545459 0.08690384615384615
0 0.9599573863636363 0.618125 0.08008522727272727 0.08217307692307696
0 0.3561931818181818 0.8021153846153847 0.04806818181818182 0.06892307692307688
0 0.39872869318181825 0.8160288461538462 0.06862215909090909 0.11301923076923084
0 0.26805397727272723 0.9563461538461538 0.06022727272727273 0.08730769230769227
0 0.8162926136363637 0.5270480769230769 0.06767045454545452 0.04751923076923084
0 0.012329545454545456 0.7715865384615385 0.023721590909090914 0.15798076923076929
0 0.13000710227272727 0.8454999999999999 0.05217329545454546 0.0970384615384615
0 0.10142755681818182 0.7767884615384616 0.05535511363636363 0.06653846153846159
0 0.7710582386363637 0.9897980769230768 0.05026988636363634 0.020134615384615327
0 0.8366264204545455 0.8586153846153847 0.0183380681818183 0.02569230769230772
0 0.931221590909091 0.41498076923076926 0.11821022727272731 0.10069230769230766
0 0.9748011363636363 0.12654807692307693 0.050284090909091035 0.06678846153846155
0 0.019595170454545455 0.4971538461538461 0.03896306818181819 0.04315384615384615
0 0.2508877840909091 0.5640673076923077 0.04237215909090907 0.07063461538461542
0 0.32978693181818186 0.7321153846153847 0.05090909090909091 0.08734615384615388
0 0.9725710227272728 0.23278846153846156 0.05485795454545455 0.15503846153846157
0 0.08105823863636363 0.8337211538461539 0.04737215909090908 0.04975000000000001
0 0.09971590909090909 0.28551923076923075 0.04605113636363636 0.07973076923076922
0 0.04477982954545454 0.09875 0.04805397727272727 0.04611538461538462
0 0.8996946022727272 0.038567307692307685 0.09549715909090911 0.07663461538461537
0 0.17267045454545454 0.9762884615384615 0.05715909090909092 0.04742307692307697
0 0.926953125 0.6341442307692308 0.11669034090909088 0.07363461538461531
0 0.6040838068181817 0.9759519230769231 0.10848011363636365 0.04809615384615383
0 0.04731534090909091 0.864596153846154 0.04048295454545455 0.05823076923076929
0 0.37216619318181815 0.1767403846153846 0.13592329545454548 0.1300576923076923
0 0.010113636363636363 0.3590673076923077 0.019602272727272725 0.10917307692307689
0 0.3307386363636363 0.6171634615384615 0.05028409090909092 0.07921153846153846
0 0.3164559659090909 0.9505769230769231 0.012656249999999996 0.023538461538461557
0 0.12831676136363637 0.5292596153846153 0.042372159090909085 0.09248076923076924
0 0.9723366477272727 0.22601923076923078 0.05532670454545461 0.16869230769230767
0 0.6048011363636363 0.5740961538461538 0.06463068181818182 0.059346153846153764
0 0.8061647727272727 0.8591923076923076 0.12309659090909086 0.1279615384615385
0 0.7030681818181818 0.9701057692307692 0.11352272727272722 0.05951923076923064
0 0.11382812499999999 0.8055673076923077 0.042940340909090914 0.10009615384615386
0 0.24232954545454544 0.6414134615384616 0.07173295454545454 0.08390384615384615
0 0.5272869318181818 0.7177115384615386 0.06906250000000001 0.09530769230769232
0 0.7155113636363637 0.9159903846153846 0.11005681818181821 0.059942307692307614
0 0.04884943181818182 0.23383653846153846 0.03889204545454545 0.05736538461538458
0 0.2696946022727273 0.7103269230769231 0.054446022727272746 0.0881153846153846
0 0.5639204545454546 0.6015865384615384 0.11997159090909096 0.08151923076923075
0 0.036264204545454544 0.05321153846153846 0.07215909090909091 0.05934615384615385
0 0.18654119318181817 0.6893653846153847 0.02745738636363638 0.05992307692307697
0 0.3280326704545455 0.35754807692307694 0.08223011363636362 0.17809615384615382
0 0.9755894886363637 0.007740384615384616 0.02086647727272719 0.014980769230769232
0 0.6245951704545455 0.8633269230769229 0.08697443181818176 0.09676923076923076
0 0.2440838068181818 0.5105480769230769 0.10214488636363636 0.11001923076923073
0 0.15333806818181817 0.7109423076923077 0.04161931818181818 0.10430769230769232
0 0.5248508522727273 0.6604711538461538 0.10404829545454546 0.06832692307692302
0 0.39100142045454545 0.6068461538461538 0.19436079545454546 0.19300000000000003
0 0.880284090909091 0.7279903846153846 0.06514204545454548 0.14771153846153848
0 0.7870241477272728 0.672375 0.13015625 0.16901923076923075
0 0.0888565340909091 0.8359134615384616 0.03387784090909091 0.05198076923076918
0 0.2508735795454546 0.2933173076923076 0.12586647727272726 0.2971346153846154
0 0.3512784090909091 0.25179807692307693 0.1255397727272727 0.07621153846153846
0 0.5890696022727273 0.24017307692307693 0.08677556818181814 0.17503846153846156
0 0.4499076704545455 0.7512596153846154 0.09234374999999999 0.09805769230769222
0 0.186171875 0.4965096153846154 0.09032670454545456 0.16363461538461543
0 0.14882102272727274 0.24897115384615384 0.1000568181818182 0.23736538461538462
0 0.6975355113636363 0.29262499999999997 0.14078125000000002 0.19359615384615386
0 0.09603693181818182 0.8803942307692307 0.02150568181818183 0.04325000000000002
0 0.051100852272727273 0.026817307692307692 0.10183238636363635 0.05336538461538461
0 0.07245738636363637 0.875125 0.04346590909090909 0.09405769230769224
0 0.11414062499999998 0.8020096153846155 0.04436079545454546 0.09828846153846156
0 0.2950355113636363 0.6115961538461538 0.05671874999999997 0.11334615384615385
0 0.05676846590909091 0.8020096153846153 0.04257102272727273 0.06674999999999996
0 0.05012784090909092 0.23247115384615383 0.05048295454545455 0.0659423076923077
0 0.01692471590909091 0.27981730769230767 0.033650568181818184 0.08871153846153845
0 0.09957386363636363 0.7716634615384615 0.04392045454545455 0.0776730769230769
0 0.0771590909090909 0.7310096153846154 0.04571022727272727 0.09344230769230776
0 0.15245738636363637 0.7021923076923077 0.04122159090909092 0.11469230769230766
0 0.18584517045454543 0.6852115384615385 0.02643465909090907 0.0625
0 0.21924005681818182 0.6776153846153846 0.04660511363636364 0.0618846153846154
0 0.2414275568181818 0.6409038461538461 0.07933238636363636 0.08434615384615388
0 0.13811079545454547 0.6512211538461539 0.05019886363636364 0.11709615384615382
0 0.10427556818181817 0.7131153846153847 0.06857954545454545 0.07826923076923074
0 0.04130681818181818 0.7328365384615384 0.04392045454545455 0.0800961538461538
0 0.4761576704545455 0.9532884615384616 0.06595170454545456 0.05850000000000003
0 0.09643465909090909 0.6418173076923077 0.048409090909090915 0.08859615384615384
0 0.013906249999999998 0.5005576923076922 0.02755681818181818 0.030384615384615406
0 0.012187499999999997 0.448 0.024090909090909086 0.09596153846153853
0 0.013295454545454548 0.5908461538461539 0.02644886363636364 0.05461538461538457
0 0.5870525568181818 0.6992211538461539 0.014218750000000068 0.020788461538461544
0 0.010156249999999999 0.7707596153846155 0.020170454545454543 0.16321153846153846
0 0.028948863636363634 0.6773173076923078 0.05789772727272727 0.04794230769230771
0 0.020014204545454547 0.848423076923077 0.039886363636363636 0.181423076923077
0 0.08303267045454545 0.9392788461538462 0.1660653409090909 0.12144230769230765
0 0.1715340909090909 0.9779807692307693 0.05667613636363637 0.04403846153846149
0 0.07134943181818182 0.2173076923076923 0.05090909090909091 0.08788461538461537
0 0.9606463068181817 0.34911538461538466 0.07811079545454547 0.09803846153846152
0 0.31698863636363633 0.9447307692307693 0.058664772727272746 0.11053846153846157
0 0.5211292613636364 0.9496634615384615 0.07305397727272721 0.10067307692307696
0 0.7009446022727274 0.970701923076923 0.11507102272727279 0.0585961538461539
0 0.7676775568181817 0.9860673076923077 0.062059659090909006 0.027865384615384632
0 0.8427059659090911 0.9801346153846153 0.09356534090909091 0.03973076923076928
0 0.9151775568181819 0.93 0.09757102272727264 0.14
0 0.9785724431818181 0.803701923076923 0.04285511363636358 0.11428846153846155
0 0.9693110795454545 0.7047692307692308 0.06098011363636373 0.10726923076923083
0 0.9534801136363636 0.6168942307692307 0.09303977272727272 0.07924999999999996
0 0.11024857954545454 0.21189423076923078 0.05112215909090909 0.11274999999999999
0 0.8994744318181819 0.03947115384615384 0.09474431818181825 0.07894230769230769
0 0.5426917613636363 0.08904807692307692 0.1982528409090909 0.1769423076923077
0 0.3654403409090909 0.07841346153846153 0.17082386363636362 0.15617307692307691
0 0.09845880681818181 0.05810576923076924 0.06379261363636363 0.09390384615384617
0 0.5259730113636363 0.6589038461538461 0.10950284090909088 0.06507692307692314
0 0.5265198863636363 0.6080576923076924 0.18786931818181818 0.09584615384615391
0 0.5119602272727272 0.5610865384615384 0.017698863636363606 0.0282884615384615
0 0.5229545454545454 0.5497403846153847 0.09795454545454542 0.11967307692307695
0 0.48830965909090907 0.5448846153846153 0.09159090909090911 0.1401538461538461
0 0.4385369318181818 0.4931346153846154 0.09079545454545457 0.09165384615384614
0 0.7922869318181818 0.14601923076923076 0.21144886363636373 0.29165384615384615
0 0.7126917613636364 0.9171442307692307 0.10671874999999992 0.051750000000000046
0 0.7881534090909091 0.9467980769230769 0.06650568181818173 0.07117307692307691
0 0.8574360795454545 0.9166057692307692 0.0840198863636365 0.10244230769230765
0 0.974609375 0.9025865384615385 0.05078125 0.08409615384615376
0 0.9147798295454546 0.8330480769230769 0.09916193181818174 0.07978846153846156
0 0.8235866477272729 0.7955769230769232 0.13259943181818185 0.13853846153846158
0 0.8359872159090909 0.8584038461538461 0.017116477272727207 0.02003846153846146
0 0.8020383522727272 0.8546346153846153 0.12941761363636364 0.13315384615384607
0 0.6959161931818181 0.8357788461538462 0.10751420454545454 0.11590384615384612
0 0.8707315340909091 0.7416923076923077 0.08441761363636373 0.13046153846153852
