0 0.6963920454545455 0.7440384615384615 0.053664772727272686 0.08434615384615377
0 0.9363707386363637 0.6107307692307693 0.08666193181818181 0.07484615384615388
0 0.6286008522727273 0.8598653846153846 0.026463068181818174 0.03403846153846163
0 0.6368892045454545 0.8397692307692308 0.023267045454545447 0.03076923076923077
0 0.6600284090909091 0.8428461538461538 0.08610795454545456 0.11296153846153836
0 0.4525355113636364 0.7965961538461539 0.12651988636363634 0.13534615384615384
0 0.5258238636363636 0.8239423076923077 0.09613636363636364 0.09661538461538463
0 0.6648863636363637 0.9622692307692308 0.055625000000000036 0.07542307692307698
0 0.7178977272727273 0.9659038461538463 0.07687500000000008 0.06796153846153852
0 0.80046875 0.9768076923076923 0.10863636363636366 0.04638461538461539
0 0.8664133522727272 0.9617692307692308 0.07788352272727278 0.07638461538461544
0 0.8101349431818182 0.9406538461538462 0.10984375000000006 0.06207692307692302
0 0.9624431818181818 0.674 0.07511363636363635 0.1553846153846154
0 0.33227982954545454 0.15611538461538463 0.05811079545454545 0.153
0 0.2821235795454546 0.04746153846153846 0.05598011363636363 0.0933076923076923
0 0.32147017045454546 0.04848076923076923 0.09754261363636361 0.09696153846153846
0 0.3942755681818182 0.029990384615384617 0.12713068181818182 0.05998076923076923
0 0.7559446022727273 0.8555961538461538 0.08100852272727277 0.09492307692307685
0 0.26716619318181817 0.653125 0.03410511363636362 0.05094230769230771
0 0.8043323863636364 0.796125 0.07204545454545458 0.07813461538461537
0 0.8360369318181817 0.915875 0.0710511363636365 0.04567307692307692
0 0.8099218749999999 0.8704999999999999 0.09879261363636373 0.07842307692307698
0 0.8617045454545454 0.8450192307692308 0.07556818181818188 0.1065
0 0.9766761363636364 0.741798076923077 0.04542613636363639 0.07655769230769231
0 0.7421306818181819 0.76875 0.057102272727272634 0.09623076923076916
0 0.8386079545454546 0.6141730769230769 0.04431818181818188 0.06953846153846148
0 0.7860014204545455 0.671875 0.08984375 0.11501923076923067
0 0.8254332386363636 0.6762019230769231 0.04146306818181826 0.10348076923076913
0 0.8538565340909091 0.7082211538461538 0.047315340909090835 0.134173076923077
0 0.6540340909090909 0.042923076923076925 0.07221590909090914 0.08584615384615385
0 0.7270596590909091 0.13485576923076922 0.044431818181818225 0.11548076923076923
0 0.7213352272727274 0.022375 0.03411931818181824 0.04475
0 0.7591761363636365 0.04070192307692307 0.06213068181818183 0.08140384615384615
0 0.7788778409090908 0.09165384615384614 0.07571022727272737 0.1429230769230769
0 0.9776775568181819 0.7973365384615385 0.04464488636363629 0.0859807692307693
0 0.8294531249999999 0.023730769230769225 0.09589488636363651 0.04707692307692307
0 0.16526988636363635 0.023673076923076925 0.06332386363636361 0.04734615384615385
0 0.8610582386363635 0.07358653846153847 0.11518465909090914 0.14717307692307693
0 0.775099431818182 0.17386538461538462 0.1030681818181819 0.07492307692307691
0 0.7076207386363635 0.07114423076923078 0.0240198863636364 0.031019230769230775
0 0.8079616477272726 0.23954807692307692 0.13458806818181818 0.15074999999999997
0 0.5698224431818182 0.40498076923076926 0.09009943181818182 0.11157692307692305
0 0.4370880681818182 0.38940384615384616 0.1442045454545455 0.08942307692307692
0 0.5324218749999999 0.37136538461538465 0.09427556818181819 0.10888461538461534
0 0.48682528409090914 0.38461538461538464 0.05330965909090913 0.09565384615384617
0 0.1779190340909091 0.19119230769230766 0.05166193181818182 0.19046153846153846
0 0.4245596590909091 0.3914423076923077 0.08062499999999999 0.11261538461538462
0 0.36943181818181814 0.35556730769230765 0.08164772727272726 0.13986538461538459
0 0.32853693181818183 0.41425961538461537 0.09553977272727275 0.07032692307692306
0 0.35622869318181816 0.4752403846153846 0.09367897727272725 0.11167307692307696
0 0.4530255681818182 0.47000000000000003 0.0999715909090909 0.18561538461538468
0 0.430809659090909 0.5165865384615385 0.09159090909090904 0.14840384615384614
0 0.4616690340909091 0.6641057692307692 0.1629119318181818 0.1527884615384615
0 0.5020596590909091 0.5897211538461538 0.06414772727272723 0.056288461538461614
0 0.5116761363636364 0.5308653846153847 0.05869318181818181 0.08761538461538457
0 0.5159801136363636 0.46725 0.04681818181818187 0.07726923076923078
0 0.213984375 0.09794230769230769 0.0714630681818182 0.11373076923076923
0 0.12691051136363637 0.19563461538461538 0.056633522727272734 0.05365384615384616
0 0.5712713068181818 0.513576923076923 0.08913352272727272 0.12146153846153845
0 0.6383664772727272 0.5247403846153846 0.061931818181818137 0.12074999999999998
0 0.6877627840909091 0.5109230769230769 0.09316761363636368 0.18765384615384623
0 0.6449786931818182 0.42039423076923077 0.08163352272727277 0.12825
0 0.5532457386363636 0.7128653846153846 0.10563920454545456 0.09773076923076933
0 0.733231534090909 0.27899999999999997 0.10737215909090914 0.08169230769230768
0 0.7892045454545454 0.27603846153846157 0.09696022727272725 0.10507692307692311
0 0.9028124999999999 0.3032115384615385 0.0734374999999999 0.044461538461538413
0 0.9561647727272727 0.04963461538461538 0.08758522727272738 0.09926923076923076
0 0.2244602272727273 0.1861057692307692 0.08659090909090908 0.16390384615384612
0 0.9569957386363637 0.10223076923076922 0.08600852272727266 0.14096153846153844
0 0.7233948863636364 0.05874038461538461 0.032244318181818166 0.04548076923076923
0 0.9332102272727273 0.08625961538461539 0.07514204545454542 0.07478846153846154
0 0.9419247159090909 0.11860576923076922 0.11615056818181815 0.05871153846153846
0 0.8973295454545455 0.2622596153846154 0.056278409090909094 0.06790384615384616
0 0.9657954545454547 0.20246153846153847 0.06840909090909086 0.08149999999999999
0 0.933302556818182 0.1639326923076923 0.1333948863636363 0.08840384615384617
0 0.7827911931818182 0.33215384615384613 0.025781249999999967 0.032692307692307694
0 0.8760369318181819 0.3416346153846153 0.11423295454545465 0.06603846153846155
0 0.6973366477272728 0.3725 0.06262784090909096 0.1210769230769231
0 0.14816051136363637 0.24659615384615383 0.04955965909090909 0.06669230769230768
0 0.7001278409090909 0.4577788461538462 0.047642045454545486 0.07736538461538466
0 0.6660369318181818 0.37200961538461536 0.08161931818181815 0.07009615384615382
0 0.9092329545454544 0.5622019230769232 0.08332386363636358 0.15225000000000002
0 0.7621946022727273 0.33886538461538457 0.09197443181818189 0.08084615384615383
0 0.7627911931818182 0.39779807692307695 0.12120738636363634 0.15332692307692306
0 0.6996519886363636 0.6485096153846154 0.06606534090909082 0.11209615384615389
0 0.9111505681818183 0.9211538461538461 0.08809659090909089 0.10434615384615382
0 0.6430610795454546 0.5736442307692308 0.06811079545454544 0.24736538461538465
0 0.5777272727272728 0.5878653846153847 0.08272727272727266 0.11357692307692308
0 0.9504474431818182 0.3795769230769231 0.09910511363636361 0.15311538461538463
0 0.21737926136363636 0.04966346153846154 0.055071022727272705 0.09932692307692308
0 0.9677414772727272 0.5112884615384615 0.0645170454545454 0.15073076923076922
0 0.7178622159090909 0.8272403846153846 0.06680397727272723 0.08967307692307691
0 0.9613707386363637 0.9065865384615385 0.07725852272727271 0.11924999999999998
0 0.6805894886363636 0.6545769230769231 0.09927556818181825 0.14588461538461542
0 0.9226988636363636 0.6795865384615385 0.052670454545454604 0.06959615384615384
0 0.5323508522727273 0.892576923076923 0.10473011363636359 0.07761538461538464
0 0.025632102272727275 0.9754134615384616 0.05126420454545455 0.04917307692307691
0 0.3375852272727273 0.5221730769230769 0.10326704545454544 0.10096153846153841
0 0.2041122159090909 0.413375 0.09995738636363635 0.1752884615384615
0 0.37542613636363636 0.1043173076923077 0.0872159090909091 0.10075
0 0.1795880681818182 0.33184615384615385 0.09934659090909093 0.19011538461538463
0 0.9675639204545454 0.28950961538461534 0.06319602272727275 0.1159807692307692
0 0.3858238636363636 0.24324038461538458 0.0832102272727273 0.19963461538461535
0 0.9312642045454546 0.8088269230769232 0.11002840909090915 0.1279615384615385
0 0.07921875 0.5911346153846153 0.1584375 0.057038461538461586
0 0.9755539772727272 0.9588846153846154 0.04886363636363633 0.08223076923076922
0 0.06600142045454546 0.5031153846153846 0.13200284090909092 0.18938461538461543
0 0.3064417613636363 0.2150480769230769 0.11606534090909087 0.16571153846153847
0 0.2570241477272727 0.4994807692307693 0.12007102272727273 0.18396153846153845
0 0.8905823863636364 0.20829807692307692 0.10423295454545455 0.16617307692307695
0 0.789353693181818 0.5992115384615385 0.08552556818181807 0.10142307692307684
0 0.6580681818181818 0.7590576923076924 0.0607670454545455 0.17446153846153842
0 0.008274147727272727 0.04819230769230769 0.016519886363636365 0.09638461538461537
0 0.09256392045454544 0.6739903846153846 0.10532670454545454 0.11271153846153838
0 0.7350000000000001 0.9216538461538462 0.11988636363636361 0.11261538461538462
0 0.6487926136363636 0.9550000000000001 0.07335227272727271 0.09000000000000002
0 0.3037002840909091 0.9261634615384615 0.09350852272727274 0.07690384615384617
0 0.6307315340909091 0.9448269230769231 0.10103693181818181 0.11034615384615384
0 0.9728551136363636 0.22557692307692304 0.05428977272727276 0.05130769230769229
0 0.33639914772727275 0.8669230769230769 0.1002130681818182 0.13011538461538455
0 0.5899076704545454 0.1429423076923077 0.08973011363636366 0.18938461538461537
0 0.8641051136363636 0.19231730769230768 0.079971590909091 0.13482692307692307
0 0.9138636363636364 0.9734615384615385 0.09116477272727282 0.05307692307692312
0 0.04604403409090909 0.026423076923076924 0.08987215909090908 0.05284615384615385
0 0.07316761363636363 0.90725 0.14579545454545453 0.14550000000000005
0 0.7728835227272728 0.7070096153846154 0.11681818181818183 0.10255769230769228
0 0.07220880681818181 0.13703846153846155 0.03137784090909091 0.04603846153846155
0 0.034588068181818185 0.13016346153846153 0.06917613636363637 0.1649423076923077
0 0.09742897727272727 0.03157692307692308 0.10366477272727272 0.06315384615384616
0 0.178125 0.29266346153846157 0.08738636363636364 0.12817307692307692
0 0.031860795454545454 0.2292596153846154 0.06372159090909091 0.08190384615384613
0 0.09902698863636364 0.22723076923076924 0.08776988636363636 0.10696153846153847
0 0.13045454545454546 0.33892307692307694 0.05855113636363636 0.12857692307692306
0 0.2633309659090909 0.34697115384615385 0.0898721590909091 0.14613461538461534
0 0.6334303977272727 0.7412403846153846 0.04197443181818175 0.09975
0 0.26967329545454544 0.28114423076923073 0.08150568181818181 0.11267307692307693
0 0.313515625 0.32933653846153843 0.08129261363636366 0.12463461538461539
0 0.14875 0.45576923076923076 0.07284090909090911 0.11269230769230773
0 0.08399857954545455 0.41811538461538467 0.06035511363636363 0.10115384615384615
0 0.07848011363636363 0.1195 0.09755681818181819 0.137
0 0.4585014204545454 0.6468076923076924 0.028849431818181823 0.03549999999999996
0 0.05629261363636364 0.31371153846153843 0.11258522727272728 0.1697307692307692
0 0.036541193181818185 0.41877884615384614 0.07308238636363637 0.18463461538461537
0 0.12894176136363636 0.5906442307692308 0.06779829545454547 0.12525
0 0.178046875 0.5348942307692307 0.07109375000000001 0.14048076923076924
0 0.6963494318181819 0.02851923076923077 0.035397727272727296 0.05703846153846154
0 0.13176136363636362 0.5319038461538461 0.050852272727272725 0.0871923076923077
0 0.03296164772727273 0.7013750000000001 0.06563920454545455 0.09724999999999999
0 0.022776988636363637 0.6342788461538461 0.045553977272727274 0.05024999999999999
0 0.07154119318181817 0.6574711538461538 0.09066761363636364 0.10678846153846148
0 0.2809303977272727 0.12425961538461537 0.08811079545454546 0.12186538461538461
0 0.20167613636363638 0.5718846153846153 0.048948863636363645 0.14246153846153853
0 0.16808948863636364 0.6762403846153846 0.07447443181818182 0.10617307692307688
0 0.17863636363636365 0.7934230769230769 0.08073863636363637 0.16173076923076926
0 0.2870170454545455 0.5871826923076924 0.15869318181818184 0.16471153846153852
0 0.23566051136363636 0.6561442307692308 0.03410511363636362 0.04032692307692313
0 0.6107386363636365 0.7223942307692307 0.046250000000000006 0.12698076923076929
0 0.2506463068181818 0.6785865384615385 0.03901988636363636 0.047903846153846096
0 0.2870880681818182 0.726778846153846 0.10085227272727272 0.09840384615384619
0 0.3299289772727273 0.6918942307692307 0.1084090909090909 0.08259615384615382
0 0.3499005681818182 0.6235673076923077 0.0869034090909091 0.06951923076923072
0 0.4168678977272728 0.5924230769230769 0.10930397727272725 0.08723076923076925
0 0.24620738636363637 0.824576923076923 0.13744318181818183 0.12126923076923077
0 0.3464701704545455 0.7982211538461538 0.09024147727272727 0.1389423076923077
0 0.41958806818181815 0.19625 0.08045454545454543 0.1539230769230769
0 0.4707244318181818 0.16354807692307693 0.09443181818181821 0.1041346153846154
0 0.48498579545454545 0.13782692307692307 0.13582386363636365 0.11226923076923077
0 0.5582386363636364 0.6247788461538462 0.09911931818181814 0.14051923076923076
0 0.4741264204545454 0.2841923076923077 0.10225852272727266 0.10965384615384614
0 0.1586150568181818 0.7917980769230769 0.07953125 0.13694230769230764
0 0.4099360795454546 0.7579230769230769 0.09205965909090909 0.07099999999999992
0 0.3793252840909091 0.7126538461538462 0.07021306818181815 0.0666538461538462
0 0.43702414772727277 0.7134711538461538 0.05964488636363638 0.04686538461538462
0 0.5543892045454546 0.7791153846153845 0.09980113636363636 0.12038461538461542
0 0.24926846590909094 0.7460576923076924 0.10359374999999997 0.1457692307692308
0 0.13356534090909092 0.7347596153846153 0.055454545454545444 0.07090384615384616
0 0.08756392045454546 0.7902788461538461 0.08958806818181819 0.1252884615384615
0 0.042421875 0.7727692307692309 0.08484375 0.10338461538461548
0 0.8761292613636364 0.6539134615384615 0.05447443181818185 0.06271153846153837
0 0.1452059659090909 0.10489423076923075 0.07515625000000002 0.1431730769230769
0 0.023700284090909088 0.8722211538461538 0.047400568181818176 0.12736538461538466
0 0.6594318181818182 0.10973076923076923 0.11866477272727267 0.1355
0 0.5287997159090909 0.22773076923076926 0.1280823863636364 0.10061538461538463
0 0.5762073863636363 0.2957980769230769 0.10661931818181819 0.12621153846153846
0 0.6609943181818182 0.22621153846153846 0.09985795454545456 0.09580769230769229
0 0.6726065340909091 0.31156730769230767 0.10481534090909093 0.11817307692307695
0 0.596377840909091 0.03055769230769231 0.06985795454545456 0.06111538461538462
0 0.7652627840909091 0.5796250000000001 0.1171448863636364 0.18875
0 0.8500284090909092 0.4953557692307693 0.07159090909090905 0.15532692307692314
0 0.9105823863636363 0.7262980769230769 0.08522727272727272 0.08625000000000005
0 0.8956676136363636 0.5095865384615385 0.08096590909090909 0.07636538461538457
0 0.8579616477272727 0.5797019230769231 0.06583806818181805 0.0806346153846154
0 0.840830965909091 0.41207692307692306 0.08842329545454546 0.1155
0 0.9089133522727273 0.4254134615384615 0.056917613636363544 0.12771153846153846
0 0.5557244318181819 0.40199999999999997 0.09363636363636366 0.10565384615384615
0 0.48718750000000005 0.04557692307692308 0.15795454545454543 0.09115384615384615
0 0.4210227272727272 0.8476923076923077 0.12684659090909092 0.10934615384615387
0 0.24904829545454546 0.03867307692307692 0.07465909090909091 0.07734615384615384
0 0.4112357954545454 0.8846826923076923 0.1129829545454545 0.06624999999999998
0 0.16889914772727274 0.9020865384615385 0.060014204545454544 0.05325
0 0.9145667613636363 0.7115192307692307 0.05248579545454552 0.053499999999999985
0 0.17419744318181818 0.9319903846153846 0.04183238636363639 0.05321153846153849
0 0.19583806818181818 0.8960865384615385 0.08494318181818183 0.20782692307692308
0 0.11563210227272727 0.958173076923077 0.10995738636363636 0.08365384615384615
0 0.32715198863636363 0.9623942307692308 0.1019744318181818 0.07521153846153848
0 0.37434659090909084 0.9582211538461538 0.0775 0.08344230769230777
0 0.22977272727272727 0.9345673076923078 0.09176136363636363 0.130673076923077
0 0.2675568181818182 0.9615865384615384 0.12303977272727269 0.07682692307692306
0 0.4519957386363636 0.9476634615384615 0.11666193181818181 0.10467307692307694
0 0.5398792613636364 0.9592115384615384 0.0859801136363636 0.0815769230769231
0 0.6086079545454545 0.8824615384615384 0.09053977272727275 0.15092307692307697
