0 0.14787642045454547 0.0945 0.12617897727272728 0.18400000000000002
0 0.31142755681818185 0.30118269230769235 0.0761505681818182 0.11867307692307691
0 0.008423295454545454 0.905 0.016136363636363636 0.08992307692307691
0 0.8397088068181818 0.9813653846153846 0.05799715909090915 0.03726923076923076
0 0.04257102272727273 0.9443653846153846 0.08443181818181818 0.1112692307692308
0 0.37188920454545454 0.9634230769230769 0.0790625 0.0731538461538462
0 0.5106321022727273 0.964 0.07115056818181814 0.07107692307692304
0 0.45245028409090904 0.9772788461538462 0.04649147727272722 0.04451923076923073
0 0.5964417613636364 0.95775 0.10308238636363636 0.08449999999999999
0 0.6883238636363637 0.8875576923076922 0.11715909090909102 0.22407692307692303
0 0.9758948863636363 0.9040865384615384 0.045681818181818136 0.11775000000000004
0 0.8759588068181817 0.031124999999999996 0.0597585227272728 0.06224999999999999
0 0.4259161931818182 0.16990384615384616 0.016036931818181846 0.02353846153846153
0 0.7929403409090909 0.04640384615384615 0.04693181818181813 0.0928076923076923
0 0.1768181818181818 0.9687692307692307 0.15116477272727272 0.0624615384615385
0 0.5650142045454545 0.4033365384615385 0.10272727272727272 0.19721153846153844
0 0.6024431818181818 0.912125 0.07650568181818183 0.10575000000000001
0 0.31154829545454543 0.6389038461538462 0.08457386363636363 0.15165384615384617
0 0.14139914772727274 0.9154903846153847 0.09171875000000002 0.05351923076923085
0 0.5831960227272727 0.14849038461538464 0.09380681818181813 0.10775
0 0.5140340909090909 0.03155769230769231 0.07039772727272728 0.06311538461538461
0 0.5855397727272728 0.05322115384615384 0.042500000000000024 0.10609615384615384
0 0.5115696022727273 0.0736923076923077 0.022457386363636367 0.03211538461538462
0 0.4006889204545454 0.18270192307692307 0.10203125000000002 0.18859615384615383
0 0.4918039772727273 0.12057692307692308 0.09298295454545452 0.11388461538461538
0 0.6581392045454545 0.3062980769230769 0.0761931818181818 0.1104423076923077
0 0.7569105113636364 0.9151346153846154 0.06862215909090909 0.1697307692307692
0 0.5490411931818181 0.2291153846153846 0.10751420454545454 0.15284615384615383
0 0.012848011363636362 0.7408076923076924 0.025610795454545452 0.07065384615384607
0 0.767762784090909 0.529875 0.07569602272727267 0.07132692307692302
0 0.3466903409090909 0.6663365384615385 0.012017045454545466 0.017980769230769276
0 0.35964488636363634 0.6128269230769231 0.030994318181818213 0.10361538461538461
0 0.6307954545454546 0.40034615384615385 0.06542613636363637 0.24150000000000008
0 0.024232954545454547 0.8371442307692307 0.04838068181818182 0.12544230769230771
0 0.6159161931818182 0.8350000000000001 0.06348011363636363 0.0720384615384615
0 0.38985085227272726 0.6483653846153846 0.07242897727272725 0.10788461538461531
0 0.4100923295454546 0.7374134615384615 0.09771306818181821 0.11390384615384619
0 0.07262073863636363 0.8247211538461539 0.07367897727272728 0.09463461538461534
0 0.4958948863636364 0.6158846153846154 0.04647727272727276 0.13007692307692306
0 0.6080326704545453 0.6488942307692307 0.01359374999999999 0.018826923076923116
0 0.47110085227272724 0.6947019230769231 0.09455965909090908 0.1104423076923077
0 0.8783167613636365 0.9777692307692307 0.04617897727272726 0.04446153846153847
0 0.6930965909090908 0.24198076923076925 0.10397727272727271 0.11649999999999999
0 0.45766335227272725 0.774125 0.07717329545454552 0.12459615384615388
0 0.49213068181818187 0.8524711538461538 0.10752840909090908 0.16140384615384618
0 0.46336647727272723 0.2178653846153846 0.09411931818181817 0.16515384615384615
0 0.5480823863636364 0.8302019230769231 0.10622159090909095 0.1771730769230769
0 0.10983664772727271 0.46598076923076925 0.05120738636363636 0.04230769230769231
0 0.7834730113636365 0.972375 0.06330965909090916 0.055250000000000035
0 0.15840198863636365 0.4190865384615385 0.0783096590909091 0.06371153846153846
0 0.056754261363636364 0.4657307692307692 0.07001420454545454 0.06115384615384612
0 0.024190340909090904 0.05925961538461538 0.047812499999999994 0.09836538461538462
0 0.84875 0.9095192307692308 0.12681818181818177 0.13915384615384618
0 0.02630681818181818 0.1272980769230769 0.05261363636363636 0.12028846153846154
0 0.19306107954545457 0.4931730769230769 0.05845170454545456 0.13846153846153847
0 0.5655610795454545 0.7457596153846154 0.05933238636363642 0.08271153846153845
0 0.41612215909090905 0.3328076923076923 0.13965909090909093 0.15749999999999995
0 0.15475852272727272 0.5489134615384615 0.05002840909090909 0.09890384615384606
0 0.9348508522727272 0.9434807692307693 0.08285511363636354 0.058653846153846154
0 0.777052556818182 0.8299615384615385 0.0929687499999999 0.10369230769230772
0 0.05548295454545455 0.16883653846153848 0.1109659090909091 0.16155769230769235
0 0.06033380681818181 0.06033653846153846 0.05308238636363636 0.12067307692307692
0 0.16870738636363636 0.6744903846153847 0.085 0.1378653846153846
0 0.1169744318181818 0.25429807692307693 0.04039772727272727 0.042826923076923096
0 0.12459517045454546 0.28215384615384614 0.04345170454545455 0.045923076923076914
0 0.11639914772727272 0.265125 0.12461647727272727 0.16871153846153844
0 0.5921235795454546 0.6603461538461538 0.09120738636363633 0.1612307692307693
0 0.3777201704545455 0.5040576923076924 0.06061079545454544 0.1330384615384615
0 0.15365767045454545 0.6013653846153847 0.021264204545454544 0.03596153846153844
0 0.09250000000000001 0.05328846153846154 0.07835227272727273 0.10657692307692308
0 0.18041193181818183 0.16103846153846152 0.09386363636363639 0.0953076923076923
0 0.19546875000000002 0.295 0.0584375 0.18942307692307692
0 0.2711789772727273 0.19939423076923077 0.13017045454545453 0.12048076923076921
0 0.3019460227272727 0.15444230769230768 0.12264204545454546 0.15523076923076923
0 0.2747159090909091 0.07351923076923077 0.1425568181818182 0.13726923076923075
0 0.08636363636363636 0.5947692307692307 0.12042613636363636 0.14746153846153848
0 0.24399857954545456 0.3180192307692308 0.08120738636363639 0.1753846153846154
0 0.4966974431818182 0.6157211538461538 0.05109375000000004 0.13282692307692306
0 0.24632812499999998 0.5932596153846154 0.09524147727272729 0.08817307692307697
0 0.8774431818181818 0.9774711538461538 0.04735795454545459 0.04478846153846147
0 0.425546875 0.17058653846153848 0.014900568181818195 0.020403846153846154
0 0.29859375 0.34775961538461536 0.06653409090909092 0.08648076923076922
0 0.6690767045454545 0.14573076923076922 0.18732954545454553 0.16726923076923075
0 0.9004545454545454 0.26196153846153847 0.07488636363636368 0.09815384615384616
0 0.6108735795454545 0.24674038461538464 0.05609375000000001 0.12286538461538461
0 0.5124928977272728 0.07498076923076924 0.021292613636363648 0.026653846153846153
0 0.2348011363636364 0.7343942307692307 0.08056818181818182 0.13524999999999998
0 0.19115056818181816 0.4960865384615385 0.058920454545454554 0.13236538461538458
0 0.1762997159090909 0.962673076923077 0.15265625 0.07465384615384614
0 0.2404971590909091 0.6398942307692308 0.09261363636363634 0.10398076923076922
0 0.9352485795454545 0.8705480769230769 0.06666193181818175 0.10459615384615382
0 0.5791193181818182 0.1523557692307692 0.08784090909090914 0.10890384615384617
0 0.9529687500000001 0.4165288461538461 0.07514204545454542 0.16513461538461535
0 0.5061008522727272 0.9629807692307693 0.07666193181818177 0.07403846153846154
0 0.10948863636363639 0.2680480769230769 0.1375852272727273 0.16763461538461538
0 0.8485724431818181 0.24224038461538464 0.06720170454545447 0.04625000000000002
0 0.8526988636363636 0.9194423076923077 0.13230113636363636 0.16084615384615372
0 0.24455965909090913 0.6345769230769231 0.08588068181818183 0.08503846153846148
0 0.9072017045454547 0.7745480769230769 0.07514204545454542 0.10890384615384614
0 0.38286931818181813 0.5029326923076922 0.06866477272727269 0.12444230769230771
0 0.23805397727272729 0.7397884615384616 0.07491477272727275 0.12230769230769235
0 0.792109375 0.03641346153846153 0.03228693181818185 0.07282692307692307
0 0.14834517045454546 0.5984423076923077 0.03879261363636364 0.0726153846153846
0 0.49066761363636363 0.13467307692307692 0.09369318181818187 0.147
0 0.8161860795454546 0.28650961538461533 0.05450284090909092 0.09421153846153846
0 0.797137784090909 0.9721730769230769 0.08890625000000005 0.05565384615384615
0 0.6574360795454545 0.3144423076923077 0.07830965909090909 0.12715384615384617
0 0.9665980113636364 0.2039423076923077 0.06640625 0.13396153846153847
0 0.1492755681818182 0.5466538461538462 0.05678977272727273 0.09946153846153852
0 0.17706676136363636 0.16708653846153845 0.08691761363636363 0.10490384615384615
0 0.745546875 0.30888461538461537 0.05714488636363639 0.11319230769230772
0 0.23036221590909092 0.4804038461538462 0.06012784090909093 0.1661538461538461
0 0.14725142045454545 0.8647596153846153 0.08507102272727275 0.07363461538461542
0 0.24535511363636367 0.32709615384615387 0.07789772727272727 0.19842307692307692
0 0.7685582386363637 0.526673076923077 0.07302556818181814 0.0809615384615385
0 0.4311363636363636 0.555548076923077 0.08002840909090905 0.09321153846153851
0 0.9325994318181817 0.03307692307692307 0.058210227272727295 0.05873076923076923
0 0.5244886363636364 0.8273846153846154 0.15372159090909096 0.17515384615384613
0 0.13371448863636362 0.7717211538461538 0.11444602272727272 0.14128846153846147
0 0.8554758522727273 0.5612403846153846 0.11933238636363636 0.11498076923076928
0 0.7673721590909092 0.4340769230769231 0.04735795454545459 0.08561538461538458
0 0.6678906250000001 0.03624038461538461 0.1420880681818182 0.07248076923076922
0 0.08952414772727274 0.05540384615384615 0.07223011363636364 0.1108076923076923
0 0.2092471590909091 0.8631346153846153 0.10014204545454546 0.17023076923076919
0 0.8542826704545454 0.30028846153846156 0.06137784090909096 0.13611538461538458
0 0.8131463068181817 0.09754807692307692 0.03149147727272721 0.06663461538461538
0 0.7755752840909093 0.8275673076923077 0.09393465909090909 0.11175000000000003
0 0.012819602272727272 0.7369423076923077 0.025639204545454545 0.06830769230769239
0 0.7099573863636365 0.6052980769230769 0.16801136363636368 0.17875000000000008
0 0.29335937500000003 0.17431730769230772 0.12029829545454546 0.1686346153846154
0 0.02431818181818182 0.6527692307692308 0.04863636363636364 0.13969230769230767
0 0.8722798295454546 0.6486442307692308 0.11430397727272731 0.09205769230769231
0 0.8970099431818181 0.5041057692307692 0.0722301136363635 0.05228846153846159
0 0.7595667613636364 0.3248365384615384 0.07407670454545444 0.09421153846153849
0 0.30449573863636364 0.7910096153846153 0.0963778409090909 0.17482692307692302
0 0.30897017045454545 0.6349326923076922 0.08978693181818183 0.15782692307692306
0 0.8243892045454545 0.14142307692307693 0.07036931818181813 0.07200000000000001
0 0.1965411931818182 0.2963557692307693 0.05768465909090907 0.19486538461538463
0 0.8100994318181818 0.6541923076923077 0.0703693181818183 0.0845384615384616
0 0.9295596590909091 0.07659615384615384 0.13997159090909086 0.09061538461538463
0 0.3894389204545454 0.64875 0.07044034090909088 0.11146153846153842
0 0.14413352272727273 0.8680769230769231 0.08019886363636362 0.07830769230769224
0 0.8640767045454545 0.045375 0.08255681818181819 0.09075
0 0.05627130681818182 0.1752692307692308 0.11254261363636364 0.15661538461538463
0 0.4040767045454546 0.461375 0.09298295454545452 0.13644230769230767
0 0.08036221590909091 0.7228269230769231 0.11132102272727273 0.11173076923076927
0 0.02930397727272727 0.29958653846153843 0.05860795454545454 0.12851923076923075
0 0.2253125 0.4898461538461538 0.07008522727272727 0.1405384615384615
0 0.5052130681818181 0.03346153846153846 0.08517045454545452 0.06692307692307692
0 0.8185653409090908 0.048596153846153844 0.05767045454545458 0.09719230769230769
0 0.11004261363636365 0.4453365384615384 0.1888920454545455 0.11736538461538457
0 0.6174857954545454 0.8418942307692308 0.05715909090909092 0.08813461538461535
0 0.6764914772727273 0.735326923076923 0.10741477272727265 0.10138461538461543
0 0.8374857954545455 0.8084038461538462 0.07380681818181824 0.09923076923076928
0 0.4715056818181818 0.6860961538461539 0.09511363636363641 0.12899999999999998
0 0.8468821022727272 0.15629807692307693 0.06191761363636368 0.12105769230769231
0 0.5649786931818181 0.933701923076923 0.012428977272727272 0.020480769230769295
0 0.8952982954545454 0.9570576923076923 0.015340909090909188 0.020423076923076933
0 0.021938920454545454 0.8370576923076922 0.04387784090909091 0.14507692307692308
0 0.9771803977272726 0.13875 0.04524147727272731 0.06876923076923076
0 0.08300426136363637 0.718673076923077 0.11725852272727272 0.11942307692307685
0 0.2611505681818182 0.1828365384615385 0.11480113636363636 0.1434038461538462
0 0.8758451704545455 0.7408846153846154 0.05106534090909098 0.11319230769230772
0 0.028011363636363636 0.12292307692307693 0.05602272727272727 0.11753846153846155
0 0.6230397727272727 0.3893076923076923 0.07514204545454542 0.2568461538461539
0 0.30453125 0.7802788461538461 0.09582386363636365 0.15782692307692306
0 0.9773082386363636 0.8933173076923077 0.044701704545454586 0.14075
0 0.014744318181818183 0.5136826923076924 0.028778409090909094 0.09505769230769226
0 0.4730042613636364 0.23449038461538463 0.07541193181818186 0.11601923076923076
0 0.7805965909090908 0.2916923076923077 0.05741477272727267 0.09599999999999997
0 0.8275639204545455 0.7217211538461538 0.1000142045454545 0.07486538461538463
0 0.7720028409090909 0.24424038461538464 0.03545454545454551 0.06482692307692309
0 0.7712073863636363 0.08554807692307691 0.05292613636363635 0.14221153846153844
0 0.023714488636363638 0.06200961538461538 0.047428977272727275 0.1030576923076923
0 0.759169034090909 0.9147884615384614 0.07223011363636367 0.17015384615384607
0 0.590234375 0.9063653846153846 0.09313920454545453 0.10388461538461535
0 0.7528196022727273 0.46936538461538463 0.0801562500000001 0.0673461538461538
0 0.6068678977272728 0.6476442307692307 0.012372159090909062 0.014211538461538544
0 0.2994105113636364 0.47831730769230774 0.12913352272727271 0.18248076923076925
0 0.5652485795454546 0.9331057692307693 0.013025568181818124 0.01532692307692302
0 0.49199573863636364 0.8695192307692308 0.10237215909090908 0.1268461538461538
0 0.5943323863636363 0.662076923076923 0.09710227272727266 0.17050000000000004
0 0.9353764204545455 0.16597115384615385 0.08492897727272722 0.1289423076923077
0 0.36326704545454547 0.9663461538461539 0.09227272727272733 0.0673076923076923
0 0.8135369318181819 0.5795096153846154 0.08360795454545457 0.08990384615384615
0 0.8968821022727272 0.8537115384615385 0.058735795454545485 0.06661538461538459
0 0.5656321022727273 0.7471442307692308 0.0603267045454545 0.0805961538461539
0 0.7132599431818182 0.1829903846153846 0.08995738636363626 0.07271153846153847
0 0.8456889204545455 0.6443461538461539 0.053707386363636284 0.05911538461538463
0 0.43776988636363634 0.5394807692307692 0.06474431818181824 0.062192307692307644
0 0.7657883522727272 0.37247115384615387 0.03836647727272726 0.051942307692307677
0 0.9448721590909092 0.9570576923076922 0.11025568181818182 0.08561538461538447
0 0.6958025568181818 0.24261538461538462 0.12223011363636366 0.11892307692307695
0 0.3475639204545455 0.6655673076923078 0.014730113636363644 0.020173076923076832
0 0.5849431818181817 0.05432692307692308 0.042329545454545474 0.10865384615384616
0 0.6631250000000001 0.8350865384615385 0.025142045454545438 0.04155769230769234
0 0.08592329545454545 0.5905192307692309 0.12332386363636365 0.15684615384615386
0 0.04228693181818182 0.9425673076923077 0.08446022727272727 0.11486538461538465
0 0.0580752840909091 0.06084615384615385 0.05430397727272728 0.1216923076923077
0 0.8582528409090909 0.3656634615384615 0.07409090909090904 0.07701923076923074
0 0.948927556818182 0.9812692307692308 0.10214488636363632 0.0374615384615385
0 0.9850852272727273 0.7591442307692308 0.029829545454545456 0.07378846153846155
0 0.5616477272727273 0.40216346153846155 0.1068181818181818 0.1977115384615384
0 0.7878764204545454 0.18746153846153843 0.08203125 0.08453846153846152
0 0.7528196022727273 0.7183173076923076 0.06535511363636362 0.15044230769230763
0 0.9657741477272727 0.5784326923076922 0.06845170454545463 0.12071153846153854
0 0.7979332386363637 0.7638076923076923 0.07566761363636361 0.0845384615384616
0 0.4204900568181818 0.2828846153846154 0.13254261363636363 0.28923076923076924
0 0.45890625 0.776673076923077 0.0741761363636364 0.12611538461538468
0 0.012017045454545456 0.5148557692307693 0.02403409090909091 0.09171153846153846
0 0.4541122159090909 0.9789615384615384 0.03762784090909092 0.04207692307692307
0 0.2647727272727272 0.9268365384615386 0.1449431818181818 0.12028846153846157
0 0.8029616477272729 0.23062500000000002 0.03492897727272732 0.034019230769230795
0 0.9461150568181819 0.9811442307692307 0.0952982954545455 0.03771153846153849
0 0.31216619318181815 0.3061923076923077 0.07098011363636364 0.12684615384615383
0 0.1198153409090909 0.27092307692307693 0.051335227272727275 0.0651923076923077
0 0.27507812499999995 0.4514134615384615 0.06742897727272727 0.13236538461538458
0 0.8061363636363637 0.3414807692307692 0.04974431818181815 0.06303846153846154
0 0.8650071022727274 0.8073269230769231 0.02990056818181812 0.04692307692307688
0 0.5990980113636364 0.96375 0.09603693181818183 0.07249999999999998
0 0.7428977272727273 0.399875 0.034914772727272704 0.07594230769230771
0 0.9593252840909091 0.6991442307692308 0.08095170454545456 0.19163461538461535
0 0.2771590909090909 0.4543846153846154 0.06073863636363635 0.11915384615384611
0 0.7273508522727272 0.03802884615384615 0.09223011363636364 0.0760576923076923
0 0.2087997159090909 0.8477692307692308 0.09776988636363636 0.18569230769230768
0 0.30568892045454543 0.41718269230769234 0.06262784090909092 0.08263461538461538
0 0.7016193181818182 0.5044615384615384 0.08096590909090917 0.1210769230769231
0 0.4091335227272727 0.7351153846153846 0.09741477272727271 0.11507692307692313
0 0.1085653409090909 0.8906057692307693 0.16323863636363634 0.10244230769230765
0 0.9520170454545455 0.01725 0.09596590909090902 0.0345
0 0.07004971590909091 0.8238749999999999 0.08038352272727273 0.09848076923076919
0 0.7081036931818182 0.40220192307692304 0.05634943181818184 0.1250192307692308
0 0.9662997159090909 0.4528846153846154 0.06740056818181825 0.1597692307692308
0 0.848203125 0.2148557692307692 0.04921875000000013 0.04048076923076922
0 0.6674715909090909 0.03375 0.15025568181818177 0.0675
0 0.7311221590909092 0.03731730769230769 0.09022727272727278 0.07463461538461538
0 0.8853693181818181 0.1799326923076923 0.05159090909090916 0.10028846153846155
0 0.6787357954545455 0.37946153846153846 0.07857954545454544 0.16907692307692304
0 0.3576775568181818 0.6124807692307692 0.03282670454545456 0.10665384615384622
0 0.49323863636363635 0.43447115384615387 0.1343181818181818 0.18351923076923074
0 0.5470880681818181 0.22908653846153845 0.12278409090909091 0.15182692307692305
0 0.3907457386363636 0.182625 0.1052982954545454 0.18159615384615385
0 0.15433948863636363 0.10347115384615385 0.14419034090909089 0.20525000000000002
0 0.953203125 0.2868557692307692 0.09359374999999998 0.13001923076923078
0 0.8438352272727272 0.4235192307692308 0.13201704545454537 0.1862692307692308
0 0.7112428977272727 0.603625 0.16538352272727266 0.1723269230769231
0 0.9306178977272727 0.3565288461538461 0.10291193181818188 0.14113461538461541
0 0.6854829545454545 0.8901442307692308 0.12488636363636357 0.21971153846153846
0 0.6140482954545455 0.7482211538461538 0.10741477272727273 0.13075
0 0.26186079545454544 0.9247692307692308 0.13644886363636363 0.13357692307692315
0 0.20951704545454544 0.6453942307692309 0.16767045454545457 0.1931346153846154
0 0.2967258522727273 0.4792692307692308 0.13342329545454545 0.18665384615384617
0 0.2781818181818182 0.08867307692307692 0.17301136363636366 0.10642307692307693
0 0.394140625 0.8927019230769232 0.13200284090909092 0.19963461538461538
0 0.6735866477272728 0.1335 0.17973011363636368 0.13773076923076924
0 0.2779616477272727 0.9927307692307693 0.05007102272727273 0.014538461538461434
0 0.6140269886363636 0.24089423076923075 0.0595596590909091 0.11559615384615385
0 0.7110227272727273 0.18221153846153845 0.09860795454545448 0.06734615384615386
0 0.6751704545454547 0.7334711538461538 0.10397727272727271 0.10071153846153837
0 0.06740056818181818 0.8876538461538462 0.06957386363636363 0.09719230769230773
0 0.7547230113636364 0.7185961538461537 0.060497159090909136 0.14623076923076928
0 0.2963778409090909 0.42207692307692307 0.033465909090909095 0.052884615384615384
0 0.9357883522727274 0.8696923076923078 0.06589488636363634 0.11103846153846156
0 0.8988068181818182 0.8511826923076923 0.05019886363636352 0.06432692307692306
0 0.8645241477272727 0.8096153846153846 0.03271306818181814 0.04915384615384605
0 0.8398721590909091 0.8129615384615385 0.07394886363636356 0.11042307692307696
0 0.799090909090909 0.7604711538461538 0.0703693181818183 0.07340384615384607
0 0.9084446022727274 0.773826923076923 0.07484374999999992 0.10011538461538462
0 0.9845880681818181 0.7622980769230769 0.0308238636363637 0.07221153846153848
0 0.959268465909091 0.7010096153846154 0.08146306818181821 0.18990384615384615
0 0.8255326704545454 0.723153846153846 0.09455965909090916 0.07038461538461532
0 0.8022301136363637 0.6476057692307692 0.05602272727272735 0.09648076923076915
0 0.31541193181818183 0.4060673076923077 0.03275568181818182 0.05275000000000001
0 0.8739346590909091 0.6542884615384615 0.11250000000000006 0.08192307692307686
0 0.845703125 0.6391153846153846 0.040781250000000054 0.06734615384615392
0 0.8766264204545454 0.7410576923076924 0.049758522727272686 0.11103846153846156
0 0.8107386363636363 0.5772307692307692 0.06588068181818181 0.09769230769230772
0 0.8595951704545454 0.5623653846153845 0.11876420454545457 0.11407692307692306
0 0.9617329545454545 0.5632692307692307 0.0765340909090909 0.09646153846153852
0 0.8929900568181818 0.501375 0.06544034090909098 0.05036538461538461
0 0.7051207386363636 0.4828173076923077 0.05490056818181823 0.06713461538461532
0 0.754481534090909 0.4663365384615385 0.07660511363636364 0.06532692307692313
0 0.6781107954545454 0.388125 0.07880681818181821 0.17501923076923082
0 0.8949289772727272 0.9559903846153847 0.018238636363636408 0.02205769230769236
0 0.7090980113636364 0.40820192307692305 0.05578125000000005 0.10728846153846153
0 0.7726349431818181 0.4324711538461538 0.04029829545454546 0.0815192307692308
0 0.7423082386363636 0.3989134615384615 0.032769886363636355 0.07432692307692303
0 0.8465696022727273 0.42078846153846156 0.13325284090909084 0.17923076923076928
0 0.9655539772727273 0.45525 0.06889204545454546 0.15326923076923074
0 0.95671875 0.4171538461538462 0.07463068181818176 0.16611538461538466
0 0.7438139204545454 0.30509615384615385 0.058877840909090894 0.10250000000000002
0 0.7666619318181819 0.3692403846153846 0.03630681818181811 0.04975000000000001
0 0.7805610795454545 0.2865096153846154 0.046491477272727295 0.0761346153846154
0 0.7591832386363635 0.32575961538461534 0.07092329545454538 0.07675
0 0.13349431818181817 0.7739903846153846 0.11448863636363636 0.12759615384615378
0 0.8076420454545453 0.3383173076923077 0.04559659090909094 0.05274999999999996
0 0.8131818181818182 0.28497115384615385 0.0425000000000001 0.08032692307692307
0 0.8572301136363637 0.36918269230769235 0.08102272727272722 0.06532692307692307
0 0.8607741477272728 0.30085576923076923 0.07660511363636373 0.1288653846153846
0 0.9313849431818181 0.3517980769230769 0.09740056818181825 0.13725
0 0.7662784090909092 0.2406730769230769 0.04647727272727276 0.06353846153846153
0 0.8041264204545455 0.2304807692307692 0.03541193181818191 0.03476923076923074
0 0.7921732954545455 0.19301923076923078 0.07880681818181805 0.07973076923076922
0 0.8475213068181818 0.21429807692307692 0.046036931818181775 0.045557692307692306
0 0.8979900568181818 0.2595480769230769 0.0876562499999999 0.09051923076923075
0 0.6151420454545454 0.7550288461538461 0.1031534090909091 0.11809615384615378
0 0.9646235795454546 0.29941346153846154 0.06950284090909084 0.09709615384615386
0 0.39522727272727276 0.9000865384615384 0.1310227272727273 0.17686538461538456
0 0.9689204545454545 0.22718269230769228 0.06215909090909089 0.18040384615384614
0 0.9360653409090909 0.17353846153846153 0.08235795454545457 0.1510384615384615
0 0.88546875 0.18015384615384616 0.05068181818181827 0.09953846153846155
0 0.9795667613636364 0.13335576923076922 0.04086647727272725 0.05448076923076924
0 0.8496164772727273 0.1458653846153846 0.05843750000000014 0.0941153846153846
0 0.4056321022727273 0.4632788461538461 0.0920880681818182 0.13724999999999996
0 0.8206178977272728 0.13956730769230768 0.07393465909090903 0.06832692307692308
0 0.7712571022727271 0.08742307692307692 0.05490056818181815 0.14146153846153847
0 0.2996946022727273 0.3554230769230769 0.06419034090909094 0.07973076923076924
0 0.8270383522727273 0.04425961538461539 0.046036931818181935 0.08751923076923078
0 0.49284801136363643 0.4342019230769231 0.12927556818181826 0.1798269230769231
0 0.9186860795454546 0.07992307692307693 0.11865056818181814 0.06892307692307692
0 0.9872869318181817 0.0848076923076923 0.02542613636363633 0.054230769230769235
0 0.9769460227272727 0.03878846153846154 0.045852272727272686 0.04496153846153846
0 0.9315980113636364 0.03897115384615385 0.045980113636363645 0.04586538461538461
0 0.8119815340909091 0.10359615384615384 0.03098011363636356 0.05034615384615383
0 0.9521732954545455 0.020038461538461536 0.09519886363636361 0.04003846153846153
0 0.03049715909090909 0.3060576923076923 0.06079545454545454 0.12588461538461537
0 0.02534090909090909 0.6470384615384616 0.050596590909090904 0.14
