0 0.43263494318181817 0.10814423076923077 0.033508522727272776 0.04498076923076925
0 0.6622088068181818 0.7149711538461538 0.041548295454545456 0.03586538461538468
0 0.659609375 0.68 0.052968749999999946 0.06503846153846153
0 0.7610227272727272 0.7378365384615384 0.05218750000000001 0.0907115384615385
0 0.5645667613636364 0.6594230769230769 0.07634943181818182 0.10407692307692308
0 0.028437499999999994 0.1933173076923077 0.05619318181818181 0.07609615384615386
0 0.6211789772727273 0.5119903846153846 0.048295454545454544 0.07313461538461538
0 0.5492400568181818 0.4422019230769231 0.0368892045454545 0.05801923076923075
0 0.5228835227272728 0.3128173076923077 0.11451704545454545 0.1564423076923077
0 0.4784730113636364 0.25639423076923074 0.06776988636363633 0.08578846153846154
0 0.6703835227272728 0.2991057692307692 0.06985795454545456 0.10724999999999997
0 0.14004261363636364 0.5858173076923077 0.08289772727272728 0.07063461538461542
0 0.09838778409090909 0.28847115384615385 0.12009943181818183 0.1653269230769231
0 0.010241477272727272 0.2576346153846154 0.019801136363636365 0.08211538461538459
0 0.22980823863636363 0.445125 0.10634943181818182 0.0925192307692308
0 0.5424857954545454 0.21695192307692307 0.09036931818181819 0.11005769230769231
0 0.633252840909091 0.12015384615384617 0.03193181818181821 0.04957692307692308
0 0.22063920454545452 0.14626923076923076 0.0658522727272727 0.09696153846153845
0 0.9957599431818182 0.41269230769230775 0.008480113636363674 0.037538461538461555
0 0.861690340909091 0.4629423076923077 0.053437500000000006 0.054346153846153884
0 0.24446732954545458 0.018 0.047656249999999976 0.036
0 0.26857954545454543 0.20081730769230768 0.048522727272727266 0.07078846153846154
0 0.9596022727272726 0.859625 0.060369318181818184 0.07194230769230762
0 0.04905539772727272 0.24121153846153845 0.05620738636363636 0.06569230769230769
0 0.4212286931818181 0.11752884615384616 0.05978693181818178 0.07467307692307693
0 0.18249289772727273 0.35015384615384615 0.06995738636363637 0.1127692307692308
0 0.3029545454545455 0.1636634615384615 0.0537215909090909 0.0668653846153846
0 0.36910511363636367 0.5017884615384616 0.06306818181818183 0.09088461538461537
0 0.935596590909091 0.31550961538461536 0.031392045454545485 0.04209615384615382
0 0.898515625 0.4635288461538462 0.032343750000000136 0.05005769230769231
0 0.012265625 0.9503173076923076 0.023053977272727275 0.08648076923076918
0 0.9294176136363635 0.6176538461538462 0.03639204545454546 0.10753846153846146
0 0.0816122159090909 0.9612596153846155 0.02910511363636364 0.029557692307692316
0 0.8732386363636363 0.9721730769230769 0.08289772727272729 0.05565384615384615
0 0.041171875 0.2951346153846154 0.06470170454545454 0.04980769230769226
0 0.14509232954545456 0.6304326923076923 0.08248579545454547 0.07663461538461543
0 0.26558948863636367 0.6942115384615385 0.07924715909090908 0.11003846153846158
0 0.025809659090909088 0.38262499999999994 0.0509375 0.08540384615384615
0 0.6577911931818182 0.9792596153846155 0.03896306818181819 0.04148076923076922
0 0.46704545454545454 0.8747115384615385 0.07764204545454541 0.10126923076923082
0 0.6350710227272728 0.8094903846153846 0.03505681818181819 0.05309615384615387
0 0.5043110795454545 0.7279326923076923 0.07322443181818183 0.10371153846153848
