0 0.19485085227272728 0.1630096153846154 0.03134943181818183 0.07275000000000002
0 0.6437499999999999 0.39410576923076923 0.09673295454545458 0.13275
0 0.29897727272727276 0.674875 0.3487215909090909 0.29632692307692315
0 0.18046164772727272 0.7014230769230769 0.05342329545454545 0.1143076923076923
0 0.4938352272727272 0.4469615384615384 0.09585227272727267 0.08557692307692308
0 0.4977627840909091 0.5368846153846154 0.07282670454545452 0.11792307692307685
0 0.21716619318181818 0.6765769230769232 0.05180397727272727 0.09773076923076922
0 0.23388494318181818 0.7061153846153846 0.07953125000000001 0.09165384615384609
0 0.29363636363636364 0.6622211538461539 0.05056818181818185 0.09663461538461539
0 0.32565340909090906 0.6409615384615384 0.05749999999999999 0.06957692307692309
0 0.37897727272727266 0.6196826923076924 0.054801136363636344 0.09201923076923081
0 0.6643821022727273 0.1817692307692308 0.1214346590909091 0.20203846153846156
0 0.30256392045454544 0.023125 0.04416193181818182 0.04625
0 0.36691761363636366 0.5510865384615384 0.06017045454545456 0.0515192307692307
0 0.33268465909090905 0.5788269230769231 0.06832386363636363 0.08826923076923072
0 0.6803267045454546 0.521375 0.021221590909090905 0.03351923076923078
0 0.5007386363636364 0.6053365384615385 0.08477272727272728 0.12355769230769231
0 0.55875 0.6412788461538461 0.07332386363636365 0.15121153846153845
0 0.5212500000000001 0.7232788461538462 0.05482954545454541 0.15178846153846154
0 0.460859375 0.7335480769230769 0.07526988636363638 0.149673076923077
0 0.43894176136363633 0.7832211538461538 0.06802556818181817 0.12063461538461531
0 0.36197443181818184 0.8164423076923077 0.12025568181818186 0.1053076923076923
0 0.5514417613636364 0.7666153846153846 0.10109375000000002 0.2058846153846154
0 0.1654971590909091 0.53575 0.13372159090909094 0.10019230769230768
0 0.6398721590909091 0.7790288461538462 0.09053977272727266 0.2330192307692308
0 0.6654048295454545 0.9723076923076923 0.08651988636363632 0.05538461538461541
0 0.03623579545454546 0.655298076923077 0.07247159090909092 0.1301346153846153
0 0.5917684659090909 0.9252596153846153 0.06563920454545452 0.12632692307692306
0 0.2480255681818182 0.9042211538461539 0.0491193181818182 0.0597884615384616
0 0.6231605113636364 0.5847692307692307 0.09816761363636366 0.15026923076923074
0 0.4670383522727273 0.9670769230769231 0.12927556818181818 0.06584615384615386
0 0.5050710227272727 0.9238749999999999 0.05244318181818176 0.05836538461538455
0 0.4785653409090909 0.9254519230769231 0.055937499999999994 0.061519230769230784
0 0.46578125 0.8674711538461539 0.1068181818181818 0.07324999999999995
0 0.6962997159090909 0.19315384615384615 0.031747159090909124 0.035615384615384604
0 0.43571732954545456 0.9302403846153846 0.08640625000000006 0.11259615384615387
0 0.6843394886363636 0.922923076923077 0.13197443181818186 0.08676923076923078
0 0.3817542613636364 0.8863269230769231 0.0816903409090909 0.07984615384615382
0 0.3688636363636364 0.9588365384615385 0.08238636363636363 0.08232692307692308
0 0.2719602272727273 0.9622980769230769 0.03125 0.03751923076923075
0 0.2822869318181818 0.9045192307692308 0.15633522727272728 0.12949999999999995
0 0.3038991477272727 0.9442884615384616 0.08884943181818183 0.08676923076923078
0 0.5434161931818182 0.9034326923076923 0.1436221590909091 0.1931346153846154
0 0.2569886363636364 0.8202307692307692 0.09142045454545453 0.09980769230769237
0 0.07126420454545455 0.8775769230769231 0.10764204545454546 0.11046153846153846
0 0.6750568181818182 0.5119903846153846 0.09224431818181818 0.1178653846153846
0 0.9629119318181818 0.5121346153846154 0.0741761363636364 0.15607692307692306
0 0.9795099431818183 0.7088173076923078 0.04098011363636367 0.05248076923076927
0 0.023792613636363636 0.8313653846153847 0.047159090909090914 0.22207692307692312
0 0.05090909090909091 0.8280865384615385 0.024772727272727276 0.2335576923076923
0 0.076328125 0.7592788461538461 0.10106534090909092 0.1610192307692308
0 0.064921875 0.6799615384615384 0.05867897727272728 0.06588461538461536
0 0.8671803977272726 0.5272115384615385 0.03143465909090908 0.11415384615384612
0 0.7991264204545455 0.5351730769230768 0.1096732954545455 0.03711538461538464
0 0.9109801136363636 0.6065673076923076 0.0725000000000001 0.1080961538461538
0 0.9118536931818181 0.49923076923076926 0.0867187500000001 0.12830769230769226
0 0.059730113636363644 0.5678173076923076 0.11045454545454546 0.1312115384615385
0 0.8772514204545455 0.6791346153846154 0.11413352272727276 0.1006153846153846
0 0.8500710227272728 0.5924807692307693 0.06440340909090914 0.09353846153846163
0 0.9681889204545455 0.6303557692307692 0.06359374999999998 0.10325
0 0.7454474431818181 0.6314326923076924 0.08657670454545453 0.11321153846153836
0 0.8989275568181818 0.9255192307692307 0.06973011363636368 0.14896153846153842
0 0.8535724431818181 0.5358173076923077 0.07132102272727278 0.04786538461538459
0 0.8702130681818182 0.9376442307692309 0.03610795454545465 0.07271153846153847
0 0.16367187500000002 0.9329423076923077 0.12166193181818183 0.13411538461538464
0 0.09536221590909091 0.9594903846153846 0.15169034090909092 0.08101923076923076
0 0.9901704545454545 0.8439807692307693 0.019659090909090956 0.072
0 0.2663920454545455 0.040759615384615394 0.07735795454545456 0.08148076923076925
0 0.872762784090909 0.7789326923076922 0.13046875000000002 0.12001923076923082
0 0.08993607954545456 0.9743653846153847 0.03441761363636364 0.037230769230769255
0 0.7868678977272728 0.5980288461538462 0.08348011363636361 0.14467307692307685
0 0.12530539772727273 0.44503846153846155 0.14839488636363637 0.11584615384615386
0 0.1768181818181818 0.8364326923076923 0.10946022727272725 0.0890192307692307
0 0.7003125 0.5205288461538461 0.023721590909090894 0.03351923076923078
0 0.30111505681818185 0.19826923076923075 0.060667613636363645 0.15
0 0.12071022727272727 0.3759519230769231 0.08497159090909091 0.06640384615384616
0 0.9262499999999999 0.06520192307692307 0.0640909090909091 0.08790384615384614
0 0.9790553977272727 0.013788461538461538 0.041889204545454556 0.027576923076923075
0 0.9179119318181819 0.32213461538461535 0.09571022727272727 0.19584615384615386
0 0.8354332386363637 0.2861826923076923 0.08200284090909093 0.14767307692307693
0 0.7963494318181819 0.04938461538461539 0.11048295454545451 0.09830769230769232
0 0.747862215909091 0.2942403846153846 0.11651988636363632 0.1510576923076923
0 0.7669176136363636 0.1701923076923077 0.12136363636363635 0.13715384615384615
0 0.7061008522727273 0.03255769230769231 0.10271306818181819 0.06496153846153846
0 0.6684446022727273 0.06274999999999999 0.08453124999999999 0.06392307692307692
0 0.04643465909090909 0.03748076923076923 0.09286931818181818 0.07496153846153845
0 0.6222372159090909 0.1289423076923077 0.10359375000000001 0.08007692307692309
0 0.657762784090909 0.30993269230769227 0.12373579545454548 0.1038653846153846
0 0.5822727272727273 0.2357692307692308 0.054886363636363615 0.0788846153846154
0 0.5995738636363637 0.09439423076923076 0.0884943181818182 0.11578846153846152
0 0.6380539772727273 0.03451923076923077 0.07616477272727273 0.06903846153846153
0 0.5752201704545455 0.021932692307692306 0.06609375000000005 0.04378846153846154
0 0.5689772727272727 0.06317307692307693 0.07707386363636362 0.0706923076923077
0 0.5082883522727273 0.03460576923076923 0.07251420454545456 0.06921153846153846
0 0.5205610795454546 0.16083653846153848 0.13296874999999994 0.11298076923076925
0 0.5086931818181818 0.09146153846153847 0.08250000000000006 0.0685
0 0.23324573863636366 0.5030961538461539 0.11098011363636365 0.06480769230769229
0 0.44776278409090914 0.1504326923076923 0.08893465909090903 0.06867307692307692
0 0.4725568181818182 0.03992307692307693 0.06548295454545458 0.07984615384615386
0 0.4154900568181818 0.06648076923076923 0.1164346590909091 0.13296153846153846
0 0.505419034090909 0.23170192307692308 0.09811079545454553 0.08613461538461537
0 0.38401278409090905 0.15652884615384616 0.08254261363636362 0.07913461538461539
0 0.441122159090909 0.18854807692307693 0.05687500000000003 0.05659615384615386
0 0.3814772727272727 0.2680961538461538 0.14599431818181818 0.19403846153846158
0 0.3678338068181818 0.1025 0.061718750000000024 0.07219230769230768
0 0.6645596590909091 0.3805769230769231 0.11809659090909097 0.09096153846153848
0 0.3751136363636364 0.026009615384615384 0.04639204545454549 0.05201923076923077
0 0.3417471590909091 0.009076923076923076 0.04661931818181817 0.018153846153846152
0 0.3441122159090909 0.05797115384615384 0.04217329545454549 0.08863461538461538
0 0.32910511363636363 0.06396153846153847 0.05616477272727276 0.08046153846153847
0 0.27306107954545455 0.18440384615384617 0.06703125000000004 0.09657692307692307
0 0.2731534090909091 0.14008653846153846 0.09687500000000003 0.14263461538461542
0 0.23333806818181815 0.13178846153846155 0.06803977272727274 0.10507692307692307
0 0.23056107954545454 0.05501923076923077 0.05768465909090911 0.11
0 0.11730823863636365 0.06439423076923077 0.05731534090909092 0.07898076923076924
0 0.025809659090909095 0.12002884615384617 0.05161931818181819 0.1160576923076923
0 0.059865056818181814 0.12376923076923077 0.051349431818181815 0.09811538461538462
0 0.03449573863636363 0.17175961538461537 0.06899147727272727 0.0913269230769231
0 0.5606178977272727 0.4079519230769231 0.06669034090909089 0.15421153846153846
0 0.09377840909090908 0.18096153846153845 0.055085227272727265 0.11723076923076924
0 0.16595880681818184 0.07956730769230769 0.08845170454545453 0.0886346153846154
0 0.8710724431818182 0.35533653846153845 0.05930397727272727 0.1181346153846154
0 0.13982954545454546 0.14598076923076922 0.07599431818181818 0.11315384615384615
0 0.19119318181818182 0.11453846153846155 0.07454545454545455 0.055
0 0.10716619318181818 0.14679807692307695 0.044048295454545465 0.09840384615384616
0 0.08514914772727272 0.08020192307692307 0.0457528409090909 0.08282692307692308
0 0.1924502840909091 0.20411538461538462 0.04532670454545454 0.0711153846153846
0 0.15053267045454544 0.1914519230769231 0.048565340909090905 0.11982692307692308
0 0.183515625 0.24625000000000002 0.10126420454545455 0.1498846153846154
0 0.193984375 0.020403846153846154 0.07629261363636362 0.04080769230769231
0 0.024609375 0.3000096153846154 0.04921875 0.10348076923076924
0 0.11709517045454546 0.24776923076923077 0.08569602272727271 0.10130769230769232
0 0.037492897727272725 0.2474326923076923 0.07490056818181817 0.09190384615384617
0 0.0711221590909091 0.2903557692307693 0.07036931818181819 0.0874807692307692
0 0.011874999999999998 0.361 0.023749999999999997 0.07357692307692305
0 0.069296875 0.3388269230769231 0.04478693181818181 0.04219230769230769
0 0.19298295454545453 0.3573653846153846 0.12676136363636362 0.0997307692307692
0 0.1166122159090909 0.3238365384615385 0.06367897727272728 0.052403846153846155
0 0.05443892045454546 0.3762307692307692 0.10532670454545455 0.050923076923076904
0 0.23475142045454545 0.24835576923076919 0.09154829545454547 0.1279807692307692
0 0.5903977272727272 0.4472692307692308 0.08156250000000002 0.15973076923076923
0 0.06740767045454545 0.41379807692307696 0.04166193181818181 0.07286538461538464
0 0.02833096590909091 0.4646057692307693 0.05666193181818182 0.13609615384615387
0 0.13110795454545454 0.6370288461538461 0.03923295454545455 0.04044230769230764
0 0.13624289772727272 0.7103461538461538 0.06055397727272729 0.11438461538461542
0 0.4319673295454546 0.42158653846153843 0.1264346590909091 0.07067307692307692
0 0.3069247159090909 0.3650096153846154 0.20475852272727268 0.20125
0 0.43580255681818175 0.3306923076923077 0.07254261363636362 0.12542307692307691
0 0.20285511363636363 0.5973365384615384 0.08517045454545454 0.10705769230769234
0 0.27262073863636366 0.5872211538461539 0.09683238636363635 0.16921153846153847
0 0.47494318181818185 0.32334615384615384 0.05139204545454546 0.08888461538461538
0 0.19651988636363635 0.4441057692307692 0.06977272727272726 0.06875
0 0.4620667613636363 0.3964423076923077 0.062428977272727254 0.05746153846153845
0 0.48834517045454545 0.39191346153846157 0.046321022727272745 0.07263461538461541
0 0.13241477272727273 0.026240384615384613 0.09642045454545455 0.05248076923076923
0 0.2800284090909091 0.4758557692307692 0.09852272727272725 0.06005769230769229
0 0.5241903409090909 0.339826923076923 0.0672727272727272 0.15465384615384614
0 0.5348863636363637 0.33890384615384617 0.03196022727272727 0.1252692307692308
0 0.5819460227272727 0.32381730769230765 0.07772727272727277 0.07101923076923078
0 0.6763778409090908 0.16741346153846154 0.034914772727272704 0.0421346153846154
0 0.44794744318181823 0.5063173076923076 0.11478693181818182 0.12778846153846152
0 0.40359375 0.569875 0.059545454545454485 0.1407884615384615
