0 0.7039346590909091 0.6764134615384616 0.06698863636363632 0.08840384615384621
0 0.02485795454545455 0.08885576923076922 0.0496875 0.07471153846153845
0 0.9444886363636364 0.7206250000000001 0.08758522727272723 0.15690384615384612
0 0.9347798295454546 0.9469134615384615 0.08657670454545445 0.10617307692307688
0 0.3030965909090909 0.021423076923076923 0.07872159090909094 0.042846153846153846
0 0.08144886363636364 0.5208942307692308 0.07872159090909091 0.1234807692307693
0 0.18045454545454545 0.18852884615384616 0.08704545454545455 0.08221153846153846
0 0.9686292613636364 0.2633846153846154 0.06274147727272722 0.10542307692307694
0 0.3625568181818182 0.31071153846153843 0.027301136363636402 0.04534615384615387
0 0.6995809659090909 0.56725 0.12191761363636361 0.071423076923077
0 0.8566690340909091 0.10935576923076921 0.06884943181818186 0.1230576923076923
0 0.04258522727272727 0.2243173076923077 0.06855113636363636 0.08836538461538462
0 0.5270028409090909 0.9560961538461538 0.10332386363636364 0.08780769230769235
0 0.8528835227272729 0.030365384615384617 0.10284090909090905 0.06053846153846154
0 0.48765625 0.31672115384615385 0.10031250000000001 0.1258269230769231
0 0.6587997159090908 0.4764519230769231 0.07251420454545456 0.1541730769230769
0 0.8107741477272729 0.8733173076923076 0.11387784090909085 0.17571153846153847
0 0.909872159090909 0.15895192307692307 0.07744318181818179 0.1636730769230769
0 0.8918252840909091 0.7371730769230769 0.019758522727272684 0.028576923076923104
0 0.5762428977272727 0.01260576923076923 0.024758522727272737 0.02501923076923077
0 0.6385795454545454 0.036 0.047017045454545485 0.072
0 0.024872159090909087 0.7733461538461538 0.04821022727272727 0.15984615384615386
0 0.08177556818181818 0.8466057692307692 0.08855113636363636 0.20336538461538461
0 0.54140625 0.7744615384615385 0.09193181818181814 0.14442307692307685
0 0.038323863636363635 0.4549615384615384 0.058835227272727275 0.07565384615384615
0 0.1859943181818182 0.8818173076923076 0.07161931818181819 0.18932692307692306
0 0.6703835227272728 0.021413461538461537 0.02875000000000001 0.04263461538461538
0 0.5507883522727273 0.2301153846153846 0.1264346590909091 0.1172307692307692
0 0.03569602272727273 0.9336346153846155 0.07116477272727273 0.06038461538461534
0 0.17071022727272728 0.24818269230769233 0.028607954545454548 0.046211538461538436
0 0.13410511363636363 0.21853846153846154 0.07548295454545455 0.05311538461538463
0 0.5558948863636364 0.8526826923076922 0.10281249999999999 0.10813461538461543
0 0.8857954545454546 0.8635673076923077 0.06329545454545447 0.1122115384615385
0 0.5959161931818181 0.052826923076923084 0.08339488636363633 0.06642307692307693
0 0.7829758522727274 0.9361250000000001 0.04052556818181814 0.12128846153846164
0 0.6492542613636364 0.617576923076923 0.14686079545454545 0.0904615384615385
0 0.7023366477272727 0.7223269230769231 0.17063920454545453 0.16392307692307695
0 0.44302556818181815 0.45139423076923074 0.12460227272727277 0.20517307692307693
0 0.35569602272727274 0.8506442307692308 0.1609375 0.1367115384615384
0 0.3446377840909091 0.7341057692307693 0.05910511363636366 0.09771153846153846
0 0.9300852272727272 0.42826923076923074 0.13982954545454554 0.11311538461538466
0 0.14310369318181818 0.6791153846153846 0.07978693181818185 0.16569230769230775
0 0.8918252840909091 0.7587211538461539 0.06899147727272735 0.12378846153846154
0 0.21739346590909092 0.04461538461538461 0.1179403409090909 0.08923076923076922
0 0.4110298295454546 0.9261346153846155 0.18785511363636365 0.14773076923076922
0 0.30443892045454546 0.07723076923076923 0.2025710227272727 0.09965384615384613
0 0.8831107954545455 0.24491346153846152 0.12468749999999997 0.1599807692307692
0 0.0732528409090909 0.10599038461538461 0.1121590909090909 0.19625
0 0.31977272727272726 0.4469711538461539 0.030482954545454556 0.04490384615384614
0 0.9654971590909092 0.8134326923076923 0.06900568181818188 0.20755769230769233
0 0.7512926136363636 0.21564423076923075 0.1225852272727272 0.15144230769230765
0 0.8824431818181818 0.8294519230769231 0.011392045454545429 0.016326923076923093
0 0.520390625 0.485173076923077 0.09410511363636363 0.14350000000000007
0 0.11178977272727274 0.1381826923076923 0.08034090909090909 0.1416346153846154
0 0.7489772727272727 0.9237596153846154 0.05056818181818185 0.07390384615384617
0 0.3673295454545455 0.3138846153846154 0.09644886363636364 0.17411538461538462
0 0.25762073863636364 0.05340384615384615 0.023508522727272704 0.03419230769230769
0 0.6077272727272727 0.013125 0.03568181818181819 0.02625
0 0.8862997159090908 0.9425769230769231 0.07569602272727284 0.06303846153846149
0 0.27065340909090907 0.035307692307692304 0.015454545454545448 0.028192307692307697
0 0.7470951704545453 0.10064423076923078 0.15365056818181813 0.20128846153846155
0 0.7594460227272729 0.6471634615384615 0.01156249999999998 0.015403846153846136
0 0.15103693181818184 0.044250000000000005 0.1222443181818182 0.08850000000000001
0 0.9161931818181818 0.8049615384615385 0.04437500000000001 0.06257692307692311
0 0.020120738636363638 0.2520769230769231 0.04001420454545455 0.1420769230769231
0 0.9443252840909092 0.9719711538461538 0.04873579545454554 0.05605769230769227
