0 0.5432883522727273 0.5452211538461538 0.07839488636363635 0.08455769230769236
0 0.11802556818181818 0.4398365384615384 0.10647727272727271 0.0868269230769231
0 0.968046875 0.05931730769230769 0.06390625000000001 0.11863461538461538
0 0.4492400568181818 0.6987980769230769 0.06546874999999996 0.1032884615384616
0 0.8147940340909091 0.3472980769230769 0.07725852272727271 0.16175000000000003
0 0.44573153409090904 0.23923076923076925 0.11012784090909095 0.12857692307692312
0 0.20165482954545455 0.6657211538461537 0.1345596590909091 0.14244230769230767
0 0.8764772727272727 0.41316346153846156 0.09821022727272725 0.09567307692307692
0 0.45205255681818185 0.235125 0.05910511363636366 0.13405769230769232
0 0.03155539772727273 0.5490961538461538 0.06311079545454545 0.08400000000000002
0 0.44226562500000005 0.39649038461538466 0.08134943181818179 0.13175000000000003
0 0.6280752840909091 0.1508557692307692 0.027059659090909106 0.05128846153846154
0 0.12892755681818183 0.36350961538461535 0.08802556818181818 0.12940384615384615
0 0.6273508522727272 0.09467307692307692 0.12231534090909085 0.18026923076923076
0 0.3928551136363637 0.5035673076923077 0.05639204545454544 0.19186538461538463
0 0.3826278409090909 0.4431057692307693 0.035937499999999935 0.10336538461538466
0 0.37988636363636363 0.3231826923076923 0.07036931818181817 0.17024999999999998
0 0.3863707386363636 0.712 0.08933238636363634 0.06957692307692309
0 0.685625 0.0944326923076923 0.09454545454545463 0.16121153846153846
0 0.7590625 0.04069230769230769 0.11150568181818182 0.07815384615384614
0 0.38537642045454545 0.36235576923076923 0.08333806818181816 0.10809615384615386
0 0.3292329545454546 0.4491826923076923 0.07585227272727274 0.1155192307692308
0 0.7292471590909091 0.5652211538461539 0.07735795454545452 0.19863461538461538
0 0.07149857954545455 0.25767307692307695 0.13078125000000002 0.09023076923076921
0 0.8204048295454546 0.07628846153846154 0.19089488636363636 0.15257692307692308
0 0.42779829545454545 0.646798076923077 0.050397727272727295 0.07701923076923078
0 0.7983593750000001 0.5344903846153847 0.06586647727272728 0.08309615384615392
0 0.7926207386363636 0.5540769230769231 0.05839488636363622 0.09119230769230761
0 0.05482244318181818 0.5678173076923076 0.10964488636363635 0.09648076923076926
0 0.007663352272727272 0.2063076923076923 0.015326704545454544 0.11692307692307695
0 0.8772088068181819 0.8114903846153847 0.017968749999999967 0.029057692307692225
0 0.8976704545454546 0.4662403846153846 0.02894886363636363 0.039865384615384594
0 0.2139559659090909 0.3927596153846154 0.10379261363636362 0.08782692307692305
0 0.04844460227272728 0.4855288461538461 0.09558238636363638 0.11917307692307687
0 0.03502840909090909 0.09875961538461539 0.06874999999999999 0.10271153846153847
0 0.9183948863636363 0.47536538461538463 0.16321022727272724 0.05
0 0.30078835227272727 0.42316346153846157 0.03393465909090907 0.04594230769230772
0 0.32549005681818177 0.5295769230769231 0.03242897727272729 0.0452692307692307
0 0.9620596590909091 0.5159038461538461 0.07588068181818176 0.09188461538461544
0 0.9203764204545454 0.5564423076923077 0.14521306818181803 0.11215384615384615
0 0.15303267045454547 0.8589615384615384 0.03396306818181818 0.0976153846153847
0 0.4066193181818182 0.8983076923076924 0.07386363636363637 0.16215384615384615
0 0.9914914772727272 0.6375192307692308 0.01696022727272735 0.15403846153846157
0 0.20082386363636362 0.8467596153846154 0.06917613636363634 0.18217307692307697
0 0.30977272727272726 0.3937788461538461 0.0768465909090909 0.06959615384615389
0 0.6793110795454546 0.21510576923076924 0.08984375 0.0928269230769231
0 0.31151988636363637 0.5690961538461538 0.046420454545454556 0.051346153846153826
0 0.9555752840909091 0.670278846153846 0.08884943181818175 0.14390384615384613
0 0.9715269886363636 0.9131634615384616 0.056889204545454646 0.1378269230769231
0 0.34720170454545457 0.5055961538461538 0.06088068181818184 0.13376923076923078
0 0.33921875 0.58025 0.052897727272727284 0.07769230769230775
0 0.8638849431818181 0.07562500000000001 0.11691761363636372 0.1304423076923077
0 0.8404261363636365 0.01546153846153846 0.07505681818181822 0.03092307692307692
0 0.3441903409090909 0.8757019230769231 0.10437500000000002 0.08344230769230766
0 0.0685653409090909 0.9185480769230769 0.09053977272727273 0.16232692307692312
0 0.4902556818181818 0.5176923076923078 0.05951704545454542 0.10442307692307695
0 0.3302627840909091 0.9273653846153846 0.11876420454545457 0.09053846153846151
0 0.2802627840909091 0.8768365384615385 0.10899147727272726 0.12201923076923074
0 0.01919034090909091 0.96225 0.03838068181818182 0.074923076923077
0 0.2733380681818182 0.75425 0.14713068181818184 0.19807692307692307
0 0.37714488636363636 0.6228173076923077 0.13772727272727273 0.07363461538461531
0 0.10880681818181817 0.6898365384615385 0.06119318181818181 0.18386538461538454
0 0.3482244318181818 0.975326923076923 0.09082386363636363 0.04457692307692309
0 0.05599431818181819 0.6793365384615384 0.06372159090909091 0.1640192307692307
0 0.4423011363636364 0.9304038461538462 0.10031250000000001 0.13715384615384624
0 0.9493181818181817 0.0710096153846154 0.0863352272727274 0.1398653846153846
0 0.2596164772727273 0.4407403846153846 0.08931818181818181 0.14998076923076925
0 0.9503196022727273 0.17471153846153845 0.0973153409090909 0.12565384615384617
0 0.12515625 0.9646634615384615 0.031846590909090894 0.07067307692307692
0 0.5308806818181818 0.9825961538461538 0.09082386363636363 0.03480769230769235
0 0.18488636363636363 0.7531153846153846 0.06329545454545454 0.09365384615384624
0 0.6903196022727273 0.27740384615384617 0.11728693181818181 0.10403846153846155
0 0.8160795454545454 0.21254807692307692 0.09232954545454546 0.1770192307692308
0 0.8592471590909092 0.2922692307692308 0.05988636363636359 0.16484615384615384
0 0.4852272727272728 0.6184326923076923 0.08133522727272725 0.1038653846153846
0 0.9163849431818182 0.30240384615384613 0.06836647727272727 0.1553846153846154
0 0.5436008522727274 0.9913846153846153 0.03044034090909092 0.017230769230769192
0 0.14988636363636365 0.6384711538461538 0.09809659090909094 0.08909615384615392
0 0.9762855113636365 0.25882692307692307 0.047428977272727255 0.04526923076923081
0 0.5225355113636364 0.4436346153846154 0.07041193181818181 0.14019230769230764
0 0.5799715909090909 0.6138942307692308 0.11318181818181819 0.13336538461538455
0 0.4407883522727273 0.4975865384615385 0.04890624999999993 0.06890384615384618
0 0.23100142045454544 0.7298461538461538 0.03143465909090908 0.035769230769230706
0 0.6521448863636364 0.962326923076923 0.052897727272727284 0.07534615384615385
0 0.5650639204545453 0.9043846153846153 0.13024147727272728 0.15
0 0.4702414772727273 0.8324326923076923 0.07434659090909096 0.1722884615384616
0 0.2517542613636364 0.9578557692307693 0.07796875000000002 0.0842884615384615
0 0.5817755681818182 0.44825961538461545 0.07934659090909092 0.10675000000000004
0 0.172734375 0.5244038461538462 0.17649147727272727 0.1810384615384615
0 0.5967542613636364 0.8361442307692308 0.08782670454545452 0.07567307692307697
0 0.6471519886363637 0.7429134615384615 0.10779829545454551 0.17567307692307696
0 0.013444602272727273 0.8490288461538462 0.02640625 0.1413269230769231
0 0.19096590909090908 0.9748846153846153 0.05113636363636364 0.05023076923076924
0 0.6538849431818181 0.8797307692307693 0.05240056818181816 0.1303846153846154
0 0.7374786931818181 0.9456057692307693 0.10279829545454545 0.10809615384615391
0 0.3890340909090909 0.7707115384615384 0.09934659090909094 0.09365384615384613
0 0.8834446022727271 0.9484807692307693 0.05240056818181816 0.10303846153846151
0 0.8510085227272728 0.8635192307692308 0.08832386363636373 0.075
0 0.9176349431818182 0.8429038461538462 0.11078125000000001 0.13919230769230767
0 0.28780539772727276 0.6461442307692308 0.06203124999999998 0.10782692307692307
0 0.46948863636363636 0.44117307692307695 0.061392045454545414 0.11688461538461539
0 0.4265696022727273 0.5597403846153846 0.08134943181818179 0.07567307692307697
0 0.5186434659090909 0.35975961538461537 0.06686079545454553 0.1297115384615385
0 0.6437642045454546 0.2665961538461538 0.10002840909090911 0.13542307692307692
0 0.3919318181818182 0.12023076923076922 0.032840909090909094 0.03557692307692306
0 0.38334517045454547 0.06483653846153847 0.12882102272727278 0.09575
0 0.6164559659090909 0.5195384615384616 0.09580965909090908 0.12769230769230772
0 0.403046875 0.10551923076923078 0.08032670454545453 0.12926923076923078
0 0.2891335227272727 0.04841346153846154 0.11821022727272727 0.09575
0 0.6059730113636363 0.5833846153846154 0.026946022727272687 0.04053846153846151
0 0.2720809659090909 0.5695288461538461 0.06748579545454549 0.11009615384615384
0 0.5682954545454546 0.33139423076923075 0.07036931818181821 0.15809615384615386
0 0.4188352272727273 0.547923076923077 0.05389204545454545 0.046615384615384635
0 0.15828835227272728 0.1551153846153846 0.08487215909090909 0.1983461538461538
0 0.18657670454545452 0.3035288461538461 0.1263068181818182 0.10259615384615384
0 0.41517755681818175 0.16091346153846156 0.0732528409090909 0.14294230769230773
0 0.4853977272727273 0.13253846153846155 0.07426136363636368 0.12311538461538464
0 0.5427272727272727 0.12642307692307694 0.05556818181818182 0.18515384615384617
0 0.419090909090909 0.5050192307692308 0.04142045454545458 0.04730769230769235
0 0.43159090909090914 0.017480769230769234 0.04329545454545449 0.03273076923076924
0 0.36965909090909094 0.6623365384615384 0.08982954545454547 0.05540384615384616
0 0.06605113636363637 0.3808173076923077 0.11571022727272728 0.09817307692307695
0 0.5384019886363636 0.03410576923076923 0.12629261363636368 0.06790384615384616
0 0.12808948863636366 0.8294423076923076 0.12157670454545455 0.1975000000000001
0 0.8772230113636365 0.7567596153846153 0.2455539772727273 0.2425576923076923
0 0.5233806818181819 0.7154711538461538 0.0873295454545454 0.1830961538461538
0 0.6542329545454546 0.025067307692307694 0.10536931818181819 0.049826923076923074
0 0.4734517045454545 0.04868269230769231 0.08372159090909091 0.09736538461538462
0 0.6381605113636364 0.37766346153846153 0.11228693181818183 0.13040384615384615
0 0.5061647727272728 0.24557692307692305 0.07684659090909086 0.10946153846153847
0 0.8018536931818182 0.4665769230769231 0.08882102272727269 0.12161538461538464
0 0.41134943181818184 0.26821153846153845 0.059886363636363675 0.11823076923076924
0 0.04194602272727273 0.30930769230769234 0.0834090909090909 0.11180769230769227
0 0.649140625 0.4252980769230769 0.08035511363636362 0.1027115384615385
0 0.7060298295454546 0.3698942307692308 0.03941761363636364 0.08917307692307694
0 0.47647727272727275 0.32293269230769234 0.08832386363636356 0.0925576923076923
0 0.6865696022727273 0.4651634615384615 0.07237215909090908 0.10944230769230763
0 0.6875639204545455 0.5827211538461539 0.09132102272727284 0.12971153846153843
0 0.7317329545454545 0.4046923076923077 0.06886363636363639 0.13580769230769232
0 0.6738210227272727 0.6221442307692308 0.12724431818181817 0.12363461538461543
0 0.763671875 0.34422115384615387 0.05188920454545451 0.09594230769230766
0 0.6865696022727273 0.5942019230769231 0.03044034090909092 0.04863461538461542
0 0.28165482954545457 0.21201923076923077 0.2263210227272727 0.3121538461538461
