0 0.6745383522727273 0.08573076923076922 0.03603693181818182 0.027884615384615386
0 0.028600852272727274 0.9207884615384615 0.05720170454545455 0.09734615384615386
0 0.21493607954545454 0.9547403846153847 0.12657670454545455 0.09048076923076925
0 0.5137073863636363 0.8933846153846154 0.09377840909090915 0.21323076923076922
0 0.8865909090909092 0.02703846153846154 0.08678977272727276 0.05407692307692308
0 0.9651491477272726 0.06776923076923076 0.06970170454545462 0.11157692307692307
0 0.9025355113636363 0.22077884615384616 0.08231534090909097 0.15217307692307694
0 0.9534943181818182 0.3335576923076923 0.09301136363636366 0.12603846153846152
0 0.9796164772727273 0.5639134615384616 0.03843749999999992 0.14305769230769227
0 0.7734232954545455 0.6210192307692308 0.030795454545454636 0.042038461538461566
0 0.7595241477272726 0.6339038461538461 0.030042613636363603 0.03661538461538454
0 0.6822514204545455 0.04310576923076924 0.08421874999999995 0.08601923076923078
0 0.7190340909090909 0.5667115384615384 0.1209943181818181 0.1446153846153847
0 0.6399431818181818 0.6944230769230769 0.17647727272727273 0.26815384615384613
0 0.742471590909091 0.9697692307692308 0.03960227272727272 0.04734615384615386
0 0.7459161931818182 0.9212403846153845 0.17063920454545461 0.15751923076923083
0 0.8048934659090908 0.9539326923076922 0.09109374999999999 0.09213461538461543
0 0.861640625 0.969173076923077 0.09617897727272733 0.061653846153846156
0 0.8756178977272726 0.9190096153846153 0.13396306818181827 0.16198076923076926
0 0.9361363636363635 0.9145 0.07082386363636366 0.17100000000000004
0 0.3090553977272727 0.32740384615384616 0.09294034090909088 0.12307692307692308
0 0.21093039772727273 0.3534807692307692 0.05623579545454546 0.05834615384615385
0 0.7384872159090908 0.15615384615384617 0.05876420454545463 0.0985
0 0.3303196022727273 0.20792307692307693 0.060809659090909095 0.14246153846153845
0 0.22772017045454546 0.08016346153846153 0.10796874999999999 0.12374999999999999
0 0.17026988636363638 0.415625 0.04357954545454546 0.07844230769230773
0 0.16875710227272725 0.5908557692307692 0.09407670454545453 0.15240384615384617
0 0.013892045454545454 0.7741826923076923 0.027784090909090908 0.12036538461538468
0 0.34774147727272725 0.34789423076923076 0.09542613636363634 0.2100576923076923
0 0.17313920454545453 0.040490384615384616 0.039744318181818165 0.028711538461538462
0 0.059687500000000004 0.32057692307692304 0.0759659090909091 0.10173076923076924
0 0.041171875 0.22014423076923076 0.08234375 0.16136538461538463
0 0.3083522727272727 0.5159711538461539 0.10764204545454546 0.13890384615384618
0 0.8226207386363636 0.1695096153846154 0.11498579545454551 0.1964423076923077
0 0.38279829545454547 0.4727692307692307 0.09982954545454546 0.1686923076923077
0 0.4823011363636363 0.30677884615384615 0.021732954545454562 0.04121153846153847
0 0.4517613636363636 0.26153846153846155 0.08997159090909088 0.09907692307692306
0 0.5094389204545454 0.3309423076923077 0.0536789772727273 0.0606923076923077
0 0.5067258522727273 0.22302884615384613 0.10515624999999997 0.1539038461538462
0 0.14178267045454546 0.3566153846153846 0.013394886363636373 0.02111538461538465
0 0.6930397727272727 0.24337499999999998 0.0712784090909091 0.07205769230769231
0 0.6082244318181819 0.23451923076923079 0.11880681818181817 0.09488461538461539
0 0.48094460227272723 0.030788461538461542 0.025923295454545456 0.034846153846153846
0 0.4670028409090909 0.02354807692307692 0.03585227272727274 0.04709615384615384
0 0.4399218750000001 0.5248846153846154 0.03098011363636364 0.10969230769230767
0 0.38877840909090905 0.7465769230769231 0.08448863636363635 0.05150000000000006
0 0.10364346590909092 0.6264519230769231 0.06572443181818181 0.15905769230769237
0 0.07454545454545455 0.1589326923076923 0.042613636363636374 0.10124999999999999
0 0.039524147727272724 0.07639423076923076 0.037968749999999996 0.10401923076923077
0 0.5828053977272727 0.4617211538461538 0.08796875000000001 0.1672884615384615
0 0.011761363636363636 0.04444230769230769 0.02352272727272727 0.08853846153846154
0 0.7130823863636363 0.3157019230769231 0.1281818181818182 0.1475576923076923
0 0.5744318181818181 0.08970192307692307 0.04306818181818181 0.10359615384615384
0 0.5302911931818183 0.03340384615384616 0.04805397727272725 0.06680769230769232
0 0.5564204545454546 0.12842307692307692 0.04508522727272721 0.14926923076923077
0 0.4367542613636364 0.4266634615384616 0.09089488636363638 0.13736538461538458
0 0.07917613636363637 0.9014038461538462 0.1327840909090909 0.1946538461538462
0 0.38348721590909096 0.6328846153846154 0.1360653409090909 0.21365384615384608
0 0.0352627840909091 0.9765576923076923 0.06785511363636364 0.04688461538461538
