0 0.9785724431818181 0.7279711538461537 0.04285511363636358 0.06644230769230772
0 0.178671875 0.621298076923077 0.10453125000000002 0.1479423076923077
0 0.14122159090909092 0.5475576923076924 0.07676136363636363 0.13599999999999995
0 0.04620738636363637 0.38327884615384616 0.09196022727272729 0.15328846153846154
0 0.14899857954545456 0.38202884615384614 0.11055397727272727 0.09155769230769234
0 0.01861505681818182 0.038115384615384613 0.03723011363636364 0.07623076923076923
0 0.15629261363636363 0.20220192307692306 0.12190340909090908 0.08594230769230769
0 0.17738636363636362 0.1695 0.06338068181818182 0.05900000000000001
0 0.03306107954545454 0.4211634615384615 0.06612215909090909 0.11663461538461539
0 0.26948863636363635 0.9427596153846154 0.15579545454545454 0.11448076923076918
0 0.28472301136363637 0.7472692307692307 0.12015625 0.28076923076923077
0 0.058686079545454545 0.8039519230769231 0.11737215909090909 0.10309615384615388
0 0.31029829545454546 0.6167115384615385 0.025227272727272754 0.03638461538461531
0 0.3052840909090909 0.6467403846153846 0.08670454545454544 0.12063461538461542
0 0.3266122159090909 0.5629134615384616 0.08884943181818179 0.0895192307692308
0 0.2484090909090909 0.5298365384615384 0.02093750000000001 0.029211538461538455
0 0.24613636363636363 0.5101923076923077 0.1021875 0.15284615384615388
0 0.017322443181818182 0.21325 0.034644886363636364 0.1680769230769231
0 0.08132102272727273 0.10497115384615384 0.1197443181818182 0.09067307692307691
0 0.08791193181818181 0.09145192307692307 0.02258522727272728 0.03398076923076923
0 0.24153409090909095 0.04996153846153846 0.04025568181818182 0.09992307692307692
0 0.3112926136363636 0.09466346153846154 0.06835227272727273 0.15109615384615385
0 0.01806818181818182 0.7528365384615385 0.03613636363636364 0.04267307692307692
0 0.2315980113636364 0.11540384615384615 0.11419034090909093 0.2308076923076923
0 0.34160511363636364 0.03685576923076923 0.07409090909090908 0.07363461538461538
0 0.41360795454545457 0.058326923076923075 0.07221590909090914 0.11665384615384615
0 0.30159801136363634 0.23150961538461537 0.05419034090909092 0.08240384615384617
0 0.3451988636363636 0.31285576923076924 0.08693181818181821 0.07701923076923078
0 0.3651633522727273 0.2518173076923077 0.08012784090909086 0.07894230769230769
0 0.5044247159090909 0.18609615384615383 0.01850852272727269 0.03923076923076924
0 0.46276278409090904 0.17727884615384615 0.17899147727272735 0.19301923076923078
0 0.37689630681818187 0.3583557692307692 0.12663352272727277 0.1801730769230769
0 0.46345170454545453 0.3329807692307692 0.09301136363636366 0.09607692307692309
0 0.12328835227272728 0.7154711538461538 0.06473011363636362 0.08878846153846157
0 0.42482244318181817 0.5014038461538461 0.13171875 0.14069230769230767
0 0.4582599431818182 0.4142115384615384 0.0917755681818182 0.13519230769230767
0 0.551455965909091 0.3378557692307692 0.06688920454545451 0.2258269230769231
0 0.5108735795454545 0.3760096153846154 0.03921874999999994 0.11898076923076924
0 0.4425852272727273 0.26843269230769234 0.06914772727272728 0.06590384615384615
0 0.5153835227272727 0.01652884615384615 0.04437500000000001 0.03267307692307692
0 0.5959872159090909 0.03125 0.1808948863636364 0.06238461538461538
0 0.62609375 0.23886538461538462 0.04218749999999998 0.13584615384615384
0 0.593203125 0.1210576923076923 0.14461647727272728 0.19442307692307692
0 0.6612002840909091 0.2531538461538462 0.019616477272727275 0.0301923076923077
0 0.1537571022727273 0.8983173076923077 0.02370738636363636 0.03521153846153836
0 0.6616122159090909 0.229875 0.06240056818181819 0.14371153846153847
0 0.6603480113636363 0.32122115384615385 0.13478693181818188 0.11013461538461534
0 0.639090909090909 0.42550961538461535 0.09650568181818181 0.14067307692307687
0 0.5215198863636363 0.7180288461538461 0.07159090909090914 0.31428846153846146
0 0.6005539772727272 0.6871442307692308 0.12059659090909096 0.12221153846153837
0 0.6877201704545454 0.7221826923076923 0.06578125 0.09044230769230775
0 0.6359872159090909 0.7651153846153846 0.05308238636363637 0.11965384615384621
0 0.6572301136363636 0.8553653846153846 0.03499999999999998 0.13826923076923084
0 0.6923934659090909 0.8272019230769231 0.05012784090909086 0.12059615384615381
0 0.7554048295454546 0.8339326923076923 0.13407670454545453 0.1873269230769231
0 0.18028409090909092 0.907048076923077 0.036193181818181805 0.05555769230769228
0 0.8836860795454545 0.06254807692307691 0.044815340909090846 0.12509615384615383
0 0.9310227272727274 0.02791346153846154 0.0713920454545456 0.05582692307692308
0 0.9676278409090909 0.2041730769230769 0.06474431818181824 0.15288461538461537
0 0.8137784090909093 0.30391346153846155 0.15210227272727278 0.11251923076923075
0 0.854609375 0.38996153846153847 0.0804403409090909 0.1320769230769231
0 0.8017826704545453 0.9512403846153846 0.07583806818181817 0.09751923076923073
0 0.8609090909090908 0.9586057692307692 0.05991477272727266 0.05667307692307698
0 0.04470880681818182 0.6643557692307693 0.08694602272727273 0.11771153846153842
0 0.810390625 0.5365192307692308 0.04367897727272727 0.05269230769230765
0 0.8710085227272728 0.49158653846153844 0.10431818181818174 0.12151923076923082
0 0.17055397727272725 0.8541249999999999 0.13147727272727272 0.13286538461538458
0 0.9385085227272728 0.48165384615384615 0.09894886363636358 0.11230769230769237
0 0.9417755681818182 0.3551923076923077 0.11644886363636366 0.08573076923076925
0 0.9074431818181817 0.27939423076923076 0.13508522727272732 0.16090384615384615
0 0.8942542613636365 0.1987115384615385 0.10115056818181807 0.1300769230769231
0 0.8949786931818182 0.28026923076923077 0.09044034090909085 0.12496153846153844
0 0.9220099431818182 0.11528846153846155 0.15598011363636355 0.13588461538461538
0 0.8173295454545454 0.21866346153846156 0.07488636363636368 0.1483269230769231
0 0.8303551136363635 0.12031730769230768 0.07321022727272739 0.09790384615384615
0 0.7875852272727273 0.21519230769230768 0.05857954545454547 0.16173076923076923
0 0.7434019886363636 0.24787499999999996 0.061150568181818195 0.10886538461538459
0 0.18375000000000002 0.7474999999999999 0.08528409090909089 0.14665384615384613
0 0.6670667613636364 0.25808653846153845 0.09640625000000001 0.11859615384615382
0 0.7174005681818181 0.014961538461538462 0.06357954545454536 0.029923076923076924
0 0.687237215909091 0.09418269230769233 0.06774147727272727 0.1468269230769231
0 0.7430113636363637 0.1205 0.11403409090909095 0.15157692307692305
0 0.7602485795454546 0.05008653846153847 0.08035511363636362 0.10017307692307693
0 0.8177130681818183 0.04902884615384616 0.08321022727272732 0.0871346153846154
0 0.8662784090909091 0.03846153846153846 0.03653409090909095 0.07657692307692307
0 0.7397514204545456 0.18173076923076922 0.09953125000000007 0.07703846153846154
0 0.16703125 0.7214038461538461 0.016193181818181825 0.0172307692307693
