0 0.033899147727272726 0.8810576923076923 0.06774147727272727 0.06476923076923079
0 0.5159517045454546 0.3077115384615384 0.06809659090909091 0.08407692307692308
0 0.19115767045454543 0.049769230769230774 0.04311079545454544 0.0995
0 0.16480113636363636 0.05137499999999999 0.05289772727272724 0.10267307692307691
0 0.1367471590909091 0.022288461538461538 0.0334090909090909 0.044423076923076926
0 0.09921875 0.02510576923076923 0.046846590909090914 0.05021153846153846
0 0.0759375 0.48311538461538467 0.07235795454545456 0.12815384615384617
0 0.07865767045454546 0.04468269230769231 0.05393465909090909 0.06375000000000001
0 0.0806534090909091 0.09808653846153846 0.03139204545454546 0.05021153846153846
0 0.03815340909090909 0.03942307692307693 0.07630681818181818 0.07865384615384617
0 0.07542613636363636 0.19199038461538462 0.09474431818181818 0.06432692307692309
0 0.034815340909090914 0.11917307692307694 0.06960227272727272 0.17142307692307696
0 0.9819176136363637 0.15495192307692304 0.03610795454545465 0.053750000000000006
0 0.02314630681818182 0.2733557692307692 0.046264204545454546 0.1559807692307692
0 0.06309659090909091 0.2619230769230769 0.09539772727272727 0.09450000000000003
0 0.05341619318181818 0.31440384615384614 0.10683238636363636 0.11165384615384616
0 0.07216619318181818 0.36618269230769235 0.08725852272727272 0.0958269230769231
0 0.4698721590909091 0.49150961538461535 0.017386363636363648 0.024673076923076947
0 0.5422088068181818 0.4256634615384615 0.05549715909090908 0.11209615384615389
0 0.27409090909090905 0.41354807692307693 0.07176136363636365 0.11413461538461538
0 0.22735795454545454 0.4287980769230769 0.04295454545454547 0.09509615384615383
0 0.2728125 0.48604807692307694 0.09576704545454548 0.07625000000000001
0 0.2362784090909091 0.5222019230769231 0.07369318181818181 0.10451923076923081
0 0.540234375 0.25139423076923073 0.07907670454545457 0.0806730769230769
0 0.122734375 0.41589423076923077 0.07430397727272728 0.09301923076923073
0 0.17549005681818183 0.4925192307692308 0.07436079545454545 0.1506153846153846
0 0.11167613636363637 0.507951923076923 0.07130681818181818 0.1257884615384615
0 0.17678977272727273 0.5279038461538461 0.07687500000000001 0.10926923076923081
0 0.09041193181818183 0.5971057692307692 0.057272727272727274 0.1443653846153846
0 0.12169034090909091 0.6373653846153846 0.07863636363636363 0.08249999999999996
0 0.9148508522727273 0.350375 0.08751420454545457 0.07651923076923076
0 0.8572940340909091 0.36953846153846154 0.056519886363636314 0.06819230769230765
0 0.7612428977272727 0.4221826923076923 0.08049715909090911 0.07428846153846153
0 0.7258664772727272 0.5024615384615384 0.06465909090909089 0.10419230769230771
0 0.5521235795454545 0.21825961538461536 0.10044034090909096 0.10259615384615384
0 0.79546875 0.44287499999999996 0.0979545454545455 0.13209615384615384
0 0.9264488636363637 0.9740576923076922 0.059034090909090835 0.05188461538461542
0 0.8353480113636365 0.4362692307692308 0.059786931818181864 0.06661538461538465
0 0.8372869318181819 0.491 0.08215909090909096 0.12742307692307692
0 0.8996235795454546 0.4291923076923077 0.07862215909090912 0.08976923076923078
0 0.9521803977272728 0.400875 0.0955823863636363 0.15548076923076923
0 0.9868323863636363 0.49147115384615386 0.026335227272727222 0.11794230769230772
0 0.9833309659090909 0.5968461538461539 0.03333806818181822 0.09953846153846152
0 0.5942400568181818 0.45304807692307686 0.06697443181818187 0.0821730769230769
0 0.5478835227272727 0.4726153846153846 0.03642045454545453 0.09492307692307689
0 0.8178053977272728 0.21977884615384616 0.08305397727272731 0.11825
0 0.572734375 0.4944038461538462 0.04524147727272731 0.09023076923076927
0 0.5892826704545455 0.5373365384615384 0.04964488636363635 0.09894230769230768
0 0.5558948863636364 0.6514519230769231 0.07639204545454549 0.12151923076923077
0 0.5806321022727272 0.5924134615384615 0.05723011363636366 0.09671153846153839
0 0.6507528409090909 0.6801442307692307 0.08971590909090904 0.15248076923076928
0 0.5342684659090909 0.5502307692307692 0.07208806818181818 0.10784615384615392
0 0.44270596590909095 0.6705769230769231 0.1871448863636364 0.1225769230769231
0 0.4508664772727272 0.6520673076923077 0.027954545454545465 0.03894230769230769
0 0.4314630681818182 0.5742019230769232 0.08130681818181819 0.1032884615384615
0 0.4915198863636363 0.5836250000000001 0.05741477272727275 0.09421153846153849
0 0.8561363636363637 0.22763461538461538 0.048011363636363574 0.07996153846153846
0 0.32783380681818186 0.41323076923076923 0.0745880681818182 0.11434615384615386
0 0.37000000000000005 0.5108653846153847 0.10156250000000004 0.08103846153846157
0 0.18735795454545456 0.5908942307692308 0.03446022727272728 0.06117307692307693
0 0.2162357954545455 0.609548076923077 0.03366477272727275 0.05971153846153848
0 0.24580255681818183 0.6321538461538462 0.03555397727272727 0.056461538461538376
0 0.5980823863636364 0.6898461538461539 0.048465909090909094 0.0673076923076923
0 0.6067045454545454 0.6220673076923078 0.05357954545454549 0.10155769230769231
0 0.7676704545454546 0.5511153846153847 0.07284090909090922 0.11384615384615382
0 0.8357244318181819 0.5637884615384615 0.10440340909090909 0.06465384615384616
0 0.9022301136363637 0.500548076923077 0.08019886363636353 0.1040961538461539
0 0.7114630681818181 0.43682692307692306 0.021534090909090864 0.045846153846153856
0 0.9019105113636363 0.5859423076923077 0.09274147727272739 0.11803846153846154
0 0.8367471590909091 0.6157788461538461 0.04971590909090909 0.05840384615384616
0 0.8434730113636365 0.6767788461538462 0.07225852272727273 0.0860192307692308
0 0.8917400568181819 0.6823461538461538 0.03848011363636368 0.10557692307692303
0 0.9548792613636364 0.515701923076923 0.04757102272727274 0.10640384615384613
0 0.9323721590909091 0.6080961538461539 0.07269886363636373 0.08761538461538462
0 0.9534659090909091 0.6544615384615384 0.05633522727272739 0.1213846153846154
0 0.8689985795454546 0.7687115384615385 0.06401988636363627 0.11811538461538465
0 0.7488849431818181 0.6885673076923077 0.05776988636363631 0.06690384615384608
0 0.7209730113636362 0.7048269230769231 0.051775568181818166 0.06538461538461539
0 0.12378551136363636 0.08678846153846154 0.05063920454545456 0.11846153846153848
0 0.7744815340909089 0.627125 0.08075284090909095 0.09098076923076924
0 0.6401349431818182 0.5379903846153846 0.06325284090909095 0.1269423076923077
0 0.6979758522727273 0.558701923076923 0.08063920454545452 0.08048076923076916
0 0.7163849431818182 0.6258365384615384 0.06723011363636361 0.11132692307692305
0 0.6631250000000001 0.6475288461538462 0.06974431818181813 0.16782692307692315
0 0.35886363636363633 0.9717692307692307 0.07951704545454544 0.05646153846153849
0 0.6180965909090909 0.7426634615384615 0.055767045454545444 0.06078846153846156
0 0.564765625 0.7802403846153847 0.12649147727272728 0.1849423076923077
0 0.6616477272727272 0.8366923076923076 0.04460227272727269 0.03769230769230773
0 0.6426846590909091 0.7897884615384615 0.07076704545454544 0.07842307692307687
0 0.7169744318181818 0.3937596153846154 0.058210227272727295 0.06882692307692306
0 0.7267613636363636 0.8460865384615385 0.09508522727272727 0.1330961538461538
0 0.6850568181818182 0.8843269230769231 0.03778409090909086 0.05823076923076929
0 0.6868394886363636 0.7571057692307692 0.042343750000000006 0.06594230769230762
0 0.6691264204545454 0.7819038461538461 0.05021306818181821 0.0798076923076923
0 0.6766832386363636 0.8478461538461538 0.023849431818181766 0.035538461538461574
0 0.7295525568181819 0.7828846153846154 0.05663352272727265 0.13007692307692317
0 0.7234375 0.78375 0.03267045454545447 0.04557692307692306
0 0.3739204545454546 0.7510096153846153 0.05170454545454546 0.07301923076923071
0 0.4992542613636364 0.841298076923077 0.05083806818181821 0.09848076923076919
0 0.4844176136363636 0.757173076923077 0.09213068181818175 0.0892307692307693
0 0.7283522727272728 0.37814423076923076 0.04994318181818185 0.07378846153846155
0 0.41874999999999996 0.7485384615384616 0.05267045454545452 0.061115384615384565
0 0.43031960227272725 0.8219903846153847 0.14714488636363637 0.1372115384615385
0 0.5380894886363636 0.8761249999999999 0.09004261363636362 0.14421153846153847
0 0.7703764204545455 0.7326346153846154 0.04907670454545448 0.09188461538461544
0 0.765546875 0.8213557692307693 0.033678977272727166 0.11898076923076924
0 0.8064417613636364 0.8415865384615384 0.09438920454545462 0.13040384615384604
0 0.9660227272727273 0.7153942307692308 0.06786931818181814 0.14648076923076916
0 0.9621732954545454 0.7767115384615384 0.07565340909090908 0.16800000000000004
0 0.9780397727272727 0.8529903846153847 0.043920454545454485 0.04178846153846157
0 0.9235014204545454 0.7525096153846154 0.06407670454545457 0.08263461538461543
0 0.03231534090909091 0.9621442307692306 0.06463068181818182 0.04994230769230763
0 0.6568678977272727 0.3267019230769231 0.12791193181818175 0.08967307692307691
0 0.8153551136363636 0.7273653846153847 0.07576704545454534 0.13653846153846153
0 0.8226633522727272 0.7142596153846154 0.06208806818181823 0.1020961538461538
0 0.1482741477272727 0.5899711538461538 0.0804403409090909 0.11632692307692298
0 0.8848011363636364 0.9036826923076923 0.06369318181818186 0.06782692307692315
0 0.8527485795454546 0.8389326923076923 0.05637784090909082 0.10340384615384612
0 0.8043963068181817 0.8678365384615384 0.05259943181818178 0.08725000000000001
0 0.967940340909091 0.9583653846153847 0.06411931818181817 0.08326923076923079
0 0.9417755681818182 0.9383942307692308 0.06380681818181828 0.060480769230769206
0 0.9081889204545455 0.8594903846153845 0.06592329545454557 0.10709615384615384
0 0.9325497159090911 0.8387115384615385 0.09680397727272724 0.10203846153846154
0 0.6602201704545455 0.4724423076923077 0.08504261363636365 0.11850000000000001
0 0.968565340909091 0.8963557692307693 0.06286931818181817 0.07117307692307691
0 0.899012784090909 0.9425 0.02637784090909098 0.02750000000000002
0 0.8694815340909091 0.9328173076923076 0.03936079545454551 0.0574807692307692
0 0.7490625000000001 0.9543942307692308 0.0801988636363637 0.08813461538461546
0 0.8267045454545454 0.9340865384615386 0.06184659090909086 0.06971153846153846
0 0.8331605113636364 0.9764326923076924 0.13265624999999998 0.047134615384615365
0 0.801349431818182 0.9536538461538461 0.04565340909090907 0.058192307692307675
0 0.7089985795454545 0.9165576923076924 0.07115056818181814 0.07934615384615383
0 0.7115909090909092 0.9757596153846153 0.11514204545454546 0.04848076923076919
0 0.661015625 0.9451057692307693 0.07183238636363636 0.10971153846153849
0 0.6813920454545455 0.41565384615384615 0.08042613636363637 0.09961538461538458
0 0.6137286931818182 0.9147115384615384 0.10651988636363638 0.11519230769230776
0 0.6173082386363636 0.9491538461538461 0.09887784090909092 0.10169230769230768
0 0.5358167613636364 0.9582692307692308 0.07751420454545453 0.0833076923076924
0 0.3089346590909091 0.5591153846153847 0.19789772727272723 0.1476153846153846
0 0.04284090909090909 0.47359615384615383 0.08568181818181818 0.2127307692307692
0 0.363203125 0.638596153846154 0.07666193181818182 0.10996153846153847
0 0.29635653409090906 0.6471442307692308 0.07884943181818181 0.039711538461538416
0 0.17627130681818182 0.6789903846153847 0.06555397727272726 0.12894230769230772
0 0.3422159090909091 0.7789326923076922 0.07380681818181815 0.09724999999999999
0 0.42781960227272725 0.87225 0.17271306818181822 0.09126923076923084
0 0.8999360795454546 0.07091346153846154 0.06669034090909082 0.09967307692307692
0 0.3214417613636364 0.9248461538461538 0.10904829545454547 0.08792307692307687
0 0.28482244318181815 0.9726057692307692 0.1223153409090909 0.05478846153846156
0 0.2360653409090909 0.9422307692307693 0.08985795454545453 0.1155384615384615
0 0.248671875 0.686375 0.11697443181818185 0.12278846153846147
0 0.1807741477272727 0.7688076923076923 0.03282670454545455 0.08365384615384615
0 0.20519176136363634 0.7472884615384616 0.03475852272727273 0.09969230769230765
0 0.26256392045454546 0.774298076923077 0.11007102272727275 0.09478846153846147
0 0.09352272727272727 0.7901346153846154 0.06247159090909091 0.08253846153846146
0 0.1431178977272727 0.7643173076923078 0.06328125 0.04386538461538462
0 0.1070028409090909 0.7238653846153845 0.0775 0.05903846153846152
0 0.5934517045454545 0.26385576923076925 0.10309659090909089 0.1650576923076923
0 0.1266903409090909 0.6994038461538462 0.0687784090909091 0.07511538461538463
0 0.087109375 0.684875 0.05382102272727272 0.07759615384615388
0 0.10745738636363637 0.7722115384615383 0.016875000000000015 0.025384615384615363
0 0.09430397727272727 0.7715961538461539 0.015000000000000003 0.024923076923076885
0 0.08698863636363637 0.8584903846153846 0.15204545454545457 0.1276346153846154
0 0.017855113636363634 0.7480096153846154 0.035681818181818176 0.06694230769230769
0 0.03566051136363636 0.647 0.07103693181818181 0.07923076923076931
0 0.02339488636363636 0.7056826923076923 0.04678977272727272 0.04882692307692305
0 0.03951704545454546 0.6064423076923078 0.07903409090909091 0.14957692307692314
0 0.05786221590909091 0.7487307692307693 0.06970170454545453 0.06776923076923068
0 0.5815198863636364 0.3349038461538461 0.0519886363636364 0.029615384615384627
0 0.03175426136363636 0.7921634615384614 0.06350852272727273 0.046057692307692286
0 0.042357954545454546 0.921875 0.08471590909090909 0.09117307692307686
0 0.048799715909090914 0.6866538461538462 0.05992897727272728 0.06088461538461532
0 0.4460369318181818 0.9557403846153847 0.13062500000000005 0.0883653846153847
0 0.3599005681818182 0.9138365384615386 0.10923295454545455 0.08451923076923075
0 0.37835227272727273 0.8982596153846154 0.13062499999999996 0.14171153846153844
0 0.11116477272727271 0.9389038461538461 0.061505681818181814 0.05511538461538466
0 0.019417613636363636 0.8307788461538461 0.03883522727272727 0.06390384615384619
0 0.14385653409090907 0.8197019230769231 0.09691761363636363 0.08701923076923077
0 0.15521306818181818 0.8027692307692308 0.07329545454545454 0.05915384615384613
0 0.6632954545454545 0.13792307692307693 0.09906250000000001 0.1181923076923077
0 0.2838565340909091 0.8280288461538461 0.11507102272727271 0.0812884615384615
0 0.2773082386363636 0.8745961538461537 0.12853693181818182 0.09411538461538461
0 0.1993821022727273 0.8453461538461539 0.11475852272727272 0.10457692307692307
0 0.18368607954545454 0.9414134615384615 0.08879261363636362 0.11717307692307694
0 0.1644815340909091 0.972298076923077 0.030213068181818195 0.05540384615384616
0 0.04552556818181818 0.9736346153846153 0.09105113636363636 0.05273076923076926
0 0.1083380681818182 0.961625 0.10758522727272729 0.07675000000000005
0 0.6130681818181819 0.1513173076923077 0.04184659090909088 0.07055769230769231
0 0.7154758522727274 0.22798076923076924 0.1520596590909091 0.07780769230769233
0 0.9274786931818181 0.05654807692307692 0.0685937500000001 0.11309615384615385
0 0.6348224431818181 0.8312884615384615 0.07524147727272723 0.1107307692307692
0 0.9536576704545454 0.17082692307692307 0.06427556818181818 0.10115384615384615
0 0.9013778409090908 0.15898076923076923 0.06948863636363631 0.13369230769230772
0 0.8863423295454546 0.16960576923076925 0.06751420454545451 0.15340384615384617
0 0.8609943181818182 0.17870192307692306 0.07377840909090917 0.13974999999999999
0 0.8672585227272727 0.061951923076923085 0.07926136363636373 0.12390384615384617
0 0.8483309659090907 0.019596153846153846 0.059843749999999994 0.039115384615384614
0 0.7161434659090908 0.2834807692307692 0.1484801136363636 0.09757692307692306
0 0.7822585227272728 0.31525000000000003 0.04974431818181815 0.034000000000000016
0 0.7543821022727273 0.34389423076923076 0.08038352272727269 0.0327884615384615
0 0.7913139204545455 0.37575 0.08242897727272723 0.04942307692307696
0 0.9337499999999999 0.6580961538461539 0.05559659090909089 0.11123076923076919
0 0.8166406249999999 0.345951923076923 0.04973011363636362 0.051057692307692276
0 0.8280539772727273 0.299875 0.11414772727272729 0.09474999999999996
0 0.8939488636363635 0.27740384615384617 0.07551136363636358 0.07615384615384617
0 0.9603053977272729 0.2946153846153846 0.07938920454545452 0.09223076923076924
0 0.9582599431818182 0.21729807692307693 0.08348011363636361 0.08009615384615383
0 0.9656036931818183 0.12084615384615384 0.0686789772727273 0.053038461538461534
0 0.9754474431818181 0.0855576923076923 0.04910511363636371 0.05807692307692308
0 0.9623011363636365 0.03969230769230769 0.07539772727272732 0.07926923076923077
0 0.779765625 0.16753846153846155 0.10223011363636368 0.10815384615384614
0 0.7955397727272726 0.09033653846153848 0.1093181818181817 0.14586538461538462
0 0.49948863636363633 0.3840769230769231 0.050227272727272745 0.09757692307692309
0 0.7959446022727273 0.04347115384615384 0.049588068181818136 0.061288461538461535
0 0.3149289772727273 0.7012499999999999 0.12684659090909092 0.0916153846153847
0 0.7014488636363636 0.07447115384615385 0.08642045454545459 0.1489423076923077
0 0.7820951704545455 0.033115384615384616 0.0762357954545454 0.06623076923076923
0 0.7482386363636363 0.050855769230769225 0.04644886363636362 0.07471153846153845
0 0.7472443181818181 0.11252884615384616 0.05414772727272728 0.0696346153846154
0 0.6320880681818182 0.061730769230769235 0.07960227272727267 0.12346153846153847
0 0.5364914772727273 0.050067307692307696 0.16551136363636362 0.10013461538461539
0 0.5487073863636364 0.08475961538461538 0.10369318181818182 0.11228846153846153
0 0.4592897727272728 0.15981730769230768 0.10170454545454541 0.12732692307692306
0 0.5011576704545454 0.4708173076923077 0.06535511363636362 0.1463653846153846
0 0.5120241477272728 0.1444519230769231 0.11973011363636367 0.1278269230769231
0 0.42355823863636366 0.3864711538461538 0.04910511363636371 0.07136538461538464
0 0.44632102272727275 0.3348269230769231 0.08386363636363639 0.14692307692307693
0 0.11933948863636364 0.2828076923076923 0.06541193181818182 0.13403846153846155
0 0.4535937500000001 0.43085576923076924 0.08511363636363639 0.11817307692307695
0 0.36965198863636367 0.434 0.10529829545454548 0.09688461538461537
0 0.36876420454545455 0.3545 0.11897727272727275 0.11634615384615385
0 0.45236505681818184 0.3525384615384615 0.06467329545454549 0.06353846153846153
0 0.41290482954545454 0.2208269230769231 0.07677556818181812 0.05007692307692306
0 0.37340198863636365 0.2315192307692308 0.03524147727272724 0.04700000000000002
0 0.5489985795454545 0.3787019230769231 0.08393465909090914 0.07121153846153847
0 0.3756676136363636 0.17281730769230771 0.12232954545454543 0.13778846153846155
0 0.33745738636363637 0.27047115384615383 0.12954545454545457 0.1298653846153846
0 0.2765056818181818 0.2796153846153846 0.04928977272727271 0.06484615384615385
0 0.26705965909090906 0.1746346153846154 0.11113636363636364 0.12638461538461537
0 0.4580326704545455 0.20136538461538464 0.10271306818181819 0.1296153846153846
0 0.45154829545454545 0.5027115384615385 0.07536931818181819 0.14111538461538467
0 0.438515625 0.06305769230769229 0.051065340909090894 0.12607692307692306
0 0.3759659090909091 0.03378846153846154 0.12096590909090908 0.06757692307692308
0 0.2633451704545454 0.02981730769230769 0.06495738636363635 0.05959615384615384
0 0.2243252840909091 0.055625 0.05211647727272727 0.11125
0 0.6279261363636364 0.38199999999999995 0.12005681818181815 0.08584615384615388
0 0.30727272727272725 0.04364423076923077 0.11880681818181817 0.08728846153846154
0 0.3821235795454545 0.09341346153846154 0.12052556818181817 0.09178846153846153
0 0.3125355113636364 0.15729807692307693 0.0833380681818182 0.10621153846153845
0 0.26862926136363635 0.0924326923076923 0.11453124999999999 0.07959615384615384
0 0.23653409090909092 0.20164423076923074 0.07360795454545453 0.15321153846153845
0 0.22061079545454546 0.28781730769230773 0.027045454545454574 0.04813461538461539
0 0.1928196022727273 0.3689807692307692 0.09225852272727274 0.20776923076923076
0 0.24311789772727274 0.3014807692307692 0.03879261363636364 0.0682307692307692
0 0.281015625 0.3303942307692308 0.08964488636363634 0.06709615384615382
0 0.23894886363636364 0.3695480769230769 0.07281249999999999 0.13090384615384615
0 0.47651278409090914 0.2743653846153846 0.11944602272727269 0.07807692307692307
0 0.20463778409090908 0.37063461538461534 0.026548295454545453 0.05961538461538462
0 0.19678977272727272 0.4708076923076923 0.03551136363636362 0.04700000000000005
0 0.7814133522727272 0.907 0.06379261363636375 0.06480769230769229
0 0.1588494318181818 0.4070769230769231 0.04772727272727272 0.07507692307692306
0 0.18035511363636364 0.29402884615384617 0.06127840909090907 0.14786538461538462
0 0.14363636363636365 0.2821730769230769 0.06025568181818182 0.19196153846153846
0 0.18529829545454543 0.1683173076923077 0.05267045454545456 0.12340384615384616
0 0.16749289772727272 0.13915384615384616 0.08921874999999999 0.11269230769230767
0 0.07938920454545455 0.11663461538461539 0.08903409090909092 0.11461538461538462
0 0.11877130681818183 0.2071826923076923 0.06708806818181819 0.08821153846153844
