0 0.5686221590909091 0.488875 0.07176136363636361 0.07386538461538467
0 0.7099857954545455 0.7135673076923077 0.09551136363636373 0.17694230769230768
0 0.35259232954545455 0.9670961538461538 0.06205965909090909 0.06580769230769236
0 0.8903125 0.39231730769230766 0.0957670454545454 0.0755576923076923
0 0.6440056818181819 0.31859615384615386 0.08110795454545458 0.09107692307692306
0 0.6041548295454546 0.7950576923076923 0.10234375000000001 0.06746153846153854
0 0.010504261363636363 0.2946442307692308 0.021008522727272726 0.07967307692307693
0 0.69015625 0.22274038461538462 0.07249999999999995 0.07482692307692307
0 0.7000142045454546 0.39294230769230765 0.07176136363636369 0.08703846153846158
0 0.7979545454545455 0.050096153846153846 0.05252840909090912 0.10019230769230769
0 0.5346377840909091 0.11461538461538462 0.10302556818181814 0.09161538461538461
0 0.8261363636363637 0.5889326923076923 0.12463068181818183 0.13694230769230775
0 0.3862144886363636 0.8966153846153846 0.09612215909090911 0.09130769230769234
0 0.9861079545454546 0.7151442307692307 0.02778409090909083 0.061519230769230784
0 0.7608664772727273 0.8415 0.0382954545454546 0.09603846153846153
0 0.096328125 0.038163461538461535 0.0411221590909091 0.07632692307692307
0 0.44615056818181825 0.45747115384615383 0.048920454545454545 0.053903846153846156
0 0.15941051136363638 0.5527307692307692 0.05410511363636364 0.055269230769230786
0 0.45245028409090904 0.2757403846153846 0.07015625000000006 0.07040384615384615
0 0.47034801136363635 0.26989423076923075 0.03205965909090916 0.05436538461538461
0 0.18522727272727274 0.4189615384615385 0.04085227272727274 0.07161538461538458
0 0.7626491477272727 0.7953557692307693 0.0359232954545454 0.06690384615384619
0 0.1577840909090909 0.8721057692307692 0.06593749999999998 0.11444230769230768
0 0.3376136363636364 0.511 0.07198863636363634 0.11015384615384616
0 0.07450284090909091 0.3443076923076923 0.05414772727272728 0.050576923076923096
0 0.4175568181818182 0.35766346153846157 0.043551136363636396 0.056826923076923046
0 0.84875 0.7685384615384615 0.05693181818181808 0.08103846153846152
0 0.9293536931818182 0.2334423076923077 0.08384943181818177 0.08323076923076923
0 0.0723934659090909 0.6104519230769231 0.043309659090909086 0.06005769230769234
0 0.37514914772727276 0.22744230769230772 0.07004261363636365 0.1045769230769231
0 0.30203125 0.75575 0.06374999999999999 0.07811538461538463
0 0.30649147727272724 0.44352884615384613 0.07889204545454544 0.04501923076923076
0 0.10960227272727273 0.9064326923076924 0.041704545454545466 0.09767307692307696
0 0.2618181818181818 0.5592884615384615 0.16375 0.18019230769230773
0 0.976875 0.4886442307692307 0.04624999999999992 0.1632115384615384
0 0.7682457386363637 0.23509615384615384 0.11333806818181821 0.12742307692307692
0 0.784169034090909 0.981625 0.08808238636363636 0.036750000000000026
0 0.6147798295454545 0.44435576923076925 0.06467329545454542 0.05971153846153848
0 0.2840909090909091 0.9003557692307692 0.03659090909090908 0.04236538461538456
0 0.2566051136363636 0.9534807692307692 0.06863636363636362 0.03653846153846154
0 0.5241051136363637 0.03683653846153846 0.057187500000000065 0.07367307692307692
0 0.7676278409090909 0.571125 0.07815340909090907 0.11251923076923075
0 0.8446377840909091 0.074125 0.07566761363636361 0.07975
0 0.4747727272727273 0.3987307692307692 0.045880681818181834 0.031461538461538485
0 0.9414346590909091 0.3589423076923077 0.09343749999999997 0.07184615384615388
0 0.41547585227272726 0.9821923076923077 0.0683380681818182 0.033115384615384665
0 0.32083096590909094 0.2798269230769231 0.044076704545454544 0.05126923076923076
0 0.04885653409090909 0.9383076923076922 0.09771306818181819 0.12296153846153846
0 0.027514204545454547 0.6765961538461539 0.05474431818181818 0.09288461538461541
0 0.09550426136363636 0.7942788461538461 0.05072443181818182 0.10374999999999998
0 0.12134232954545454 0.2788269230769231 0.052372159090909094 0.13326923076923072
0 0.7427414772727272 0.68025 0.07613636363636375 0.14900000000000002
0 0.43296164772727275 0.50375 0.1322301136363637 0.09838461538461532
0 0.28854403409090906 0.2783557692307692 0.02867897727272727 0.04648076923076926
0 0.0861434659090909 0.5275288461538461 0.04674715909090909 0.14532692307692313
0 0.047109375 0.979701923076923 0.042684659090909086 0.04059615384615387
0 0.16272017045454545 0.23313461538461536 0.048821022727272734 0.07980769230769227
0 0.5426988636363637 0.5692211538461539 0.09965909090909086 0.07501923076923075
0 0.898515625 0.6732692307692308 0.05336647727272734 0.10934615384615376
0 0.206953125 0.11875 0.05183238636363636 0.11680769230769232
0 0.897627840909091 0.4482403846153846 0.03877840909090919 0.05767307692307694
0 0.14079545454545456 0.03025 0.051988636363636376 0.0605
0 0.45259232954545453 0.016625 0.08745738636363644 0.03325
0 0.36455965909090904 0.7630576923076923 0.08377840909090907 0.07349999999999994
0 0.21193892045454543 0.28378846153846154 0.034559659090909106 0.11199999999999999
0 0.33415482954545456 0.35632692307692304 0.07725852272727271 0.04111538461538461
0 0.3865198863636364 0.3530096153846154 0.02568181818181816 0.07017307692307694
0 0.6706960227272728 0.432125 0.03749999999999997 0.06090384615384613
0 0.06761363636363636 0.703875 0.03889204545454546 0.12894230769230772
0 0.3201846590909091 0.8565576923076924 0.06372159090909092 0.06826923076923076
0 0.6350071022727272 0.9556346153846154 0.08103693181818183 0.08873076923076921
0 0.9422017045454545 0.4093846153846154 0.09701704545454555 0.05084615384615384
0 0.4670738636363636 0.6255769230769231 0.07298295454545455 0.10938461538461537
0 0.8358451704545454 0.8740192307692308 0.1514346590909091 0.24973076923076915
0 0.1117471590909091 0.08426923076923076 0.0719034090909091 0.08069230769230767
0 0.056590909090909094 0.46298076923076925 0.052784090909090906 0.07557692307692304
0 0.18025568181818183 0.26819230769230773 0.040312500000000015 0.07515384615384615
0 0.22475852272727276 0.3753653846153846 0.05812499999999998 0.08365384615384615
0 0.8513281250000001 0.6786346153846153 0.05399147727272726 0.10642307692307687
0 0.09269176136363635 0.7243076923076923 0.03703125000000001 0.06603846153846149
0 0.5066051136363636 0.39769230769230773 0.05076704545454547 0.0503076923076923
0 0.23206676136363635 0.281375 0.018849431818181793 0.027634615384615393
0 0.06719460227272728 0.17884615384615385 0.06813920454545455 0.08515384615384615
0 0.5380894886363636 0.5605961538461538 0.033366477272727284 0.03857692307692308
0 0.2762002840909091 0.8002019230769231 0.07075284090909091 0.0699423076923077
0 0.3582528409090909 0.4451826923076923 0.017954545454545435 0.02594230769230771
0 0.5837500000000001 0.01843269230769231 0.03332386363636361 0.03686538461538462
0 0.31140625000000005 0.6612307692307692 0.04650568181818179 0.04976923076923076
0 0.6569034090909092 0.801076923076923 0.024914772727272758 0.035461538461538454
0 0.6057599431818183 0.871875 0.11887784090909091 0.10694230769230773
0 0.9107741477272726 0.7538076923076923 0.06921874999999987 0.11030769230769233
0 0.845859375 0.4336153846153846 0.06353693181818185 0.0604230769230769
0 0.205390625 0.5033269230769231 0.08325284090909091 0.08296153846153849
0 0.5577414772727273 0.4122980769230769 0.08184659090909091 0.0898653846153846
0 0.27852272727272726 0.37251923076923077 0.05451704545454549 0.10446153846153845
0 0.9706036931818183 0.2711442307692308 0.058792613636363615 0.07113461538461541
0 0.6820880681818182 0.8467596153846154 0.048011363636363574 0.06725000000000005
0 0.346953125 0.3122596153846154 0.07399147727272727 0.060942307692307685
0 0.20375710227272725 0.7413653846153846 0.07058238636363635 0.11930769230769224
0 0.8725071022727273 0.04023076923076924 0.0964630681818183 0.08046153846153847
0 0.28818181818181815 0.8572692307692307 0.03852272727272728 0.05734615384615383
0 0.6337286931818181 0.7403942307692307 0.07859374999999998 0.06540384615384613
0 0.7094957386363636 0.9329038461538461 0.10731534090909092 0.12234615384615374
0 0.990518465909091 0.38463461538461535 0.018963068181818213 0.0881153846153846
0 0.19507812500000002 0.029615384615384616 0.027116477272727257 0.05923076923076923
0 0.741484375 0.05681730769230769 0.08401988636363641 0.07428846153846153
0 0.8680610795454545 0.48475 0.09552556818181818 0.08407692307692308
0 0.5073295454545454 0.4541442307692308 0.12036931818181812 0.07851923076923074
0 0.8565269886363635 0.14232692307692307 0.1408096590909091 0.09926923076923075
0 0.7648934659090909 0.41465384615384615 0.0785085227272727 0.10138461538461538
0 0.9852414772727273 0.6466057692307693 0.029517045454545417 0.08728846153846151
0 0.48998579545454546 0.20283653846153846 0.07923295454545451 0.08178846153846155
0 0.37239346590909084 0.5880288461538461 0.09083806818181817 0.1086346153846154
0 0.01525568181818182 0.5487692307692308 0.03051136363636364 0.10296153846153851
0 0.60296875 0.11686538461538461 0.08397727272727273 0.10592307692307694
0 0.9475710227272726 0.7482403846153847 0.07340909090909084 0.06890384615384612
0 0.5910014204545454 0.6573365384615385 0.08913352272727272 0.06775000000000003
0 0.9148224431818182 0.31252884615384613 0.10731534090909084 0.08248076923076926
0 0.9421164772727273 0.4881057692307692 0.058977272727272705 0.12121153846153841
0 0.1477911931818182 0.4824134615384616 0.06231534090909092 0.10917307692307694
0 0.8250355113636364 0.39897115384615384 0.047428977272727255 0.07213461538461537
0 0.38025568181818187 0.029557692307692306 0.0653977272727273 0.05869230769230769
0 0.6336576704545455 0.5016057692307692 0.06802556818181825 0.06324999999999997
0 0.5099928977272726 0.27745192307692307 0.056036931818181805 0.0943269230769231
0 0.23907670454545454 0.858625 0.058664772727272746 0.039711538461538416
0 0.6609375000000001 0.47260576923076925 0.04559659090909094 0.11182692307692303
0 0.7003764204545455 0.7704423076923077 0.09913352272727276 0.11261538461538462
0 0.9743394886363635 0.9789326923076922 0.05132102272727272 0.04213461538461543
0 0.3643892045454545 0.3662115384615385 0.04553977272727273 0.035884615384615376
0 0.8340340909090909 0.47516346153846156 0.029829545454545456 0.05201923076923079
0 0.56609375 0.04873076923076924 0.063125 0.06542307692307693
0 0.3029190340909091 0.22201923076923075 0.03725852272727275 0.0781153846153846
0 0.04606534090909091 0.3110961538461538 0.05838068181818181 0.0800769230769231
0 0.3401846590909091 0.12624038461538462 0.07068181818181817 0.09021153846153845
0 0.2573224431818182 0.9804326923076923 0.0810653409090909 0.03913461538461543
0 0.5909801136363636 0.18968269230769233 0.06267045454545456 0.07686538461538461
0 0.8014985795454546 0.6992980769230769 0.061235795454545314 0.14451923076923073
0 0.9862713068181819 0.3047980769230769 0.027457386363636423 0.06940384615384616
0 0.14368607954545454 0.7509423076923077 0.06740056818181817 0.1358461538461538
0 0.031129261363636362 0.7580384615384615 0.062258522727272725 0.07553846153846148
0 0.3714346590909091 0.19063461538461537 0.11465909090909095 0.14484615384615385
0 0.4525071022727273 0.12151923076923077 0.07825284090909096 0.084
0 0.10223011363636364 0.4690384615384615 0.020568181818181805 0.027346153846153843
0 0.9848437499999999 0.90375 0.030312500000000044 0.08642307692307692
0 0.03137784090909091 0.5188076923076924 0.06042613636363636 0.07838461538461543
0 0.075625 0.298375 0.0599715909090909 0.057596153846153825
0 0.758487215909091 0.30847115384615387 0.07688920454545446 0.12686538461538457
0 0.24943181818181817 0.3215384615384615 0.03664772727272729 0.05080769230769228
0 0.5808167613636364 0.26555769230769233 0.054985795454545426 0.07007692307692308
0 0.7215340909090909 0.867625 0.06292613636363638 0.038980769230769305
0 0.10729403409090908 0.16793269230769228 0.08842329545454546 0.10778846153846153
0 0.33652698863636366 0.817548076923077 0.055411931818181846 0.07875000000000008
0 0.3323792613636364 0.3997307692307693 0.07220170454545456 0.06684615384615389
0 0.31878551136363636 0.699673076923077 0.06973011363636364 0.052307692307692284
0 0.9009517045454545 0.12784615384615386 0.07343750000000006 0.09376923076923077
0 0.3063991477272727 0.9572499999999999 0.05424715909090909 0.0667692307692307
0 0.3686576704545454 0.6614903846153847 0.07535511363636366 0.09001923076923077
0 0.9516903409090909 0.08024038461538462 0.09613636363636373 0.16048076923076923
0 0.20825284090909094 0.9057403846153846 0.050710227272727296 0.06663461538461535
0 0.1818252840909091 0.3117884615384615 0.07279829545454546 0.07726923076923078
0 0.6847443181818181 0.021201923076923073 0.028778409090909077 0.03563461538461538
0 0.04199573863636364 0.25191346153846156 0.08399147727272728 0.06432692307692309
0 0.4740625 0.9897596153846153 0.044744318181818184 0.020480769230769188
0 0.5410724431818181 0.8698461538461539 0.10751420454545454 0.12269230769230771
0 0.7857954545454546 0.20249999999999999 0.06707386363636351 0.13923076923076924
0 0.24639204545454546 0.39940384615384616 0.07482954545454547 0.06584615384615386
0 0.7030823863636364 0.3008461538461538 0.05744318181818189 0.09573076923076923
0 0.22571022727272727 0.6268653846153847 0.12531249999999997 0.12600000000000008
0 0.6266122159090909 0.03828846153846154 0.06609374999999997 0.07596153846153846
0 0.9891193181818181 0.8419038461538462 0.021761363636363707 0.06176923076923078
0 0.3414914772727273 0.02118269230769231 0.036931818181818184 0.04236538461538462
0 0.3020880681818182 0.05049038461538461 0.0650284090909091 0.10040384615384615
0 0.17186079545454544 0.02997115384615385 0.04213068181818181 0.0599423076923077
0 0.5990056818181818 0.34325 0.04298295454545453 0.08299999999999999
0 0.17854403409090908 0.3388269230769231 0.06623579545454544 0.09588461538461542
0 0.8977911931818183 0.7855288461538462 0.05913352272727272 0.10544230769230767
0 0.763828125 0.497625 0.05643465909090912 0.07267307692307697
0 0.2756107954545455 0.31741346153846156 0.058465909090909124 0.04371153846153844
0 0.8532173295454545 0.22523076923076923 0.07566761363636361 0.09611538461538464
0 0.23090909090909092 0.4520865384615384 0.12394886363636362 0.04851923076923075
0 0.026647727272727274 0.44140384615384615 0.05329545454545455 0.10488461538461542
0 0.3818252840909091 0.38487499999999997 0.015099431818181812 0.028826923076923094
0 0.4325568181818182 0.20679807692307692 0.04286931818181819 0.08759615384615384
0 0.12029119318181819 0.511125 0.05865056818181817 0.056019230769230814
0 0.6009374999999999 0.5522980769230769 0.041107954545454545 0.05921153846153839
0 0.379296875 0.664798076923077 0.037230113636363645 0.04290384615384616
0 0.6996164772727274 0.9659423076923076 0.07573863636363644 0.06811538461538465
0 0.26021306818181816 0.7273269230769231 0.05286931818181818 0.10730769230769233
0 0.24549715909090908 0.1703653846153846 0.04446022727272725 0.07888461538461537
0 0.05834517045454545 0.4133269230769231 0.10092329545454545 0.10584615384615383
0 0.6188849431818183 0.22806730769230768 0.08867897727272728 0.11371153846153845
0 0.2352201704545455 0.23070192307692308 0.07240056818181818 0.10625
0 0.15982244318181818 0.07325961538461538 0.053309659090909095 0.061942307692307706
0 0.9504332386363636 0.6898557692307693 0.06634943181818187 0.05271153846153851
0 0.916171875 0.9443653846153846 0.15762784090909096 0.09365384615384602
0 0.44731534090909086 0.5847788461538462 0.13948863636363634 0.07655769230769231
0 0.23534801136363637 0.898 0.08600852272727275 0.09153846153846147
0 0.1283025568181818 0.6300961538461538 0.03992897727272727 0.10757692307692307
0 0.7080042613636365 0.47798076923076926 0.06504261363636367 0.0910769230769231
0 0.37466619318181815 0.4416923076923077 0.10799715909090905 0.07926923076923077
0 0.37106534090909093 0.0760576923076923 0.0886647727272727 0.07707692307692307
0 0.17193892045454542 0.16274999999999998 0.05901988636363636 0.12684615384615386
0 0.12191761363636364 0.8957596153846155 0.0806534090909091 0.13224999999999998
0 0.03832386363636364 0.8239711538461539 0.0746875 0.06982692307692308
0 0.04213068181818182 0.5934903846153846 0.04789772727272727 0.06732692307692306
0 0.11994318181818181 0.5580673076923077 0.04008522727272727 0.045519230769230694
0 0.6399857954545455 0.6008846153846154 0.06923295454545456 0.10988461538461536
0 0.600390625 0.9630384615384615 0.07001420454545458 0.07392307692307692
0 0.6764985795454546 0.5809903846153847 0.05606534090909095 0.10171153846153844
0 0.9483096590909089 0.6443653846153846 0.05235795454545456 0.05496153846153854
0 0.5163991477272727 0.90125 0.10680397727272727 0.14573076923076927
0 0.8742400568181818 0.769076923076923 0.07984375000000005 0.14742307692307696
0 0.6663849431818182 0.0739423076923077 0.07450284090909089 0.07211538461538461
0 0.3323508522727273 0.2905384615384615 0.061377840909090924 0.05476923076923075
0 0.8775213068181817 0.5247884615384615 0.06538352272727269 0.06830769230769228
0 0.31776988636363634 0.9136442307692308 0.06894886363636363 0.051788461538461554
0 0.9794673295454547 0.5843269230769231 0.041065340909090864 0.0773846153846154
0 0.724715909090909 0.8394423076923077 0.05997159090909087 0.03542307692307695
0 0.46381392045454545 0.7406923076923076 0.1250994318181818 0.13673076923076916
0 0.5322869318181819 0.18157692307692308 0.06130681818181822 0.08449999999999999
0 0.5374431818181818 0.64 0.07275568181818186 0.09519230769230769
0 0.2872940340909091 0.13943269230769229 0.048082386363636355 0.09194230769230768
0 0.6254332386363637 0.40083653846153844 0.07475852272727272 0.07590384615384616
0 0.6768536931818182 0.1481730769230769 0.08811079545454542 0.09976923076923076
0 0.7111434659090908 0.551875 0.05896306818181817 0.08771153846153838
0 0.15497869318181817 0.06479807692307693 0.028480113636363633 0.03567307692307692
0 0.1431818181818182 0.978451923076923 0.09136363636363637 0.043096153846153895
0 0.660546875 0.8307211538461539 0.03910511363636368 0.06290384615384612
0 0.2586008522727273 0.887826923076923 0.04214488636363634 0.046500000000000014
0 0.7417329545454545 0.1421346153846154 0.11573863636363631 0.11061538461538462
0 0.6837002840909091 0.030403846153846156 0.048650568181818184 0.06080769230769231
0 0.9384161931818181 0.87125 0.0648153409090909 0.07215384615384612
0 0.6348082386363636 0.8233269230769231 0.05484374999999994 0.04569230769230768
0 0.558778409090909 0.983875 0.06255681818181813 0.032249999999999966
0 0.4665411931818182 0.3685576923076923 0.055071022727272705 0.047692307692307714
0 0.5537357954545455 0.7759711538461538 0.09122159090909086 0.08732692307692301
0 0.5220099431818181 0.30091346153846155 0.08708806818181819 0.13663461538461538
0 0.017230113636363637 0.6299038461538461 0.033295454545454545 0.08019230769230767
0 0.36168323863636365 0.3877307692307692 0.02825284090909089 0.02369230769230768
0 0.8284303977272726 0.32325 0.08151988636363634 0.0827692307692308
0 0.4470028409090909 0.3348557692307692 0.06778409090909095 0.051211538461538454
0 0.10649857954545454 0.6181442307692308 0.026889204545454536 0.04436538461538471
0 0.22441051136363638 0.8232115384615385 0.09612215909090907 0.0625
0 0.39037642045454546 0.27946153846153843 0.05362215909090909 0.10119230769230768
0 0.45704545454545453 0.057086538461538466 0.08957386363636365 0.07525000000000001
0 0.21329545454545454 0.6925576923076923 0.03624999999999998 0.03407692307692313
0 0.19553267045454545 0.9605576923076923 0.07242897727272729 0.07888461538461534
0 0.9668323863636363 0.1885480769230769 0.06633522727272734 0.13940384615384616
0 0.6329474431818182 0.6513557692307692 0.09700284090909093 0.1223269230769231
0 0.9370596590909092 0.5611538461538462 0.06039772727272741 0.12038461538461542
0 0.2403835227272727 0.06110576923076923 0.07536931818181819 0.12221153846153845
0 0.4265482954545455 0.8248173076923077 0.12409090909090911 0.1104038461538462
0 0.024779829545454546 0.187375 0.04955965909090909 0.05890384615384615
0 0.007080965909090909 0.4040769230769231 0.014161931818181818 0.07519230769230768
0 0.32070312500000003 0.17515384615384616 0.028849431818181823 0.07615384615384614
0 0.6388423295454545 0.010221153846153847 0.05424715909090909 0.020442307692307694
0 0.09747869318181818 0.6536923076923077 0.03867897727272727 0.07784615384615388
0 0.40051846590909085 0.6618653846153846 0.10473011363636363 0.14026923076923076
0 0.8964701704545455 0.9815961538461538 0.10836647727272722 0.036807692307692284
0 0.5325994318181819 0.5141538461538462 0.09440340909090907 0.09419230769230773
0 0.5397230113636364 0.3842980769230769 0.05711647727272724 0.03867307692307689
0 0.9018323863636364 0.5879326923076924 0.06562500000000006 0.07844230769230773
0 0.7436292613636364 0.03503846153846154 0.09154829545454544 0.07007692307692308
0 0.8017826704545453 0.48150961538461534 0.03774147727272734 0.11298076923076923
0 0.47425426136363635 0.919326923076923 0.13268465909090904 0.13896153846153833
0 0.133125 0.38874038461538457 0.08221590909090909 0.11078846153846152
0 0.9502343749999999 0.8277884615384615 0.056946022727272776 0.09184615384615383
0 0.05333806818181818 0.8875480769230769 0.06928977272727273 0.06774999999999992
0 0.4408380681818182 0.40770192307692305 0.07082386363636357 0.04928846153846153
0 0.06443181818181819 0.23364423076923077 0.07857954545454544 0.06851923076923076
0 0.27074573863636364 0.2933557692307693 0.06470170454545453 0.0339423076923077
0 0.9803977272727273 0.7786442307692307 0.039204545454545485 0.0812884615384615
0 0.2680610795454545 0.21917307692307691 0.04328125 0.10496153846153843
0 0.556796875 0.33413461538461536 0.04382102272727276 0.06992307692307695
0 0.5821235795454546 0.7057307692307693 0.12123579545454549 0.05423076923076921
