0 0.9929048295454547 0.6404903846153845 0.01401988636363637 0.07151923076923077
0 0.08513494318181818 0.6212980769230769 0.1523153409090909 0.1461730769230769
0 0.018053977272727274 0.019230769230769232 0.03610795454545455 0.038461538461538464
0 0.3955681818181818 0.7254038461538462 0.20392045454545454 0.19430769230769235
0 0.5163778409090909 0.6732788461538461 0.07821022727272728 0.09244230769230768
0 0.9847017045454546 0.4494711538461538 0.030596590909090858 0.06632692307692309
0 0.2569815340909091 0.3003461538461539 0.0954119318181818 0.21892307692307691
0 0.37283380681818185 0.8953653846153847 0.16921875000000003 0.20926923076923076
0 0.4418678977272727 0.23802884615384617 0.14680397727272732 0.19698076923076924
0 0.45015625 0.02 0.029744318181818177 0.04
0 0.6566335227272727 0.9396057692307693 0.016562500000000036 0.02251923076923073
0 0.9841690340909092 0.7025192307692307 0.03166193181818177 0.0636538461538462
0 0.05865056818181818 0.35634615384615387 0.11730113636363636 0.0997307692307692
0 0.8521661931818181 0.8758365384615384 0.07154829545454545 0.1009038461538462
0 0.6737144886363636 0.41875 0.14223011363636362 0.18461538461538463
0 0.7558096590909091 0.30899038461538464 0.10977272727272731 0.1350576923076923
0 0.5803338068181818 0.1266442307692308 0.13654829545454544 0.2532884615384616
0 0.04838068181818182 0.6834711538461538 0.08380681818181818 0.15128846153846157
0 0.9421022727272728 0.7141057692307693 0.06428977272727271 0.07775000000000001
0 0.7093892045454545 0.6198846153846155 0.0470738636363637 0.13434615384615375
0 0.035724431818181815 0.7942692307692307 0.07144886363636363 0.12642307692307694
0 0.47391335227272724 0.7512307692307693 0.05359375000000002 0.054115384615384586
0 0.15546164772727272 0.6745961538461538 0.16208806818181817 0.16807692307692315
0 0.4766974431818182 0.6407307692307692 0.06447443181818188 0.0976153846153846
0 0.9120028409090909 0.9037115384615385 0.10008522727272716 0.14319230769230776
0 0.3287713068181818 0.2622980769230769 0.07833806818181815 0.15090384615384614
0 0.9798224431818183 0.9206730769230769 0.03992897727272729 0.13019230769230777
0 0.9533593749999999 0.6396538461538461 0.07708806818181815 0.06411538461538467
0 0.04294744318181818 0.27749038461538467 0.08589488636363636 0.2268653846153846
0 0.6390625 0.6256538461538462 0.04772727272727268 0.06253846153846161
0 0.7981321022727272 0.8854615384615384 0.05890625000000004 0.17276923076923084
0 0.9470241477272726 0.6919423076923077 0.06262784090909096 0.08696153846153852
0 0.016100852272727274 0.06889423076923078 0.03220170454545455 0.07078846153846152
0 0.07446732954545454 0.29828846153846156 0.04265625 0.04530769230769226
0 0.6261505681818181 0.5897596153846153 0.07732954545454546 0.1544807692307692
0 0.8339914772727273 0.53025 0.03340909090909088 0.04138461538461535
0 0.7355326704545455 0.9444326923076923 0.09183238636363633 0.1109807692307693
0 0.2976988636363636 0.8669903846153846 0.06357954545454549 0.08871153846153845
0 0.18152698863636363 0.5453173076923077 0.06708806818181817 0.08751923076923075
0 0.7404687499999999 0.5420961538461538 0.05528409090909093 0.11592307692307686
0 0.8556107954545454 0.05276923076923077 0.1264772727272727 0.10553846153846154
0 0.8954545454545454 0.6858076923076923 0.0894602272727273 0.2711923076923077
0 0.48882102272727274 0.1514230769230769 0.07167613636363641 0.10138461538461536
0 0.8328693181818181 0.15508653846153844 0.10360795454545446 0.21590384615384614
0 0.40781249999999997 0.13378846153846152 0.1311931818181818 0.14384615384615385
0 0.17175426136363636 0.9644999999999999 0.05430397727272728 0.07100000000000004
0 0.7045170454545455 0.7221730769230769 0.08343750000000001 0.12719230769230777
0 0.65 0.3533269230769231 0.05110795454545449 0.12803846153846157
0 0.11300426136363635 0.027865384615384615 0.08313920454545454 0.05573076923076923
0 0.6482741477272728 0.45719230769230773 0.058735795454545485 0.19892307692307687
0 0.6892258522727273 0.8894807692307691 0.17811079545454545 0.18553846153846146
0 0.46328125 0.05978846153846154 0.10690340909090908 0.09196153846153846
0 0.6588139204545455 0.2084326923076923 0.09654829545454549 0.10536538461538462
0 0.6806036931818181 0.5859807692307691 0.03617897727272723 0.08030769230769229
0 0.8907528409090908 0.4051153846153846 0.11272727272727275 0.2296923076923077
0 0.5313210227272728 0.36203846153846153 0.20241477272727273 0.33184615384615385
0 0.9399076704545454 0.43583653846153847 0.12018465909090911 0.38055769230769226
0 0.9777556818181817 0.12478846153846154 0.04448863636363643 0.24957692307692309
0 0.13151988636363637 0.0837596153846154 0.09548295454545454 0.0844423076923077
0 0.08256392045454544 0.5423365384615384 0.13620738636363636 0.08251923076923082
0 0.15645596590909092 0.20547115384615383 0.1016335227272727 0.19817307692307695
0 0.3199502840909091 0.9798846153846154 0.05180397727272727 0.040230769230769264
0 0.37694602272727273 0.5101442307692308 0.027301136363636402 0.04528846153846156
0 0.6558451704545455 0.6813173076923077 0.06899147727272727 0.06128846153846155
0 0.18725142045454543 0.8056057692307692 0.11257102272727271 0.1876730769230769
0 0.8129119318181818 0.7574423076923077 0.17590909090909096 0.18161538461538462
0 0.35519886363636366 0.5180865384615384 0.029403409090909115 0.047826923076922975
