0 0.19199573863636363 0.847701923076923 0.04819602272727272 0.039749999999999924
0 0.44615056818181825 0.8155576923076923 0.05602272727272727 0.03580769230769232
0 0.7247869318181818 0.5045384615384616 0.047812500000000036 0.05515384615384611
0 0.5941832386363637 0.42601923076923076 0.06464488636363636 0.06834615384615389
0 0.5784659090909091 0.45988461538461534 0.06508522727272727 0.05334615384615381
0 0.5811221590909091 0.5009423076923077 0.06684659090909091 0.05873076923076922
0 0.6072514204545455 0.5213269230769232 0.06774147727272727 0.05873076923076927
0 0.5857173295454546 0.32734615384615384 0.05555397727272721 0.07692307692307693
0 0.568515625 0.3566442307692308 0.042144886363636384 0.07151923076923077
0 0.6191974431818181 0.3624134615384615 0.062428977272727254 0.0845192307692308
0 0.5834517045454546 0.4043076923076923 0.04428977272727266 0.06284615384615386
0 0.5490411931818181 0.4248942307692308 0.07149147727272726 0.07078846153846154
0 0.4651917613636364 0.7651923076923076 0.03765624999999999 0.06857692307692312
0 0.25147727272727277 0.46950961538461533 0.05571022727272727 0.09274999999999999
0 0.5437002840909091 0.4881057692307692 0.038423295454545474 0.06575000000000004
0 0.5418394886363637 0.5386634615384616 0.12325284090909089 0.054173076923076956
0 0.5298295454545454 0.5650384615384615 0.06295454545454553 0.04623076923076916
0 0.5615767045454546 0.5867019230769231 0.06562499999999999 0.06067307692307695
0 0.5661150568181817 0.6278846153846154 0.042684659090909106 0.04623076923076916
0 0.5018252840909091 0.5950096153846154 0.08163352272727269 0.05705769230769234
0 0.5266335227272727 0.6524423076923077 0.04161931818181812 0.08669230769230767
0 0.6189346590909092 0.5765961538461539 0.06403409090909089 0.059230769230769253
0 0.6197301136363635 0.6210192307692307 0.07843749999999995 0.05707692307692309
0 0.4239630681818182 0.7894615384615384 0.05647727272727279 0.08553846153846158
0 0.5943892045454545 0.6726634615384615 0.03306818181818178 0.06501923076923077
0 0.5733167613636364 0.6820576923076922 0.03788352272727275 0.07657692307692307
0 0.5551704545454546 0.6535192307692308 0.021875000000000047 0.05273076923076926
0 0.5485014204545454 0.7015576923076922 0.04055397727272729 0.06646153846153846
0 0.6205397727272728 0.6637596153846154 0.04434659090909095 0.06790384615384616
0 0.6076349431818181 0.7045769230769231 0.05487215909090908 0.07049999999999994
0 0.5743892045454545 0.7448653846153847 0.05440340909090902 0.061692307692307664
0 0.5874147727272727 0.7848269230769231 0.05068181818181819 0.05853846153846153
0 0.23623579545454546 0.41166346153846156 0.047812499999999994 0.040250000000000015
0 0.617862215909091 0.7687788461538462 0.052997159090909095 0.06294230769230773
0 0.4365127840909091 0.754875 0.03316761363636367 0.058865384615384535
0 0.6385511363636364 0.7395096153846153 0.05997159090909087 0.08371153846153852
0 0.662265625 0.86225 0.06276988636363635 0.07365384615384607
0 0.6950426136363637 0.8005673076923077 0.03534090909090908 0.04848076923076919
0 0.3269247159090909 0.7397019230769231 0.07663352272727271 0.0794807692307692
0 0.72015625 0.7735000000000001 0.052073863636363675 0.05980769230769224
0 0.7034161931818183 0.8336153846153846 0.02975852272727271 0.061692307692307664
0 0.7494460227272728 0.8238557692307692 0.06974431818181813 0.08371153846153852
0 0.7706036931818182 0.8175673076923077 0.05532670454545461 0.07617307692307695
0 0.7696732954545454 0.7980576923076923 0.046960227272727195 0.039653846153846165
0 0.7805965909090908 0.8119038461538461 0.06974431818181821 0.08623076923076929
0 0.5014914772727272 0.732423076923077 0.056477272727272716 0.056423076923076874
0 0.9825852272727272 0.9472307692307691 0.034829545454545426 0.09757692307692299
0 0.9700355113636363 0.9838461538461539 0.05992897727272735 0.03230769230769233
0 0.9626136363636365 0.9516346153846155 0.03673295454545456 0.053499999999999985
0 0.9437855113636363 0.912923076923077 0.04370738636363634 0.0641923076923078
0 0.9324005681818182 0.9775480769230769 0.04045454545454548 0.0449038461538462
0 0.8940482954545456 0.9772307692307691 0.06693181818181819 0.04553846153846155
0 0.8809517045454546 0.9810096153846154 0.053380681818181876 0.03798076923076923
0 0.8965696022727272 0.9470384615384616 0.044275568181818124 0.03961538461538455
0 0.88984375 0.9210769230769231 0.03795454545454533 0.04765384615384621
0 0.9184517045454544 0.9336923076923077 0.05346590909090907 0.061692307692307664
0 0.5180752840909091 0.707548076923077 0.05467329545454547 0.06248076923076925
0 0.9038849431818182 0.8873557692307692 0.049417613636363586 0.04336538461538464
0 0.8633522727272727 0.8729038461538461 0.038750000000000125 0.04869230769230768
0 0.8609801136363636 0.9117115384615385 0.023721590909090973 0.05138461538461533
0 0.8684943181818183 0.9494423076923078 0.023721590909090814 0.04657692307692302
0 0.8483380681818182 0.9537115384615384 0.018977272727272745 0.09257692307692306
0 0.8354829545454546 0.9638846153846155 0.031221590909090772 0.07223076923076924
0 0.8184801136363636 0.9858269230769231 0.0320170454545454 0.028346153846153865
0 0.7653053977272727 0.9625480769230769 0.041122159090909154 0.07490384615384613
0 0.7999005681818182 0.9767307692307692 0.039147727272727195 0.046538461538461515
0 0.8224360795454545 0.9411442307692307 0.024900568181818142 0.04174999999999996
0 0.4954474431818182 0.7788365384615384 0.0488494318181818 0.0473269230769231
0 0.8020809659090908 0.9459615384615384 0.02529829545454554 0.04388461538461537
0 0.7755894886363636 0.9213461538461539 0.037173295454545556 0.0642307692307693
0 0.7898224431818183 0.8704999999999999 0.044275568181818124 0.03853846153846158
0 0.8311363636363637 0.873173076923077 0.053380681818181716 0.058884615384615396
0 0.8000994318181818 0.9018076923076924 0.044289772727272816 0.053000000000000005
0 0.8263920454545454 0.9200096153846153 0.05019886363636368 0.04228846153846145
0 0.7311079545454546 0.9312403846153846 0.046250000000000006 0.04871153846153854
0 0.7309161931818182 0.9432788461538462 0.05061079545454545 0.1134423076923077
0 0.6955255681818181 0.9697692307692307 0.0438920454545455 0.060461538461538455
0 0.7218181818181818 0.9885096153846153 0.05534090909090906 0.022980769230769207
0 0.4799857954545454 0.81525 0.050198863636363604 0.042461538461538544
0 0.6959232954545455 0.9272307692307692 0.0320170454545454 0.05565384615384615
0 0.7111434659090908 0.8849423076923076 0.07907670454545457 0.05246153846153852
0 0.6597727272727273 0.5113942307692307 0.09428977272727272 0.06594230769230768
0 0.7305184659090909 0.8900288461538461 0.05850852272727272 0.052980769230769144
0 0.65796875 0.9673653846153846 0.045454545454545456 0.06526923076923076
0 0.6658806818181818 0.9200096153846153 0.047045454545454474 0.07224999999999998
0 0.624559659090909 0.9197403846153845 0.03954545454545459 0.07813461538461537
0 0.7122798295454547 0.4579615384615385 0.0412357954545455 0.08496153846153848
0 0.627919034090909 0.9748557692307692 0.03044034090909092 0.0502884615384615
0 0.6103267045454545 0.9812788461538461 0.03875000000000004 0.03744230769230775
0 0.49612215909090907 0.8434711538461539 0.06184659090909094 0.03701923076923077
0 0.5953053977272728 0.9473076923076924 0.05296875000000003 0.0369230769230769
0 0.5781036931818182 0.9596153846153846 0.03044034090909092 0.0422692307692308
0 0.5808735795454546 0.9855673076923077 0.020951704545454544 0.02782692307692313
0 0.6085511363636363 0.9098365384615384 0.03835227272727273 0.04228846153846155
0 0.6325 0.819298076923077 0.037642045454545456 0.06371153846153846
0 0.6168536931818182 0.8672788461538462 0.04151988636363639 0.05459615384615382
0 0.613096590909091 0.8450769230769231 0.07196022727272723 0.05726923076923072
0 0.5496377840909091 0.9534615384615384 0.04387784090909089 0.059961538461538476
0 0.5516122159090909 0.9596057692307692 0.03992897727272729 0.08078846153846152
0 0.5209801136363637 0.9852980769230769 0.04823863636363634 0.029403846153846194
0 0.46026278409090904 0.8492307692307692 0.031377840909090876 0.03519230769230772
0 0.4970596590909091 0.9681634615384616 0.05019886363636368 0.06367307692307694
0 0.4958735795454546 0.963076923076923 0.07629261363636361 0.0738461538461538
0 0.5413352272727273 0.8555096153846155 0.029659090909090902 0.07386538461538456
0 0.5539914772727272 0.897798076923077 0.0478409090909091 0.059942307692307725
0 0.5775142045454545 0.8913653846153846 0.05613636363636361 0.07599999999999997
0 0.5735582386363637 0.8332980769230769 0.05061079545454545 0.06048076923076932
0 0.5464772727272728 0.8038557692307692 0.04071022727272731 0.039057692307692314
0 0.5589275568181818 0.7714711538461537 0.026889204545454556 0.03425
0 0.5359943181818182 0.7605000000000001 0.047443181818181863 0.04869230769230768
0 0.5332315340909091 0.7872596153846154 0.027684659090909104 0.029442307692307587
0 0.3147301136363636 0.8599326923076922 0.06701704545454547 0.0479038461538462
0 0.5014914772727272 0.8807788461538462 0.07170454545454548 0.0764423076923077
0 0.5156392045454545 0.8142980769230769 0.03676136363636363 0.05351923076923085
0 0.6839346590909091 0.02832692307692308 0.04028409090909093 0.05665384615384616
0 0.6370667613636364 0.013144230769230771 0.027826704545454592 0.025519230769230773
0 0.6239701704545454 0.02426923076923077 0.022485795454545432 0.026769230769230767
0 0.6361150568181819 0.03357692307692308 0.05711647727272724 0.06653846153846155
0 0.6115980113636365 0.022826923076923075 0.028849431818181823 0.04565384615384615
0 0.5725852272727273 0.03650961538461538 0.0497727272727273 0.05067307692307692
0 0.5957315340909091 0.012221153846153847 0.03509943181818179 0.02401923076923077
0 0.5556036931818181 0.017336538461538462 0.057485795454545414 0.034673076923076925
0 0.5654474431818183 0.052182692307692305 0.04089488636363639 0.03290384615384615
0 0.4476349431818182 0.8971634615384615 0.05453124999999998 0.04448076923076922
0 0.5696875 0.06941346153846153 0.04167613636363641 0.050673076923076925
0 0.5752840909090909 0.08325961538461539 0.04281249999999998 0.05744230769230769
0 0.5353551136363636 0.1401923076923077 0.05170454545454542 0.04596153846153844
0 0.50390625 0.01525 0.0605681818181818 0.0305
0 0.4695738636363637 0.01185576923076923 0.0451420454545455 0.02371153846153846
0 0.5046803977272727 0.03207692307692308 0.05285511363636361 0.032384615384615394
0 0.5243536931818181 0.05113461538461539 0.05208806818181821 0.04753846153846154
0 0.5212713068181819 0.10415384615384615 0.037428977272727225 0.06999999999999999
0 0.4954261363636363 0.12635576923076922 0.022755681818181873 0.057980769230769225
0 0.5012073863636364 0.08247115384615385 0.025085227272727308 0.04125000000000001
0 0.4756747159090909 0.8987115384615385 0.050696022727272805 0.05973076923076923
0 0.4620454545454545 0.09683653846153847 0.052471590909090905 0.08878846153846154
0 0.43754971590909086 0.006634615384615385 0.022769886363636405 0.01326923076923077
0 0.4902130681818182 0.062625 0.03857954545454549 0.06425
0 0.4504829545454545 0.04512499999999999 0.05323863636363639 0.04178846153846153
0 0.4223082386363636 0.025432692307692305 0.050156250000000006 0.05086538461538461
0 0.6177201704545454 0.07620192307692308 0.028934659090909098 0.05171153846153846
0 0.4213494318181818 0.15272115384615384 0.04360795454545461 0.050134615384615396
0 0.4161363636363636 0.13366346153846154 0.037812500000000006 0.05378846153846152
0 0.43581676136363645 0.10388461538461538 0.03240056818181818 0.04126923076923077
0 0.4578053977272727 0.12609615384615383 0.046292613636363604 0.0585
0 0.5073011363636364 0.9100000000000001 0.047642045454545486 0.054692307692307686
0 0.4616619318181818 0.1587307692307692 0.047073863636363615 0.05276923076923079
0 0.4543323863636364 0.20965384615384614 0.06866477272727269 0.10342307692307692
0 0.4041832386363636 0.085875 0.036264204545454586 0.049096153846153845
0 0.4090056818181818 0.048 0.03125 0.041269230769230766
0 0.3835440340909091 0.03431730769230769 0.04205965909090907 0.06863461538461538
0 0.36405539772727274 0.10101923076923078 0.07021306818181815 0.06476923076923079
0 0.3551846590909091 0.1375769230769231 0.07639204545454546 0.06057692307692309
0 0.3318465909090909 0.022826923076923075 0.07369318181818181 0.04565384615384615
0 0.2907528409090909 0.021778846153846152 0.03008522727272728 0.043557692307692304
0 0.47613636363636364 0.2180096153846154 0.03974431818181821 0.06790384615384619
0 0.4051704545454546 0.907423076923077 0.05602272727272727 0.06811538461538465
0 0.4466193181818181 0.2425576923076923 0.03704545454545452 0.07207692307692308
0 0.4728551136363636 0.2647596153846154 0.041676136363636325 0.030826923076923078
0 0.4387073863636364 0.29271153846153847 0.021988636363636307 0.033423076923076916
0 0.4554900568181818 0.29375 0.030099431818181813 0.03761538461538462
0 0.4066903409090909 0.2767788461538462 0.04977272727272722 0.045442307692307685
0 0.37120028409090905 0.2321153846153846 0.057485795454545456 0.07730769230769234
0 0.3708096590909091 0.26972115384615386 0.03974431818181821 0.06998076923076921
0 0.39029119318181815 0.15402884615384616 0.03779829545454547 0.11751923076923078
0 0.41749289772727277 0.18432692307692305 0.048991477272727284 0.04961538461538461
0 0.407265625 0.23629807692307692 0.045525568181818195 0.07417307692307691
0 0.428984375 0.9468942307692307 0.06478693181818183 0.06448076923076917
0 0.42308948863636364 0.2133173076923077 0.031633522727272705 0.031326923076923065
0 0.373125 0.2947884615384615 0.04281249999999998 0.09088461538461537
0 0.5240838068181818 0.16329807692307693 0.03904829545454547 0.05198076923076923
0 0.5442613636363636 0.19017307692307692 0.035142045454545384 0.058153846153846174
0 0.5335227272727273 0.2271826923076923 0.043607954545454526 0.06521153846153846
0 0.49870028409090905 0.17255769230769233 0.05467329545454547 0.0705
0 0.11924005681818181 0.6595192307692308 0.08515625 0.10203846153846154
0 0.7574786931818182 0.2669038461538462 0.07061079545454542 0.08680769230769234
0 0.8028480113636363 0.2753653846153846 0.05120738636363646 0.07984615384615382
0 0.8714559659090909 0.39842307692307694 0.08714488636363624 0.09738461538461536
0 0.4590980113636363 0.9622211538461539 0.0785085227272727 0.07555769230769235
0 0.8239204545454545 0.36063461538461533 0.06821022727272724 0.09080769230769231
0 0.8719389204545455 0.7374711538461539 0.10188920454545457 0.11971153846153847
0 0.8634801136363636 0.68 0.0721874999999999 0.052192307692307774
0 0.5185511363636364 0.23424038461538463 0.050113636363636326 0.06344230769230771
0 0.07019886363636364 0.6398076923076924 0.06551136363636365 0.1465384615384615
0 0.2234375 0.10916346153846154 0.0553409090909091 0.0713653846153846
0 0.022485795454545456 0.4714423076923077 0.04497159090909091 0.09811538461538469
0 0.2080184659090909 0.8730192307692308 0.035781249999999994 0.023653846153846175
0 0.23561789772727273 0.9028173076923077 0.04836647727272729 0.04801923076923071
0 0.23198153409090908 0.987423076923077 0.0370880681818182 0.025153846153846124
0 0.4099360795454546 0.977701923076923 0.05640624999999997 0.04459615384615384
0 0.2021590909090909 0.9838846153846154 0.036278409090909076 0.032230769230769216
0 0.3132102272727273 0.9776057692307693 0.047159090909090894 0.044788461538461576
0 0.32087357954545453 0.9492115384615385 0.05441761363636364 0.04365384615384613
0 0.331953125 0.9191923076923078 0.06288352272727274 0.04803846153846157
0 0.3101846590909091 0.8804423076923078 0.07659090909090911 0.04911538461538466
0 0.2878125 0.9325576923076924 0.030227272727272728 0.044192307692307725
0 0.29325994318181814 0.9017211538461538 0.031434659090909124 0.04801923076923071
0 0.2610085227272727 0.9025480769230769 0.046761363636363656 0.05621153846153849
0 0.28297585227272726 0.9743076923076923 0.024588068181818187 0.04911538461538455
0 0.270078125 0.9833173076923077 0.0439346590909091 0.033288461538461545
0 0.3918323863636364 0.9898269230769231 0.038494318181818137 0.020346153846153816
0 0.25274857954545454 0.9513942307692308 0.058451704545454515 0.04801923076923071
0 0.22735085227272728 0.9704903846153846 0.05845170454545456 0.05128846153846157
0 0.22936789772727273 0.9311923076923078 0.05683238636363635 0.03819230769230761
0 0.16306107954545454 0.8809903846153846 0.05643465909090908 0.043673076923076995
0 0.17071732954545454 0.9055480769230769 0.0548153409090909 0.06875
0 0.1886505681818182 0.9224711538461537 0.053607954545454556 0.09386538461538461
0 0.15620738636363637 0.974875 0.09352272727272726 0.05024999999999999
0 0.02348011363636364 0.9055480769230769 0.04696022727272728 0.06548076923076926
0 0.017535511363636364 0.8496057692307692 0.03467329545454546 0.07913461538461534
0 0.048778409090909094 0.8528846153846154 0.04071022727272727 0.06276923076923074
0 0.3466690340909091 0.9857019230769232 0.04879261363636367 0.028596153846153854
0 0.013401988636363637 0.9661442307692307 0.026803977272727274 0.06771153846153842
0 0.02479403409090909 0.9726730769230769 0.039502840909090904 0.05457692307692307
0 0.0923153409090909 0.9800576923076924 0.03829545454545455 0.0398846153846154
0 0.060262784090909086 0.9715865384615385 0.03305397727272728 0.05674999999999998
0 0.04192471590909091 0.9453846153846154 0.03990056818181819 0.09057692307692301
0 0.07053977272727273 0.8687019230769231 0.061676136363636364 0.07367307692307692
0 0.08666903409090909 0.9426538461538461 0.06490056818181818 0.11242307692307689
0 0.028316761363636363 0.6395000000000001 0.05663352272727273 0.10315384615384612
0 0.02811789772727273 0.5745576923076923 0.05623579545454546 0.07038461538461532
0 0.12995738636363638 0.5751346153846155 0.04778409090909091 0.034499999999999996
0 0.3514346590909091 0.8780288461538461 0.05534090909090906 0.045365384615384675
0 0.3662926136363636 0.9559230769230769 0.06136363636363639 0.049538461538461524
0 0.15424005681818184 0.6020769230769232 0.03822443181818183 0.06146153846153842
0 0.17017045454545457 0.5767403846153846 0.0541477272727273 0.05390384615384621
0 0.20341619318181817 0.5632692307692307 0.04259943181818179 0.05284615384615377
0 0.17475142045454548 0.5398173076923076 0.0633096590909091 0.04905769230769229
0 0.06245738636363636 0.45410576923076923 0.04897727272727273 0.0749423076923077
0 0.083359375 0.48537499999999995 0.03981534090909091 0.04905769230769229
0 0.08953835227272727 0.4975 0.03941761363636364 0.05607692307692302
0 0.12338068181818183 0.5395480769230769 0.05772727272727273 0.04851923076923081
0 0.07898437500000001 0.5500576923076923 0.06609375 0.05984615384615374
0 0.036704545454545455 0.5236442307692308 0.07340909090909091 0.07601923076923077
0 0.3624786931818182 0.9293461538461538 0.03620738636363638 0.0386923076923077
0 0.14946732954545452 0.45922115384615386 0.03822443181818183 0.04421153846153843
0 0.11501420454545454 0.43603846153846154 0.0696875 0.0657692307692308
0 0.09013494318181818 0.4198653846153846 0.08680397727272728 0.037730769230769186
0 0.12000000000000001 0.3840192307692308 0.06928977272727273 0.058769230769230775
0 0.03477982954545455 0.7651826923076923 0.027855113636363636 0.03598076923076919
0 0.01588778409090909 0.7606346153846153 0.020809659090909094 0.04334615384615389
0 0.006924715909090911 0.7701730769230769 0.013764204545454546 0.03726923076923076
0 0.01122159090909091 0.7937980769230769 0.02244318181818182 0.031634615384615365
0 0.034453125 0.8020288461538461 0.04450284090909091 0.047249999999999986
0 0.522784090909091 0.2738942307692308 0.046875 0.033480769230769224
0 0.16126420454545454 0.18991346153846153 0.05764204545454545 0.05201923076923076
0 0.06006392045454545 0.7575961538461539 0.04001420454545454 0.06588461538461536
0 0.03909801136363636 0.734201923076923 0.029446022727272727 0.03640384615384617
0 0.017144886363636366 0.7335480769230769 0.03428977272727273 0.04463461538461545
0 0.11497159090909091 0.8971634615384615 0.08579545454545455 0.07801923076923076
0 0.13786221590909092 0.8531634615384615 0.022088068181818177 0.04463461538461534
0 0.5306818181818183 0.3507019230769231 0.05073863636363632 0.1011730769230769
0 0.10584517045454546 0.8559807692307693 0.05217329545454545 0.03726923076923076
0 0.08808238636363636 0.7656153846153846 0.024971590909090905 0.04030769230769238
0 0.09159801136363636 0.826076923076923 0.02626420454545455 0.030346153846153794
0 0.05897727272727272 0.8042307692307692 0.05693181818181818 0.05461538461538457
0 0.19504261363636363 0.15508653846153847 0.10536931818181819 0.05790384615384615
0 0.09639914772727275 0.7996826923076924 0.027798295454545464 0.044288461538461596
0 0.11522727272727273 0.8024134615384615 0.04392045454545455 0.09101923076923085
0 0.13247869318181818 0.9483461538461538 0.051548295454545444 0.06857692307692312
0 0.025120738636363635 0.6877403846153847 0.05024147727272727 0.0473269230769231
0 0.053146306818181825 0.7214134615384615 0.07305397727272728 0.05763461538461544
0 0.11926136363636365 0.7584326923076923 0.06184659090909092 0.09890384615384616
0 0.1654190340909091 0.7951346153846154 0.0636505681818182 0.0618846153846154
0 0.19007102272727272 0.7833076923076923 0.0546875 0.0625
0 0.16877840909090908 0.7095769230769231 0.054232954545454536 0.05946153846153849
0 0.20643465909090908 0.5311826923076923 0.054232954545454536 0.047326923076922996
0 0.16777698863636362 0.1152403846153846 0.04958806818181818 0.06713461538461538
0 0.5477556818181818 0.30885576923076924 0.03136363636363642 0.06244230769230769
0 0.4974786931818182 0.35194230769230767 0.07473011363636357 0.1461153846153846
0 0.023771306818181816 0.408625 0.04754261363636363 0.05824999999999998
0 0.22365767045454543 0.025201923076923077 0.05186079545454548 0.05040384615384615
0 0.26050426136363636 0.017923076923076924 0.03953125000000002 0.03584615384615385
0 0.007109375 0.022471153846153846 0.013622159090909091 0.04494230769230769
0 0.017045454545454544 0.013057692307692308 0.01877840909090909 0.025423076923076923
0 0.03677556818181818 0.009740384615384614 0.029943181818181817 0.01878846153846154
0 0.03147727272727272 0.028163461538461537 0.02477272727272727 0.03205769230769231
0 0.07066761363636363 0.018221153846153845 0.04164772727272726 0.03575
0 0.14887073863636366 0.3019423076923077 0.03285511363636365 0.059576923076923055
0 0.06468750000000001 0.03591346153846153 0.0253125 0.039442307692307686
0 0.10007102272727274 0.0633653846153846 0.0253125 0.04792307692307692
0 0.08108664772727271 0.060048076923076926 0.02734374999999999 0.03317307692307692
0 0.09847301136363634 0.032846153846153844 0.0448153409090909 0.028615384615384612
0 0.1045525568181818 0.012086538461538461 0.03842329545454545 0.024173076923076922
0 0.12232244318181819 0.06426923076923077 0.02080965909090908 0.05592307692307693
0 0.13256392045454546 0.025740384615384616 0.03169034090909091 0.05148076923076923
0 0.15257102272727271 0.01533653846153846 0.03713068181818182 0.03067307692307692
0 0.1701846590909091 0.02439423076923077 0.04034090909090908 0.02125
0 0.18941761363636364 0.012403846153846154 0.04954545454545454 0.02480769230769231
0 0.18446732954545456 0.30156730769230766 0.03990056818181819 0.0514807692307692
0 0.4657173295454546 0.31982692307692306 0.042826704545454515 0.05442307692307694
0 0.174296875 0.056394230769230766 0.03572443181818183 0.058403846153846146
0 0.184765625 0.06316346153846153 0.04072443181818182 0.0791346153846154
0 0.1704971590909091 0.8377884615384615 0.06741477272727271 0.046115384615384544
0 0.41761363636363635 0.3238461538461538 0.06917613636363643 0.04996153846153844
0 0.4238707386363636 0.36264423076923075 0.09620738636363631 0.05263461538461539
0 0.17316051136363636 0.7412307692307692 0.06563920454545454 0.04707692307692311
0 0.3009872159090909 0.11552884615384616 0.06589488636363638 0.05759615384615384
0 0.35651988636363635 0.18402884615384615 0.05059659090909092 0.09286538461538463
0 0.3388565340909091 0.6973846153846154 0.05850852272727269 0.06065384615384619
0 0.11787642045454545 0.2965480769230769 0.04029829545454546 0.0773269230769231
0 0.4031178977272727 0.4081442307692308 0.07444602272727276 0.09367307692307694
0 0.4972443181818182 0.6374519230769231 0.02846590909090904 0.0806346153846154
0 0.47510653409090914 0.6923942307692307 0.054815340909090876 0.08205769230769233
0 0.47509943181818187 0.6256826923076924 0.040056818181818166 0.07278846153846147
0 0.4376846590909091 0.7187980769230768 0.02846590909090904 0.04924999999999992
0 0.43531250000000005 0.666 0.05534090909090906 0.0649230769230769
0 0.40764204545454547 0.6435192307692308 0.08539772727272728 0.04853846153846156
0 0.39551846590909095 0.7027403846153847 0.061150568181818195 0.08990384615384615
0 0.3475568181818182 0.6445865384615385 0.04849431818181816 0.07063461538461542
0 0.3857670454545455 0.603201923076923 0.04585227272727277 0.0734807692307692
0 0.10548295454545453 0.25070192307692307 0.04383522727272727 0.06113461538461537
0 0.3781321022727273 0.5454038461538462 0.04427556818181821 0.08492307692307698
0 0.32806107954545455 0.28531730769230773 0.06430397727272728 0.1013269230769231
0 0.2713920454545455 0.3559519230769231 0.034261363636363645 0.04282692307692304
0 0.3399147727272727 0.6103461538461539 0.049005681818181816 0.060653846153846086
0 0.3056534090909091 0.5518269230769232 0.038465909090909106 0.08350000000000003
0 0.31777698863636367 0.5650288461538462 0.021605113636363606 0.08705769230769227
0 0.2948508522727273 0.45834615384615385 0.036889204545454544 0.13057692307692315
0 0.31593039772727277 0.38664423076923077 0.028451704545454547 0.10132692307692308
0 0.3164559659090909 0.4572788461538462 0.02740056818181821 0.05851923076923078
0 0.35230113636363636 0.5839326923076923 0.037954545454545456 0.04209615384615382
0 0.07294034090909092 0.2806730769230769 0.05136363636363637 0.06353846153846153
0 0.35704545454545455 0.5175673076923076 0.03161931818181821 0.09490384615384614
0 0.33490767045454545 0.543625 0.023196022727272704 0.07705769230769241
0 0.35362215909090905 0.4840384615384616 0.0553409090909091 0.059230769230769253
0 0.31988636363636364 0.4933076923076923 0.026874999999999982 0.04923076923076922
0 0.33737926136363633 0.4469134615384615 0.024786931818181843 0.0511730769230769
0 0.3581463068181818 0.4418846153846154 0.024161931818181805 0.049500000000000016
0 0.38911931818181816 0.5350961538461538 0.05411931818181821 0.08238461538461544
0 0.36687499999999995 0.3680096153846154 0.04150568181818182 0.10259615384615384
0 0.42828835227272727 0.5988173076923077 0.06387784090909095 0.06871153846153849
0 0.4755184659090909 0.5071057692307692 0.048735795454545455 0.07921153846153851
0 0.28818181818181815 0.7141634615384616 0.04630681818181817 0.05913461538461538
0 0.15860795454545454 0.2542884615384616 0.06508522727272727 0.07911538461538464
0 0.5079616477272727 0.506423076923077 0.06657670454545456 0.07238461538461541
0 0.45433948863636364 0.5071057692307692 0.06083806818181816 0.12471153846153846
0 0.447109375 0.5774326923076922 0.049758522727272686 0.10513461538461541
0 0.47989346590909093 0.44316346153846153 0.062201704545454574 0.11424999999999993
0 0.5116619318181819 0.47274999999999995 0.049090909090909095 0.04415384615384617
0 0.5039275568181818 0.4147115384615384 0.05044034090909089 0.08192307692307692
0 0.42542613636363635 0.4201730769230769 0.05210227272727266 0.0646153846153846
0 0.3886150568181818 0.4577211538461538 0.041008522727272734 0.04871153846153849
0 0.3824005681818182 0.5025576923076923 0.030596590909090938 0.04369230769230769
0 0.39836647727272734 0.47182692307692314 0.030255681818181834 0.06326923076923079
0 0.12938920454545455 0.2198269230769231 0.05977272727272727 0.058153846153846174
0 0.4209090909090909 0.5013749999999999 0.04284090909090905 0.1266730769230769
0 0.9290269886363638 0.07691346153846154 0.14194602272727266 0.10186538461538462
0 0.897294034090909 0.08835576923076922 0.07126420454545448 0.10594230769230768
0 0.9562428977272727 0.13439423076923077 0.08751420454545457 0.0684423076923077
0 0.9788991477272727 0.14569230769230768 0.041946022727272686 0.07353846153846152
0 0.8759090909090909 0.133125 0.05002840909090913 0.05278846153846154
0 0.8565482954545455 0.08271153846153848 0.04948863636363625 0.07353846153846154
0 0.892315340909091 0.18154807692307692 0.09303977272727272 0.08555769230769232
0 0.983984375 0.01935576923076923 0.032031249999999935 0.03871153846153846
0 0.9845241477272727 0.0658076923076923 0.030951704545454494 0.057846153846153846
0 0.10990767045454546 0.1616826923076923 0.04649147727272727 0.07251923076923078
0 0.9637428977272727 0.19627884615384614 0.05362215909090909 0.06671153846153846
0 0.9853409090909092 0.2112019230769231 0.0293181818181818 0.06117307692307693
0 0.9702343750000001 0.2799326923076923 0.05953124999999995 0.10209615384615388
0 0.9091193181818181 0.2147692307692308 0.10951704545454549 0.07788461538461539
0 0.9169673295454545 0.24971153846153846 0.07350852272727272 0.034999999999999976
0 0.9503125 0.3261826923076923 0.044914772727272734 0.06878846153846156
0 0.9693678977272726 0.3074519230769231 0.05035511363636354 0.06082692307692307
0 0.7954474431818181 0.09761538461538462 0.04896306818181822 0.06042307692307693
0 0.7898934659090909 0.06104807692307692 0.05024147727272728 0.04771153846153846
0 0.7684659090909091 0.028557692307692308 0.025539772727272755 0.05703846153846154
0 0.1380184659090909 0.11792307692307692 0.029218750000000012 0.06053846153846155
0 0.7559161931818181 0.16053846153846152 0.08112215909090911 0.10376923076923075
0 0.7431463068181817 0.01885576923076923 0.03316761363636367 0.037634615384615384
0 0.7547159090909091 0.05313461538461539 0.029488636363636352 0.047807692307692315
0 0.7299289772727273 0.05752884615384615 0.026562500000000065 0.08117307692307693
0 0.7146946022727273 0.114125 0.02268465909090905 0.07063461538461538
0 0.7741619318181818 0.21458653846153847 0.0819886363636364 0.04344230769230767
0 0.8440056818181819 0.18804807692307693 0.058977272727272864 0.06494230769230769
0 0.8188920454545454 0.23960576923076923 0.03661931818181814 0.0574807692307692
0 0.8423863636363635 0.23543269230769234 0.03889204545454545 0.05001923076923078
0 0.8305539772727273 0.27974038461538464 0.039204545454545485 0.055288461538461536
0 0.07891335227272728 0.23001923076923075 0.057997159090909085 0.10130769230769229
0 0.7607173295454545 0.09350000000000001 0.029161931818181778 0.044307692307692305
0 0.7372301136363636 0.0950673076923077 0.02701704545454543 0.04736538461538462
0 0.33854403409090905 0.3818365384615385 0.02569602272727273 0.09813461538461539
0 0.7120170454545455 0.047317307692307686 0.023977272727272722 0.06528846153846153
0 0.7140838068181818 0.008884615384615383 0.02424715909090908 0.017538461538461537
0 0.8765198863636363 0.26614423076923077 0.06420454545454536 0.044942307692307726
0 0.8658948863636362 0.2961153846153846 0.033210227272727266 0.05096153846153846
0 0.8610227272727274 0.32189423076923074 0.03852272727272728 0.054557692307692314
0 0.896221590909091 0.29192307692307695 0.0327556818181819 0.0365769230769231
0 0.8864772727272726 0.335375 0.04693181818181829 0.05394230769230766
0 0.07293323863636364 0.18566346153846155 0.028338068181818186 0.03774999999999999
0 0.925 0.29700961538461534 0.04605113636363631 0.08871153846153845
0 0.6315482954545455 0.08117307692307692 0.07718749999999996 0.09457692307692306
0 0.6831036931818182 0.07659615384615386 0.03353693181818176 0.09546153846153847
0 0.6002059659090908 0.09336538461538463 0.04001420454545457 0.09184615384615386
0 0.6358451704545455 0.12097115384615385 0.03811079545454543 0.06655769230769229
0 0.6442258522727272 0.15786538461538463 0.027428977272727275 0.059846153846153854
0 0.6125923295454545 0.1555480769230769 0.044218749999999994 0.06036538461538462
0 0.6007812499999999 0.19681730769230768 0.04954545454545454 0.07378846153846155
0 0.5815340909090909 0.12226923076923077 0.03315340909090905 0.07842307692307693
0 0.5716193181818182 0.18700961538461539 0.03392045454545454 0.06759615384615383
0 0.08998579545454545 0.15089423076923078 0.050909090909090904 0.054557692307692314
0 0.5540909090909092 0.10781730769230768 0.04306818181818181 0.08771153846153848
0 0.6926278409090909 0.08433653846153845 0.035823863636363674 0.09132692307692307
0 0.6762428977272728 0.1382596153846154 0.03811079545454543 0.04436538461538463
0 0.6678551136363636 0.1741153846153846 0.03735795454545456 0.04799999999999999
0 0.6962428977272727 0.14702884615384615 0.048394886363636355 0.046442307692307706
0 0.6989133522727272 0.1911442307692308 0.04305397727272728 0.05109615384615386
0 0.7044389204545454 0.23989423076923078 0.05640624999999997 0.06398076923076923
0 0.7278764204545454 0.21229807692307692 0.027059659090909186 0.0345576923076923
0 0.6628977272727272 0.21409615384615385 0.03505681818181819 0.048499999999999995
0 0.6539417613636364 0.2546057692307693 0.04612215909090913 0.04590384615384619
0 0.06496448863636363 0.21952884615384616 0.02921875 0.03355769230769229
0 0.6726207386363636 0.2615673076923077 0.048394886363636355 0.045403846153846156
0 0.7006321022727273 0.28659615384615383 0.07393465909090903 0.044884615384615335
0 0.6609943181818182 0.3121346153846154 0.04573863636363635 0.06707692307692306
0 0.5958238636363636 0.3074903846153846 0.10136363636363638 0.07121153846153847
0 0.628984375 0.21875 0.05183238636363638 0.07119230769230768
0 0.7888565340909092 0.34851923076923075 0.11012784090909088 0.1006153846153846
0 0.7511221590909091 0.37792307692307686 0.055255681818181863 0.12846153846153843
0 0.76484375 0.4241057692307692 0.03696022727272725 0.050557692307692345
0 0.7368323863636363 0.46511538461538465 0.04877840909090905 0.06449999999999999
0 0.7980042613636363 0.4292596153846154 0.07737215909090912 0.06294230769230773
0 0.08953835227272727 0.38166346153846153 0.0579971590909091 0.056942307692307716
0 0.7877627840909092 0.49850000000000005 0.041434659090909036 0.08476923076923074
0 0.7638920454545454 0.5100673076923077 0.02593749999999999 0.042826923076923096
0 0.7578835227272727 0.48823076923076925 0.040482954545454544 0.06765384615384622
0 0.7757457386363636 0.5411057692307693 0.05598011363636375 0.033826923076923136
0 0.7815980113636364 0.5822019230769231 0.06703125000000008 0.056942307692307716
0 0.8209090909090908 0.5431923076923076 0.04088068181818178 0.111
0 0.8413565340909092 0.5565576923076923 0.034957386363636385 0.07584615384615384
0 0.8608522727272727 0.5119615384615384 0.062301136363636385 0.07038461538461538
0 0.8397869318181819 0.6093461538461539 0.04525568181818184 0.05399999999999997
0 0.7512713068181818 0.5744615384615385 0.07080965909090912 0.11042307692307696
0 0.0795809659090909 0.34270192307692304 0.05666193181818182 0.05455769230769226
0 0.7882457386363636 0.6369519230769232 0.06228693181818185 0.07767307692307701
0 0.7680823863636363 0.6827692307692307 0.06588068181818181 0.05280769230769227
0 0.709140625 0.573548076923077 0.02509943181818184 0.09163461538461534
0 0.7423082386363636 0.6123846153846154 0.06365056818181819 0.06857692307692302
0 0.6773153409090908 0.5559519230769231 0.058267045454545426 0.05278846153846151
0 0.6784375 0.5859807692307692 0.043465909090909124 0.05946153846153849
0 0.6591690340909091 0.5899326923076923 0.06677556818181817 0.07098076923076928
0 0.667684659090909 0.6603173076923077 0.05602272727272727 0.08071153846153852
0 0.7232599431818182 0.6490865384615384 0.07933238636363639 0.06917307692307686
0 0.7001775568181817 0.6955096153846153 0.047514204545454526 0.056442307692307625
0 0.35225142045454544 0.8276923076923076 0.0654403409090909 0.05399999999999997
0 0.1052627840909091 0.32082692307692307 0.05046875 0.050346153846153804
0 0.6475142045454546 0.6900480769230769 0.03002840909090915 0.08190384615384622
0 0.6752982954545454 0.7185673076923076 0.0380965909090909 0.06613461538461547
0 0.7367045454545454 0.7164423076923078 0.0793181818181817 0.06796153846153852
0 0.6797869318181818 0.7765192307692308 0.054232954545454556 0.07646153846153844
0 0.663203125 0.7962403846153845 0.04436079545454548 0.10132692307692308
0 0.5962002840909091 0.8065480769230768 0.03944602272727278 0.05521153846153842
0 0.7201207386363637 0.3299326923076923 0.040781250000000054 0.05582692307692308
0 0.6800142045454546 0.33175 0.058267045454545426 0.05946153846153844
0 0.6840482954545455 0.38241346153846156 0.08426136363636362 0.06613461538461542
0 0.6645454545454546 0.4173076923076923 0.07125000000000004 0.11284615384615386
0 0.13912642045454546 0.33521153846153845 0.07217329545454544 0.041961538461538446
0 0.6056107954545454 0.2507403846153846 0.056477272727272716 0.07463461538461535
0 0.5659446022727272 0.2543846153846154 0.04078124999999997 0.0564230769230769
0 0.9856676136363638 0.35723076923076924 0.028664772727272657 0.05703846153846153
0 0.9684161931818184 0.36967307692307694 0.04526988636363637 0.04549999999999999
0 0.9941832386363636 0.3936442307692308 0.011633522727272805 0.03763461538461537
0 0.9722159090909092 0.43369230769230765 0.05556818181818182 0.04246153846153849
0 0.9545170454545455 0.4142692307692307 0.07394886363636356 0.05096153846153846
0 0.9442116477272727 0.38969230769230767 0.04436079545454548 0.049153846153846104
0 0.9112713068181818 0.39302884615384615 0.041235795454545414 0.07159615384615388
0 0.912393465909091 0.34844230769230766 0.06856534090909089 0.05157692307692306
0 0.049921875 0.2704711538461539 0.04427556818181818 0.07671153846153846
0 0.8740767045454546 0.47251923076923075 0.056477272727272716 0.06796153846153846
0 0.8787144886363637 0.5657980769230769 0.04822443181818188 0.07886538461538471
0 0.9016690340909093 0.5462115384615384 0.050923295454545485 0.050153846153846125
0 0.93890625 0.5869519230769231 0.07985795454545458 0.061634615384615406
0 0.986328125 0.48745192307692314 0.02734375 0.06632692307692314
0 0.9018678977272727 0.4837980769230769 0.04669034090909092 0.07782692307692307
0 0.8507457386363636 0.456375 0.031633522727272705 0.04805769230769232
0 0.9346590909090909 0.45820192307692303 0.058267045454545426 0.06321153846153842
0 0.9487144886363637 0.5336730769230769 0.10257102272727278 0.09296153846153847
0 0.9683877840909091 0.504951923076923 0.06322443181818181 0.06894230769230768
0 0.019204545454545453 0.2908557692307692 0.03840909090909091 0.03474999999999999
0 0.9463423295454546 0.612625 0.10731534090909084 0.09698076923076913
0 0.9721946022727272 0.45831730769230766 0.052088068181818124 0.03267307692307689
0 0.9856107954545454 0.6104903846153846 0.028778409090909077 0.054057692307692334
0 0.969247159090909 0.640201923076923 0.04664772727272732 0.04924999999999992
0 0.9913423295454545 0.6613461538461538 0.017315340909090985 0.06476923076923079
0 0.9652982954545454 0.7028173076923077 0.051392045454545385 0.09205769230769231
0 0.9881818181818183 0.7413557692307692 0.02363636363636362 0.05351923076923085
0 0.9898082386363637 0.8023846153846154 0.019758522727272684 0.038538461538461466
0 0.9144886363636363 0.6728461538461539 0.027272727272727174 0.07599999999999997
0 0.9403835227272727 0.70925 0.04664772727272732 0.09634615384615389
0 0.035085227272727275 0.32831730769230766 0.054460227272727264 0.04975000000000001
0 0.2992897727272727 0.05870192307692308 0.03690340909090908 0.055057692307692314
0 0.33901278409090907 0.05794230769230769 0.08998579545454541 0.09734615384615385
0 0.2682386363636364 0.06685576923076923 0.05684659090909088 0.05301923076923076
0 0.26014204545454545 0.11756730769230771 0.05571022727272727 0.06371153846153847
0 0.23378551136363637 0.05436538461538462 0.060980113636363645 0.0626923076923077
0 0.2646590909090909 0.04647115384615384 0.03914772727272728 0.02955769230769231
0 0.27689630681818184 0.2095673076923077 0.033508522727272734 0.048942307692307695
0 0.29590198863636363 0.16955769230769227 0.04669034090909092 0.05249999999999999
0 0.27011363636363633 0.17057692307692304 0.08019886363636361 0.07696153846153846
0 0.25355113636363635 0.23124038461538463 0.037272727272727284 0.06574999999999999
0 0.008352272727272727 0.32772115384615386 0.016704545454545455 0.04975000000000001
0 0.2053622159090909 0.21211538461538465 0.056860795454545456 0.04792307692307693
0 0.27688920454545457 0.28831730769230773 0.07792613636363638 0.10651923076923077
0 0.3109659090909091 0.22205769230769232 0.06852272727272725 0.13915384615384616
0 0.2031036931818182 0.24321153846153845 0.06964488636363636 0.06626923076923076
0 0.22437499999999996 0.2862788461538462 0.04744318181818183 0.05963461538461537
0 0.16828125 0.2715 0.03840909090909092 0.03823076923076922
0 0.23887073863636366 0.29622115384615383 0.09901988636363637 0.06217307692307689
0 0.1771306818181818 0.3459038461538462 0.04931818181818182 0.05657692307692311
0 0.2074360795454546 0.33571153846153845 0.041406250000000006 0.04842307692307694
0 0.22230823863636362 0.36604807692307695 0.05007102272727273 0.04382692307692312
0 0.014332386363636363 0.364875 0.028664772727272726 0.05694230769230767
0 0.24206676136363636 0.33342307692307693 0.049701704545454556 0.028538461538461544
0 0.2784019886363636 0.33953846153846157 0.05308238636363637 0.05503846153846155
0 0.25053267045454547 0.3925480769230769 0.05157670454545455 0.09478846153846157
0 0.25900568181818184 0.5018750000000001 0.03914772727272728 0.051480769230769254
0 0.2755752840909091 0.5327115384615384 0.056463068181818184 0.053000000000000005
0 0.23887073863636363 0.514875 0.05007102272727273 0.09478846153846153
0 0.2723792613636364 0.5630384615384615 0.033508522727272734 0.027000000000000038
0 0.2409375 0.5778269230769232 0.05196022727272725 0.04842307692307694
0 0.26428267045454545 0.6002403846153846 0.060241477272727266 0.06778846153846153
0 0.30644886363636364 0.6198750000000001 0.048948863636363645 0.08155769230769236
0 0.05323153409090908 0.3753653846153846 0.057997159090909085 0.06592307692307693
0 0.2917613636363636 0.6420384615384616 0.0677556818181818 0.06473076923076927
0 0.28573863636363633 0.6718557692307693 0.046676136363636385 0.047903846153846096
0 0.2618323863636363 0.729701923076923 0.035000000000000024 0.09428846153846149
0 0.24338068181818182 0.6884230769230769 0.043295454545454574 0.06473076923076927
0 0.2221164772727273 0.7276634615384615 0.04517045454545456 0.049442307692307765
0 0.18747869318181817 0.686125 0.057968749999999986 0.07544230769230761
0 0.2145809659090909 0.6820480769230769 0.029360795454545476 0.04382692307692312
0 0.12894176136363636 0.6198750000000001 0.05157670454545455 0.08155769230769236
0 0.17298295454545454 0.646375 0.04028409090909093 0.043826923076923006
0 0.18503551136363636 0.6662500000000001 0.03651988636363637 0.040769230769230745
0 0.01278409090909091 0.25129807692307693 0.02556818181818182 0.07432692307692308
0 0.18541193181818183 0.6221634615384615 0.049318181818181796 0.05044230769230762
0 0.21534090909090908 0.6066153846153846 0.04366477272727274 0.04588461538461541
0 0.23416193181818182 0.6394903846153845 0.06852272727272729 0.05963461538461547
0 0.23227982954545456 0.7717596153846155 0.047428977272727255 0.07848076923076923
0 0.2398082386363636 0.8076826923076923 0.056463068181818184 0.06371153846153846
0 0.2815980113636364 0.7656442307692307 0.04669034090909092 0.06728846153846156
0 0.29420454545454544 0.8076826923076923 0.05082386363636364 0.057596153846153936
0 0.2300213068181818 0.8596826923076922 0.04592329545454543 0.04128846153846148
0 0.25862926136363634 0.8599326923076923 0.04441761363636365 0.03771153846153849
0 0.24846590909090913 0.8242596153846155 0.04142045454545454 0.047903846153846096
0 0.047926136363636365 0.2054423076923077 0.035852272727272726 0.06173076923076922
0 0.28875 0.8303653846153846 0.056477272727272716 0.048923076923076916
0 0.38922585227272727 0.7967403846153845 0.04526988636363637 0.07221153846153848
0 0.03397727272727273 0.17127884615384614 0.02301136363636364 0.04975000000000001
0 0.015880681818181818 0.21083653846153846 0.031761363636363636 0.0761346153846154
0 0.035745738636363635 0.23271153846153847 0.01859375 0.02638461538461538
0 0.012563920454545456 0.16227884615384613 0.025127840909090912 0.05094230769230768
0 0.009240056818181817 0.120625 0.018480113636363635 0.032365384615384615
0 0.023125000000000003 0.13651923076923075 0.028778409090909087 0.03176923076923077
0 0.05389914772727273 0.15928846153846157 0.035411931818181815 0.054538461538461536
0 0.04703835227272726 0.12093269230769231 0.06154829545454545 0.02817307692307691
0 0.01411221590909091 0.08047115384615385 0.02822443181818182 0.045557692307692306
0 0.03884943181818182 0.09066346153846153 0.06463068181818182 0.04555769230769232
0 0.40961647727272726 0.8498365384615384 0.07261363636363637 0.03763461538461537
0 0.14709517045454545 0.06727884615384615 0.03319602272727271 0.07194230769230768
0 0.1132315340909091 0.08946153846153845 0.02921874999999999 0.07311538461538461
0 0.07891335227272726 0.09904807692307693 0.05268465909090909 0.05632692307692309
0 0.010568181818181819 0.040009615384615387 0.021136363636363637 0.06175
0 0.02954545454545454 0.040903846153846145 0.03630681818181818 0.062346153846153836
0 0.060000000000000005 0.04545192307692308 0.031363636363636364 0.07863461538461539
0 0.17897727272727273 0.3897307692307692 0.09076704545454545 0.06842307692307689
0 0.186171875 0.43896153846153846 0.07458806818181817 0.06907692307692305
0 0.1962286931818182 0.47383653846153845 0.05151988636363636 0.08436538461538456
0 0.16465198863636363 0.49742307692307697 0.03450284090909092 0.04784615384615389
0 0.3768963068181818 0.8889711538461538 0.03853693181818177 0.0455192307692308
0 0.12827414772727275 0.4924038461538461 0.0645880681818182 0.08453846153846149
0 0.880674715909091 0.6033365384615385 0.06955965909090912 0.06901923076923075
0 0.8319034090909091 0.6521153846153847 0.06360795454545451 0.07569230769230761
0 0.8853267045454545 0.6484326923076923 0.04548295454545452 0.060634615384615335
0 0.3581534090909091 0.7794615384615384 0.10460227272727271 0.10046153846153848
0 0.8405610795454547 0.8056057692307692 0.05771306818181818 0.0997115384615384
0 0.9025781249999999 0.8449807692307693 0.08958806818181825 0.1154615384615385
0 0.9010724431818182 0.8024038461538462 0.05211647727272735 0.07346153846153855
0 0.9284232954545455 0.8446826923076923 0.05684659090909088 0.06821153846153852
0 0.8067471590909091 0.6936538461538462 0.06332386363636369 0.04373076923076925
0 0.42441051136363633 0.8610576923076924 0.059161931818181863 0.0297307692307693
0 0.7625994318181818 0.7370961538461538 0.06718749999999994 0.058307692307692296
0 0.7796164772727273 0.76625 0.06676136363636363 0.046653846153846136
0 0.8081321022727272 0.7423653846153846 0.03188920454545445 0.06234615384615388
0 0.9426207386363636 0.7536153846153846 0.04705965909090908 0.05884615384615389
0 0.9453053977272726 0.8054903846153847 0.04705965909090908 0.07159615384615388
0 0.9790411931818181 0.7703076923076922 0.04191761363636362 0.0643076923076923
0 0.9828480113636363 0.8716346153846154 0.03430397727272724 0.06796153846153852
0 0.96234375 0.8767884615384615 0.04437500000000001 0.07826923076923074
0 0.9819886363636363 0.8182403846153846 0.03602272727272729 0.05894230769230765
0 0.6534303977272727 0.44429807692307693 0.08367897727272731 0.09651923076923076
