0 0.9867045454545454 0.37596153846153846 0.02659090909090913 0.06957692307692309
0 0.6690767045454545 0.22403846153846155 0.07963068181818182 0.14423076923076922
0 0.08985795454545455 0.1276153846153846 0.07446022727272728 0.12176923076923075
0 0.24908380681818185 0.9271826923076922 0.08103693181818179 0.09505769230769232
0 0.0073650568181818175 0.765048076923077 0.014730113636363635 0.04986538461538463
0 0.15490767045454545 0.057519230769230774 0.03686079545454546 0.07803846153846154
0 0.17838778409090908 0.13875 0.05899147727272727 0.0851153846153846
0 0.2300213068181818 0.11926923076923078 0.0933664772727273 0.08373076923076925
0 0.039453125000000006 0.9604230769230769 0.07882102272727273 0.07903846153846159
0 0.32823153409090905 0.7458942307692308 0.04666193181818181 0.09598076923076918
0 0.29684659090909093 0.717875 0.04446022727272725 0.1199423076923077
0 0.21872159090909093 0.46800961538461533 0.07920454545454549 0.060480769230769206
0 0.140234375 0.6482403846153846 0.05623579545454544 0.04928846153846153
0 0.13677556818181816 0.6075865384615384 0.04170454545454545 0.06571153846153838
0 0.10270596590909092 0.6208557692307692 0.03703125 0.05432692307692308
0 0.03661931818181818 0.8268942307692307 0.07323863636363637 0.12686538461538466
0 0.14573863636363635 0.6925865384615384 0.07244318181818182 0.05832692307692305
0 0.18506392045454545 0.7005288461538461 0.12629261363636365 0.09809615384615383
0 0.056278409090909094 0.5003173076923076 0.06383522727272728 0.07201923076923075
0 0.048551136363636366 0.5086538461538461 0.04332386363636364 0.04276923076923079
0 0.4094034090909091 0.708173076923077 0.0564204545454545 0.0922692307692308
0 0.41165482954545457 0.6229230769230769 0.06904829545454548 0.13319230769230767
0 0.15767045454545456 0.3278846153846154 0.06534090909090909 0.11346153846153846
0 0.6452272727272728 0.8166249999999999 0.051448863636363674 0.0830961538461538
0 0.6339417613636363 0.7793461538461538 0.04061079545454542 0.06599999999999999
0 0.57484375 0.9030288461538462 0.07767045454545447 0.07024999999999995
0 0.5753409090909091 0.9381442307692308 0.0407954545454545 0.053019230769230756
0 0.9741051136363637 0.8757307692307692 0.045454545454545456 0.06153846153846154
0 0.9756889204545455 0.9691826923076924 0.04862215909090912 0.061634615384615406
0 0.08609374999999998 0.04264423076923077 0.11281249999999998 0.08528846153846154
0 0.14502840909090908 0.039490384615384615 0.055625000000000015 0.07898076923076923
0 0.7610937499999999 0.2958173076923077 0.0640909090909091 0.06301923076923079
0 0.7473792613636363 0.25222115384615384 0.05961647727272723 0.046634615384615385
0 0.18825284090909092 0.5236153846153846 0.07514204545454545 0.07150000000000001
0 0.7811789772727273 0.2845961538461539 0.05261363636363647 0.10099999999999999
0 0.9892258522727272 0.04155769230769231 0.021036931818181902 0.04230769230769231
0 0.36508522727272724 0.8399807692307691 0.047954545454545444 0.061115384615384676
0 0.38791193181818184 0.8587980769230769 0.08187500000000002 0.08217307692307696
0 0.3288707386363636 0.9473557692307693 0.05407670454545454 0.10528846153846154
0 0.6516264204545454 0.9137019230769231 0.06657670454545456 0.09459615384615395
0 0.5415767045454545 0.9896538461538462 0.019886363636363636 0.020692307692307677
0 0.5858238636363636 0.9796442307692307 0.03494318181818185 0.03936538461538456
0 0.17867897727272727 0.9574807692307692 0.04147727272727271 0.05734615384615372
0 0.18519176136363635 0.974625 0.07288352272727273 0.050749999999999976
0 0.17200994318181817 0.5659326923076923 0.05078125 0.07178846153846151
0 0.06697443181818181 0.631173076923077 0.062215909090909086 0.07942307692307694
0 0.009637784090909091 0.335548076923077 0.019275568181818182 0.1107115384615385
0 0.024303977272727272 0.1536346153846154 0.048607954545454544 0.08465384615384616
0 0.011860795454545454 0.10489423076923077 0.023721590909090907 0.046519230769230764
0 0.136796875 0.1277596153846154 0.04572443181818184 0.10386538461538461
0 0.28939630681818185 0.14260576923076923 0.08433238636363632 0.12859615384615386
0 0.3146306818181818 0.2173076923076923 0.078125 0.08076923076923077
0 0.3088494318181818 0.11860576923076924 0.055767045454545444 0.018173076923076927
0 0.31986505681818184 0.10416346153846154 0.05231534090909089 0.13001923076923078
0 0.5251704545454546 0.11721153846153846 0.08914772727272734 0.09365384615384614
0 0.29048295454545453 0.49901923076923077 0.09139204545454542 0.04980769230769232
0 0.49264204545454543 0.05896153846153847 0.05713068181818186 0.1178846153846154
0 0.5802556818181818 0.29903846153846153 0.10085227272727272 0.1673076923076923
0 0.33178267045454546 0.3679423076923077 0.10720170454545454 0.09257692307692311
0 0.8368750000000001 0.2697788461538462 0.07758522727272728 0.09001923076923077
0 0.8578622159090908 0.3404903846153846 0.10680397727272718 0.09140384615384615
0 0.8670525568181818 0.5642596153846153 0.06470170454545449 0.052288461538461534
0 0.9196661931818181 0.5544711538461539 0.060440340909091006 0.04236538461538456
0 0.3955965909090909 0.069 0.03551136363636364 0.046615384615384614
0 0.9568394886363637 0.6830096153846154 0.0863210227272727 0.13755769230769235
0 0.8814914772727271 0.714701923076923 0.07982954545454536 0.08936538461538455
0 0.0234375 0.4528846153846154 0.046875 0.028846153846153848
0 0.6144531249999999 0.6506538461538462 0.07191761363636363 0.14526923076923082
0 0.6841761363636363 0.6353173076923078 0.08048295454545458 0.10455769230769231
0 0.44800426136363636 0.6006153846153846 0.05078125 0.10265384615384615
0 0.5109659090909091 0.5893076923076923 0.06838068181818188 0.12953846153846157
0 0.2762784090909091 0.30865384615384617 0.07244318181818182 0.10961538461538461
0 0.5419957386363636 0.49688461538461537 0.06859374999999995 0.10907692307692307
0 0.48365767045454544 0.4431057692307693 0.08191761363636357 0.09501923076923076
0 0.2954474431818182 0.43928846153846157 0.0823721590909091 0.08126923076923075
0 0.7468821022727273 0.520298076923077 0.06910511363636361 0.0776346153846154
0 0.7296022727272727 0.49269230769230765 0.047499999999999994 0.08476923076923079
0 0.6754261363636364 0.3644230769230769 0.12073863636363637 0.12115384615384615
0 0.5901988636363636 0.14615384615384616 0.109375 0.08076923076923077
