0 0.9135724431818182 0.04951923076923077 0.030184659090909092 0.03746153846153846
0 0.28438210227272726 0.6596442307692307 0.013707386363636371 0.01590384615384612
0 0.9486505681818183 0.0605 0.06846590909090916 0.05107692307692308
0 0.9306249999999999 0.016913461538461537 0.03801136363636362 0.033826923076923074
0 0.9096590909090909 0.008461538461538463 0.017329545454545518 0.016653846153846154
0 0.9029545454545456 0.023798076923076922 0.017329545454545358 0.020057692307692308
0 0.9120383522727273 0.034 0.0175994318181818 0.01853846153846154
0 0.8853480113636365 0.035903846153846154 0.024588068181818266 0.046538461538461535
0 0.8903764204545456 0.07127884615384615 0.03129261363636376 0.05221153846153847
0 0.42230823863636363 0.8376346153846155 0.023480113636363598 0.05826923076923079
0 0.875284090909091 0.07147115384615385 0.025710227272727305 0.03898076923076922
0 0.9359375 0.09738461538461539 0.05534090909090914 0.031769230769230765
0 0.2904474431818182 0.6760673076923076 0.01879261363636362 0.02224999999999999
0 0.9002982954545454 0.09946153846153846 0.02096590909090924 0.04200000000000001
0 0.9852982954545454 0.040817307692307694 0.029403409090909157 0.060903846153846156
0 0.9025355113636363 0.14469230769230768 0.031576704545454574 0.053730769230769214
0 0.9142755681818181 0.16908653846153845 0.048352272727272674 0.054865384615384614
0 0.9388707386363637 0.1248173076923077 0.06455965909090916 0.05636538461538462
0 0.9608096590909091 0.11819230769230771 0.017329545454545518 0.018153846153846163
0 0.9559232954545455 0.1380576923076923 0.02767045454545457 0.026115384615384613
0 0.8753267045454546 0.7519615384615385 0.022698863636363663 0.04980769230769237
0 0.7871377840909091 0.9665961538461538 0.03549715909090911 0.0422692307692308
0 0.43325994318181815 0.8167115384615384 0.017997159090909112 0.03019230769230778
0 0.2837997159090909 0.6482500000000001 0.04069602272727273 0.07469230769230764
0 0.16733664772727275 0.8183461538461537 0.02311079545454545 0.06384615384615383
0 0.18046875 0.8528365384615385 0.03417613636363639 0.043711538461538385
0 0.4565482954545455 0.7745961538461538 0.03639204545454546 0.04130769230769223
0 0.9773792613636364 0.5472211538461538 0.04524147727272731 0.10013461538461538
0 0.8665269886363636 0.8896923076923077 0.05046874999999996 0.029653846153846183
0 0.740731534090909 0.6526442307692307 0.021122159090909098 0.03867307692307695
0 0.984424715909091 0.5731826923076923 0.03115056818181811 0.06621153846153847
0 0.22525568181818179 0.826701923076923 0.030056818181818178 0.057403846153846194
0 0.9169957386363637 0.8444038461538462 0.045781249999999864 0.053499999999999985
0 0.061732954545454535 0.5163269230769231 0.047329545454545444 0.064076923076923
0 0.24212357954545452 0.7139423076923077 0.016832386363636355 0.05030769230769225
0 0.7943394886363637 0.8268461538461538 0.02376420454545457 0.07430769230769228
0 0.4978267045454546 0.7470576923076924 0.02034090909090908 0.03707692307692313
0 0.813856534090909 0.8427403846153847 0.028281249999999956 0.051711538461538545
0 0.8053693181818182 0.7973461538461538 0.028295454545454648 0.039076923076923065
0 0.22287642045454545 0.8444903846153846 0.048735795454545455 0.06555769230769237
0 0.051704545454545454 0.5490288461538462 0.03713068181818182 0.025365384615384613
0 0.8043110795454546 0.5646730769230769 0.023565340909090793 0.028269230769230855
0 0.22622869318181815 0.7603846153846153 0.03319602272727269 0.024461538461538406
0 0.7967329545454547 0.5496249999999999 0.028636363636363592 0.041942307692307695
0 0.19898437499999996 0.8731923076923077 0.029446022727272713 0.029576923076923067
0 0.7265767045454545 0.9009615384615385 0.047812500000000036 0.06165384615384605
0 0.72546875 0.6650865384615385 0.02113636363636355 0.02544230769230762
0 0.8346519886363637 0.8297115384615384 0.03254261363636359 0.0386923076923077
0 0.17556107954545455 0.8896923076923077 0.025639204545454562 0.030000000000000044
0 0.7411221590909091 0.6981923076923077 0.025823863636363728 0.09376923076923076
0 0.8507741477272727 0.8205192307692308 0.018963068181818213 0.03946153846153843
0 0.8174218749999999 0.6221826923076924 0.028167613636363695 0.028596153846153854
0 0.8404545454545456 0.7933365384615384 0.04073863636363629 0.042519230769230684
0 0.959034090909091 0.9819519230769231 0.023664772727272684 0.035596153846153826
0 0.9081960227272727 0.7095769230769231 0.04616477272727273 0.08900000000000005
0 0.11132102272727273 0.7626442307692308 0.02247159090909092 0.016711538461538458
0 0.24838778409090911 0.7542019230769231 0.027002840909090896 0.030211538461538533
0 0.8399147727272727 0.6298557692307691 0.023863636363636462 0.03125
0 0.8086221590909091 0.7787692307692309 0.024602272727272636 0.028730769230769226
0 0.9107457386363635 0.6330384615384615 0.019957386363636462 0.0238461538461538
0 0.7858167613636362 0.9837307692307692 0.032201704545454485 0.032038461538461585
0 0.19233664772727274 0.90725 0.0401846590909091 0.05226923076923078
0 0.4406534090909091 0.19071153846153846 0.030369318181818258 0.03992307692307691
0 0.05640625 0.7290096153846154 0.03798295454545454 0.0985576923076923
0 0.8144176136363636 0.5879326923076924 0.01684659090909093 0.03101923076923076
0 0.9023224431818182 0.50175 0.012798295454545442 0.047423076923076915
0 0.7884730113636365 0.7297115384615385 0.0336505681818181 0.023307692307692317
0 0.35656960227272727 0.6156826923076922 0.05242897727272731 0.05721153846153846
0 0.05434659090909091 0.7463557692307693 0.015511363636363639 0.020134615384615327
0 0.050078124999999994 0.7791442307692307 0.02214488636363636 0.03255769230769232
0 0.009879261363636364 0.5727403846153846 0.019730113636363636 0.041826923076923074
0 0.4755255681818182 0.7359230769230769 0.043039772727272746 0.03707692307692302
0 0.11543323863636364 0.7733557692307692 0.02626420454545456 0.027865384615384632
0 0.09090198863636363 0.7727115384615385 0.023423295454545447 0.05311538461538463
0 0.787684659090909 0.6184711538461539 0.02974431818181826 0.019057692307692355
0 0.7508451704545455 0.011557692307692307 0.018735795454545533 0.023115384615384614
0 0.7863423295454546 0.14214423076923077 0.024644886363636397 0.03071153846153846
0 0.7993252840909091 0.12991346153846156 0.026946022727272766 0.02936538461538461
0 0.4230255681818182 0.07835576923076923 0.03170454545454553 0.04894230769230769
0 0.9838352272727273 0.9850384615384616 0.032329545454545444 0.029653846153846076
0 0.12840198863636365 0.8042019230769231 0.05538352272727272 0.09298076923076927
0 0.8060582386363635 0.11611538461538462 0.014786931818181774 0.0346923076923077
0 0.8062286931818182 0.08297115384615385 0.01117897727272728 0.03248076923076923
0 0.7934090909090908 0.09408653846153846 0.01315340909090924 0.049403846153846166
0 0.7874928977272727 0.16728846153846152 0.012485795454545402 0.029384615384615387
0 0.22145596590909092 0.9038269230769231 0.04461647727272731 0.07453846153846153
0 0.19328835227272725 0.9539519230769231 0.030696022727272728 0.043711538461538496
0 0.27035511363636366 0.9820288461538461 0.03417613636363637 0.03471153846153838
0 0.2527911931818182 0.9700192307692307 0.03703124999999999 0.027000000000000038
0 0.3528551136363637 0.6559423076923078 0.017613636363636373 0.03707692307692313
0 0.773359375 0.1650673076923077 0.01973011363636362 0.027596153846153864
0 0.7771164772727271 0.5972884615384616 0.020340909090909163 0.03284615384615382
0 0.7376988636363637 0.097875 0.017414772727272713 0.021365384615384616
0 0.7293181818181819 0.11722115384615384 0.015113636363636345 0.025365384615384613
0 0.18876420454545453 0.7163365384615384 0.021363636363636352 0.03425
0 0.24677556818181817 0.9882403846153845 0.05602272727272727 0.02228846153846149
0 0.756434659090909 0.11789423076923077 0.016107954545454592 0.026711538461538464
0 0.15325284090909091 0.8695480769230769 0.02659090909090909 0.061711538461538415
0 0.15420454545454546 0.9181826923076922 0.037982954545454556 0.038980769230769194
0 0.17413352272727273 0.9453942307692308 0.03607954545454544 0.03855769230769233
0 0.33896306818181815 0.6527596153846154 0.017215909090909098 0.026480769230769197
0 0.1803125 0.9734519230769231 0.021846590909090902 0.04155769230769234
0 0.5842045454545454 0.148375 0.04042613636363634 0.03782692307692308
0 0.5976846590909091 0.12769230769230772 0.02005681818181819 0.024923076923076912
0 0.5738494318181818 0.1074326923076923 0.03352272727272731 0.0440576923076923
0 0.5073011363636364 0.07963461538461537 0.04437500000000001 0.04449999999999999
0 0.19566051136363638 0.985028846153846 0.04240056818181817 0.028711538461538365
0 0.24250710227272726 0.9533173076923077 0.0911505681818182 0.07840384615384623
0 0.26450284090909093 0.9501057692307692 0.02690340909090909 0.020557692307692305
0 0.5215980113636364 0.06560576923076923 0.03549715909090911 0.058288461538461546
0 0.5204474431818181 0.03313461538461539 0.02268465909090905 0.02803846153846154
0 0.8909375 0.008653846153846154 0.02011363636363632 0.016269230769230772
0 0.840703125 0.7230865384615385 0.03012784090909096 0.017480769230769293
0 0.5353977272727273 0.03757692307692308 0.01775568181818182 0.047615384615384615
0 0.5242258522727273 0.013557692307692307 0.026292613636363624 0.027115384615384614
0 0.5610298295454546 0.0549326923076923 0.035497159090909024 0.03782692307692307
0 0.7982457386363635 0.5941057692307692 0.021917613636363565 0.033903846153846146
0 0.5704048295454546 0.022451923076923078 0.03450284090909086 0.044057692307692305
0 0.8252485795454544 0.7442788461538461 0.05555397727272729 0.047134615384615365
0 0.5942329545454546 0.022240384615384613 0.02301136363636362 0.044480769230769227
0 0.6198721590909091 0.01623076923076923 0.028267045454545423 0.03246153846153846
0 0.6834659090909091 0.1646153846153846 0.02005681818181819 0.02669230769230771
0 0.6841264204545454 0.1285769230769231 0.03254261363636359 0.04273076923076923
0 0.8170312500000001 0.6627019230769231 0.0305113636363635 0.0556346153846154
0 0.16527698863636364 0.9852403846153847 0.019616477272727275 0.02828846153846139
0 0.031129261363636362 0.5683942307692308 0.035497159090909086 0.0324807692307692
0 0.057755681818181824 0.5841923076923077 0.027613636363636365 0.032038461538461585
0 0.14391335227272728 0.9904711538461538 0.02626420454545456 0.019057692307692355
0 0.05939630681818182 0.6155576923076924 0.04535511363636364 0.054730769230769194
0 0.04230113636363637 0.645826923076923 0.03417613636363637 0.0476153846153846
0 0.9469318181818182 0.9537884615384616 0.07747159090909085 0.025423076923076868
0 0.07049005681818182 0.9657403846153846 0.03322443181818182 0.04586538461538466
0 0.08378551136363636 0.945173076923077 0.03703124999999999 0.045846153846153904
0 0.7169389204545454 0.9891826923076923 0.016889204545454607 0.021634615384615384
0 0.16384943181818182 0.8016730769230769 0.06190340909090907 0.08592307692307694
0 0.9543678977272727 0.83725 0.05242897727272739 0.09323076923076927
0 0.099765625 0.9004038461538463 0.024048295454545454 0.1131153846153846
0 0.6980042613636364 0.9757884615384614 0.022059659090909133 0.04500000000000007
0 0.12967329545454545 0.8667596153846154 0.042727272727272725 0.04498076923076932
0 0.11796164772727273 0.8896826923076923 0.044616477272727266 0.04113461538461536
0 0.1759375 0.7492596153846154 0.01610795454545455 0.04582692307692304
0 0.8270099431818182 0.5607307692307693 0.02620738636363643 0.026500000000000058
0 0.5679119318181818 0.8264807692307692 0.061022727272727326 0.0619615384615384
0 0.10625710227272728 0.8252019230769231 0.04399147727272728 0.053557692307692244
0 0.6251207386363636 0.837076923076923 0.05873579545454541 0.03769230769230763
0 0.3344673295454545 0.6421634615384615 0.024644886363636355 0.02224999999999999
0 0.01969460227272727 0.8172692307692309 0.020894886363636362 0.020576923076923055
0 0.6491903409090909 0.8651634615384616 0.033636363636363645 0.21471153846153843
0 0.6810014204545455 0.9483461538461538 0.03731534090909088 0.0613461538461538
0 0.653877840909091 0.9823846153846154 0.045767045454545414 0.03523076923076922
0 0.037734374999999994 0.8380480769230768 0.04367897727272727 0.03813461538461536
0 0.04169034090909091 0.8682596153846154 0.03258522727272727 0.05313461538461538
0 0.9005681818181818 0.6571442307692308 0.023096590909090896 0.02224999999999999
0 0.8481321022727273 0.5519903846153845 0.033252840909090864 0.03759615384615387
0 0.6120099431818182 0.8891730769230769 0.03524147727272728 0.08799999999999998
0 0.027926136363636358 0.8903269230769232 0.03670454545454545 0.0630000000000001
0 0.45718039772727276 0.12253846153846154 0.06620738636363638 0.11061538461538462
0 0.8724005681818183 0.5485480769230769 0.022301136363636266 0.03178846153846149
0 0.855177556818182 0.7628173076923076 0.026207386363636266 0.07151923076923077
0 0.06400568181818182 0.8888269230769231 0.056335227272727266 0.07369230769230779
0 0.06858664772727273 0.9201153846153846 0.04842329545454546 0.033423076923076916
0 0.25451704545454545 0.8095 0.0475284090909091 0.08803846153846148
0 0.0428622159090909 0.9554519230769232 0.025696022727272727 0.037788461538461604
0 0.95671875 0.4862403846153846 0.03335227272727275 0.09575000000000004
0 0.9815553977272728 0.6907788461538462 0.02151988636363633 0.0895192307692308
0 0.6165198863636363 0.9648653846153846 0.036846590909090905 0.0702692307692308
0 0.030901988636363634 0.9371634615384615 0.020383522727272726 0.039596153846153906
0 0.9852059659090909 0.9532596153846153 0.02958806818181824 0.06463461538461542
0 0.8015696022727273 0.6931634615384616 0.045781249999999864 0.045557692307692306
0 0.5887926136363636 0.9608461538461538 0.028494318181818187 0.07249999999999998
0 0.8403124999999999 0.7029615384615384 0.05048295454545466 0.027000000000000038
0 0.5786292613636363 0.9822211538461538 0.033991477272727284 0.035557692307692325
0 0.8195738636363636 0.7170000000000001 0.019176136363636364 0.013769230769230817
0 0.5540269886363636 0.9762211538461538 0.022514204545454497 0.03040384615384605
0 0.9637571022727273 0.9651826923076923 0.021917613636363728 0.0217115384615385
0 0.9770951704545454 0.4260576923076923 0.024928977272727207 0.10123076923076926
0 0.5526136363636364 0.9464230769230769 0.06659090909090909 0.04188461538461533
0 0.5790411931818181 0.911298076923077 0.027514204545454553 0.047826923076923086
0 0.8031392045454545 0.711701923076923 0.023096590909090896 0.012711538461538488
0 0.04264204545454546 0.9878461538461539 0.04386363636363637 0.023384615384615323
0 0.5602769886363637 0.910653846153846 0.027514204545454553 0.027076923076923047
0 0.47711647727272727 0.791298076923077 0.07877840909090907 0.05163461538461532
0 0.2143963068181818 0.776625 0.03583806818181821 0.043596153846153875
0 0.014339488636363638 0.9569519230769231 0.028678977272727276 0.058788461538461526
0 0.9664204545454546 0.9090288461538462 0.06715909090909088 0.052442307692307656
0 0.9278053977272727 0.6735769230769231 0.03615056818181808 0.10323076923076924
0 0.5271377840909092 0.8192307692307692 0.06754261363636366 0.08465384615384612
0 0.36956676136363636 0.9817788461538461 0.039389204545454574 0.03644230769230767
0 0.2535795454545454 0.8992307692307693 0.02187500000000001 0.05588461538461539
0 0.3152911931818182 0.6180673076923077 0.043423295454545444 0.052442307692307656
0 0.014339488636363638 0.9742788461538462 0.028678977272727276 0.05144230769230769
0 0.2676491477272727 0.9068557692307694 0.014389204545454538 0.03809615384615385
0 0.28921875 0.9024038461538462 0.03815340909090907 0.06476923076923068
0 0.33189630681818183 0.895625 0.031576704545454574 0.041903846153846194
0 0.2995383522727273 0.9550961538461538 0.01813920454545452 0.06096153846153844
0 0.2828053977272727 0.9694903846153846 0.023451704545454533 0.05163461538461532
0 0.33767755681818185 0.9307596153846154 0.03563920454545455 0.047826923076923086
0 0.9154545454545455 0.4780384615384615 0.03974431818181821 0.08480769230769229
0 0.20765625 0.7919807692307692 0.05718749999999999 0.05384615384615385
0 0.36409801136363645 0.9170096153846155 0.030951704545454574 0.040634615384615484
0 0.5287357954545455 0.6201826923076923 0.03991477272727268 0.0460961538461539
0 0.3590909090909091 0.8835673076923077 0.04534090909090907 0.0710961538461538
0 0.8542045454545455 0.526826923076923 0.025823863636363728 0.054038461538461584
0 0.9130894886363637 0.7670576923076923 0.04890624999999993 0.10753846153846146
0 0.7087500000000001 0.8084615384615385 0.0302840909090909 0.03065384615384615
0 0.34095880681818186 0.8444134615384616 0.029076704545454544 0.03513461538461546
0 0.9719744318181818 0.751173076923077 0.025823863636363728 0.04396153846153849
0 0.9588636363636364 0.760173076923077 0.030909090909090896 0.07788461538461539
0 0.3481534090909091 0.8188076923076922 0.04221590909090905 0.0380769230769231
0 0.39786221590909093 0.8378557692307692 0.029076704545454503 0.04317307692307701
0 0.37551136363636367 0.8410288461538462 0.05315340909090907 0.03936538461538456
0 0.5150426136363636 0.6707692307692307 0.02113636363636363 0.052961538461538504
0 0.42427556818181816 0.8971153846153846 0.06877840909090903 0.05673076923076923
0 0.4496022727272727 0.8617692307692307 0.03690340909090912 0.062230769230769256
0 0.8720028409090909 0.5159711538461538 0.02230113636363643 0.04290384615384616
0 0.8952840909090909 0.5424519230769231 0.023465909090909065 0.040788461538461496
0 0.9281534090909092 0.5591346153846154 0.03991477272727276 0.06780769230769229
0 0.9126917613636363 0.5689423076923077 0.04578125000000002 0.03973076923076928
0 0.9033167613636363 0.9701538461538461 0.0956392045454546 0.04138461538461535
0 0.30294034090909094 0.9874807692307692 0.03099431818181817 0.025038461538461503
0 0.09262073863636364 0.6097692307692307 0.02038352272727272 0.06942307692307696
0 0.9437997159090908 0.4916057692307692 0.0266051136363635 0.08528846153846152
0 0.4365909090909091 0.7931346153846153 0.01761363636363633 0.027538461538461526
0 0.11023437500000001 0.7523557692307693 0.04782670454545454 0.022865384615384697
0 0.905653409090909 0.7829519230769231 0.09741477272727278 0.10436538461538458
0 0.9781605113636364 0.4622019230769231 0.04367897727272727 0.1705576923076923
0 0.45398437500000005 0.8456826923076923 0.03001420454545454 0.05798076923076919
0 0.46601562500000004 0.8513942307692308 0.016576704545454568 0.039788461538461536
0 0.5200994318181817 0.8615576923076923 0.06471590909090909 0.08465384615384612
0 0.5371448863636363 0.9142596153846153 0.04877840909090905 0.043596153846153875
0 0.4950923295454545 0.8723557692307692 0.046576704545454574 0.051211538461538454
0 0.1550994318181818 0.7301346153846154 0.016249999999999997 0.049538461538461524
0 0.10034801136363636 0.608875 0.010838068181818176 0.056942307692307716
0 0.4836860795454545 0.890125 0.03001420454545454 0.043596153846153875
0 0.7758238636363637 0.1826346153846154 0.02071022727272733 0.017346153846153865
0 0.8853053977272727 0.7726153846153846 0.04186079545454549 0.06569230769230763
0 0.5110369318181818 0.9307596153846154 0.05784090909090905 0.05798076923076919
0 0.8382457386363636 0.9911923076923076 0.04240056818181805 0.017615384615384665
0 0.4095880681818182 0.8755288461538461 0.04877840909090905 0.06771153846153842
0 0.8792471590909091 0.5800673076923076 0.03286931818181816 0.03655769230769229
0 0.8895241477272727 0.5133749999999999 0.012116477272727234 0.022326923076923102
0 0.38159801136363636 0.9019807692307692 0.03220170454545457 0.11807692307692315
0 0.1059375 0.6142211538461538 0.01150568181818181 0.02224999999999999
0 0.8863210227272728 0.49035576923076923 0.01920454545454543 0.030096153846153856
0 0.8748863636363637 0.9561442307692308 0.0414204545454545 0.03471153846153848
0 0.7980539772727272 0.665875 0.03170454545454553 0.03655769230769229
0 0.8471164772727273 0.9772692307692307 0.030568181818181793 0.04315384615384615
0 0.37926136363636365 0.9392211538461538 0.05377840909090911 0.04698076923076924
0 0.9308877840909091 0.4847211538461539 0.050866477272727195 0.09694230769230769
0 0.37331676136363634 0.9610288461538462 0.02626420454545456 0.04824999999999995
0 0.4796164772727272 0.9193365384615385 0.06252840909090915 0.051211538461538454
0 0.981171875 0.7824134615384616 0.037173295454545556 0.09694230769230774
0 0.7524573863636363 0.7996538461538462 0.06224431818181817 0.045961538461538415
0 0.7564275568181817 0.8366153846153846 0.04583806818181815 0.0386923076923077
0 0.7227556818181818 0.8348942307692307 0.03167613636363638 0.03294230769230768
0 0.9340198863636363 0.9172403846153846 0.0375568181818181 0.028596153846153854
0 0.7647940340909091 0.723625 0.0175994318181818 0.01748076923076918
0 0.43147017045454544 0.9390192307692307 0.060014204545454544 0.06942307692307685
0 0.7448224431818182 0.8584423076923077 0.024332386363636358 0.03407692307692313
0 0.8120525568181818 0.528875 0.024247159090909163 0.04513461538461544
0 0.07980823863636365 0.6157788461538463 0.026292613636363635 0.07075000000000004
0 0.8309730113636363 0.9275769230769232 0.02177556818181808 0.02757692307692303
0 0.834794034090909 0.8816153846153846 0.04697443181818189 0.027576923076923138
0 0.804090909090909 0.8837211538461538 0.014431818181818136 0.03944230769230778
0 0.790234375 0.8682115384615385 0.016690340909090908 0.024499999999999907
0 0.466953125 0.9540480769230769 0.017201704545454565 0.036826923076923146
0 0.7722727272727273 0.8775961538461539 0.027159090909090914 0.017230769230769192
0 0.09882102272727272 0.7273846153846154 0.03815340909090909 0.035538461538461574
0 0.7649147727272727 0.8542307692307693 0.035653409090908965 0.028730769230769226
0 0.7694389204545454 0.8852500000000001 0.026036931818181876 0.028730769230769226
0 0.48367897727272724 0.969701923076923 0.046903409090909065 0.05967307692307687
0 0.4213068181818182 0.9786057692307693 0.07784090909090911 0.04278846153846154
0 0.7654758522727273 0.9059423076923078 0.02884943181818174 0.03561538461538469
0 0.8602698863636365 0.6629711538461539 0.048124999999999994 0.03921153846153844
0 0.3322088068181818 0.9557403846153847 0.03845170454545454 0.05967307692307687
0 0.8272301136363637 0.9625865384615385 0.032215909090909184 0.02982692307692306
0 0.7298224431818183 0.9427115384615384 0.03734375000000011 0.05169230769230768
0 0.7138423295454545 0.9605192307692308 0.026889204545454556 0.045961538461538526
0 0.9542613636363636 0.6063942307692307 0.04372159090909103 0.06851923076923076
0 0.7547230113636364 0.9814038461538462 0.03055397727272726 0.03715384615384614
0 0.7568465909090908 0.9440576923076922 0.021221590909090825 0.04442307692307686
0 0.9803835227272728 0.6309134615384616 0.03795454545454533 0.07151923076923077
0 0.31703835227272725 0.9572211538461538 0.028139204545454547 0.048250000000000064
0 0.72515625 0.911298076923077 0.07045454545454541 0.0777499999999999
0 0.21230823863636364 0.9381634615384616 0.047514204545454526 0.04824999999999995
0 0.8004403409090909 0.9452403846153846 0.06803977272727285 0.03159615384615386
0 0.68328125 0.9067019230769231 0.05460227272727272 0.03409615384615388
0 0.7938707386363636 0.5151923076923076 0.038394886363636326 0.03146153846153838
0 0.8323366477272728 0.42885576923076923 0.021690340909090885 0.016903846153846137
0 0.935390625 0.9325961538461538 0.057514204545454556 0.018000000000000026
0 0.6845596590909091 0.8636153846153846 0.07866477272727272 0.05669230769230773
0 0.22228693181818182 0.7390288461538461 0.02596590909090909 0.021788461538461507
0 0.5943110795454545 0.8793269230769231 0.08714488636363632 0.045961538461538415
0 0.08621448863636363 0.5387884615384615 0.035838068181818186 0.08853846153846158
0 0.6217471590909092 0.873576923076923 0.03394886363636369 0.04980769230769226
0 0.009651988636363636 0.6573942307692309 0.01930397727272727 0.060057692307692236
0 0.02094460227272727 0.6778557692307693 0.04140625 0.058288461538461546
0 0.4273934659090909 0.6818942307692308 0.020355113636363612 0.024365384615384646
0 0.836612215909091 0.4155 0.030894886363636364 0.03292307692307693
0 0.847606534090909 0.9378942307692308 0.02958806818181824 0.03382692307692303
0 0.7786860795454544 0.695548076923077 0.02348011363636376 0.02594230769230771
0 0.01026278409090909 0.6057788461538461 0.020042613636363636 0.0449423076923077
0 0.9609303977272727 0.513375 0.027627840909090973 0.06521153846153852
0 0.02620028409090909 0.6244615384615385 0.03353693181818182 0.0458461538461538
0 0.027024147727272727 0.5910961538461539 0.023338068181818182 0.021807692307692368
0 0.24662642045454544 0.5955480769230769 0.046946022727272746 0.030711538461538512
0 0.24095170454545453 0.6297211538461538 0.02778409090909091 0.03867307692307695
0 0.8801491477272727 0.9227596153846155 0.017741477272727287 0.04271153846153842
0 0.8548437499999999 0.919875 0.04798295454545467 0.056519230769230745
0 0.894893465909091 0.7278557692307692 0.06339488636363635 0.03655769230769229
0 0.9539772727272727 0.6950192307692307 0.03911931818181813 0.08103846153846161
0 0.27831676136363637 0.8424038461538462 0.02740056818181821 0.030730769230769266
0 0.24857954545454544 0.6673269230769231 0.03599431818181815 0.04926923076923078
0 0.2755752840909091 0.7587115384615384 0.017997159090909112 0.034961538461538474
0 0.8325071022727273 0.3943653846153846 0.04240056818181821 0.0413846153846154
0 0.2632528409090909 0.7507596153846153 0.020738636363636355 0.041326923076923094
0 0.07677556818181817 0.6780673076923077 0.05659090909090909 0.04951923076923077
0 0.8747443181818181 0.3563269230769231 0.06704545454545445 0.04538461538461537
0 0.9506676136363637 0.4008173076923077 0.05323863636363639 0.05428846153846152
0 0.9569105113636364 0.6844230769230769 0.027769886363636462 0.0916538461538462
0 0.19845880681818182 0.7376923076923078 0.041406249999999985 0.032500000000000064
0 0.24877840909090906 0.6834807692307692 0.024659090909090887 0.025423076923076868
0 0.25894886363636366 0.8408173076923078 0.048920454545454545 0.03601923076923069
0 0.8053764204545455 0.91275 0.0581676136363637 0.036038461538461554
0 0.24232244318181817 0.6961923076923077 0.03990056818181815 0.08900000000000005
0 0.4264275568181819 0.01958653846153846 0.03220170454545457 0.03871153846153846
0 0.3675071022727273 0.022807692307692307 0.03333806818181814 0.04561538461538461
0 0.8559588068181818 0.6769999999999999 0.02856534090909093 0.03973076923076928
0 0.4317116477272727 0.047846153846153844 0.03498579545454545 0.029884615384615384
0 0.44580255681818187 0.07343269230769231 0.02370738636363636 0.03336538461538461
0 0.6905255681818182 0.49379807692307687 0.017130681818181823 0.047673076923076964
0 0.17424715909090907 0.6012403846153845 0.017215909090909077 0.029673076923076937
0 0.1726775568181818 0.5758173076923077 0.023480113636363657 0.024365384615384646
0 0.3074715909090909 0.6546153846153846 0.029346590909090906 0.046076923076923036
0 0.36928977272727276 0.7181826923076924 0.039517045454545444 0.027019230769230792
0 0.18988636363636366 0.6274711538461538 0.03286931818181818 0.07998076923076919
0 0.7619957386363635 0.06398076923076923 0.01754261363636367 0.0498076923076923
0 0.7641193181818182 0.1541826923076923 0.020085227272727255 0.03255769230769232
0 0.7553480113636365 0.15016346153846152 0.016122159090909124 0.033711538461538466
0 0.7288920454545454 0.011115384615384616 0.029431818181818222 0.02223076923076923
0 0.6970667613636364 0.044634615384615384 0.03705965909090905 0.05169230769230769
0 0.705262784090909 0.021269230769230766 0.03649147727272727 0.02642307692307692
0 0.6940909090909091 0.01053846153846154 0.04639204545454549 0.02107692307692308
0 0.7733096590909092 0.11741346153846152 0.027159090909090914 0.04098076923076922
0 0.7351136363636364 0.3074038461538462 0.039034090909090935 0.05630769230769231
0 0.36341619318181817 0.6969903846153847 0.047343749999999976 0.02490384615384624
0 0.7345454545454545 0.27100961538461543 0.014147727272727324 0.025673076923076913
0 0.7387926136363636 0.2057019230769231 0.019232954545454494 0.04367307692307691
0 0.7298792613636365 0.2313653846153846 0.023480113636363677 0.021461538461538456
0 0.7413423295454545 0.25434615384615383 0.026036931818181876 0.037538461538461555
0 0.7668039772727272 0.2917019230769231 0.056590909090909136 0.04174999999999996
0 0.7594460227272727 0.26602884615384614 0.023778409090909104 0.04940384615384618
0 0.7472798295454546 0.22389423076923076 0.013025568181818124 0.03255769230769232
0 0.7648224431818181 0.32252884615384614 0.05433238636363636 0.0574423076923077
0 0.7782599431818181 0.28709615384615383 0.048934659090909154 0.11911538461538461
0 0.7587428977272727 0.21355769230769234 0.01839488636363643 0.027192307692307693
0 0.7705681818181819 0.9900192307692307 0.020369318181818228 0.01992307692307695
0 0.7752911931818182 0.24285576923076924 0.018110795454545456 0.033711538461538494
0 0.7699147727272727 0.20627884615384612 0.02545454545454556 0.04251923076923077
0 0.8086292613636363 0.015846153846153847 0.014815340909091 0.030653846153846157
0 0.7898579545454545 0.2057019230769231 0.026306818181818317 0.04367307692307691
0 0.7936789772727273 0.22734615384615384 0.02545454545454556 0.027192307692307693
0 0.8011789772727272 0.19785576923076922 0.016136363636363657 0.043288461538461546
0 0.7970738636363638 0.23960576923076923 0.035653409090909124 0.024134615384615407
0 0.14120738636363636 0.08193269230769232 0.017954545454545456 0.11213461538461539
0 0.21000710227272726 0.0635576923076923 0.0220880681818182 0.04673076923076924
0 0.20217329545454543 0.09283653846153846 0.025767045454545476 0.03301923076923077
0 0.45859375 0.05928846153846154 0.018323863636363683 0.0711923076923077
0 0.21781960227272726 0.020096153846153843 0.038650568181818154 0.04019230769230769
0 0.2511860795454546 0.02414423076923077 0.04740056818181819 0.04828846153846154
0 0.2762642045454546 0.038163461538461535 0.05798295454545454 0.07632692307692307
0 0.2258806818181818 0.06884615384615383 0.02071022727272729 0.05607692307692309
0 0.2452059659090909 0.08379807692307693 0.031747159090909124 0.07475
0 0.2194318181818182 0.11432692307692308 0.02161931818181818 0.032384615384615394
0 0.2042542613636364 0.13083653846153845 0.019786931818181787 0.04671153846153847
0 0.19182528409090913 0.12367307692307693 0.021633522727272713 0.0386153846153846
0 0.18676136363636367 0.16042307692307692 0.023465909090909107 0.044846153846153834
0 0.17457386363636365 0.195 0.05338068181818181 0.057923076923076904
0 0.7917329545454546 0.9131923076923077 0.0230113636363637 0.0725384615384616
0 0.1725 0.12117307692307694 0.028068181818181805 0.0785
0 0.17456676136363639 0.101875 0.04600852272727273 0.11213461538461537
0 0.13430397727272728 0.021028846153846155 0.0400284090909091 0.04205769230769231
0 0.821974431818182 0.2438173076923077 0.03960227272727272 0.04940384615384615
0 0.8293323863636364 0.2792403846153846 0.0678977272727272 0.05055769230769229
0 0.1596164772727273 0.1784903846153846 0.0262215909090909 0.03736538461538463
0 0.14903409090909092 0.16633653846153848 0.01701704545454544 0.061673076923076935
0 0.12349431818181818 0.11713461538461538 0.031278409090909086 0.025538461538461527
0 0.13982954545454546 0.156375 0.017954545454545456 0.06790384615384616
0 0.12671164772727272 0.17880769230769228 0.03589488636363638 0.04173076923076924
0 0.44580255681818187 0.017086538461538462 0.010099431818181757 0.034173076923076924
0 0.10209517045454546 0.1750673076923077 0.029900568181818188 0.08286538461538462
0 0.792684659090909 0.2723557692307692 0.02687499999999994 0.050557692307692345
0 0.820703125 0.20665384615384616 0.025184659090909115 0.045576923076923084
0 0.8349857954545453 0.23711538461538462 0.028863636363636435 0.036
0 0.8373934659090909 0.2078076923076923 0.03649147727272735 0.047884615384615394
0 0.8134872159090908 0.3376634615384615 0.04640624999999994 0.06855769230769232
0 0.8218252840909092 0.35470192307692305 0.02461647727272733 0.034480769230769245
0 0.8307457386363637 0.3646634615384615 0.03563920454545459 0.0360192307692308
0 0.8491264204545456 0.3175480769230769 0.037911931818181734 0.07278846153846158
0 0.12372869318181819 0.21119230769230768 0.02899147727272727 0.031769230769230765
0 0.4638778409090909 0.03266346153846154 0.02465909090909093 0.06532692307692307
0 0.8663920454545455 0.24573076923076922 0.0339488636363636 0.06473076923076926
0 0.8575568181818182 0.8491730769230769 0.04414772727272733 0.054000000000000076
0 0.8856321022727273 0.25895192307692305 0.026605113636363663 0.051326923076923076
0 0.8819957386363636 0.30909615384615385 0.019559659090909065 0.03746153846153844
0 0.8768181818181818 0.3213846153846154 0.029346590909090864 0.05750000000000001
0 0.7058522727272727 0.6849903846153846 0.018153409090909133 0.024596153846153775
0 0.6798579545454545 0.600423076923077 0.022073863636363586 0.055230769230769174
0 0.6636505681818182 0.5960769230769232 0.014261363636363666 0.01930769230769235
0 0.6706321022727273 0.6199134615384616 0.02151988636363633 0.02609615384615383
0 0.6702130681818183 0.6346634615384615 0.017329545454545438 0.019288461538461595
0 0.49215909090909093 0.04191346153846154 0.03286931818181816 0.0434423076923077
0 0.6566619318181818 0.6513173076923077 0.0259943181818182 0.02382692307692305
0 0.6658806818181818 0.6653173076923077 0.031022727272727237 0.028365384615384615
0 0.6739204545454546 0.41591346153846154 0.03451704545454539 0.039096153846153815
0 0.6689630681818182 0.6778076923076923 0.02542613636363633 0.026115384615384585
0 0.6713920454545454 0.705875 0.030511363636363583 0.03655769230769229
0 0.8962428977272726 0.36773076923076925 0.050866477272727355 0.041999999999999954
0 0.9004403409090909 0.3503365384615385 0.03130681818181813 0.050326923076923054
0 0.65515625 0.6950192307692307 0.02778409090909091 0.022230769230769235
0 0.6545667613636363 0.711701923076923 0.019559659090909065 0.02382692307692305
0 0.689268465909091 0.7125192307692307 0.020042613636363657 0.020923076923076916
0 0.396875 0.7332788461538462 0.03130681818181821 0.028596153846153854
0 0.6991264204545454 0.7034038461538461 0.02333806818181811 0.018692307692307637
0 0.7022514204545455 0.7276538461538461 0.02958806818181816 0.028038461538461616
0 0.6575568181818182 0.7352115384615384 0.019715909090909086 0.026269230769230708
0 0.6353693181818181 0.7125192307692307 0.02071022727272725 0.03157692307692311
0 0.6291193181818181 0.7225288461538462 0.027272727272727258 0.03917307692307693
0 0.385546875 0.09625961538461537 0.036349431818181864 0.05605769230769231
0 0.6562428977272727 0.7550192307692308 0.044701704545454586 0.050730769230769225
0 0.6143323863636364 0.7739230769230769 0.0746022727272727 0.04850000000000005
0 0.6774431818181817 0.7474423076923076 0.025965909090909133 0.018692307692307637
0 0.7055397727272728 0.7523461538461539 0.028920454545454565 0.02403846153846154
0 0.47788352272727275 0.014067307692307693 0.04968750000000002 0.028134615384615386
0 0.7397159090909091 0.743673076923077 0.06244318181818187 0.02803846153846151
0 0.5829474431818181 0.5199999999999999 0.04319602272727276 0.033692307692307764
0 0.37289772727272724 0.11339423076923077 0.030369318181818136 0.049211538461538466
0 0.7415269886363636 0.7131826923076924 0.0673721590909091 0.06763461538461542
0 0.7865553977272728 0.7603557692307692 0.03254261363636375 0.04271153846153853
0 0.7587855113636363 0.76925 0.04075284090909082 0.03292307692307693
0 0.7208238636363636 0.7681442307692308 0.04897727272727275 0.03336538461538466
0 0.6973224431818182 0.7745865384615384 0.03745738636363637 0.03648076923076917
0 0.6823650568181818 0.7739326923076923 0.03384943181818179 0.09032692307692312
0 0.5334090909090908 0.676548076923077 0.01701704545454548 0.028596153846153854
0 0.8326775568181817 0.6701250000000001 0.021122159090909098 0.040788461538461496
0 0.5007741477272727 0.015653846153846154 0.021917613636363645 0.03130769230769231
0 0.3494247159090909 0.07040384615384615 0.041406250000000006 0.10153846153846154
0 0.5304758522727272 0.6465576923076922 0.019360795454545447 0.03773076923076924
0 0.5253409090909091 0.69125 0.00968749999999999 0.020653846153846172
0 0.49878551136363636 0.7218461538461539 0.0175994318181818 0.0119230769230769
0 0.34321732954545453 0.17071153846153844 0.062116477272727295 0.11399999999999999
0 0.35310369318181817 0.15076923076923077 0.028536931818181822 0.05919230769230771
0 0.3054758522727273 0.13270192307692308 0.052911931818181816 0.08782692307692308
0 0.2995028409090909 0.16104807692307693 0.02071022727272725 0.04359615384615385
0 0.26821022727272725 0.12802884615384616 0.03357954545454544 0.08598076923076925
0 0.48491477272727274 0.6918269230769231 0.035994318181818225 0.05057692307692299
0 0.39941761363636363 0.7065288461538461 0.03403409090909096 0.047134615384615365
0 0.5115482954545455 0.7365480769230769 0.011448863636363639 0.02463461538461539
0 0.5083167613636363 0.713701923076923 0.017315340909090905 0.017865384615384547
0 0.5182954545454546 0.7238269230769231 0.011448863636363639 0.014307692307692303
0 0.27304687499999997 0.1915769230769231 0.043252840909090894 0.05607692307692307
0 0.789346590909091 0.48030769230769227 0.05730113636363641 0.046153846153846156
0 0.5166832386363637 0.7051538461538461 0.023480113636363598 0.0214615384615384
0 0.7788636363636364 0.3327403846153846 0.03409090909090909 0.08551923076923076
0 0.7908806818181818 0.4267692307692308 0.053664772727272686 0.057884615384615375
0 0.29674005681818183 0.214 0.031747159090909124 0.0598076923076923
0 0.8144957386363636 0.43490384615384614 0.027116477272727316 0.028000000000000004
0 0.3786789772727273 0.6644134615384616 0.03326704545454548 0.045557692307692306
0 0.7566477272727273 0.38041346153846156 0.04499999999999993 0.04917307692307691
0 0.015134943181818182 0.11728846153846154 0.030269886363636363 0.04292307692307694
0 0.8970880681818181 0.4568365384615385 0.03744318181818184 0.040865384615384616
0 0.9289488636363636 0.4356538461538461 0.02906250000000005 0.01588461538461537
0 0.5219602272727273 0.7425 0.027585227272727296 0.03973076923076928
0 0.8140767045454546 0.037413461538461534 0.01230113636363648 0.01475
0 0.9000213068181818 0.42922115384615384 0.018167613636363586 0.028749999999999977
0 0.7826349431818183 0.49051923076923076 0.03549715909090911 0.044653846153846155
0 0.8572585227272728 0.4159807692307692 0.026562500000000065 0.047692307692307714
0 0.8713707386363637 0.42278846153846156 0.01845170454545456 0.027230769230769225
0 0.3553977272727273 0.675 0.03286931818181816 0.03496153846153836
0 0.080546875 0.1488076923076923 0.03012784090909091 0.03815384615384616
0 0.8766832386363635 0.39517307692307696 0.0285085227272728 0.028000000000000004
0 0.05433238636363636 0.15251923076923077 0.022301136363636367 0.040269230769230765
0 0.07409801136363636 0.1787403846153846 0.02504261363636363 0.022788461538461556
0 0.07115767045454545 0.1914519230769231 0.033252840909090906 0.03125
0 0.07839488636363635 0.21847115384615384 0.025823863636363634 0.02278846153846153
0 0.8840838068181818 0.3860961538461538 0.03884943181818185 0.023461538461538495
0 0.9037926136363637 0.40292307692307694 0.06261363636363626 0.0488076923076923
0 0.08817471590909091 0.2287980769230769 0.03677556818181817 0.036019230769230776
0 0.06176846590909091 0.22482692307692306 0.018394886363636367 0.03761538461538462
0 0.7902272727272727 0.6491923076923076 0.04420454545454546 0.06038461538461534
0 0.10735085227272728 0.2311826923076923 0.02348011363636364 0.02594230769230768
0 0.09072443181818182 0.24733653846153847 0.03639204545454546 0.0190576923076923
0 0.5216761363636363 0.7667403846153847 0.015852272727272684 0.03574999999999995
0 0.5360582386363636 0.7675288461538462 0.01643465909090908 0.06832692307692302
0 0.5516051136363637 0.7810384615384615 0.031704545454545444 0.03338461538461541
0 0.5458806818181818 0.7305865384615384 0.03374999999999999 0.08344230769230777
0 0.5469105113636363 0.7198557692307692 0.03697443181818186 0.026211538461538453
0 0.5863849431818182 0.7236346153846154 0.058394886363636385 0.021846153846153873
0 0.056484375 0.25740384615384615 0.03208806818181819 0.039192307692307686
0 0.149609375 0.20601923076923076 0.018792613636363642 0.028615384615384605
0 0.9955752840909091 0.695548076923077 0.008849431818181845 0.07363461538461531
0 0.9704474431818181 0.36735576923076924 0.030468749999999902 0.022326923076923102
0 0.13924005681818183 0.2147596153846154 0.014474431818181815 0.02382692307692308
0 0.9335582386363637 0.4031153846153846 0.04890625000000009 0.0628076923076923
0 0.12808948863636366 0.22826923076923078 0.020355113636363633 0.02542307692307692
0 0.19167613636363637 0.1893269230769231 0.09508522727272727 0.10011538461538462
0 0.9370525568181818 0.3437115384615385 0.02348011363636376 0.03403846153846157
0 0.2744247159090909 0.2513173076923077 0.046946022727272746 0.04290384615384616
0 0.2654261363636364 0.24945192307692307 0.024261363636363654 0.0614423076923077
0 0.30709517045454543 0.2526346153846154 0.023082386363636364 0.026499999999999975
0 0.36774147727272727 0.2590384615384615 0.03639204545454542 0.061538461538461514
0 0.8753338068181816 0.6886634615384616 0.02504261363636363 0.03336538461538455
0 0.5753764204545454 0.7085384615384616 0.02407670454545461 0.02980769230769231
0 0.6235014204545455 0.6636442307692308 0.06339488636363635 0.05363461538461547
0 0.6283451704545455 0.6384134615384616 0.051946022727272716 0.060403846153846204
0 0.6164559659090909 0.6932403846153846 0.051065340909090894 0.03894230769230769
0 0.5671590909090909 0.6789326923076923 0.04752840909090906 0.029403846153846194
0 0.5876420454545455 0.558951923076923 0.057755681818181775 0.05244230769230777
0 0.5635724431818182 0.5395480769230769 0.06455965909090916 0.15605769230769226
0 0.5821235795454546 0.6596634615384614 0.021122159090909098 0.029788461538461555
0 0.5593821022727272 0.6249038461538462 0.03257102272727274 0.02780769230769227
0 0.579637784090909 0.6350384615384616 0.039616477272727255 0.04965384615384614
0 0.39921874999999996 0.6326346153846154 0.04147727272727271 0.05826923076923079
0 0.5423650568181818 0.5712692307692306 0.018480113636363624 0.022230769230769235
0 0.5282741477272727 0.5796057692307692 0.020241477272727272 0.03417307692307689
0 0.25875710227272725 0.5644326923076923 0.04225852272727273 0.04290384615384616
0 0.6571022727272727 0.6237115384615386 0.01673295454545459 0.034961538461538474
0 0.27149147727272727 0.3069326923076923 0.062215909090909106 0.06832692307692308
0 0.2343252840909091 0.28176923076923077 0.023082386363636364 0.034961538461538474
0 0.9244815340909092 0.35014423076923074 0.03353693181818184 0.036326923076923104
0 0.21612926136363633 0.23753846153846156 0.014872159090909089 0.04184615384615386
0 0.23118607954545453 0.19489423076923076 0.01995738636363638 0.028596153846153854
0 0.24254261363636365 0.185625 0.020738636363636397 0.06832692307692308
0 0.8974360795454547 0.9453173076923077 0.027769886363636462 0.033903846153846146
0 0.2331463068181818 0.2287980769230769 0.01916193181818183 0.016942307692307697
0 0.22140625 0.2113076923076923 0.020738636363636355 0.023307692307692317
0 0.25134232954545455 0.2621730769230769 0.019559659090909107 0.04238461538461537
0 0.10600852272727272 0.12834615384615383 0.05798295454545455 0.0629230769230769
0 0.9855752840909091 0.3753076923076923 0.02884943181818174 0.0768076923076923
0 0.9145596590909091 0.3527980769230769 0.034375000000000065 0.04313461538461534
0 0.8797585227272727 0.30378846153846156 0.04974431818181815 0.06319230769230771
0 0.9309090909090908 0.2674711538461539 0.04136363636363637 0.04124999999999998
0 0.918465909090909 0.30436538461538465 0.029346590909090864 0.05373076923076923
0 0.9079900568181819 0.30720192307692307 0.023480113636363598 0.05032692307692311
0 0.40509232954545454 0.6302500000000001 0.02740056818181813 0.03230769230769233
0 0.9075710227272729 0.25876923076923075 0.03269886363636377 0.04653846153846154
0 0.9244744318181817 0.23454807692307694 0.07042613636363643 0.059403846153846154
0 0.9535440340909092 0.23095192307692308 0.027940340909090852 0.045403846153846156
0 0.9756178977272728 0.23284615384615387 0.03521306818181813 0.0438846153846154
0 0.9903267045454546 0.21202884615384615 0.019346590909090914 0.05751923076923076
0 0.9869389204545456 0.17211538461538461 0.025980113636363746 0.03519230769230772
0 0.9624857954545454 0.18725 0.040255681818181864 0.04200000000000001
0 0.7961931818181818 0.01785576923076923 0.018437500000000027 0.03571153846153846
0 0.8008025568181818 0.04271153846153846 0.01927556818181809 0.03442307692307692
0 0.8144957386363636 0.052932692307692306 0.018167613636363586 0.022326923076923078
0 0.26638494318181816 0.641375 0.03637784090909093 0.08105769230769226
0 0.42387784090909086 0.6286538461538461 0.03443181818181811 0.04715384615384623
0 0.8167329545454546 0.08017307692307692 0.02767045454545457 0.03669230769230769
0 0.8230184659090909 0.11573076923076925 0.021803977272727305 0.039730769230769236
0 0.8337784090909092 0.11422115384615385 0.017045454545454544 0.03367307692307693
0 0.8406321022727273 0.13333653846153848 0.03353693181818184 0.029519230769230787
0 0.8498508522727274 0.11479807692307693 0.013423295454545358 0.0219423076923077
0 0.8646661931818183 0.1034423076923077 0.03521306818181813 0.05976923076923077
0 0.8508380681818182 0.08111538461538462 0.029346590909091027 0.061307692307692306
0 0.8376988636363637 0.07846153846153846 0.029346590909091027 0.04161538461538461
0 0.834765625 0.06257692307692307 0.02515624999999989 0.03026923076923076
0 0.4635369318181818 0.528798076923077 0.01900568181818181 0.06155769230769229
0 0.4129190340909091 0.6694519230769231 0.05399147727272726 0.03655769230769229
0 0.8308522727272727 0.03760576923076923 0.02235795454545456 0.031019230769230775
0 0.43632812499999996 0.257625 0.024218750000000015 0.05701923076923075
0 0.4994957386363636 0.5255096153846154 0.03055397727272726 0.07113461538461535
0 0.5047159090909091 0.571173076923077 0.02460227272727272 0.05246153846153841
0 0.06827414772727272 0.11339423076923077 0.029446022727272723 0.03425
0 0.48142755681818183 0.4780865384615385 0.07490056818181821 0.06709615384615387
0 0.4767684659090909 0.5610865384615384 0.017883522727272692 0.11501923076923078
0 0.44527698863636367 0.5921057692307692 0.04061079545454542 0.05901923076923077
0 0.45366477272727274 0.5353461538461538 0.028323863636363633 0.0726538461538461
0 0.4333522727272727 0.5189615384615385 0.022727272727272728 0.04792307692307696
0 0.9183735795454545 0.6200576923076924 0.030525568181818195 0.039192307692307686
0 0.4229190340909091 0.5741923076923078 0.024957386363636355 0.06457692307692305
0 0.4096874999999999 0.5714230769230769 0.02906249999999997 0.06203846153846152
0 0.10608664772727273 0.6579230769230769 0.014786931818181814 0.04138461538461535
0 0.41546875 0.5313173076923077 0.01900568181818181 0.04540384615384607
0 0.39254971590909093 0.5792403846153847 0.03129261363636368 0.08474999999999999
0 0.097265625 0.10061538461538463 0.028536931818181812 0.07850000000000001
0 0.11566761363636364 0.10685576923076923 0.03312500000000001 0.04236538461538462
0 0.4106178977272727 0.4886923076923077 0.01825284090909094 0.06911538461538455
0 0.40223721590909095 0.5257692307692308 0.01938920454545451 0.022192307692307733
0 0.39105823863636363 0.5065961538461539 0.02160511363636369 0.03330769230769224
0 0.7608806818181819 0.693423076923077 0.033267045454545396 0.058807692307692276
0 0.3949715909090909 0.5363653846153845 0.016022727272727234 0.029269230769230714
0 0.04573153409090909 0.10342307692307692 0.019332386363636364 0.05046153846153848
0 0.6356818181818181 0.6274903846153845 0.02670454545454547 0.03932692307692306
0 0.04181818181818182 0.12927884615384613 0.02071022727272727 0.021173076923076933
0 0.5906321022727273 0.5980865384615385 0.04225852272727273 0.030596153846153783
0 0.622471590909091 0.5933173076923076 0.02670454545454547 0.024249999999999917
0 0.3804403409090909 0.5757115384615384 0.02198863636363639 0.04742307692307686
0 0.6469815340909091 0.5919326923076923 0.022883522727272666 0.03813461538461546
0 0.630546875 0.5670961538461539 0.05458806818181819 0.044884615384615335
0 0.2951420454545455 0.5686634615384616 0.03991477272727276 0.03444230769230774
0 0.4514559659090909 0.6403076923076924 0.04029829545454546 0.03973076923076928
0 0.654609375 0.5704711538461538 0.01819602272727273 0.04290384615384616
0 0.021342329545454546 0.11463461538461539 0.021178977272727273 0.035500000000000004
0 0.6597443181818182 0.5527884615384615 0.053693181818181834 0.06396153846153844
0 0.694637784090909 0.5611730769230769 0.03990056818181815 0.020346153846153923
0 0.36385653409090907 0.5726923076923076 0.020127840909090932 0.03834615384615384
0 0.7048508522727274 0.5454423076923077 0.027940340909090932 0.024461538461538514
0 0.37298295454545455 0.5469615384615384 0.025710227272727263 0.03430769230769226
0 0.024105113636363636 0.09937499999999999 0.03497159090909091 0.03240384615384616
0 0.37596590909090905 0.5030576923076923 0.024232954545454547 0.05649999999999994
0 0.7191690340909092 0.5343269230769231 0.0175994318181818 0.03146153846153838
0 0.4819815340909091 0.6244134615384616 0.03012784090909096 0.06198076923076926
0 0.7481676136363636 0.5052403846153847 0.023011363636363538 0.02671153846153849
0 0.06275568181818182 0.08317307692307692 0.020255681818181825 0.03738461538461538
0 0.3716832386363636 0.49399038461538464 0.04024147727272725 0.09282692307692304
0 0.021484375 0.015115384615384616 0.04296875 0.03023076923076923
0 0.6715127840909091 0.5311442307692308 0.0199573863636363 0.037826923076923
0 0.39887784090909084 0.4561538461538462 0.028323863636363633 0.07365384615384618
0 0.3143607954545455 0.5606057692307692 0.07914772727272727 0.035519230769230824
0 0.4100639204545455 0.4271442307692308 0.026093750000000006 0.040865384615384616
0 0.44527698863636367 0.468 0.05401988636363641 0.08323076923076923
0 0.10348011363636363 0.009817307692307693 0.03267045454545454 0.019634615384615386
0 0.49781960227272726 0.6400384615384616 0.02504261363636363 0.06038461538461534
0 0.31389914772727273 0.5126346153846154 0.028536931818181822 0.047961538461538514
0 0.09243607954545455 0.018076923076923074 0.01978693181818183 0.025538461538461538
0 0.08622159090909091 0.062000000000000006 0.021164772727272737 0.06853846153846153
0 0.07563920454545454 0.0395673076923077 0.01931818181818181 0.03240384615384616
0 0.3162073863636364 0.5447115384615384 0.030369318181818216 0.018692307692307744
0 0.11176136363636364 0.050778846153846154 0.028068181818181825 0.061057692307692306
0 0.17733664772727273 0.02803846153846154 0.06441761363636365 0.03176923076923077
0 0.15869318181818182 0.05452884615384615 0.051988636363636376 0.0585576923076923
0 0.058586647727272734 0.04454807692307692 0.02938920454545455 0.04859615384615384
0 0.28421875 0.5331923076923076 0.034517045454545474 0.021807692307692368
0 0.5011505681818181 0.6803076923076923 0.02230113636363643 0.030730769230769266
0 0.28490767045454546 0.5154326923076923 0.03589488636363638 0.02367307692307693
0 0.24649147727272727 0.5104519230769231 0.05659090909090905 0.0336346153846154
0 0.2743252840909091 0.46124038461538464 0.054303977272727295 0.09221153846153844
0 0.24695312500000002 0.48740384615384613 0.05660511363636363 0.032384615384615394
0 0.07656249999999999 0.01853846153846154 0.02301136363636364 0.03707692307692308
0 0.23843750000000002 0.4575 0.04508522727272724 0.0398846153846154
0 0.06643465909090909 0.017298076923076923 0.025767045454545456 0.034596153846153846
0 0.044808238636363636 0.01823076923076923 0.029446022727272723 0.03646153846153846
0 0.3067684659090909 0.42075 0.050156250000000006 0.05607692307692307
0 0.3125213068181818 0.3762019230769231 0.041406250000000006 0.07040384615384618
0 0.9095667613636365 0.599673076923077 0.03404829545454549 0.03019230769230767
0 0.2906676136363636 0.4191826923076923 0.05383522727272728 0.036750000000000026
0 0.13434659090909093 0.678826923076923 0.02332386363636364 0.028923076923076853
0 0.12941761363636364 0.7021923076923077 0.012159090909090913 0.020461538461538434
0 0.28974431818181823 0.33415384615384613 0.04832386363636365 0.028653846153846165
0 0.6383025568181818 0.1882403846153846 0.03893465909090905 0.03378846153846155
0 0.11265625 0.631 0.01610795454545455 0.032038461538461474
0 0.11807528409090909 0.6759423076923077 0.015127840909090917 0.05873076923076916
0 0.11857244318181817 0.7222211538461538 0.01808238636363637 0.02759615384615389
0 0.661924715909091 0.18057692307692308 0.020951704545454544 0.029269230769230766
0 0.6720667613636363 0.20107692307692307 0.02262784090909092 0.05946153846153846
0 0.08834517045454546 0.7254711538461539 0.03845170454545455 0.04444230769230772
0 0.6895454545454546 0.204 0.01963068181818189 0.039192307692307686
0 0.6995170454545455 0.26481730769230766 0.03559659090909091 0.06621153846153845
0 0.7006889204545454 0.27562499999999995 0.02396306818181819 0.09863461538461538
0 0.7194815340909091 0.25896153846153847 0.015639204545454533 0.07342307692307694
0 0.7060156249999999 0.23440384615384616 0.021292613636363568 0.029730769230769245
0 0.6588139204545455 0.049817307692307695 0.04174715909090907 0.0400576923076923
0 0.11150568181818182 0.6924038461538462 0.015767045454545447 0.032038461538461474
0 0.09934659090909091 0.672826923076923 0.019062500000000013 0.05961538461538462
0 0.20240767045454547 0.6834807692307692 0.07276988636363639 0.06992307692307684
0 0.20691051136363636 0.6948749999999999 0.02387784090909091 0.04398076923076924
0 0.15822443181818183 0.7521442307692308 0.022500000000000006 0.05374999999999998
0 0.46593749999999995 0.6723557692307692 0.04107954545454548 0.033903846153846146
0 0.7268039772727272 0.2650480769230769 0.01696022727272727 0.028826923076923038
0 0.6168394886363636 0.3348653846153846 0.04990056818181818 0.03784615384615386
0 0.6343110795454545 0.30783653846153847 0.05490056818181815 0.0351346153846154
0 0.7110724431818182 0.17552884615384617 0.015440340909090834 0.03871153846153848
0 0.6514417613636364 0.29544230769230767 0.03992897727272729 0.023884615384615414
0 0.6848792613636363 0.29071153846153847 0.030951704545454574 0.04415384615384617
0 0.21982244318181818 0.6326346153846154 0.02387784090909091 0.034961538461538474
0 0.6785369318181819 0.14303846153846153 0.02926136363636367 0.03157692307692308
0 0.6571022727272727 0.3211153846153846 0.03261363636363634 0.024769230769230762
0 0.6434588068181818 0.3440961538461539 0.02862215909090906 0.03019230769230767
0 0.024098011363636363 0.731826923076923 0.045014204545454545 0.04699999999999999
0 0.6974360795454545 0.12234615384615385 0.017741477272727287 0.04092307692307694
0 0.6967755681818182 0.15749038461538464 0.014460227272727283 0.02936538461538461
0 0.7048295454545456 0.18641346153846156 0.022670454545454518 0.028480769230769237
0 0.7140340909090909 0.208 0.02926136363636367 0.028038461538461536
0 0.7097585227272727 0.14704807692307692 0.016761363636363654 0.03782692307692308
0 0.7505113636363636 0.1750769230769231 0.03187500000000008 0.024461538461538458
0 0.6753977272727273 0.3375673076923077 0.04724431818181817 0.05674999999999998
0 0.7358877840909092 0.14725961538461538 0.021690340909090965 0.042711538461538474
0 0.6866548295454545 0.5316250000000001 0.02771306818181825 0.054673076923076935
0 0.7140340909090909 0.12323076923076923 0.022017045454545456 0.03738461538461538
0 0.5506889204545454 0.034201923076923074 0.01697443181818188 0.02617307692307692
0 0.6879048295454545 0.06783653846153846 0.036150568181818166 0.06005769230769231
0 0.7074573863636364 0.08184615384615385 0.03252840909090906 0.05073076923076923
0 0.7322727272727273 0.039355769230769236 0.034176136363636284 0.038711538461538464
0 0.6366335227272727 0.16105769230769232 0.04863636363636365 0.025807692307692285
0 0.5870028409090909 0.10209615384615385 0.03352272727272731 0.02803846153846155
0 0.6307102272727273 0.13858653846153846 0.014460227272727283 0.036057692307692304
0 0.6524076704545455 0.1368076923076923 0.030894886363636364 0.02534615384615386
0 0.6466548295454545 0.1034423076923077 0.028593749999999994 0.05473076923076922
0 0.7125 0.34679807692307696 0.0429261363636364 0.04640384615384614
0 0.6116548295454546 0.148375 0.025639204545454562 0.08232692307692308
0 0.4465625 0.6954038461538462 0.025823863636363645 0.0386538461538462
0 0.6386008522727273 0.10321153846153847 0.040752840909090905 0.045384615384615384
0 0.617890625 0.0994326923076923 0.04009943181818185 0.06274999999999999
0 0.7109517045454545 0.5136634615384615 0.025596590909090885 0.04290384615384616
0 0.7070809659090909 0.48870192307692306 0.02299715909090909 0.035596153846153826
0 0.5894673295454546 0.06272115384615384 0.04240056818181821 0.024019230769230765
0 0.7148295454545455 0.48585576923076923 0.03286931818181808 0.059749999999999984
0 0.5879829545454546 0.034692307692307696 0.02761363636363636 0.05873076923076924
0 0.579765625 0.08252884615384615 0.03944602272727278 0.025365384615384613
0 0.6108309659090909 0.079625 0.03450284090909094 0.036480769230769226
0 0.6361363636363636 0.0569326923076923 0.059488636363636355 0.04717307692307692
0 0.546434659090909 0.012778846153846155 0.015397727272727318 0.025403846153846155
0 0.7290269886363636 0.47075000000000006 0.019019886363636263 0.03146153846153843
0 0.6604616477272728 0.019557692307692307 0.024644886363636317 0.0365
0 0.6420596590909091 0.02156730769230769 0.035823863636363674 0.04313461538461538
0 0.7386576704545454 0.49968269230769224 0.02606534090909102 0.04036538461538458
0 0.7441690340909091 0.12927884615384613 0.016406249999999935 0.03332692307692307
0 0.7601349431818182 0.49204807692307695 0.015497159090909207 0.03844230769230771
0 0.8171661931818183 0.15877884615384616 0.023196022727272784 0.05478846153846156
0 0.7465198863636363 0.4731346153846154 0.01642045454545463 0.03242307692307695
0 0.7420596590909091 0.4551730769230769 0.038039772727272686 0.044807692307692326
0 0.8006107954545455 0.16299038461538462 0.01386363636363635 0.03563461538461539
0 0.42836647727272725 0.7229519230769231 0.029346590909090864 0.02382692307692305
0 0.6755610795454546 0.493625 0.025582386363636432 0.04005769230769233
0 0.6558380681818182 0.5128653846153846 0.025596590909090965 0.05180769230769236
0 0.6795596590909091 0.35671153846153847 0.048920454545454545 0.028384615384615366
0 0.7261576704545455 0.4523076923076923 0.00845170454545461 0.012076923076923079
0 0.7130042613636364 0.4337211538461539 0.01973011363636362 0.041634615384615395
0 0.6389417613636363 0.45866346153846155 0.04484375000000007 0.0743653846153846
0 0.6174573863636363 0.525576923076923 0.05446022727272732 0.0600769230769231
0 0.5937428977272727 0.4904519230769231 0.03098011363636364 0.01651923076923072
0 0.6133522727272728 0.46248076923076925 0.040142045454545444 0.06292307692307697
0 0.5926846590909091 0.5033173076923078 0.027471590909090956 0.01748076923076918
0 0.5496803977272727 0.08297115384615383 0.02044034090909097 0.040057692307692315
0 0.5963210227272727 0.43275961538461544 0.03474431818181823 0.06832692307692308
0 0.7033451704545454 0.3992788461538462 0.04924715909090911 0.06486538461538464
0 0.8766832386363635 0.13730769230769233 0.02515624999999989 0.03669230769230769
0 0.6917045454545455 0.42314423076923074 0.029943181818181796 0.0306346153846154
0 0.6689133522727272 0.46233653846153844 0.029616477272727225 0.04413461538461536
0 0.6766264204545455 0.4253942307692308 0.054502840909090834 0.08594230769230769
0 0.342109375 0.31622115384615385 0.01862215909090911 0.03513461538461535
0 0.9297869318181817 0.2010673076923077 0.03298295454545442 0.047673076923076936
0 0.5945667613636364 0.43705769230769226 0.02231534090909088 0.0699230769230769
0 0.6087713068181818 0.4359423076923077 0.02535511363636367 0.025730769230769224
0 0.7644034090909092 0.6298557692307691 0.03247159090909093 0.03336538461538455
0 0.6234446022727272 0.42322115384615383 0.025582386363636432 0.02128846153846158
0 0.6620596590909091 0.40351923076923074 0.053522727272727284 0.0467307692307692
0 0.6318963068181819 0.363 0.01995738636363638 0.041961538461538446
0 0.652784090909091 0.37856730769230773 0.027471590909090956 0.04005769230769233
0 0.29166903409090905 0.34528846153846154 0.14359375 0.11600000000000005
0 0.6199218750000001 0.39574038461538463 0.02419034090909087 0.03813461538461536
0 0.6057173295454545 0.38508653846153845 0.022542613636363642 0.030826923076923078
0 0.581455965909091 0.17129807692307694 0.03507102272727272 0.04351923076923076
0 0.5067755681818181 0.11635576923076923 0.04741477272727272 0.046173076923076935
0 0.6403551136363637 0.2775480769230769 0.032784090909090964 0.04844230769230769
0 0.43620028409090916 0.7391057692307693 0.041860795454545414 0.026480769230769304
0 0.6282954545454545 0.24759615384615385 0.020568181818181843 0.026730769230769214
0 0.6302982954545455 0.19531730769230768 0.05068181818181819 0.08678846153846154
0 0.6118465909090909 0.20288461538461539 0.04210227272727271 0.06557692307692306
0 0.7963636363636365 0.06282692307692309 0.013295454545454565 0.030653846153846157
0 0.7825071022727272 0.08466346153846153 0.01953125 0.02451923076923077
0 0.30771306818181815 0.2965576923076923 0.043437499999999976 0.04926923076923078
0 0.3409730113636364 0.5354711538461538 0.04029829545454542 0.1107115384615385
0 0.25977982954545453 0.528576923076923 0.021122159090909098 0.027000000000000038
0 0.23689630681818177 0.5322788461538461 0.03873579545454547 0.05032692307692311
0 0.8388139204545454 0.03318269230769231 0.031576704545454574 0.06636538461538462
0 0.4409446022727273 0.1825673076923077 0.022343750000000027 0.10198076923076924
0 0.8220454545454546 0.01774038461538462 0.012017045454545506 0.027634615384615386
0 0.8790553977272727 0.012182692307692308 0.03382102272727265 0.024365384615384615
0 0.7738778409090908 0.08715384615384615 0.01980113636363628 0.03103846153846154
0 0.8551633522727272 0.026625000000000003 0.03410511363636362 0.05221153846153847
0 0.8817116477272727 0.10608653846153845 0.016775568181818103 0.027250000000000003
0 0.879481534090909 0.21373076923076922 0.02626420454545456 0.03973076923076922
0 0.24742897727272728 0.239125 0.01877840909090909 0.04501923076923079
0 0.8790625 0.1866826923076923 0.022073863636363586 0.03255769230769232
0 0.8702556818181819 0.18270192307692307 0.03744318181818184 0.054865384615384614
0 0.8488778409090909 0.15660576923076924 0.041647727272727184 0.05182692307692308
0 0.1832315340909091 0.7883365384615385 0.05188920454545453 0.04148076923076933
0 0.44401988636363643 0.7629423076923078 0.029346590909090944 0.033884615384615395
0 0.7813778409090908 0.053634615384615385 0.021221590909090825 0.039846153846153844
0 0.8404900568181819 0.19614423076923077 0.02879261363636361 0.029519230769230787
0 0.9589914772727273 0.1524423076923077 0.042755681818181686 0.053346153846153835
0 0.37987926136363637 0.16073076923076926 0.035610795454545485 0.05561538461538462
0 0.33703124999999995 0.25899038461538465 0.045397727272727284 0.045557692307692334
0 0.3552272727272727 0.2136923076923077 0.03247159090909089 0.05138461538461538
0 0.01004971590909091 0.15754807692307696 0.02009943181818182 0.03867307692307692
0 0.02401278409090909 0.07508653846153847 0.04802556818181818 0.03986538461538461
0 0.01669744318181818 0.2764807692307692 0.03339488636363636 0.0699230769230769
0 0.022833806818181816 0.3029615384615385 0.03521306818181818 0.04980769230769232
0 0.9007599431818182 0.9169711538461539 0.028167613636363532 0.027019230769230792
0 0.049836647727272726 0.30454807692307695 0.02348011363636364 0.040250000000000015
0 0.04513494318181818 0.2854807692307692 0.030525568181818185 0.03284615384615387
0 0.11870028409090909 0.24442307692307694 0.06808238636363637 0.04607692307692309
0 0.10793323863636363 0.2780673076923077 0.01995738636363638 0.0360192307692308
0 0.12867187500000002 0.259 0.01995738636363636 0.032846153846153844
0 0.123203125 0.2939615384615385 0.027002840909090896 0.04873076923076924
0 0.11243607954545455 0.305875 0.013309659090909098 0.04078846153846155
0 0.09835227272727275 0.30851923076923077 0.021903409090909095 0.04607692307692309
0 0.08896306818181818 0.2844134615384615 0.017215909090909087 0.026480769230769252
0 0.07193892045454546 0.27355769230769234 0.02856534090909091 0.03973076923076928
0 0.7751562500000001 0.40549038461538467 0.03352272727272731 0.06363461538461539
0 0.07252840909090909 0.2979326923076923 0.03130681818181818 0.059865384615384605
0 0.07330965909090909 0.3381826923076923 0.03991477272727272 0.017480769230769237
0 0.04787642045454545 0.3524903846153846 0.02660511363636364 0.061980769230769214
0 0.034374999999999996 0.33342307692307693 0.020738636363636365 0.04607692307692309
0 0.024595170454545453 0.358576923076923 0.019957386363636365 0.04130769230769229
0 0.01122159090909091 0.1331826923076923 0.02244318181818182 0.017480769230769237
0 0.007308238636363636 0.37182692307692305 0.014616477272727272 0.051923076923076926
0 0.009730113636363636 0.3365961538461538 0.018380681818181817 0.04292307692307691
0 0.06079545454545454 0.3991057692307693 0.02738636363636364 0.08105769230769232
0 0.02889914772727273 0.391423076923077 0.04342329545454546 0.02965384615384613
0 0.42015624999999995 0.7462596153846154 0.01761363636363641 0.021711538461538393
0 0.00953125 0.40891346153846153 0.018778409090909092 0.045557692307692306
0 0.04142045454545455 0.21581730769230767 0.023863636363636365 0.02594230769230768
0 0.056093750000000005 0.20310576923076926 0.013295454545454544 0.015365384615384605
0 0.07076704545454546 0.3588461538461538 0.03559659090909091 0.03230769230769233
0 0.09424005681818182 0.39831730769230766 0.041860795454545456 0.047673076923076964
0 0.11243607954545455 0.38480769230769235 0.052428977272727266 0.03973076923076922
0 0.16800426136363636 0.42002884615384617 0.10095170454545456 0.10701923076923078
0 0.11772017045454546 0.33369230769230773 0.041860795454545456 0.034961538461538474
0 0.17895596590909088 0.32653846153846156 0.08921874999999999 0.04926923076923078
0 0.6530255681818182 0.25711538461538463 0.03576704545454546 0.0438846153846154
0 0.4702982954545455 0.1558173076923077 0.03636363636363631 0.08182692307692307
0 0.21064630681818183 0.1824423076923077 0.02348011363636364 0.05138461538461538
0 0.19852272727272727 0.22376923076923078 0.025823863636363645 0.03442307692307693
0 0.21279829545454546 0.25661538461538463 0.020738636363636397 0.04926923076923078
0 0.23196732954545454 0.25316346153846153 0.021519886363636373 0.03390384615384617
0 0.5727201704545455 0.24576923076923077 0.04731534090909091 0.04238461538461537
0 0.1869815340909091 0.24124999999999996 0.03012784090909092 0.0323076923076923
0 0.1640909090909091 0.2483942307692308 0.02738636363636364 0.026480769230769252
0 0.14452414772727273 0.25449038461538465 0.02348011363636364 0.027019230769230792
0 0.14628551136363638 0.2817692307692307 0.01759943181818182 0.03284615384615387
0 0.1679971590909091 0.33076923076923076 0.05869318181818183 0.06515384615384615
0 0.8129332386363637 0.961923076923077 0.0437073863636365 0.04715384615384623
0 0.19910511363636363 0.2796538461538462 0.03639204545454544 0.02861538461538466
0 0.22786221590909095 0.2942211538461539 0.02348011363636364 0.0333653846153846
0 0.23217329545454543 0.3365961538461538 0.02269886363636362 0.060923076923076934
0 0.18795454545454546 0.2974038461538462 0.039914772727272736 0.020653846153846172
0 0.1805255681818182 0.27011538461538465 0.024261363636363633 0.028615384615384605
0 0.15997869318181818 0.29686538461538464 0.03717329545454544 0.022769230769230774
0 0.16507102272727273 0.2719711538461539 0.022301136363636367 0.027019230769230736
0 0.5976917613636363 0.21298076923076922 0.014531249999999945 0.04238461538461537
0 0.6047727272727272 0.23214423076923077 0.01900568181818181 0.027250000000000003
0 0.014154829545454545 0.44466346153846154 0.02830965909090909 0.05032692307692311
0 0.05880681818181818 0.6992403846153846 0.07690340909090909 0.06136538461538466
0 0.03144886363636363 0.4621442307692308 0.048522727272727266 0.03232692307692308
0 0.017947443181818182 0.4785673076923077 0.03561079545454546 0.03655769230769235
0 0.10284801136363636 0.4955096153846153 0.07160511363636363 0.11071153846153844
0 0.15176136363636364 0.464 0.08491477272727271 0.05084615384615384
0 0.13336647727272727 0.47194230769230766 0.048124999999999994 0.06357692307692309
0 0.16526278409090908 0.5177692307692308 0.04850852272727271 0.09588461538461542
0 0.11146306818181818 0.3509038461538462 0.048124999999999994 0.03761538461538462
0 0.2190625 0.42638461538461536 0.04107954545454548 0.04342307692307689
0 0.12007102272727273 0.5553750000000001 0.02622159090909092 0.039711538461538416
0 0.15117897727272728 0.5455769230769231 0.02894886363636365 0.08369230769230766
0 0.7599005681818182 0.6579326923076924 0.02113636363636363 0.03336538461538466
0 0.15938920454545455 0.5209423076923076 0.07198863636363638 0.05138461538461544
0 0.20301846590909092 0.5230576923076923 0.01759943181818184 0.058807692307692276
0 0.11536931818181818 0.5839807692307691 0.02386363636363638 0.058807692307692276
0 0.13259232954545455 0.5948365384615385 0.03169034090909091 0.052980769230769144
0 0.006725852272727273 0.5386826923076923 0.013451704545454546 0.03178846153846149
0 0.022833806818181816 0.5453076923076923 0.028167613636363633 0.02807692307692312
0 0.02029119318181818 0.5135288461538462 0.03481534090909091 0.03125
0 0.049048295454545456 0.48332692307692304 0.06730113636363635 0.10542307692307697
0 0.02244318181818182 0.7799711538461539 0.03286931818181818 0.05244230769230777
0 0.02733664772727273 0.7945480769230768 0.03012784090909091 0.020134615384615327
0 0.4904900568181818 0.19595192307692308 0.06586647727272728 0.0550576923076923
0 0.035752840909090915 0.8149423076923077 0.018778409090909096 0.023846153846153913
0 0.46875 0.20389423076923077 0.03539772727272721 0.02421153846153844
0 0.010703125 0.7587884615384616 0.02112215909090909 0.07892307692307686
0 0.004836647727272728 0.8122884615384615 0.009389204545454546 0.03973076923076928
0 0.4994957386363636 0.22634615384615386 0.03055397727272726 0.039846153846153844
0 0.008480113636363636 0.8390384615384615 0.016960227272727273 0.039192307692307686
0 0.5134730113636364 0.26822115384615386 0.03242897727272725 0.049942307692307716
0 0.535830965909091 0.2036442307692308 0.013792613636363608 0.027749999999999986
0 0.005937499999999999 0.8800961538461538 0.011874999999999998 0.05561538461538464
0 0.5341548295454546 0.21928846153846154 0.014900568181818195 0.016653846153846148
0 0.42035511363636363 0.7700961538461539 0.024261363636363695 0.02173076923076925
0 0.548125 0.21675961538461538 0.015284090909090896 0.02571153846153847
0 0.2139559659090909 0.5697307692307693 0.03169034090909091 0.03973076923076917
0 0.5425355113636363 0.23745192307692306 0.017514204545454604 0.019673076923076932
0 0.5255823863636363 0.22634615384615386 0.02235795454545456 0.021692307692307695
0 0.5527840909090909 0.27452884615384615 0.022357954545454476 0.07567307692307694
0 0.5194389204545454 0.24828846153846157 0.02049715909090902 0.03734615384615382
0 0.5464488636363636 0.2846153846153846 0.03801136363636362 0.10392307692307694
0 0.5479403409090909 0.3209423076923077 0.023096590909090896 0.0776923076923077
0 0.5315411931818183 0.2936923076923077 0.017144886363636355 0.03430769230769226
0 0.5123579545454545 0.29520192307692306 0.025710227272727305 0.01917307692307692
0 0.27264204545454546 0.6442884615384615 0.019176136363636364 0.015884615384615476
0 0.4097869318181818 0.7804230769230769 0.021903409090909112 0.014846153846153898
0 0.47937500000000005 0.2818365384615385 0.051420454545454526 0.03178846153846154
0 0.5067684659090909 0.33581730769230766 0.036889204545454586 0.07113461538461541
0 0.47713778409090907 0.30782692307692305 0.04473011363636357 0.039346153846153864
0 0.580546875 0.3484326923076923 0.08160511363636362 0.052980769230769255
0 0.5192471590909091 0.46472115384615387 0.02011363636363632 0.07871153846153847
0 0.55390625 0.38148076923076923 0.02906249999999997 0.017153846153846186
0 0.30178977272727275 0.5882596153846154 0.034431818181818195 0.01748076923076918
0 0.5306107954545455 0.35273076923076924 0.022727272727272728 0.07365384615384613
0 0.5194318181818182 0.4001442307692307 0.04062500000000003 0.054480769230769256
0 0.5634019886363636 0.39610576923076923 0.04583806818181815 0.0544807692307692
0 0.4076349431818182 0.8037307692307692 0.01759943181818188 0.03815384615384621
0 0.5721661931818182 0.3025288461538462 0.026832386363636343 0.1044423076923077
0 0.6133380681818181 0.2533365384615385 0.01974431818181823 0.039365384615384615
0 0.6189275568181819 0.2788173076923077 0.01825284090909086 0.03178846153846154
0 0.5941477272727272 0.2944519230769231 0.03130681818181821 0.09636538461538459
0 0.6679332386363637 0.2276153846153846 0.024588068181818187 0.030269230769230788
0 0.691221590909091 0.27856730769230775 0.06372159090909092 0.07467307692307695
0 0.5350852272727272 0.5583076923076923 0.016022727272727234 0.013615384615384694
0 0.5166406250000001 0.5411538461538461 0.03055397727272734 0.04996153846153839
0 0.5306178977272727 0.5103749999999999 0.03316761363636367 0.027750000000000014
0 0.5546519886363637 0.47052884615384616 0.02086647727272727 0.07113461538461541
0 0.193359375 0.7519326923076923 0.02069602272727272 0.03159615384615386
0 0.571981534090909 0.4715384615384615 0.042855113636363656 0.09534615384615387
0 0.570859375 0.4142692307692308 0.024957386363636355 0.04642307692307695
0 0.5419744318181818 0.4528653846153846 0.02235795454545456 0.061038461538461555
0 0.5207315340909091 0.4649711538461539 0.03353693181818176 0.08828846153846154
0 0.506015625 0.42486538461538464 0.013792613636363608 0.02523076923076924
0 0.4907386363636364 0.4543846153846154 0.01900568181818181 0.04288461538461541
0 0.48477272727272724 0.42941346153846155 0.0286931818181818 0.04036538461538458
0 0.4702414772727272 0.46522115384615387 0.0286931818181818 0.04540384615384613
0 0.44247869318181815 0.3007596153846154 0.023849431818181766 0.03228846153846152
0 0.4486292613636364 0.33203846153846156 0.02944602272727267 0.05750000000000001
0 0.20946022727272726 0.7196730769230769 0.021363636363636352 0.025807692307692337
0 0.49707386363636363 0.3572692307692308 0.03690340909090912 0.03934615384615381
0 0.46875 0.33708653846153847 0.029431818181818222 0.02924999999999996
0 0.4732244318181818 0.2508173076923077 0.0517897727272727 0.04036538461538458
0 0.32048295454545456 0.3256730769230769 0.03593750000000002 0.03242307692307695
0 0.4236221590909091 0.32691346153846157 0.042556818181818154 0.037250000000000005
0 0.4142684659090909 0.29909615384615384 0.024588068181818187 0.03526923076923072
0 0.34952414772727275 0.3333653846153846 0.02862215909090906 0.041230769230769224
0 0.3689630681818182 0.33261538461538465 0.0198011363636364 0.033769230769230774
0 0.25360085227272733 0.4038942307692307 0.026775568181818175 0.03128846153846156
0 0.19931107954545454 0.3765769230769231 0.051718750000000015 0.06603846153846155
0 0.4219176136363636 0.7934038461538462 0.014090909090909114 0.03338461538461541
0 0.2563494318181818 0.3807980769230769 0.016874999999999994 0.020865384615384605
0 0.2668039772727273 0.3552211538461538 0.05318181818181818 0.037250000000000005
0 0.3273366477272727 0.4644807692307693 0.07740056818181819 0.06903846153846155
0 0.37446732954545453 0.42499038461538463 0.039616477272727255 0.06655769230769233
0 0.34879261363636366 0.406125 0.04696022727272724 0.047673076923076964
0 0.36034801136363637 0.40686538461538463 0.017968749999999967 0.022346153846153856
0 0.3724502840909091 0.3673846153846154 0.03924715909090908 0.03576923076923076
0 0.3898792613636364 0.3661442307692308 0.03080965909090909 0.05313461538461538
0 0.487450284090909 0.39222115384615386 0.024218750000000015 0.04171153846153846
0 0.45901988636363633 0.3778173076923077 0.0634659090909091 0.029788461538461555
0 0.4135937499999999 0.23492307692307693 0.035227272727272746 0.0756153846153846
0 0.4157386363636364 0.39172115384615386 0.03411931818181815 0.08740384615384614
0 0.45132102272727276 0.38725 0.054659090909090935 0.09138461538461536
0 0.33595170454545453 0.2918942307692308 0.02642045454545454 0.02482692307692307
0 0.13296164772727273 0.6240192307692308 0.015269886363636364 0.03284615384615382
0 0.1497869318181818 0.6430865384615384 0.022301136363636367 0.045557692307692306
0 0.138046875 0.6550096153846154 0.03169034090909091 0.02913461538461545
0 0.17012784090909092 0.6958076923076923 0.027784090909090932 0.03973076923076917
0 0.1758096590909091 0.6862692307692307 0.0375568181818182 0.03549999999999996
0 0.1499786931818182 0.682826923076923 0.011747159090909086 0.023307692307692317
0 0.13745738636363636 0.7183173076923076 0.02113636363636363 0.02224999999999999
0 0.40170454545454537 0.27893269230769235 0.03150568181818183 0.04498076923076926
0 0.13550426136363636 0.7429519230769231 0.02268465909090909 0.03336538461538455
0 0.27792613636363633 0.6012403846153845 0.03755681818181818 0.040250000000000015
0 0.1650497159090909 0.7124903846153846 0.024644886363636376 0.027557692307692387
0 0.14665482954545456 0.6942115384615385 0.018394886363636367 0.03126923076923075
0 0.16073863636363636 0.6274711538461539 0.0262215909090909 0.03125
0 0.16602272727272727 0.6494423076923077 0.022698863636363642 0.025423076923076868
0 0.20612926136363638 0.6017692307692307 0.034048295454545456 0.034961538461538474
0 0.19008522727272725 0.582173076923077 0.016818181818181822 0.023307692307692317
0 0.161328125 0.6044230769230768 0.015639204545454553 0.040269230769230765
0 0.9091122159090911 0.8482115384615384 0.06407670454545457 0.12688461538461543
0 0.40127130681818185 0.20797115384615386 0.058139204545454556 0.06901923076923078
0 0.1836505681818182 0.560673076923077 0.028181818181818186 0.047153846153846116
0 0.3304616477272727 0.380875 0.038650568181818196 0.03863461538461539
0 0.9774360795454545 0.015173076923076923 0.044218749999999994 0.030346153846153846
0 0.9821875000000001 0.1025 0.03159090909090911 0.057884615384615375
