0 0.49670454545454545 0.25145192307692305 0.06622159090909091 0.06082692307692307
0 0.30792613636363636 0.20120192307692308 0.07934659090909092 0.05055769230769229
0 0.70984375 0.8851730769230769 0.028380681818181843 0.10284615384615377
0 0.6755468750000001 0.8744423076923077 0.03191761363636359 0.12911538461538458
0 0.777919034090909 0.33628846153846154 0.04186079545454549 0.09188461538461538
0 0.7533238636363637 0.3774230769230769 0.05085227272727266 0.08196153846153847
0 0.8110298295454546 0.4014423076923077 0.057457386363636426 0.04353846153846151
0 0.7971946022727273 0.3771057692307692 0.05438920454545449 0.056980769230769224
0 0.8647159090909091 0.4163269230769231 0.03855113636363634 0.051538461538461505
0 0.6435866477272728 0.7690961538461537 0.05117897727272731 0.1119230769230769
0 0.6612997159090909 0.764375 0.034531250000000006 0.06640384615384622
0 0.6740198863636363 0.7988076923076923 0.01150568181818185 0.027884615384615386
0 0.36289062499999997 0.17614423076923078 0.04464488636363637 0.061634615384615406
0 0.8476775568181818 0.9311346153846154 0.039673295454545544 0.025423076923076975
0 0.8818963068181819 0.865951923076923 0.049360795454545456 0.10659615384615385
0 0.8607031249999999 0.9659807692307691 0.023934659090909124 0.05903846153846152
0 0.8732741477272726 0.9081730769230769 0.016349431818181805 0.0434615384615385
0 0.8731178977272727 0.9627019230769231 0.011803977272727357 0.07459615384615388
0 0.9833877840909092 0.6314326923076924 0.029985795454545473 0.03813461538461536
0 0.96875 0.6851346153846154 0.0625 0.06519230769230776
0 0.9332670454545454 0.7103461538461538 0.09448863636363634 0.086923076923077
0 0.10129261363636365 0.7121442307692307 0.033948863636363645 0.12909615384615383
0 0.015696022727272725 0.20382692307692307 0.030823863636363635 0.05619230769230769
0 0.3791832386363636 0.19049038461538462 0.05896306818181817 0.047057692307692335
0 0.011789772727272729 0.06950961538461539 0.023579545454545457 0.03909615384615385
0 0.50640625 0.5571442307692308 0.06440340909090914 0.08205769230769233
0 0.5069105113636364 0.5385865384615385 0.030184659090909092 0.06744230769230779
0 0.49357954545454547 0.5624230769230769 0.08301136363636363 0.10623076923076925
0 0.6961292613636364 0.8677788461538462 0.020071022727272722 0.04586538461538466
0 0.34226562499999996 0.7706538461538461 0.017428977272727287 0.0214615384615384
0 0.657109375 0.40274038461538464 0.012997159090909139 0.0190576923076923
0 0.24753551136363636 0.7135576923076922 0.021832386363636328 0.027076923076923047
0 0.24870738636363637 0.7311538461538463 0.02156250000000001 0.01934615384615385
0 0.2149644886363636 0.6540961538461538 0.036718749999999994 0.07407692307692304
0 0.44335227272727273 0.14150000000000001 0.052784090909090864 0.12857692307692312
0 0.2128693181818182 0.7229807692307693 0.053380681818181834 0.0673076923076923
0 0.30361505681818185 0.8852692307692308 0.038678977272727295 0.03992307692307701
0 0.3994744318181818 0.11735576923076924 0.07852272727272727 0.04386538461538463
0 0.4888707386363636 0.11271153846153846 0.08419034090909096 0.051230769230769246
0 0.4166193181818182 0.03218269230769231 0.08963068181818185 0.047711538461538465
0 0.4831889204545454 0.014567307692307692 0.06291193181818185 0.029134615384615384
0 0.4390838068181818 0.00625 0.02529829545454546 0.0125
0 0.5909161931818182 0.054759615384615386 0.05794034090909086 0.05571153846153846
0 0.47799715909090906 0.30520192307692307 0.06528409090909096 0.07478846153846157
0 0.5521306818181818 0.06050961538461539 0.06218749999999996 0.11590384615384616
0 0.9656889204545455 0.026548076923076924 0.05410511363636368 0.05309615384615385
0 0.9255752840909092 0.024634615384615387 0.042002840909090816 0.049269230769230773
0 0.7528338068181818 0.35457692307692307 0.041832386363636426 0.06146153846153848
0 0.7794247159090908 0.42058653846153843 0.020071022727272722 0.026865384615384614
0 0.7511363636363636 0.45502884615384614 0.0482670454545454 0.04736538461538461
0 0.7783522727272728 0.4435192307692308 0.041136363636363686 0.0383846153846154
0 0.8266903409090909 0.5424807692307693 0.06008522727272721 0.1630384615384616
0 0.7956534090909091 0.44203846153846155 0.016732954545454506 0.039384615384615365
0 0.21024857954545453 0.2779711538461539 0.17302556818181816 0.036519230769230734
0 0.4300355113636364 0.2635769230769231 0.03291193181818176 0.035615384615384604
0 0.25819602272727277 0.3066442307692308 0.17323863636363634 0.035096153846153846
0 0.991796875 0.5485865384615385 0.016406249999999935 0.04051923076923076
0 0.9831676136363637 0.5805384615384616 0.017272727272727228 0.04907692307692304
0 0.9749502840909091 0.5391634615384615 0.019389204545454675 0.09186538461538458
0 0.9795880681818182 0.6074999999999999 0.03877840909090902 0.042499999999999934
0 0.9546093750000001 0.5906634615384615 0.025071022727272695 0.020826923076923045
0 0.7983522727272727 0.7262307692307692 0.07139204545454544 0.09773076923076922
0 0.7846519886363637 0.6636346153846154 0.05927556818181821 0.07096153846153852
0 0.5635014204545455 0.5767884615384615 0.038991477272727254 0.06776923076923079
0 0.5918110795454545 0.6652884615384616 0.039616477272727255 0.10523076923076928
0 0.41073863636363633 0.26152884615384614 0.044659090909090905 0.034057692307692296
0 0.5875071022727273 0.6065 0.021008522727272758 0.03857692307692308
0 0.6281747159090909 0.635048076923077 0.058622159090909065 0.0830576923076923
0 0.6042968750000001 0.5890865384615385 0.025383522727272734 0.03394230769230765
0 0.6348934659090909 0.6138461538461538 0.05240056818181824 0.09715384615384612
0 0.05989346590909091 0.2381826923076923 0.07188920454545454 0.1193653846153846
0 0.06084517045454545 0.1600673076923077 0.09498579545454544 0.08248076923076925
0 0.026072443181818183 0.11498076923076925 0.052144886363636365 0.1203846153846154
0 0.18676846590909094 0.190875 0.06038352272727274 0.0778653846153846
0 0.2987784090909091 0.024249999999999997 0.07295454545454548 0.04569230769230769
0 0.3618963068181818 0.6926538461538462 0.08154829545454549 0.11449999999999994
0 0.3588068181818182 0.2891923076923077 0.03008522727272728 0.07915384615384614
0 0.32264204545454545 0.6291249999999999 0.0628125 0.06121153846153843
0 0.12014914772727274 0.4404615384615385 0.06455965909090909 0.06530769230769232
0 0.09212357954545455 0.5005 0.10973011363636363 0.0931538461538462
0 0.027734375 0.4760096153846154 0.05546875 0.0979807692307692
0 0.02218039772727273 0.40621153846153846 0.04436079545454546 0.019846153846153833
0 0.06587357954545454 0.4017211538461538 0.047769886363636355 0.09605769230769234
0 0.08692471590909091 0.31959615384615386 0.059588068181818186 0.081
0 0.12322443181818182 0.32248076923076924 0.05556818181818182 0.09446153846153847
0 0.09875000000000002 0.3666634615384616 0.03357954545454545 0.023365384615384625
0 0.11436079545454546 0.3942019230769231 0.07519886363636365 0.04451923076923078
0 0.35852272727272727 0.2521826923076923 0.0438920454545455 0.03278846153846153
0 0.1266619318181818 0.389875 0.035 0.06851923076923082
0 0.14107954545454546 0.32664423076923077 0.030738636363636364 0.054096153846153835
0 0.3621946022727273 0.5287788461538462 0.034815340909090935 0.12321153846153844
0 0.40617897727272734 0.5978076923076924 0.0244034090909091 0.06711538461538458
0 0.42216619318181814 0.5513173076923077 0.06961647727272725 0.058134615384615417
0 0.38480113636363633 0.5637403846153846 0.036505681818181805 0.09478846153846157
0 0.10803267045454547 0.5451538461538462 0.05296875000000001 0.0643461538461538
0 0.17708806818181816 0.548826923076923 0.12107954545454545 0.038423076923076956
0 0.04975852272727273 0.5621249999999999 0.09951704545454546 0.04963461538461539
0 0.01955255681818182 0.8268461538461538 0.038139204545454546 0.04161538461538459
0 0.3210582386363636 0.2658846153846154 0.05373579545454543 0.059692307692307704
0 0.05078125 0.8226153846153846 0.047982954545454544 0.044269230769230734
0 0.05441761363636364 0.8479230769230769 0.10883522727272728 0.03257692307692307
0 0.25 0.6503557692307692 0.03874999999999996 0.0997884615384615
0 0.2856392045454545 0.6887692307692307 0.03678977272727273 0.06638461538461546
0 0.26974431818181815 0.6976826923076923 0.056761363636363645 0.14282692307692305
0 0.26373579545454545 0.8170576923076923 0.028749999999999973 0.09988461538461538
0 0.2671377840909091 0.8887692307692308 0.05600852272727274 0.11884615384615387
0 0.2944815340909091 0.8155192307692307 0.025923295454545456 0.03584615384615382
0 0.3833806818181818 0.6076730769230769 0.11971590909090914 0.16688461538461533
0 0.2608806818181818 0.7811923076923077 0.030738636363636343 0.05723076923076932
0 0.2926846590909091 0.23552884615384614 0.08400568181818184 0.03278846153846153
0 0.33406960227272725 0.9221923076923076 0.04257102272727273 0.11446153846153853
0 0.34072443181818185 0.8543461538461539 0.020397727272727293 0.025999999999999964
0 0.33392045454545455 0.875951923076923 0.02985795454545456 0.025211538461538487
0 0.32521306818181817 0.86275 0.009460227272727268 0.018000000000000026
0 0.32831676136363636 0.8411442307692307 0.01566761363636364 0.022019230769230746
0 0.31722301136363634 0.8519423076923077 0.017144886363636393 0.026807692307692303
0 0.3043607954545455 0.851346153846154 0.03576704545454546 0.06242307692307689
0 0.28641335227272724 0.7879038461538461 0.03217329545454546 0.08580769230769232
0 0.3133735795454546 0.7850288461538462 0.029332386363636373 0.04098076923076924
0 0.3254403409090909 0.8092019230769231 0.03784090909090911 0.02913461538461545
0 0.35644176136363637 0.2268269230769231 0.046548295454545426 0.029192307692307705
0 0.37664062499999995 0.7885384615384615 0.08396306818181816 0.11653846153846148
0 0.3750923295454545 0.9234711538461539 0.09126420454545454 0.05021153846153849
0 0.4550071022727273 0.9404807692307693 0.07583806818181817 0.029307692307692326
0 0.4573508522727273 0.9152692307692308 0.08325284090909085 0.035461538461538454
0 0.5528267045454546 0.8231634615384614 0.06926136363636362 0.06551923076923076
0 0.6025142045454545 0.7915961538461538 0.07576704545454542 0.09350000000000001
0 0.7062073863636363 0.9226634615384615 0.01593749999999996 0.02371153846153843
0 0.7015838068181819 0.9303942307692307 0.02203124999999999 0.0306346153846154
0 0.7268323863636365 0.928201923076923 0.01744318181818186 0.14167307692307696
0 0.7324573863636364 0.8065288461538461 0.023948863636363657 0.11205769230769227
