0 0.2238068181818182 0.05181730769230768 0.04113636363636361 0.07551923076923076
0 0.048259943181818185 0.23679807692307692 0.02575284090909091 0.09275000000000001
0 0.927450284090909 0.46752884615384616 0.021065340909090968 0.03463461538461537
0 0.19507812500000002 0.9176057692307692 0.042457386363636364 0.0217115384615385
0 0.22303977272727274 0.8963942307692307 0.03977272727272727 0.05401923076923083
0 0.23565340909090907 0.9281153846153847 0.05454545454545456 0.12573076923076912
0 0.33451704545454547 0.07076923076923076 0.024261363636363612 0.044076923076923076
0 0.29261363636363635 0.925326923076923 0.06420454545454544 0.1493461538461539
0 0.28352272727272726 0.8163461538461538 0.052130681818181805 0.17450000000000002
0 0.3001775568181818 0.7572019230769231 0.05197443181818182 0.12286538461538458
0 0.22012073863636364 0.8030576923076923 0.04794034090909091 0.07907692307692309
0 0.188828125 0.8189615384615385 0.0333096590909091 0.03942307692307692
0 0.012272727272727274 0.25834615384615384 0.024545454545454547 0.040730769230769244
0 0.21441051136363634 0.7538269230769231 0.03813920454545454 0.09738461538461536
0 0.2769247159090909 0.6917403846153846 0.12132102272727273 0.18409615384615388
0 0.3498153409090909 0.6588461538461539 0.039261363636363615 0.06384615384615383
0 0.3567329545454545 0.6177788461538462 0.042471590909090876 0.037903846153846225
0 0.34514914772727273 0.5500288461538462 0.02927556818181816 0.03878846153846157
0 0.34981534090909094 0.564625 0.015454545454545448 0.027442307692307658
0 0.36687499999999995 0.5684326923076923 0.019630681818181808 0.032019230769230834
0 0.2619744318181818 0.5130673076923077 0.028295454545454526 0.07478846153846157
0 0.2491619318181818 0.4860096153846154 0.028295454545454568 0.05836538461538455
0 0.27438920454545457 0.4886826923076923 0.02397727272727276 0.04967307692307689
0 0.022975852272727273 0.273125 0.03524147727272727 0.06863461538461538
0 0.316953125 0.4201730769230769 0.03765624999999999 0.11088461538461537
0 0.2864204545454545 0.46630769230769237 0.04488636363636363 0.022653846153846156
0 0.1480184659090909 0.36909615384615385 0.027428977272727275 0.026500000000000003
0 0.27785511363636367 0.5936249999999998 0.041988636363636325 0.08209615384615385
0 0.34766335227272727 0.6982115384615385 0.08109375 0.10261538461538464
0 0.45152698863636365 0.6065 0.04774147727272729 0.05884615384615389
0 0.32327414772727275 0.4995480769230769 0.030894886363636364 0.03659615384615379
0 0.307265625 0.5142500000000001 0.030099431818181813 0.07907692307692314
0 0.35288352272727275 0.4902884615384615 0.02863636363636363 0.051192307692307704
0 0.34515625 0.5262307692307692 0.033465909090909095 0.02723076923076928
0 0.004545454545454546 0.3170961538461538 0.009090909090909092 0.04011538461538459
0 0.4684517045454545 0.8182019230769232 0.08480113636363634 0.11567307692307699
0 0.4172585227272727 0.8860096153846154 0.04249999999999994 0.08944230769230767
0 0.45546875 0.8881538461538462 0.09301136363636359 0.11415384615384606
0 0.3729545454545455 0.898673076923077 0.05008522727272726 0.09973076923076926
0 0.3628409090909091 0.9512692307692308 0.033465909090909136 0.03830769230769234
0 0.43617897727272725 0.9706923076923076 0.032982954545454586 0.05357692307692321
0 0.4578196022727273 0.9912307692307694 0.04634943181818181 0.017538461538461548
0 0.4260440340909091 0.9910576923076924 0.010468750000000006 0.01676923076923082
0 0.4893607954545454 0.9522692307692308 0.07193181818181817 0.08234615384615394
0 0.33054687499999996 0.9185961538461539 0.02558238636363639 0.08103846153846152
0 0.013828124999999998 0.31741346153846156 0.027656249999999997 0.09975
0 0.3572585227272727 0.9175096153846154 0.038465909090909106 0.04224999999999994
0 0.5087855113636364 0.8252403846153846 0.0391051136363636 0.058173076923076925
0 0.5406463068181818 0.8091153846153847 0.026548295454545453 0.08169230769230773
0 0.5125639204545455 0.8751346153846155 0.09526988636363636 0.07776923076923077
0 0.5299431818181819 0.8950576923076923 0.04088068181818186 0.0601153846153846
0 0.5613494318181819 0.8555 0.03397727272727267 0.09115384615384611
0 0.5755042613636363 0.8714134615384616 0.025866477272727242 0.09244230769230768
0 0.4250142045454545 0.6795096153846154 0.03943181818181817 0.07928846153846146
0 0.5860156249999999 0.9379326923076924 0.052997159090909095 0.1116346153846154
0 0.6415269886363636 0.8271442307692308 0.07169034090909095 0.11675000000000008
0 0.033316761363636364 0.3142019230769231 0.01944602272727273 0.06474999999999997
0 0.6191619318181818 0.826298076923077 0.05713068181818186 0.08682692307692304
0 0.6633735795454545 0.8725384615384616 0.03475852272727276 0.07057692307692305
0 0.6851207386363636 0.8398557692307693 0.04686079545454547 0.03867307692307684
0 0.7155681818181818 0.8172019230769231 0.10619318181818181 0.03798076923076923
0 0.7422514204545455 0.7401346153846154 0.05484375000000002 0.11357692307692308
0 0.7064701704545455 0.7071346153846154 0.04132102272727269 0.05976923076923074
0 0.6524715909090909 0.6624326923076924 0.14289772727272723 0.12478846153846163
0 0.6315553977272728 0.6174711538461539 0.06990056818181824 0.09724999999999999
0 0.5711505681818182 0.59525 0.019403409090909127 0.11480769230769229
0 0.5504332386363636 0.6638846153846154 0.017372159090909115 0.030346153846153905
0 0.09703125 0.2564230769230769 0.08352272727272726 0.10130769230769232
0 0.5559161931818182 0.6124807692307692 0.018963068181818213 0.07300000000000006
0 0.42722301136363633 0.49038461538461536 0.02632102272727269 0.06823076923076926
0 0.43750710227272727 0.420125 0.03484374999999996 0.0865576923076923
0 0.58046875 0.43855769230769226 0.02857954545454546 0.12826923076923075
0 0.5527982954545455 0.4454423076923077 0.02471590909090906 0.11346153846153846
0 0.5854048295454546 0.3434903846153846 0.018053977272727326 0.06178846153846153
0 0.658515625 0.3819423076923077 0.12617897727272726 0.037538461538461555
0 0.7208806818181818 0.35859615384615384 0.08818181818181815 0.051153846153846196
0 0.7614488636363635 0.45184615384615384 0.08252840909090912 0.0238076923076923
0 0.7511008522727273 0.475673076923077 0.05458806818181819 0.03365384615384621
0 0.06534801136363635 0.3258557692307692 0.05697443181818182 0.034211538461538446
0 0.8233664772727273 0.5384423076923077 0.10042613636363643 0.11084615384615387
0 0.8014417613636364 0.40798076923076926 0.08274147727272728 0.06719230769230769
0 0.856853693181818 0.4487211538461538 0.039616477272727255 0.13171153846153844
0 0.8918323863636364 0.47128846153846154 0.03735795454545448 0.0363076923076923
0 0.6984517045454546 0.45184615384615384 0.06397727272727276 0.05553846153846153
0 0.9314417613636364 0.5855096153846154 0.06544034090909082 0.024442307692307652
0 0.8702627840909091 0.5317115384615385 0.019303977272727316 0.03834615384615384
0 0.8827982954545455 0.5602307692307692 0.018806818181818195 0.05873076923076916
0 0.8686008522727273 0.6618653846153847 0.03561079545454537 0.1517307692307692
0 0.8930468749999999 0.6496442307692307 0.03134943181818189 0.14155769230769233
0 0.11031960227272726 0.35341346153846154 0.057769886363636364 0.0300576923076923
0 0.9309019886363636 0.5237115384615385 0.013792613636363688 0.034961538461538474
0 0.8992329545454545 0.43748076923076923 0.05877840909090908 0.03411538461538463
0 0.9448934659090908 0.39603846153846156 0.11021306818181822 0.05826923076923079
0 0.9630894886363636 0.4787019230769231 0.02484375000000001 0.048326923076923066
0 0.9636221590909092 0.5203846153846154 0.013295454545454565 0.03696153846153841
0 0.984083806818182 0.5237019230769231 0.03183238636363632 0.04736538461538461
0 0.981640625 0.5490480769230769 0.03254261363636359 0.04121153846153847
0 0.9674644886363637 0.5791346153846153 0.03569602272727272 0.07580769230769234
0 0.9462997159090908 0.6262692307692307 0.06754261363636373 0.06396153846153856
0 0.9457670454545454 0.724875 0.028693181818181722 0.17371153846153853
0 0.02948863636363636 0.3725192307692307 0.05744318181818182 0.05315384615384618
0 0.8435866477272728 0.7913365384615385 0.0590198863636363 0.05275000000000001
0 0.8100355113636364 0.844875 0.049588068181818296 0.0817884615384616
0 0.9455681818181819 0.526423076923077 0.024573863636363734 0.03973076923076917
0 0.8211079545454545 0.860798076923077 0.025596590909091044 0.06682692307692308
0 0.787372159090909 0.8832211538461539 0.0492329545454545 0.037903846153846114
0 0.7790056818181817 0.896076923076923 0.047954545454545444 0.032230769230769216
0 0.7239701704545455 0.9385576923076923 0.1251846590909091 0.03353846153846153
0 0.8219886363636363 0.8995480769230769 0.014914772727272728 0.01794230769230766
0 0.8106249999999999 0.9240673076923077 0.024857954545454544 0.0169807692307692
0 0.823828125 0.91325 0.016690340909090908 0.019384615384615354
0 0.036349431818181815 0.05103846153846154 0.058039772727272725 0.10207692307692308
0 0.021157670454545457 0.3990480769230769 0.035752840909090915 0.01794230769230766
0 0.844012784090909 0.9211923076923076 0.03410511363636379 0.03719230769230764
0 0.74328125 0.9215673076923078 0.08463068181818172 0.028326923076923003
0 0.7901278409090909 0.9258942307692307 0.022727272727272728 0.03221153846153846
0 0.8373224431818183 0.8929807692307693 0.020951704545454544 0.03719230769230764
0 0.8079971590909092 0.9046634615384614 0.019176136363636364 0.022442307692307723
0 0.9116051136363637 0.8036634615384615 0.03789772727272736 0.043596153846153875
0 0.9503764204545455 0.7399903846153846 0.09632102272727282 0.06913461538461536
0 0.9752272727272726 0.6637115384615384 0.04954545454545454 0.09507692307692307
0 0.9770454545454544 0.6253461538461539 0.04590909090909098 0.11676923076923082
0 0.9543892045454545 0.5106923076923077 0.01764204545454556 0.020192307692307693
0 0.04957386363636363 0.4071634615384615 0.04116477272727273 0.036057692307692304
0 0.939140625 0.4834423076923077 0.013877840909090883 0.053461538461538484
0 0.9512855113636363 0.48570192307692306 0.019758522727272684 0.03078846153846152
0 0.9131676136363637 0.47547115384615385 0.01909090909090917 0.028711538461538476
0 0.9213707386363637 0.49537500000000007 0.027571022727272684 0.0294807692307692
0 0.9366477272727273 0.44229807692307693 0.04715909090909098 0.04275000000000004
0 0.9688210227272727 0.4254615384615385 0.06176136363636366 0.05930769230769231
0 0.6555113636363636 0.31235576923076924 0.08738636363636361 0.09455769230769229
0 0.7154261363636363 0.28883653846153845 0.08411931818181814 0.08709615384615386
0 0.6945028409090909 0.23725000000000002 0.04198863636363637 0.059346153846153875
0 0.7858664772727273 0.32048076923076924 0.05076704545454547 0.05915384615384613
0 0.08552556818181818 0.4016923076923077 0.04164772727272728 0.03488461538461536
0 0.8115056818181817 0.3150769230769231 0.06244318181818171 0.12165384615384614
0 0.8567045454545454 0.2960480769230769 0.12846590909090916 0.11159615384615384
0 0.9787499999999999 0.21497115384615384 0.04249999999999994 0.034211538461538474
0 0.8146946022727272 0.14526923076923076 0.03478693181818183 0.09626923076923076
0 0.8086860795454546 0.15321153846153845 0.05302556818181824 0.03561538461538463
0 0.8510440340909091 0.846125 0.026718749999999923 0.06967307692307696
0 0.8817116477272727 0.8385961538461538 0.030184659090909092 0.04326923076923077
0 0.8222585227272727 0.21927884615384616 0.04750000000000008 0.02967307692307691
0 0.8658877840909092 0.8843173076923078 0.04794034090909091 0.05378846153846148
0 0.9241690340909091 0.8942692307692307 0.06955965909090912 0.05226923076923078
0 0.04995028409090909 0.42670192307692306 0.031690340909090904 0.029403846153846138
0 0.9245880681818183 0.9145576923076923 0.03534090909090908 0.032730769230769195
0 0.968487215909091 0.8996346153846154 0.020213068181818047 0.023538461538461557
0 0.968487215909091 0.8498557692307691 0.03887784090909092 0.08594230769230769
0 0.9003693181818182 0.8647307692307692 0.0682386363636363 0.10442307692307695
0 0.888856534090909 0.91375 0.0577414772727274 0.032500000000000064
0 0.8239772727272726 0.9510865384615385 0.03647727272727266 0.05263461538461539
0 0.8746590909090909 0.9619038461538462 0.05215909090909095 0.06661538461538459
0 0.8904261363636362 0.9620961538461539 0.056278409090909094 0.07465384615384625
0 0.7553480113636364 0.9681826923076924 0.1171448863636364 0.05098076923076932
0 0.9320241477272727 0.9248365384615383 0.027855113636363657 0.021057692307692284
0 0.013835227272727273 0.46813461538461537 0.027670454545454547 0.03042307692307691
0 0.9496306818181818 0.9468557692307692 0.09019886363636363 0.0562884615384615
0 0.9485724431818183 0.9597692307692307 0.02529829545454554 0.022384615384615357
0 0.9429900568181818 0.9785384615384616 0.02714488636363638 0.03234615384615383
0 0.9888494318181817 0.9707307692307692 0.02230113636363643 0.05853846153846153
0 0.9328551136363636 0.14377884615384615 0.1342897727272727 0.1506730769230769
0 0.8739914772727272 0.11279807692307693 0.09431818181818179 0.09028846153846153
0 0.8652130681818182 0.034923076923076925 0.027812499999999896 0.06973076923076922
0 0.8842542613636364 0.060567307692307684 0.03907670454545453 0.026442307692307685
0 0.8571235795454545 0.08260576923076923 0.05938920454545463 0.056096153846153844
0 0.43799005681818187 0.29541346153846154 0.032713068181818225 0.12190384615384615
0 0.042769886363636364 0.5231826923076923 0.0334375 0.11828846153846152
0 0.2873934659090909 0.28113461538461537 0.06856534090909093 0.08857692307692308
0 0.2883309659090909 0.23045192307692308 0.054872159090909124 0.07898076923076924
0 0.29759232954545456 0.19535576923076922 0.02203124999999999 0.03701923076923077
0 0.2801846590909091 0.20209615384615384 0.0234375 0.07646153846153847
0 0.30000710227272726 0.12328846153846154 0.031974431818181846 0.088
0 0.31308948863636366 0.187 0.023565340909090914 0.0621923076923077
0 0.32463068181818183 0.17977884615384615 0.01610795454545455 0.04840384615384613
0 0.33765625 0.179625 0.013494318181818182 0.04521153846153844
0 0.32587357954545454 0.2267788461538461 0.03205965909090908 0.0498653846153846
0 0.3328196022727273 0.09297115384615384 0.0666619318181818 0.07259615384615385
0 0.10373579545454546 0.397125 0.05511363636363637 0.05978846153846155
0 0.33578835227272724 0.12278846153846153 0.05853693181818183 0.07373076923076922
0 0.2162357954545455 0.43925961538461544 0.04204545454545454 0.0345576923076923
0 0.46708806818181814 0.02251923076923077 0.03551136363636364 0.04503846153846154
0 0.48267045454545454 0.04271153846153846 0.03730113636363635 0.032538461538461544
0 0.5280965909090909 0.016634615384615387 0.07002840909090911 0.03326923076923077
0 0.48924715909090905 0.02480769230769231 0.047869318181818166 0.04961538461538462
0 0.4670951704545455 0.06558653846153847 0.06416193181818185 0.01713461538461539
0 0.9089985795454545 0.22789423076923077 0.09120738636363625 0.03044230769230769
0 0.5047301136363637 0.08034615384615384 0.01900568181818181 0.020769230769230762
0 0.4940625 0.12283653846153846 0.03940340909090911 0.06255769230769231
0 0.12894886363636363 0.5007692307692307 0.11633522727272726 0.03965384615384611
0 0.3564772727272727 0.3288173076923077 0.0315625 0.12117307692307697
0 0.3620596590909091 0.2770673076923077 0.04985795454545454 0.10701923076923078
0 0.3679900568181818 0.22821153846153844 0.02563920454545452 0.04338461538461536
0 0.3709517045454545 0.20716346153846152 0.010681818181818237 0.03086538461538461
0 0.3613991477272727 0.20962499999999998 0.010923295454545411 0.03578846153846154
0 0.36338778409090905 0.18660576923076921 0.017627840909090864 0.03074999999999999
0 0.44009232954545463 0.22421153846153846 0.04836647727272729 0.04357692307692307
0 0.4334943181818182 0.1969423076923077 0.03659090909090908 0.022384615384615385
0 0.4571519886363636 0.20718269230769235 0.035355113636363615 0.022865384615384617
0 0.45413352272727275 0.09820192307692308 0.020852272727272737 0.027019230769230778
0 0.14584517045454545 0.4820384615384615 0.03813920454545454 0.037923076923076865
0 0.424453125 0.08922115384615384 0.03464488636363634 0.03451923076923076
0 0.4232244318181818 0.1155480769230769 0.036051136363636355 0.026134615384615378
0 0.40524147727272725 0.07987499999999999 0.029715909090909112 0.02840384615384616
0 0.42994318181818175 0.055259615384615386 0.04678977272727272 0.03140384615384615
0 0.4668892045454545 0.2790961538461538 0.02781250000000006 0.029346153846153827
0 0.4721519886363636 0.25464423076923076 0.01947443181818179 0.038288461538461556
0 0.48992187499999995 0.1833846153846154 0.026718750000000003 0.08330769230769229
0 0.8426278409090909 0.03417307692307693 0.021051136363636435 0.030961538461538464
0 0.5188494318181818 0.06650961538461539 0.014744318181818176 0.03175000000000001
0 0.5187428977272727 0.12031730769230768 0.02836647727272731 0.07648076923076924
0 0.12419744318181819 0.5290961538461538 0.05245738636363637 0.05707692307692309
0 0.4645951704545455 0.0653173076923077 0.06117897727272726 0.058403846153846146
0 0.5379545454545455 0.08277884615384616 0.03113636363636366 0.03409615384615384
0 0.5410227272727273 0.09865384615384615 0.03383522727272726 0.05388461538461539
0 0.5781321022727273 0.07002884615384615 0.04728693181818177 0.08040384615384616
0 0.5464133522727272 0.04530769230769231 0.055355113636363674 0.045538461538461535
0 0.4456392045454546 0.08800961538461538 0.01931818181818177 0.024750000000000008
0 0.5590056818181818 0.04751923076923077 0.05017045454545454 0.04684615384615384
0 0.7849147727272726 0.03589423076923077 0.019659090909090956 0.07178846153846154
0 0.7656463068181818 0.052298076923076926 0.042997159090909065 0.07325000000000001
0 0.7446306818181818 0.05479807692307692 0.02664772727272726 0.09878846153846153
0 0.026029829545454543 0.1769519230769231 0.05205965909090909 0.11532692307692308
0 0.03926846590909091 0.6690865384615385 0.07853693181818182 0.04901923076923079
0 0.7606747159090909 0.019961538461538465 0.022286931818181897 0.03992307692307693
0 0.7747443181818183 0.019961538461538465 0.012215909090909123 0.039
0 0.761768465909091 0.12440384615384614 0.055639204545454485 0.05615384615384616
0 0.7005255681818182 0.13023076923076923 0.054886363636363615 0.04780769230769232
0 0.50921875 0.17 0.013238636363636353 0.04173076923076924
0 0.5160227272727272 0.24173076923076922 0.03448863636363641 0.052153846153846134
0 0.520078125 0.21312499999999998 0.03231534090909091 0.046173076923076935
0 0.5338636363636364 0.16372115384615382 0.038011363636363704 0.07790384615384616
0 0.5536292613636363 0.1306153846153846 0.03299715909090912 0.05638461538461539
0 0.5640198863636363 0.15751923076923077 0.044971590909090864 0.03969230769230769
0 0.08155539772727273 0.7917307692307692 0.05995738636363635 0.22711538461538466
0 0.5528267045454546 0.21727884615384616 0.03647727272727266 0.040865384615384616
0 0.561640625 0.21713461538461537 0.03904829545454547 0.051500000000000004
0 0.5056889204545455 0.33474038461538463 0.03271306818181814 0.04001923076923077
0 0.5307386363636364 0.36383653846153846 0.02204545454545452 0.06375000000000001
0 0.541484375 0.392375 0.038593750000000024 0.09228846153846156
0 0.5672869318181818 0.36273076923076925 0.028068181818181805 0.11934615384615385
0 0.5015553977272728 0.3132884615384615 0.024417613636363633 0.02369230769230768
0 0.4934730113636363 0.28436538461538463 0.02606534090909086 0.04353846153846151
0 0.5344886363636363 0.32343269230769234 0.014772727272727321 0.02982692307692306
0 0.5086434659090909 0.29397115384615385 0.026718750000000003 0.03551923076923077
0 0.10434659090909092 0.8325096153846153 0.055028409090909086 0.05859615384615379
0 0.5936576704545454 0.3021826923076923 0.0469176136363636 0.10467307692307694
0 0.5568110795454545 0.23769230769230767 0.021065340909090968 0.03461538461538462
0 0.5775213068181818 0.21719230769230768 0.019872159090909104 0.03076923076923077
0 0.5473082386363637 0.28247115384615384 0.05444602272727279 0.09659615384615386
0 0.5209659090909091 0.31852884615384613 0.014005681818181837 0.026288461538461514
0 0.5751491477272727 0.2450673076923077 0.046860795454545384 0.040365384615384636
0 0.566640625 0.17665384615384616 0.04544034090909092 0.029153846153846148
0 0.603203125 0.16502884615384614 0.03240056818181818 0.02451923076923077
0 0.6031036931818182 0.24853846153846157 0.03984375000000002 0.13649999999999998
0 0.610546875 0.17796153846153845 0.032599431818181805 0.03896153846153847
0 0.111328125 0.8849711538461539 0.044417613636363644 0.1008653846153847
0 0.6382386363636363 0.22239423076923076 0.07943181818181812 0.05405769230769228
0 0.6226278409090908 0.17974038461538464 0.01690340909090906 0.031057692307692317
0 0.6320099431818181 0.22391346153846153 0.031576704545454574 0.10509615384615383
0 0.6391477272727273 0.21480769230769228 0.05928977272727274 0.050461538461538454
0 0.6690909090909091 0.20777884615384615 0.014062500000000049 0.03805769230769229
0 0.6672727272727272 0.12125 0.04309659090909095 0.06115384615384616
0 0.6504616477272728 0.169125 0.028451704545454506 0.03686538461538462
0 0.642002840909091 0.1433076923076923 0.013607954545454522 0.023730769230769236
0 0.62953125 0.14875 0.019602272727272663 0.032384615384615366
0 0.646747159090909 0.11063461538461539 0.01980113636363636 0.04884615384615386
0 0.1203409090909091 0.9201634615384615 0.028977272727272737 0.04705769230769236
0 0.7048366477272727 0.18407692307692308 0.03103693181818185 0.030153846153846166
0 0.720703125 0.1609326923076923 0.04103693181818188 0.041788461538461545
0 0.7368394886363636 0.12875 0.023849431818181846 0.031576923076923065
0 0.728330965909091 0.0946826923076923 0.021576704545454625 0.04605769230769231
0 0.715262784090909 0.09445192307692309 0.02771306818181809 0.06125000000000002
0 0.6939630681818182 0.08981730769230768 0.031392045454545485 0.04913461538461538
0 0.6384517045454546 0.10049999999999999 0.03471590909090909 0.05388461538461538
0 0.7907599431818181 0.18602884615384616 0.015213068181818072 0.01875
0 0.8011718750000001 0.19399999999999998 0.017201704545454565 0.020961538461538445
0 0.6710724431818181 0.014490384615384615 0.025724431818181837 0.02898076923076923
0 0.10754971590909092 0.9649326923076923 0.061946022727272725 0.0585961538461539
0 0.40825994318181813 0.01705769230769231 0.031178977272727258 0.03292307692307692
0 0.3681463068181818 0.04056730769230769 0.025497159090909074 0.04967307692307692
0 0.36235795454545455 0.04985576923076923 0.051193181818181804 0.08205769230769232
0 0.25102982954545455 0.36641346153846155 0.019247159090909106 0.02513461538461537
0 0.23414772727272723 0.36470192307692306 0.01823863636363637 0.019442307692307665
0 0.19446732954545454 0.3315480769230769 0.03478693181818183 0.03771153846153849
0 0.2137997159090909 0.33361538461538465 0.017741477272727246 0.02399999999999998
0 0.2117755681818182 0.3544038461538462 0.05622159090909089 0.02857692307692305
0 0.41652698863636367 0.16777884615384617 0.05254261363636365 0.0355576923076923
0 0.6269673295454545 0.13290384615384615 0.018764204545454598 0.027538461538461526
0 0.13868607954545456 0.8824711538461538 0.03893465909090909 0.04271153846153853
0 0.4264204545454545 0.15817307692307692 0.04045454545454548 0.03911538461538462
0 0.3487428977272727 0.17541346153846155 0.018167613636363624 0.051788461538461554
0 0.6989630681818182 0.03394230769230769 0.04244318181818181 0.06788461538461538
0 0.6778338068181818 0.032923076923076916 0.01995738636363638 0.03634615384615384
0 0.6509232954545454 0.058240384615384624 0.039090909090909065 0.050096153846153846
0 0.7506463068181817 0.19858653846153845 0.04384943181818182 0.046634615384615385
0 0.3980539772727273 0.5089711538461538 0.013977272727272692 0.07759615384615379
0 0.4091903409090909 0.5069134615384616 0.020454545454545423 0.04824999999999995
0 0.3911505681818182 0.06812499999999999 0.02690340909090909 0.03701923076923076
0 0.37235085227272724 0.09173076923076924 0.025752840909090902 0.027423076923076918
0 0.1507528409090909 0.9104615384615384 0.033153409090909094 0.0725384615384616
0 0.794453125 0.08411538461538462 0.020951704545454544 0.04876923076923077
0 0.8578693181818182 0.25169230769230766 0.051676136363636355 0.09273076923076926
0 0.7707599431818182 0.22807692307692307 0.10410511363636359 0.06580769230769233
0 0.8303338068181819 0.19677884615384617 0.045781249999999864 0.054865384615384614
0 0.9769460227272727 0.2880576923076923 0.04159090909090905 0.032807692307692315
0 0.3895383522727273 0.45960576923076923 0.03958806818181819 0.09474999999999996
0 0.7763920454545453 0.166375 0.030369318181818174 0.07498076923076925
0 0.45033380681818175 0.3442788461538462 0.07299715909090915 0.10948076923076924
0 0.46656250000000005 0.3432596153846154 0.05403409090909094 0.06478846153846153
0 0.41205965909090914 0.3497884615384615 0.023664772727272763 0.19726923076923078
0 0.20823863636363635 0.9630192307692307 0.03159090909090911 0.07396153846153843
0 0.40318181818181825 0.37653846153846154 0.027357954545454612 0.05657692307692305
0 0.3885298295454545 0.9874903846153846 0.03518465909090915 0.025019230769230752
0 0.4390269886363637 0.6376442307692307 0.0755255681818182 0.04032692307692313
0 0.39230823863636366 0.615125 0.014786931818181774 0.036365384615384556
0 0.37955965909090916 0.6086634615384615 0.015767045454545405 0.08090384615384615
0 0.39181818181818184 0.5880961538461539 0.015767045454545405 0.03188461538461546
0 0.3409943181818182 0.2273846153846154 0.03786931818181818 0.054923076923076956
0 0.01377840909090909 0.4335 0.02755681818181818 0.04807692307692308
0 0.38914062499999996 0.13561538461538464 0.03998579545454542 0.04107692307692307
0 0.5510582386363636 0.9485 0.05169034090909089 0.08469230769230773
0 0.20381392045454544 0.9357884615384615 0.05254261363636363 0.128
0 0.5193607954545455 0.9755961538461538 0.02846590909090904 0.0488076923076923
0 0.37431818181818177 0.3941826923076924 0.03494318181818181 0.05113461538461539
0 0.3985795454545455 0.6572307692307692 0.026420454545454497 0.05388461538461535
0 0.28565340909090914 0.4231057692307692 0.036534090909090905 0.0666730769230769
0 0.2534303977272727 0.3056057692307692 0.05938920454545455 0.0979807692307692
0 0.4740838068181818 0.2213846153846154 0.03921875000000002 0.08403846153846155
0 0.46533380681818187 0.12997115384615388 0.0696448863636364 0.08636538461538462
0 0.45631392045454544 0.165 0.04569602272727267 0.050615384615384604
0 0.23568181818181821 0.43520192307692307 0.02622159090909092 0.03840384615384615
0 0.9784019886363637 0.3093269230769231 0.04319602272727268 0.05596153846153845
0 0.10425426136363636 0.13863461538461538 0.06697443181818181 0.16299999999999998
0 0.041292613636363634 0.9795192307692309 0.039659090909090915 0.04096153846153849
0 0.7189701704545454 0.187875 0.08683238636363644 0.07628846153846154
0 0.2284659090909091 0.5875961538461537 0.08477272727272728 0.1328461538461538
0 0.2758948863636364 0.40211538461538465 0.0471875 0.05776923076923075
0 0.3876988636363637 0.15445192307692307 0.04340909090909091 0.02517307692307693
0 0.36850852272727275 0.13906730769230768 0.023039772727272766 0.05317307692307692
0 0.3846661931818182 0.04243269230769231 0.04376420454545451 0.08486538461538462
0 0.4197159090909091 0.03331730769230769 0.05622159090909089 0.05105769230769231
0 0.43661931818181815 0.012951923076923078 0.04056818181818182 0.025288461538461537
0 0.36360085227272726 0.015596153846153845 0.044133522727272716 0.03119230769230769
0 0.23483664772727272 0.04870192307692307 0.04183238636363639 0.0960576923076923
0 0.03193181818181818 0.8991538461538462 0.06386363636363636 0.06650000000000007
0 0.30219460227272726 0.22824038461538462 0.032599431818181805 0.04698076923076924
0 0.3788423295454546 0.1705576923076923 0.07765625000000002 0.06084615384615385
0 0.4181036931818182 0.25825961538461534 0.039588068181818106 0.09359615384615384
0 0.3939204545454546 0.2244423076923077 0.02920454545454546 0.05596153846153845
0 0.4240838068181818 0.19634615384615384 0.04862215909090912 0.0311153846153846
0 0.05355113636363637 0.03933653846153846 0.10480113636363636 0.07867307692307692
0 0.9933238636363636 0.43589423076923073 0.013238636363636435 0.026442307692307692
0 0.9910369318181819 0.47624038461538465 0.01792613636363637 0.06140384615384617
0 0.14823153409090908 0.9838269230769231 0.022457386363636367 0.03234615384615383
0 0.17720170454545456 0.9865 0.035482954545454554 0.027000000000000038
0 0.017926136363636363 0.9631442307692308 0.035852272727272726 0.07305769230769243
0 0.5426065340909091 0.7011153846153846 0.05362215909090909 0.12673076923076917
0 0.5756463068181819 0.6772980769230769 0.04453125000000003 0.05186538461538467
0 0.841484375 0.24342307692307694 0.032230113636363716 0.032807692307692336
0 0.4742400568181818 0.3994134615384615 0.05115056818181817 0.09063461538461537
0 0.27029119318181816 0.4162884615384616 0.06407670454545457 0.09465384615384616
0 0.18995028409090908 0.7755 0.02333806818181817 0.030500000000000027
0 0.527265625 0.28369230769230763 0.03410511363636362 0.08446153846153844
0 0.736747159090909 0.4042307692307692 0.04184659090909088 0.06273076923076924
0 0.19480113636363636 0.047586538461538465 0.036534090909090905 0.03144230769230769
0 0.7651562500000001 0.36641346153846155 0.03531250000000002 0.04121153846153847
0 0.10068181818181818 0.600173076923077 0.04894886363636364 0.0732692307692307
0 0.07102272727272728 0.305125 0.06088068181818183 0.03932692307692306
0 0.4993821022727273 0.983951923076923 0.03703125000000007 0.032096153846153844
0 0.06798295454545454 0.28434615384615386 0.05116477272727273 0.03150000000000005
0 0.051953125 0.5094615384615385 0.10390625 0.0934615384615385
0 0.16571022727272727 0.010980769230769231 0.030312500000000006 0.021961538461538463
0 0.17706676136363636 0.33758653846153847 0.03376420454545454 0.027096153846153853
0 0.6671732954545454 0.06002884615384615 0.024147727272727272 0.04028846153846154
0 0.4061505681818182 0.46715384615384614 0.016818181818181864 0.0691153846153846
0 0.41453835227272734 0.7256057692307692 0.07376420454545456 0.09428846153846149
0 0.6788707386363636 0.0793653846153846 0.05311079545454544 0.06042307692307692
0 0.12292613636363638 0.6519038461538462 0.049005681818181816 0.03419230769230764
0 0.9103480113636363 0.5371153846153847 0.042883522727272805 0.07330769230769231
0 0.29104403409090907 0.5099230769230769 0.016093750000000018 0.07384615384615385
0 0.3913707386363636 0.10458653846153845 0.026150568181818216 0.03813461538461538
0 0.7650639204545455 0.0869423076923077 0.03288352272727269 0.06876923076923078
0 0.5064914772727273 0.06006730769230769 0.017159090909090968 0.020942307692307694
0 0.10034801136363636 0.7123942307692308 0.05487215909090908 0.08851923076923071
0 0.0749715909090909 0.6450096153846153 0.09230113636363635 0.06567307692307699
0 0.11360085227272726 0.6949134615384616 0.06572443181818181 0.04228846153846155
0 0.15257812499999998 0.9280192307692308 0.049928977272727264 0.09850000000000005
0 0.13399857954545455 0.6653076923076923 0.025923295454545456 0.023307692307692317
0 0.10363636363636365 0.04625961538461539 0.07849431818181819 0.06567307692307693
0 0.18710227272727273 0.6729711538461538 0.054659090909090914 0.02840384615384612
0 0.15703835227272728 0.6562019230769232 0.030980113636363618 0.03255769230769232
0 0.16046875 0.7112884615384616 0.049573863636363624 0.08538461538461534
0 0.08316051136363636 0.6146153846153847 0.022457386363636367 0.03284615384615382
0 0.14121448863636363 0.627201923076923 0.03319602272727271 0.03855769230769233
0 0.15078124999999998 0.6100384615384616 0.06548295454545454 0.06726923076923069
0 0.1806747159090909 0.6064807692307692 0.04731534090909089 0.03769230769230773
0 0.21632102272727272 0.6134519230769231 0.04971590909090909 0.043788461538461505
0 0.19796875 0.6539711538461539 0.06227272727272726 0.02286538461538459
0 0.1957244318181818 0.650375 0.033636363636363624 0.026134615384615447
0 0.13498579545454545 0.09551923076923077 0.04599431818181818 0.03469230769230769
0 0.18759232954545454 0.6309807692307693 0.02316761363636364 0.013499999999999965
0 0.21752840909090906 0.5192211538461539 0.06178977272727273 0.02440384615384615
0 0.27682528409090906 0.5367692307692308 0.015610795454545467 0.06338461538461546
0 0.31206676136363637 0.5643269230769231 0.0638778409090909 0.04530769230769231
0 0.34335937499999997 0.5943846153846154 0.06370738636363632 0.030500000000000027
0 0.3048934659090909 0.6375480769230769 0.03478693181818179 0.03432692307692301
0 0.09750710227272728 0.4600096153846154 0.04600852272727273 0.06275000000000004
0 0.14340198863636364 0.4454230769230769 0.04828125000000001 0.05684615384615385
0 0.16689630681818182 0.44007692307692303 0.09333806818181817 0.05053846153846154
0 0.12493607954545455 0.4157884615384615 0.05632102272727273 0.029846153846153866
0 0.17446022727272725 0.10249038461538462 0.03707386363636365 0.03190384615384616
0 0.10337357954545455 0.4101346153846154 0.07723011363636362 0.0633846153846154
0 0.18860085227272724 0.23659615384615384 0.06779829545454544 0.1148846153846154
0 0.14821022727272729 0.28802884615384616 0.02156250000000001 0.02582692307692309
0 0.16425426136363638 0.30496153846153845 0.05100852272727272 0.026884615384615364
0 0.2071590909090909 0.3005769230769231 0.04039772727272727 0.044500000000000026
0 0.2294815340909091 0.31725 0.02225852272727271 0.029038461538461582
0 0.11532670454545454 0.31626923076923075 0.03255681818181819 0.027846153846153826
0 0.13539772727272725 0.34358653846153847 0.08269886363636365 0.032673076923076944
0 0.1250994318181818 0.32496153846153847 0.032812500000000015 0.03857692307692308
0 0.14754261363636365 0.3284903846153846 0.03494318181818183 0.0211346153846154
0 0.1770880681818182 0.07615384615384614 0.07985795454545454 0.13849999999999998
0 0.17550426136363637 0.3794711538461538 0.0700994318181818 0.04198076923076925
0 0.31069602272727276 0.597 0.031534090909090935 0.046615384615384635
0 0.1928409090909091 0.40723076923076923 0.08659090909090911 0.034807692307692296
0 0.27426136363636366 0.01814423076923077 0.016420454545454547 0.03628846153846154
0 0.2564772727272727 0.02452884615384615 0.035568181818181846 0.048365384615384616
0 0.2991264204545454 0.02161538461538462 0.029446022727272713 0.02288461538461539
0 0.29831676136363633 0.00825 0.016576704545454526 0.0165
0 0.3140838068181818 0.014240384615384617 0.025582386363636352 0.028480769230769233
0 0.26269176136363637 0.09081730769230768 0.022457386363636367 0.03709615384615384
0 0.2809872159090909 0.13672115384615385 0.046491477272727295 0.08148076923076925
0 0.19037642045454548 0.016134615384615386 0.046150568181818195 0.03226923076923077
0 0.23156249999999998 0.12694230769230772 0.07011363636363634 0.12050000000000001
0 0.2725710227272727 0.043932692307692305 0.036193181818181805 0.08717307692307692
0 0.30252130681818185 0.06833653846153845 0.05322443181818182 0.051980769230769226
0 0.11296164772727274 0.00857692307692308 0.04046874999999999 0.016384615384615386
0 0.1286434659090909 0.01614423076923077 0.05683238636363635 0.03151923076923077
0 0.17568892045454546 0.735 0.13532670454545453 0.13942307692307693
0 0.15322443181818182 0.8052403846153846 0.050539772727272725 0.05836538461538455
0 0.15543323863636363 0.8469038461538462 0.04109375000000001 0.05623076923076925
0 0.18855823863636365 0.859375 0.04671875 0.06294230769230773
0 0.3280113636363637 0.04173076923076924 0.04221590909090909 0.018846153846153846
