0 0.2078125 0.8321346153846154 0.02744318181818185 0.08938461538461531
0 0.2241619318181818 0.8394903846153845 0.022301136363636346 0.0663653846153847
0 0.012997159090909092 0.06502884615384615 0.025994318181818184 0.056249999999999994
0 0.058856534090909095 0.029932692307692306 0.10495738636363637 0.05986538461538461
0 0.017720170454545454 0.01966346153846154 0.03544034090909091 0.03932692307692308
0 0.2891832386363636 0.17495192307692306 0.07896306818181818 0.1179423076923077
0 0.3189985795454545 0.138375 0.04254261363636366 0.04628846153846153
0 0.46159801136363643 0.641798076923077 0.021434659090909056 0.040788461538461496
0 0.5549928977272728 0.9595384615384616 0.02546875000000001 0.08092307692307689
0 0.39598721590909086 0.8859134615384614 0.044076704545454586 0.12413461538461541
0 0.4449644886363636 0.9007692307692308 0.06802556818181817 0.05600000000000001
0 0.41157670454545453 0.8502980769230769 0.019403409090909044 0.07078846153846154
0 0.20527698863636362 0.8301057692307692 0.036803977272727266 0.0622499999999999
0 0.4300923295454545 0.7078173076923077 0.08129261363636359 0.06713461538461532
0 0.41595880681818187 0.717971153846154 0.05151988636363642 0.02336538461538468
0 0.4191761363636364 0.800826923076923 0.07454545454545448 0.06800000000000003
0 0.5725142045454544 0.65 0.018011363636363645 0.024730769230769258
0 0.5887073863636364 0.6422788461538462 0.01568181818181821 0.0199423076923077
0 0.5647514204545455 0.6419807692307693 0.03649147727272727 0.04969230769230765
0 0.6520099431818182 0.5758461538461539 0.055014204545454574 0.08284615384615393
0 0.5780113636363636 0.7150576923076923 0.02616477272727275 0.12873076923076923
0 0.4722514204545455 0.6015096153846153 0.0809801136363637 0.13644230769230767
0 0.4850994318181818 0.6161057692307692 0.02258522727272724 0.09386538461538452
0 0.27563920454545454 0.9638365384615385 0.026988636363636364 0.062826923076923
0 0.4569176136363637 0.573076923076923 0.0605681818181818 0.1826538461538462
0 0.23128551136363634 0.4969807692307692 0.029133522727272754 0.10523076923076928
0 0.14735085227272726 0.04305769230769231 0.04291193181818183 0.086
0 0.039261363636363636 0.8266442307692308 0.07852272727272727 0.1408269230769231
0 0.02012784090909091 0.831673076923077 0.022272727272727274 0.14630769230769228
0 0.7840625 0.8191634615384616 0.05207386363636359 0.06551923076923076
0 0.8374644886363637 0.8308365384615384 0.032201704545454485 0.09413461538461536
0 0.5410085227272727 0.7866730769230769 0.05099431818181815 0.048230769230769306
0 0.8633451704545454 0.032615384615384616 0.024105113636363674 0.06523076923076923
0 0.2391051136363636 0.9835288461538462 0.05380681818181821 0.03294230769230768
0 0.31485795454545457 0.8840576923076924 0.03954545454545455 0.051346153846153826
0 0.20654829545454545 0.9732692307692308 0.03704545454545452 0.053461538461538484
0 0.20341619318181817 0.890701923076923 0.03038352272727275 0.05621153846153839
0 0.0879403409090909 0.9089134615384615 0.0656534090909091 0.09928846153846153
0 0.06730823863636365 0.8559615384615386 0.06464488636363637 0.0708846153846153
0 0.4820596590909091 0.31151923076923077 0.04289772727272734 0.04157692307692309
0 0.4691335227272727 0.7552019230769231 0.09482954545454544 0.06382692307692307
0 0.05321022727272728 0.3021346153846154 0.03991477272727272 0.06273076923076919
0 0.11602272727272728 0.5269038461538462 0.01781250000000001 0.03230769230769233
0 0.07514914772727271 0.3138365384615385 0.09447443181818181 0.14648076923076925
0 0.486484375 0.30888461538461537 0.039190340909090876 0.03715384615384614
0 0.7215838068181818 0.9785673076923077 0.030099431818181897 0.04286538461538465
0 0.9441903409090909 0.9686346153846154 0.056221590909090964 0.06273076923076924
0 0.9269389204545455 0.9448942307692308 0.03830965909090897 0.0912884615384616
0 0.9684730113636365 0.8966730769230769 0.06305397727272725 0.053076923076923015
0 0.9951491477272728 0.8080576923076923 0.009588068181818182 0.027076923076923155
0 0.9416406249999999 0.8714038461538461 0.11671874999999994 0.09419230769230773
0 0.954659090909091 0.754826923076923 0.023096590909090896 0.08903846153846157
0 0.6954119318181818 0.3536923076923077 0.07911931818181808 0.08076923076923077
0 0.6961647727272727 0.3542307692307692 0.03960227272727272 0.21030769230769228
0 0.6758167613636363 0.2725480769230769 0.06669034090909089 0.13155769230769232
0 0.9022088068181818 0.5482115384615385 0.05575284090909091 0.10761538461538468
0 0.8484801136363636 0.6800961538461539 0.022556818181818174 0.053461538461538484
0 0.9674502840909092 0.1296442307692308 0.06509943181818188 0.06917307692307693
0 0.8908664772727272 0.0716923076923077 0.12534090909090911 0.13626923076923078
0 0.9107173295454545 0.045509615384615384 0.033480113636363544 0.09101923076923077
0 0.8833238636363636 0.022394230769230767 0.02923295454545444 0.044788461538461534
0 0.943068181818182 0.6325 0.06312499999999992 0.05080769230769234
0 0.8965624999999999 0.7241249999999999 0.0628409090909091 0.09332692307692314
0 0.9568821022727273 0.04103846153846154 0.0862357954545455 0.08192307692307693
0 0.2854616477272727 0.031644230769230765 0.031661931818181846 0.06328846153846153
0 0.26323863636363637 0.014980769230769232 0.022982954545454556 0.029961538461538463
0 0.3515838068181818 0.06399038461538462 0.05802556818181817 0.12798076923076923
0 0.1873721590909091 0.11741346153846154 0.0425 0.03248076923076923
0 0.9300994318181818 0.5770480769230769 0.1213920454545455 0.15105769230769223
0 0.3782457386363637 0.05713461538461539 0.0632528409090909 0.11426923076923078
0 0.5260724431818182 0.2671442307692308 0.05248579545454544 0.0865576923076923
0 0.4606818181818182 0.20936538461538462 0.05215909090909095 0.10215384615384616
0 0.3934446022727273 0.20327884615384617 0.08595170454545457 0.07082692307692308
0 0.9313352272727274 0.584701923076923 0.07894886363636369 0.07224999999999998
0 0.47809659090909096 0.26173076923076927 0.06400568181818182 0.0740769230769231
0 0.45057528409090913 0.28475 0.05884943181818183 0.023076923076923078
0 0.4822372159090909 0.26030769230769235 0.019616477272727275 0.021846153846153817
0 0.4273224431818182 0.2829519230769231 0.07038352272727275 0.09232692307692306
0 0.8810014204545453 0.5722788461538462 0.03742897727272731 0.09471153846153846
0 0.4096946022727273 0.23503846153846153 0.0781676136363636 0.02430769230769228
0 0.17644886363636364 0.3132403846153846 0.04869318181818184 0.09148076923076921
0 0.37338068181818185 0.3139423076923077 0.08573863636363638 0.10042307692307698
0 0.9282031249999999 0.6730288461538462 0.07188920454545457 0.07567307692307686
0 0.9648721590909091 0.7032211538461539 0.03517045454545453 0.05378846153846159
0 0.9370170454545456 0.7289615384615384 0.08500000000000005 0.054653846153846074
0 0.372890625 0.857798076923077 0.02776988636363638 0.07255769230769234
0 0.2897372159090909 0.9437980769230769 0.024048295454545465 0.054173076923076956
0 0.14194602272727275 0.8009134615384615 0.024431818181818186 0.054596153846153926
0 0.12744318181818182 0.7835288461538461 0.047982954545454544 0.052403846153846155
0 0.7031605113636363 0.6889038461538461 0.018053977272727242 0.05388461538461535
0 0.23485795454545455 0.9020192307692307 0.046107954545454514 0.06657692307692309
0 0.08414772727272726 0.6061826923076924 0.027698863636363626 0.06940384615384611
0 0.9157173295454545 0.11744230769230768 0.06151988636363645 0.07799999999999999
0 0.02292613636363636 0.6831923076923077 0.0455965909090909 0.08030769230769229
0 0.036498579545454546 0.6306538461538461 0.042315340909090914 0.050076923076923005
0 0.05286221590909091 0.5913846153846154 0.06646306818181819 0.10553846153846153
0 0.5177130681818182 0.25876923076923075 0.01375000000000001 0.01796153846153847
0 0.05270596590909091 0.5708846153846154 0.017599431818181813 0.0607307692307692
0 0.9423508522727272 0.1524519230769231 0.09245738636363642 0.08059615384615386
0 0.06627840909090908 0.753875 0.07173295454545454 0.0324807692307692
0 0.6886931818181817 0.6864134615384615 0.016874999999999994 0.019326923076922988
0 0.06456676136363636 0.7509038461538462 0.02552556818181818 0.07742307692307701
0 0.38475142045454547 0.7775288461538461 0.035781249999999994 0.02486538461538452
0 0.5219957386363636 0.24789423076923078 0.013338068181818163 0.016134615384615386
0 0.5304403409090909 0.4346057692307692 0.09116477272727273 0.16163461538461535
0 0.9665198863636365 0.19716346153846154 0.06696022727272725 0.051942307692307704
0 0.9210582386363636 0.8587980769230769 0.08117897727272724 0.06009615384615385
0 0.9034659090909091 0.8379134615384616 0.035596590909090994 0.07009615384615382
0 0.9870880681818183 0.6565192307692307 0.025823863636363565 0.03761538461538462
0 0.9381960227272728 0.7580961538461539 0.02130681818181818 0.026346153846153825
0 0.9848082386363637 0.5327403846153845 0.030383522727272707 0.060057692307692236
0 0.16845880681818182 0.8104326923076922 0.03524147727272728 0.07082692307692305
0 0.6796519886363637 0.9680384615384615 0.01626420454545453 0.029307692307692326
0 0.9779261363636365 0.26000961538461537 0.04306818181818189 0.11678846153846152
0 0.4373579545454545 0.9610288461538462 0.08073863636363633 0.052980769230769255
0 0.961534090909091 0.9415865384615385 0.05977272727272733 0.0449423076923077
0 0.32420454545454547 0.9403365384615385 0.0668181818181818 0.07728846153846153
0 0.053764204545454546 0.6977211538461539 0.018210227272727267 0.022788461538461584
0 0.31171875 0.6223653846153846 0.032499999999999994 0.07092307692307691
0 0.8936860795454545 0.07192307692307692 0.08813920454545449 0.10465384615384615
0 0.21864346590909092 0.561875 0.03725852272727271 0.09209615384615381
0 0.3453977272727272 0.6010480769230768 0.03903409090909089 0.041980769230769203
0 0.8042258522727272 0.06216346153846154 0.07879261363636351 0.11298076923076923
0 0.785752840909091 0.6166730769230768 0.02363636363636362 0.04984615384615387
0 0.337109375 0.5843461538461538 0.04811079545454546 0.12219230769230773
0 0.19353693181818182 0.5525865384615385 0.028409090909090908 0.029634615384615433
0 0.9393394886363636 0.7680192307692307 0.02984374999999999 0.09038461538461538
0 0.11964488636363636 0.8254423076923078 0.045767045454545456 0.033769230769230774
0 0.9166548295454546 0.7694423076923077 0.026860795454545408 0.05219230769230766
0 0.44544034090909096 0.9005480769230768 0.05338068181818179 0.09982692307692312
0 0.9872798295454547 0.9015673076923076 0.025440340909090864 0.03863461538461545
0 0.1566122159090909 0.8453846153846154 0.032627840909090905 0.08119230769230763
0 0.4377556818181818 0.9782692307692308 0.08997159090909096 0.04315384615384604
0 0.2646022727272727 0.547048076923077 0.059943181818181805 0.04863461538461542
0 0.8017968749999999 0.7431634615384616 0.03776988636363641 0.05767307692307694
0 0.9729616477272726 0.6698557692307692 0.054076704545454615 0.059865384615384605
0 0.3853551136363636 0.7646826923076923 0.08321022727272726 0.0681730769230769
0 0.4637571022727273 0.34857692307692306 0.10634943181818182 0.04899999999999998
0 0.3007599431818182 0.9451346153846154 0.03649147727272731 0.025961538461538463
0 0.19629261363636363 0.594528846153846 0.019545454545454533 0.028480769230769237
0 0.8374218750000001 0.0545 0.05416193181818181 0.10888461538461539
0 0.13147727272727272 0.8492211538461539 0.022784090909090896 0.03051923076923067
0 0.3812784090909091 0.42072115384615383 0.0653693181818182 0.10798076923076924
0 0.9746875 0.9595769230769231 0.05062499999999998 0.08065384615384626
0 0.9206889204545454 0.8223461538461538 0.04387784090909089 0.05588461538461539
0 0.8399147727272727 0.7272788461538462 0.02113636363636363 0.0479423076923076
0 0.9033096590909092 0.7896826923076923 0.06894886363636375 0.06117307692307693
0 0.8555539772727272 0.14377884615384615 0.07803977272727264 0.06286538461538461
0 0.2682883522727273 0.9190288461538462 0.057002840909090906 0.12155769230769227
0 0.9810724431818181 0.9811153846153846 0.0378551136363636 0.03776923076923074
0 0.7767542613636365 0.154375 0.11549715909090909 0.09782692307692306
0 0.1453693181818182 0.6352692307692308 0.06164772727272728 0.147576923076923
0 0.22769886363636366 0.9113173076923077 0.018750000000000024 0.02736538461538465
0 0.25802556818181815 0.08936538461538461 0.05207386363636363 0.06584615384615385
0 0.807215909090909 0.8813173076923076 0.04178977272727267 0.11774999999999992
0 0.46946732954545456 0.5944038461538462 0.01609375000000006 0.024230769230769167
0 0.762294034090909 0.9377115384615385 0.041832386363636426 0.048192307692307694
0 0.29502840909090905 0.8233846153846153 0.0481534090909091 0.07184615384615377
0 0.036370738636363635 0.5245480769230769 0.07262784090909091 0.1253269230769231
0 0.07384232954545454 0.20571153846153845 0.05365056818181819 0.05573076923076921
0 0.8116619318181819 0.9590673076923077 0.0683806818181818 0.048288461538461454
0 0.4645028409090909 0.6919711538461539 0.047698863636363616 0.07440384615384615
0 0.30210227272727275 0.34933653846153845 0.05772727272727271 0.036057692307692304
0 0.014176136363636365 0.5848173076923078 0.02835227272727273 0.10974999999999999
0 0.039907670454545456 0.10414423076923077 0.02882102272727273 0.08436538461538462
0 0.5668892045454546 0.8862307692307693 0.09528409090909089 0.043692307692307635
0 0.6061079545454546 0.829701923076923 0.020852272727272737 0.030557692307692282
0 0.7283877840909091 0.9474038461538461 0.028707386363636334 0.019884615384615337
0 0.7490340909090908 0.8436923076923077 0.09048295454545445 0.08684615384615389
0 0.5575639204545454 0.7690192307692307 0.028139204545454547 0.09296153846153841
0 0.3365269886363636 0.11084615384615384 0.12671874999999996 0.1148846153846154
0 0.8066051136363636 0.8983173076923077 0.05312499999999997 0.08582692307692306
0 0.16503551136363637 0.11973076923076924 0.01771306818181818 0.024230769230769233
0 0.502528409090909 0.6025096153846154 0.02659090909090905 0.07998076923076929
0 0.03323863636363636 0.5134423076923077 0.04301136363636364 0.09573076923076923
0 0.20370738636363636 0.20647115384615386 0.04136363636363637 0.0745576923076923
0 0.818046875 0.8917692307692309 0.12035511363636366 0.04973076923076915
0 0.07196732954545454 0.08297115384615383 0.09248579545454545 0.09667307692307692
0 0.6987571022727272 0.7404903846153846 0.07265624999999996 0.10532692307692304
0 0.8915696022727272 0.9768269230769231 0.044815340909091006 0.046076923076922925
0 0.14842329545454547 0.4844326923076923 0.07616477272727273 0.08471153846153848
0 0.11472301136363637 0.198375 0.02026988636363638 0.02548076923076923
0 0.10222301136363637 0.42720192307692306 0.013508522727272735 0.021942307692307685
0 0.10316051136363637 0.5586826923076923 0.11890625 0.1074423076923077
0 0.8526207386363635 0.9396057692307693 0.04990056818181818 0.06740384615384618
0 0.22139204545454547 0.49914423076923076 0.016846590909090887 0.035096153846153846
0 0.1647372159090909 0.1616826923076923 0.06703125 0.06748076923076923
0 0.8520028409090908 0.973326923076923 0.05377840909090911 0.05334615384615386
0 0.7033025568181818 0.731625 0.04348011363636366 0.031096153846153766
0 0.7235653409090909 0.7955 0.0196875000000001 0.10388461538461546
0 0.38081676136363635 0.9656057692307692 0.04080965909090908 0.0687884615384615
0 0.21434659090909092 0.15993269230769233 0.08150568181818184 0.03851923076923077
0 0.009353693181818182 0.8390192307692308 0.018707386363636364 0.09111538461538461
0 0.27700994318181815 0.9820192307692307 0.021377840909090885 0.03596153846153844
0 0.5402698863636364 0.9431442307692308 0.044261363636363675 0.050057692307692254
0 0.6721022727272726 0.6600865384615384 0.019488636363636323 0.03582692307692307
0 0.009751420454545455 0.7403942307692307 0.01950284090909091 0.03778846153846149
0 0.8807386363636364 0.6742403846153846 0.014659090909090981 0.0502884615384616
0 0.08879261363636363 0.9780769230769231 0.10025568181818181 0.04384615384615387
0 0.036349431818181815 0.25771153846153844 0.04826704545454545 0.05561538461538462
0 0.7443394886363636 0.8889423076923076 0.032031249999999935 0.06338461538461546
0 0.006470170454545454 0.15150961538461538 0.012940340909090908 0.0361346153846154
0 0.6578125 0.8785673076923077 0.02454545454545459 0.0520961538461538
0 0.20508522727272727 0.1440576923076923 0.05693181818181816 0.027038461538461542
0 0.5790269886363636 0.9674711538461539 0.03169034090909091 0.06505769230769227
0 0.7519460227272727 0.7785192307692308 0.03980113636363634 0.10161538461538457
0 0.5051349431818182 0.7463173076923078 0.059616477272727314 0.044173076923076864
0 0.6287073863636364 0.6389807692307692 0.05974431818181818 0.07776923076923077
0 0.05490056818181818 0.77525 0.08582386363636364 0.10365384615384611
0 0.2712642045454545 0.38910576923076917 0.04818181818181821 0.1095576923076923
0 0.3636505681818182 0.7456442307692308 0.05806818181818181 0.04875000000000004
0 0.7178125000000001 0.84375 0.04255681818181823 0.12830769230769237
0 0.7604971590909091 0.5852403846153846 0.11786931818181821 0.10167307692307694
0 0.15572443181818182 0.42985576923076924 0.04349431818181819 0.09036538461538464
0 0.2871306818181818 0.5933461538461537 0.04857954545454548 0.07530769230769235
0 0.2293181818181818 0.1257403846153846 0.042897727272727254 0.06421153846153846
0 0.30131392045454547 0.7731057692307692 0.03447443181818179 0.07059615384615381
0 0.6909801136363637 0.8893269230769232 0.02653409090909092 0.058307692307692296
0 0.5852485795454545 0.9566538461538461 0.046406250000000024 0.07199999999999988
0 0.20066761363636362 0.6846442307692308 0.022926136363636385 0.07125000000000002
0 0.13139204545454544 0.13488461538461538 0.07485795454545453 0.10357692307692307
0 0.09433238636363636 0.1551153846153846 0.03372159090909091 0.05026923076923077
0 0.6236576704545455 0.15923076923076926 0.03478693181818183 0.05988461538461538
0 0.6567542613636363 0.8366730769230769 0.01348011363636365 0.06061538461538458
0 0.21568892045454546 0.1900480769230769 0.03802556818181815 0.03878846153846154
0 0.41796875 0.6648942307692308 0.06624999999999998 0.04190384615384608
0 0.32237215909090905 0.8296346153846154 0.030965909090909068 0.05788461538461532
0 0.829268465909091 0.5413269230769231 0.06759943181818186 0.14803846153846156
0 0.7239488636363636 0.9811538461538462 0.06840909090909095 0.03769230769230773
0 0.6754474431818182 0.6088557692307692 0.08080965909090908 0.1590961538461539
0 0.6670241477272727 0.707798076923077 0.05697443181818184 0.08455769230769236
0 0.6130823863636364 0.9480865384615385 0.01343749999999997 0.018596153846153766
0 0.2766122159090909 0.3156346153846154 0.027088068181818213 0.11384615384615382
0 0.11997869318181818 0.7854519230769231 0.020951704545454544 0.056442307692307736
0 0.7457315340909091 0.9805192307692308 0.01947443181818187 0.03896153846153844
0 0.5853693181818183 0.7565865384615384 0.03008522727272728 0.11651923076923083
0 0.31859375 0.7549903846153847 0.03670454545454546 0.05032692307692311
0 0.2597301136363636 0.46305769230769234 0.03150568181818183 0.07838461538461543
0 0.2301065340909091 0.362375 0.052258522727272716 0.04063461538461537
0 0.015227272727272728 0.2116346153846154 0.030454545454545456 0.058153846153846146
0 0.5429758522727273 0.844076923076923 0.0624573863636364 0.06957692307692309
0 0.6222940340909091 0.7415961538461538 0.019928977272727313 0.04392307692307698
0 0.006647727272727272 0.11941346153846154 0.013295454545454544 0.05278846153846153
0 0.6218252840909091 0.8906826923076923 0.02455965909090912 0.05832692307692305
0 0.6720454545454545 0.8403076923076924 0.022386363636363624 0.08161538461538462
0 0.6174076704545454 0.7527211538461538 0.039048295454545384 0.08082692307692313
0 0.3881676136363636 0.9206442307692307 0.06522727272727274 0.05482692307692306
0 0.6440553977272727 0.7672596153846154 0.015014204545454535 0.04955769230769238
0 0.7704900568181817 0.9766634615384615 0.04640624999999994 0.046442307692307755
0 0.7187926136363636 0.9501826923076924 0.04968749999999995 0.06690384615384619
0 0.6408309659090908 0.8251346153846154 0.02396306818181819 0.08757692307692301
0 0.6352698863636363 0.10877884615384614 0.06806818181818185 0.05944230769230768
0 0.7464346590909091 0.9155576923076924 0.032784090909090804 0.04053846153846151
0 0.8074431818181819 0.7919999999999999 0.04113636363636353 0.047115384615384615
0 0.7059446022727273 0.6874423076923077 0.018423295454545494 0.03007692307692316
0 0.6126633522727273 0.641798076923077 0.02438920454545449 0.05317307692307688
0 0.6372585227272727 0.7588461538461538 0.017244318181818163 0.14249999999999993
0 0.5964346590909091 0.6858076923076923 0.017897727272727305 0.026346153846153932
0 0.6065625 0.6170576923076924 0.05130681818181819 0.05846153846153842
0 0.5167258522727273 0.5574423076923077 0.039644886363636396 0.09011538461538464
0 0.2522088068181818 0.5822403846153846 0.03890624999999998 0.13498076923076924
0 0.2069815340909091 0.5327692307692307 0.0361221590909091 0.05499999999999994
0 0.1629971590909091 0.7717403846153846 0.04414772727272727 0.07094230769230767
0 0.1636505681818182 0.5180961538461539 0.0522159090909091 0.042538461538461546
0 0.1958522727272727 0.63975 0.07818181818181819 0.09323076923076927
0 0.4287713068181818 0.9452596153846153 0.04819602272727274 0.06475000000000003
0 0.6103977272727273 0.9797211538461539 0.040113636363636296 0.04051923076923076
0 0.5677059659090908 0.9118365384615384 0.04737215909090904 0.04021153846153851
0 0.23852982954545457 0.4350192307692307 0.026889204545454515 0.10957692307692306
0 0.01372869318181818 0.9121442307692308 0.02745738636363636 0.05601923076923076
0 0.012329545454545454 0.9846730769230768 0.020681818181818183 0.03065384615384615
0 0.022947443181818183 0.9455673076923078 0.04589488636363637 0.0693269230769231
0 0.6365625 0.8477596153846153 0.046732954545454515 0.12428846153846153
0 0.38691051136363636 0.6326826923076924 0.05953124999999995 0.06525000000000002
0 0.5894318181818182 0.21528846153846154 0.12130681818181822 0.08792307692307692
0 0.042705965909090905 0.9825769230769231 0.04606534090909091 0.03484615384615385
0 0.16238636363636363 0.5456923076923077 0.048124999999999994 0.036807692307692284
0 0.12048295454545453 0.5039038461538461 0.09301136363636364 0.11049999999999996
0 0.10881392045454547 0.44484615384615384 0.05044034090909091 0.0735
0 0.628359375 0.6780961538461538 0.023082386363636364 0.09707692307692312
0 0.06387073863636364 0.4490480769230769 0.061093749999999995 0.13305769230769235
0 0.07407670454545455 0.4318653846153846 0.027471590909090914 0.06957692307692309
0 0.05008522727272727 0.17260576923076923 0.05875 0.09875000000000002
0 0.023842329545454545 0.18064423076923078 0.04768465909090909 0.10024999999999999
0 0.35769176136363634 0.6184038461538461 0.0531392045454545 0.04399999999999999
0 0.01375 0.3103173076923077 0.0275 0.05590384615384614
0 0.5781178977272727 0.3518173076923077 0.09697443181818179 0.10828846153846154
0 0.1683522727272727 0.870326923076923 0.05917613636363636 0.06449999999999993
0 0.011590909090909091 0.2894807692307692 0.023181818181818182 0.05169230769230768
0 0.5320454545454546 0.34873076923076923 0.047897727272727314 0.06419230769230769
0 0.5926278409090909 0.7878846153846154 0.06252840909090915 0.1631538461538462
0 0.37186789772727274 0.5267596153846154 0.12203125 0.11190384615384615
0 0.24169034090909092 0.3474807692307692 0.05431818181818183 0.08103846153846152
0 0.15565340909090908 0.37982692307692306 0.038380681818181835 0.047423076923076915
0 0.019140624999999998 0.4423076923076923 0.038281249999999996 0.05734615384615383
0 0.17123579545454545 0.7403557692307693 0.03900568181818183 0.05840384615384616
0 0.1967471590909091 0.38522115384615385 0.07068181818181817 0.07305769230769232
0 0.7070809659090909 0.6292884615384615 0.05350852272727275 0.07292307692307695
0 0.16172585227272726 0.4446538461538462 0.07751420454545453 0.0821923076923077
0 0.7065553977272727 0.6141057692307693 0.053792613636363645 0.05859615384615379
0 0.7715340909090909 0.7751634615384616 0.04400568181818185 0.03490384615384622
0 0.5863139204545454 0.7752115384615385 0.025610795454545417 0.08911538461538457
0 0.23009232954545455 0.9531634615384615 0.06376420454545456 0.07094230769230778
0 0.16497159090909094 0.691375 0.07778409090909091 0.04459615384615384
0 0.16482244318181818 0.6784519230769231 0.05705965909090909 0.06663461538461535
0 0.16830965909090911 0.3374423076923077 0.06843750000000001 0.08623076923076918
0 0.7457386363636364 0.6008365384615385 0.02869318181818188 0.137173076923077
0 0.026370738636363637 0.4462980769230769 0.05274147727272727 0.10463461538461533
0 0.13399857954545455 0.19390384615384615 0.049446022727272713 0.0405
0 0.051775568181818186 0.3237692307692308 0.06576704545454545 0.04142307692307691
0 0.09093749999999999 0.2171057692307692 0.0661931818181818 0.0684807692307692
0 0.06678267045454546 0.1618653846153846 0.03140625 0.04176923076923077
0 0.119453125 0.33671153846153845 0.0423153409090909 0.052923076923076885
0 0.010532670454545454 0.6995480769230769 0.02106534090909091 0.07428846153846153
0 0.18855823863636365 0.5822788461538461 0.03370738636363639 0.03890384615384608
0 0.3894815340909091 0.6680384615384616 0.06651988636363639 0.0749615384615385
0 0.018693181818181817 0.09578846153846154 0.02065340909090909 0.10788461538461537
