0 0.22566761363636365 0.08247115384615386 0.026278409090909092 0.025673076923076927
0 0.09499289772727272 0.006788461538461538 0.01654829545454546 0.013576923076923077
0 0.4385227272727273 0.39073076923076927 0.06636363636363632 0.07642307692307694
0 0.4143039772727272 0.3132884615384615 0.03775568181818179 0.060923076923076934
0 0.41487926136363634 0.34633653846153845 0.03049715909090913 0.03717307692307689
0 0.4394744318181818 0.3602692307692308 0.019460227272727258 0.029961538461538432
0 0.4848579545454546 0.3762692307692308 0.09343750000000005 0.034076923076923074
0 0.5075497159090909 0.4196442307692308 0.10296875000000001 0.07744230769230766
0 0.44291193181818184 0.32284615384615384 0.056818181818181816 0.07796153846153844
0 0.48523437500000005 0.3832403846153846 0.04538352272727271 0.06144230769230767
0 0.4900071022727273 0.2957403846153846 0.04271306818181817 0.10428846153846155
0 0.5442826704545455 0.2706442307692308 0.08558238636363637 0.15690384615384617
0 0.07016335227272727 0.025875000000000002 0.03390625 0.05082692307692308
0 0.118828125 0.17848076923076925 0.02291193181818181 0.06203846153846152
0 0.1397869318181818 0.1711730769230769 0.01556818181818181 0.0801923076923077
0 0.12876420454545456 0.1975096153846154 0.013409090909090905 0.028673076923076916
0 0.1830184659090909 0.17906730769230772 0.04410511363636365 0.05736538461538461
0 0.21695312500000002 0.25311538461538463 0.02637784090909094 0.029846153846153838
0 0.2234375 0.22297115384615385 0.018579545454545474 0.038634615384615364
0 0.20571732954545452 0.21096153846153845 0.024644886363636355 0.04857692307692309
0 0.17977272727272728 0.21565384615384617 0.011676136363636342 0.03453846153846155
0 0.1968536931818182 0.2244326923076923 0.024218750000000015 0.026326923076923074
0 0.18799005681818182 0.24578846153846154 0.03848011363636362 0.03161538461538461
0 0.10911931818181818 0.03051923076923077 0.01332386363636365 0.02296153846153846
0 0.29196022727272725 0.17614423076923078 0.07954545454545454 0.05736538461538461
0 0.2439772727272727 0.2162403846153846 0.02767045454545453 0.04390384615384615
0 0.06586647727272726 0.20687499999999998 0.08732954545454545 0.039211538461538464
0 0.05159801136363637 0.09040384615384617 0.025071022727272727 0.13638461538461538
0 0.04791903409090909 0.18522115384615384 0.024644886363636362 0.08017307692307692
0 0.019396306818181816 0.16560576923076925 0.03848011363636364 0.04448076923076925
0 0.9713352272727271 0.5297980769230769 0.03482954545454559 0.05471153846153855
0 0.014573863636363637 0.8003461538461538 0.029147727272727273 0.0398846153846154
0 0.06313920454545453 0.809375 0.08511363636363635 0.09701923076923086
0 0.010504261363636363 0.8634519230769231 0.021008522727272726 0.02132692307692314
0 0.09539772727272727 0.028615384615384612 0.018977272727272735 0.042076923076923074
0 0.007514204545454545 0.8800865384615384 0.01502840909090909 0.02217307692307698
0 0.011448863636363637 0.8920384615384616 0.022897727272727274 0.023884615384615414
0 0.05693181818181818 0.8681442307692308 0.08380681818181818 0.030711538461538512
0 0.038700284090909094 0.9085576923076923 0.04975852272727273 0.05661538461538461
0 0.010880681818181819 0.9176826923076924 0.021761363636363638 0.04121153846153847
0 0.015284090909090909 0.9434903846153846 0.02196022727272727 0.0211346153846154
0 0.006519886363636363 0.9513365384615384 0.013039772727272726 0.024019230769230786
0 0.016399147727272727 0.9909807692307694 0.014389204545454544 0.01734615384615392
0 0.006960227272727273 0.9725576923076923 0.013920454545454547 0.02442307692307701
0 0.004737215909090909 0.9870865384615386 0.009474431818181818 0.02513461538461548
0 0.11941761363636362 0.06686538461538462 0.030681818181818196 0.12076923076923078
0 0.04892755681818183 0.9507980769230769 0.07356534090909092 0.0574807692307692
0 0.9044318181818182 0.5892788461538462 0.02991477272727265 0.10671153846153848
0 0.9236647727272728 0.59525 0.013892045454545416 0.030384615384615406
0 0.9298153409090908 0.6498653846153847 0.027784090909090994 0.0535384615384616
0 0.9446448863636363 0.6066442307692307 0.027528409090909086 0.04740384615384611
0 0.938096590909091 0.5534711538461539 0.060909090909090906 0.06186538461538454
0 0.9748437499999999 0.5711346153846154 0.049886363636363645 0.04292307692307691
0 0.9788849431818182 0.5913173076923077 0.041491477272727326 0.024442307692307652
0 0.981853693181818 0.6293846153846153 0.03598011363636369 0.04976923076923087
0 0.9726349431818181 0.7960096153846155 0.014417613636363603 0.023365384615384573
0 0.10811079545454548 0.05675961538461539 0.019375 0.029519230769230766
0 0.9906747159090908 0.7681153846153845 0.017514204545454604 0.022653846153846212
0 0.9732812500000001 0.7799711538461538 0.020340909090909163 0.017788461538461538
0 0.9587286931818183 0.7822307692307692 0.01492897727272726 0.0362692307692308
0 0.9898224431818182 0.717798076923077 0.020355113636363695 0.05174999999999994
0 0.9708096590909091 0.7553846153846154 0.03136363636363642 0.03123076923076925
0 0.9504403409090908 0.7527019230769231 0.03534090909090908 0.0502884615384616
0 0.9239346590909091 0.7480673076923077 0.04650568181818183 0.04394230769230774
0 0.9717116477272728 0.6770384615384616 0.0324573863636364 0.1225384615384616
0 0.9500497159090909 0.6665576923076924 0.03740056818181824 0.12599999999999997
0 0.9438210227272728 0.8071923076923078 0.043693181818181805 0.031192307692307745
0 0.15897017045454545 0.017403846153846155 0.01615056818181817 0.03388461538461539
0 0.9623721590909091 0.8487115384615385 0.048465909090909094 0.07696153846153843
0 0.9698579545454545 0.8671442307692308 0.028124999999999935 0.03928846153846155
0 0.9486079545454544 0.9001634615384616 0.04428977272727266 0.03159615384615386
0 0.7181036931818182 0.5351826923076923 0.05438920454545466 0.09517307692307694
0 0.7962002840909093 0.5711538461538461 0.02225852272727267 0.0464999999999999
0 0.7508664772727273 0.5963461538461539 0.04548295454545452 0.028000000000000004
0 0.7763210227272727 0.5980576923076923 0.01812499999999999 0.0374615384615385
0 0.7826775568181819 0.6172307692307692 0.021946022727272793 0.046500000000000014
0 0.7114275568181818 0.6201538461538462 0.09725852272727277 0.11142307692307692
0 0.7342755681818183 0.6570576923076923 0.06011363636363643 0.09115384615384611
0 0.13656960227272727 0.04964423076923077 0.033508522727272734 0.021865384615384616
0 0.781171875 0.6545288461538462 0.021377840909091006 0.028211538461538493
0 0.7704829545454547 0.646375 0.019772727272727216 0.045942307692307664
0 0.809190340909091 0.6082211538461538 0.02639204545454551 0.08255769230769232
0 0.8128977272727272 0.6537884615384616 0.029034090909090985 0.0821923076923076
0 0.8087997159090908 0.719528846153846 0.0620312500000001 0.11863461538461538
0 0.7851775568181818 0.7152403846153846 0.04646306818181823 0.08290384615384618
0 0.15124289772727273 0.23077884615384614 0.023309659090909107 0.03944230769230767
0 0.13100142045454544 0.23056730769230768 0.034957386363636364 0.03901923076923075
0 0.1087713068181818 0.21915384615384617 0.01808238636363637 0.020346153846153844
0 0.04453835227272727 0.2924326923076923 0.07359375 0.09963461538461539
0 0.14948863636363638 0.04090384615384615 0.01332386363636365 0.021846153846153845
0 0.09958806818181819 0.24642307692307688 0.05383522727272728 0.062423076923076935
0 0.13400568181818182 0.2853653846153846 0.07301136363636364 0.07823076923076919
0 0.18909801136363635 0.37468269230769224 0.023821022727272722 0.05705769230769228
0 0.1865340909090909 0.3471346153846154 0.08028409090909093 0.04765384615384616
0 0.19495738636363635 0.3076826923076923 0.019431818181818192 0.03028846153846154
0 0.215859375 0.2935384615384615 0.014303977272727263 0.01588461538461542
0 0.21365767045454548 0.3146346153846154 0.015752840909090914 0.031269230769230806
0 0.2290553977272727 0.3061923076923077 0.01941761363636366 0.03423076923076925
0 0.2411505681818182 0.3084230769230769 0.01428977272727273 0.016884615384615387
0 0.24335227272727272 0.3235673076923077 0.042897727272727254 0.029288461538461572
0 0.14363636363636365 0.07288461538461538 0.02664772727272728 0.031153846153846153
0 0.19013494318181817 0.28377884615384613 0.0420028409090909 0.026480769230769197
0 0.21621448863636364 0.27642307692307694 0.03330965909090908 0.03726923076923076
0 0.2623792613636363 0.2965288461538461 0.04816761363636363 0.03432692307692307
0 0.2500710227272727 0.2521538461538462 0.03801136363636366 0.07796153846153844
0 0.3069389204545454 0.24645192307692307 0.02038352272727272 0.027596153846153864
0 0.3478977272727273 0.25396153846153846 0.1395170454545454 0.049384615384615395
0 0.32696732954545454 0.2588076923076923 0.023252840909090914 0.05715384615384615
0 0.3090838068181818 0.2919807692307692 0.026832386363636343 0.024692307692307697
0 0.3225 0.3232211538461538 0.029346590909090906 0.04648076923076921
0 0.33787642045454547 0.276 0.02146306818181816 0.07023076923076922
0 0.24707386363636363 0.08642307692307692 0.019460227272727258 0.027
0 0.17531960227272728 0.045817307692307685 0.04157670454545454 0.06667307692307692
0 0.3073011363636364 0.3244326923076923 0.04113636363636361 0.07409615384615385
0 0.3332315340909091 0.3423461538461538 0.05365056818181815 0.06926923076923079
0 0.3285866477272727 0.3820576923076923 0.04436079545454544 0.0401923076923077
0 0.41014204545454547 0.37599999999999995 0.026477272727272707 0.026153846153846142
0 0.4253409090909091 0.4028846153846154 0.033267045454545396 0.029538461538461565
0 0.44234375000000004 0.4268653846153846 0.07369318181818181 0.03584615384615382
0 0.4012002840909091 0.4033653846153846 0.017883522727272772 0.04503846153846157
0 0.38330965909090914 0.4026442307692308 0.015028409090909068 0.043596153846153875
0 0.36328125 0.398048076923077 0.043636363636363674 0.06732692307692312
0 0.4303551136363637 0.45034615384615384 0.07119318181818174 0.0401923076923077
0 0.18117187499999998 0.10293269230769231 0.033906249999999985 0.07159615384615385
0 0.38617897727272726 0.46826923076923077 0.05366477272727273 0.09926923076923078
0 0.37329545454545454 0.4333942307692308 0.0336363636363636 0.0324423076923077
0 0.5617116477272727 0.809451923076923 0.015639204545454533 0.014788461538461533
0 0.6201917613636364 0.8426538461538462 0.07461647727272723 0.12565384615384623
0 0.5473366477272728 0.8288653846153846 0.060553977272727266 0.025730769230769224
0 0.5291548295454546 0.7671346153846154 0.03836647727272726 0.04138461538461546
0 0.5566832386363636 0.714875 0.02995738636363633 0.04121153846153847
0 0.5697443181818183 0.6801634615384615 0.052244318181818225 0.0801346153846153
0 0.492109375 0.8131634615384616 0.03930397727272721 0.08336538461538455
0 0.5130752840909091 0.7257403846153846 0.011747159090909065 0.04217307692307694
0 0.1541335227272727 0.1381826923076923 0.023409090909090914 0.09836538461538463
0 0.5310440340909092 0.7132499999999999 0.03379261363636366 0.04315384615384615
0 0.5275781249999999 0.6950865384615385 0.016292613636363595 0.0210961538461539
0 0.4951065340909091 0.702875 0.02467329545454546 0.01590384615384612
0 0.5056463068181819 0.689076923076923 0.017968750000000047 0.024000000000000035
0 0.5364417613636363 0.6512884615384615 0.02492897727272729 0.06780769230769229
0 0.5141548295454546 0.6329615384615385 0.020610795454545524 0.1155
0 0.4888707386363636 0.7172980769230769 0.014616477272727302 0.0324423076923077
0 0.49414772727272727 0.6837211538461538 0.023721590909090973 0.02498076923076914
0 0.47473721590909096 0.7108173076923077 0.020355113636363612 0.027903846153846137
0 0.46490767045454545 0.6585865384615385 0.04796874999999998 0.06901923076923085
0 0.4053053977272727 0.09010576923076923 0.03890624999999998 0.13421153846153844
0 0.4362144886363637 0.720173076923077 0.06123579545454539 0.06973076923076921
0 0.422159090909091 0.6615673076923076 0.0537215909090909 0.07386538461538467
0 0.5021519886363636 0.8911153846153846 0.031178977272727258 0.03284615384615393
0 0.5216761363636363 0.8892307692307692 0.04573863636363635 0.11476923076923078
0 0.533643465909091 0.918423076923077 0.0269176136363637 0.03953846153846154
0 0.6195525568181818 0.9739903846153847 0.04771306818181815 0.05201923076923079
0 0.5392329545454545 0.9645480769230769 0.06022727272727269 0.07090384615384616
0 0.45329545454545456 0.835923076923077 0.034602272727272745 0.07546153846153848
0 0.46899857954545454 0.887951923076923 0.04507102272727275 0.0574807692307692
0 0.42829545454545453 0.9129423076923078 0.045454545454545456 0.09053846153846151
0 0.35782670454545457 0.10797115384615384 0.04678977272727272 0.04578846153846153
0 0.42719460227272726 0.8497788461538461 0.025497159090909157 0.07128846153846152
0 0.4011363636363636 0.8328942307692309 0.04582386363636362 0.053019230769230756
0 0.3379119318181818 0.7887596153846154 0.10610795454545457 0.15590384615384614
0 0.30947443181818185 0.8576730769230769 0.08639204545454544 0.10338461538461537
0 0.42111505681818184 0.9581634615384615 0.05961647727272723 0.08113461538461549
0 0.35296875 0.9421057692307692 0.07482954545454543 0.08524999999999985
0 0.3415625 0.9872115384615385 0.02889204545454546 0.025576923076923098
0 0.321640625 0.9888653846153846 0.020071022727272722 0.02226923076923074
0 0.3084090909090909 0.9863653846153846 0.018551136363636367 0.023884615384615414
0 0.30566761363636363 0.9558942307692307 0.030113636363636346 0.03705769230769227
0 0.3223863636363636 0.10577884615384614 0.022244318181818178 0.020057692307692308
0 0.32012073863636364 0.9101826923076922 0.024332386363636358 0.07494230769230764
0 0.28909090909090907 0.9950192307692307 0.030426136363636346 0.00907692307692313
0 0.28574573863636366 0.98225 0.026150568181818178 0.026346153846153825
0 0.2939559659090909 0.9163557692307692 0.05231534090909093 0.09390384615384623
0 0.264609375 0.9820673076923078 0.017940340909090902 0.03586538461538457
0 0.2577627840909091 0.9626923076923077 0.018252840909090903 0.033346153846153796
0 0.2370738636363636 0.9820480769230768 0.04684659090909089 0.03501923076923073
0 0.24300426136363634 0.8232307692307693 0.07776988636363637 0.11092307692307693
0 0.22845170454545452 0.9384326923076923 0.04420454545454542 0.043673076923076884
0 0.2569389204545454 0.9024230769230769 0.04208806818181818 0.0720384615384616
0 0.3050142045454546 0.09981730769230769 0.027329545454545426 0.03198076923076922
0 0.16593039772727272 0.841173076923077 0.05026988636363634 0.042538461538461546
0 0.15064630681818184 0.8631538461538462 0.015923295454545447 0.022961538461538457
0 0.0926278409090909 0.8668365384615384 0.10639204545454545 0.03659615384615379
0 0.004517045454545455 0.834298076923077 0.00809659090909091 0.031211538461538388
0 0.012272727272727274 0.8120096153846154 0.024545454545454547 0.08409615384615388
0 0.11076704545454544 0.8130961538461539 0.0652840909090909 0.09923076923076928
0 0.380859375 0.044173076923076926 0.029559659090909015 0.06246153846153847
0 0.35977982954545457 0.044413461538461534 0.02487215909090912 0.02098076923076923
0 0.36427556818181817 0.06808653846153846 0.04181818181818186 0.04001923076923077
0 0.33561789772727274 0.043923076923076926 0.030639204545454535 0.021961538461538466
0 0.29644176136363637 0.132125 0.0175994318181818 0.03386538461538463
0 0.35436789772727273 0.010615384615384615 0.03208806818181815 0.02123076923076923
0 0.387890625 0.006221153846153846 0.034957386363636385 0.012442307692307692
0 0.3592329545454545 0.020249999999999997 0.02161931818181818 0.03123076923076923
0 0.37257102272727266 0.025865384615384613 0.020198863636363595 0.02780769230769231
0 0.3334588068181818 0.029528846153846156 0.03208806818181819 0.02732692307692308
0 0.3082315340909091 0.07100961538461538 0.036406249999999994 0.031249999999999993
0 0.32300426136363636 0.05905769230769231 0.03208806818181819 0.032692307692307694
0 0.34175426136363635 0.07442307692307693 0.011889204545454552 0.02830769230769231
0 0.26264204545454545 0.09835576923076922 0.035880681818181805 0.0451346153846154
0 0.26210937500000003 0.06788461538461538 0.013650568181818201 0.021269230769230766
0 0.3223863636363636 0.12647115384615384 0.034289772727272745 0.03136538461538462
0 0.30140625 0.022519230769230767 0.07238636363636361 0.04369230769230769
0 0.2894105113636364 0.06452884615384616 0.03186079545454546 0.04144230769230769
0 0.2776207386363636 0.05359615384615384 0.02316761363636364 0.04873076923076923
0 0.23125710227272728 0.048875 0.06859375 0.02832692307692308
0 0.24026278409090907 0.06633653846153847 0.030156249999999985 0.019750000000000007
0 0.21545454545454545 0.05579807692307692 0.03113636363636362 0.023711538461538458
0 0.19985795454545452 0.886826923076923 0.0888068181818182 0.05273076923076926
0 0.16582386363636362 0.9018557692307693 0.05048295454545453 0.05671153846153837
0 0.14613636363636365 0.9398461538461539 0.1028409090909091 0.11796153846153841
0 0.2106747159090909 0.8434134615384616 0.04515625000000003 0.09724999999999999
0 0.28 0.12176923076923077 0.02548295454545454 0.05080769230769231
0 0.3520667613636364 0.5618269230769231 0.0847585227272727 0.0661153846153846
0 0.29644176136363637 0.609125 0.11629261363636365 0.0687884615384615
0 0.23997869318181816 0.5866153846153846 0.06518465909090908 0.07957692307692307
0 0.011321022727272726 0.39250000000000007 0.022642045454545453 0.03923076923076924
0 0.006207386363636364 0.3721923076923077 0.01215909090909091 0.023115384615384635
0 0.030937500000000003 0.40697115384615384 0.04019886363636364 0.03774999999999999
0 0.03463778409090909 0.43108653846153844 0.023735795454545457 0.034980769230769225
0 0.05115767045454545 0.4079038461538462 0.03634943181818182 0.016269230769230786
0 0.05987215909090909 0.42803846153846153 0.04176136363636364 0.045153846153846135
0 0.09503551136363636 0.42946153846153845 0.04717329545454547 0.02684615384615386
0 0.2115625 0.08213461538461538 0.06713068181818181 0.11196153846153845
0 0.23622159090909092 0.15626923076923077 0.0592897727272727 0.0921923076923077
0 0.10795454545454546 0.38653846153846155 0.06099431818181818 0.07607692307692308
0 0.18866477272727272 0.4303942307692308 0.0405681818181818 0.030519230769230778
0 0.20272727272727273 0.39940384615384616 0.056420454545454565 0.040769230769230745
0 0.15125 0.4129519230769231 0.052642045454545455 0.034173076923076945
0 0.1590056818181818 0.42149038461538463 0.020198863636363636 0.017096153846153875
0 0.14007102272727273 0.4315 0.034261363636363645 0.016115384615384608
0 0.14286931818181817 0.45663461538461536 0.05968750000000001 0.0488076923076923
0 0.19289772727272728 0.4506538461538461 0.06707386363636364 0.027576923076923082
0 0.21642755681818182 0.47982692307692304 0.032627840909090905 0.06053846153846152
0 0.1942471590909091 0.4897115384615384 0.028664772727272737 0.06369230769230765
0 0.8571235795454545 0.4057980769230769 0.04018465909090904 0.11875
0 0.17459517045454545 0.506673076923077 0.049218750000000006 0.07126923076923078
0 0.15203125 0.5629519230769231 0.06573863636363635 0.09424999999999999
0 0.22730113636363639 0.509375 0.03463068181818181 0.020557692307692412
0 0.24107954545454546 0.5361634615384615 0.03534090909090908 0.04067307692307688
0 0.2223508522727273 0.540951923076923 0.027571022727272722 0.032057692307692336
0 0.20380681818181817 0.5486057692307692 0.020142045454545465 0.03875000000000006
0 0.18083096590909092 0.5727692307692308 0.04205965909090911 0.05742307692307684
0 0.07340198863636364 0.4675096153846154 0.06890625 0.05932692307692301
0 0.0034375000000000005 0.47971153846153847 0.006704545454545455 0.01961538461538465
0 0.020049715909090913 0.4854519230769231 0.039928977272727276 0.07605769230769227
0 0.8387428977272726 0.5943269230769231 0.019701704545454553 0.06461538461538466
0 0.037180397727272725 0.5593653846153847 0.04382102272727273 0.10238461538461541
0 0.026413352272727272 0.588076923076923 0.05194602272727273 0.0488076923076923
0 0.06827414772727272 0.5762115384615385 0.05401988636363637 0.09115384615384611
0 0.10546875 0.681423076923077 0.011221590909090917 0.02249999999999998
0 0.11399147727272728 0.6864807692307693 0.005823863636363628 0.023615384615384673
0 0.10609375 0.7022307692307692 0.012471590909090911 0.017999999999999915
0 0.09819602272727272 0.6828269230769232 0.012471590909090911 0.020807692307692294
0 0.03777698863636363 0.7496923076923078 0.06842329545454545 0.07846153846153849
0 0.07146306818181819 0.6988942307692306 0.03875 0.04678846153846151
0 0.06291193181818182 0.6830576923076923 0.01605113636363636 0.04157692307692309
0 0.9176349431818182 0.12666346153846153 0.046491477272727295 0.07632692307692306
0 0.04877130681818182 0.6551730769230769 0.04223011363636364 0.016076923076923103
0 0.07826704545454545 0.6686442307692309 0.015369318181818182 0.035442307692307704
0 0.06953835227272727 0.6296538461538462 0.03072443181818182 0.042538461538461546
0 0.09572443181818181 0.6596730769230769 0.0209375 0.016538461538461474
0 0.11038352272727271 0.6076826923076923 0.05374999999999999 0.0883653846153847
0 0.11387784090909091 0.6575384615384614 0.023039772727272725 0.031192307692307634
0 0.13412642045454548 0.6090961538461539 0.04538352272727273 0.06946153846153846
0 0.092578125 0.699125 0.01535511363636363 0.012288461538461512
0 0.0838565340909091 0.727951923076923 0.04538352272727273 0.045365384615384564
0 0.11387073863636363 0.7343365384615385 0.018849431818181814 0.07609615384615383
0 0.908487215909091 0.12641346153846153 0.02964488636363637 0.04409615384615385
0 0.16102982954545456 0.7853846153846153 0.06401988636363637 0.07476923076923075
0 0.13660511363636363 0.7337692307692306 0.038607954545454556 0.0655
0 0.14271306818181817 0.6619807692307693 0.04105113636363637 0.08073076923076927
0 0.16421875 0.7132596153846154 0.03127840909090911 0.024480769230769264
0 0.189140625 0.7215288461538462 0.03225852272727272 0.043673076923076995
0 0.17032670454545454 0.6864615384615386 0.0337215909090909 0.03042307692307691
0 0.32982954545454546 0.42710576923076926 0.036846590909090905 0.058596153846153846
0 0.30042613636363635 0.3721153846153846 0.04218749999999998 0.05615384615384613
0 0.262265625 0.3653269230769231 0.03603693181818182 0.08707692307692308
0 0.2781676136363636 0.40886538461538463 0.05582386363636361 0.04784615384615389
0 0.9122017045454546 0.017865384615384613 0.06877840909090903 0.035730769230769226
0 0.2718039772727273 0.4497788461538461 0.07985795454545454 0.09328846153846151
0 0.2604545454545455 0.4716923076923077 0.061079545454545456 0.05150000000000006
0 0.27354403409090905 0.5172980769230769 0.03072443181818181 0.0491346153846153
0 0.3047869318181818 0.507375 0.03664772727272729 0.029288461538461465
0 0.34178977272727273 0.4735865384615384 0.07784090909090907 0.046788461538461563
0 0.3334161931818182 0.5187211538461539 0.02617897727272728 0.047249999999999986
0 0.3562713068181818 0.5267596153846155 0.018849431818181793 0.05671153846153848
0 0.5088920454545455 0.4547692307692308 0.017585227272727266 0.04961538461538458
0 0.5326420454545455 0.44504807692307696 0.02991477272727273 0.10321153846153844
0 0.5169602272727273 0.5250384615384615 0.024914772727272674 0.09884615384615392
0 0.7827769886363637 0.016749999999999998 0.03896306818181811 0.032846153846153844
0 0.4976065340909091 0.4863365384615384 0.029019886363636293 0.04605769230769234
0 0.4857315340909091 0.43353846153846154 0.02873579545454548 0.0619230769230769
0 0.44731534090909086 0.47402884615384616 0.02931818181818188 0.03413461538461538
0 0.48176846590909095 0.4783942307692308 0.04134943181818184 0.037326923076923126
0 0.4638778409090909 0.5034038461538461 0.04193181818181815 0.03492307692307697
0 0.49686789772727274 0.5284134615384615 0.02873579545454548 0.06828846153846152
0 0.4662286931818182 0.564548076923077 0.05424715909090909 0.09448076923076922
0 0.4141832386363637 0.5696923076923077 0.07859374999999998 0.12226923076923074
0 0.5715838068181818 0.5649326923076923 0.06731534090909089 0.19563461538461535
0 0.8743892045454544 0.7858557692307692 0.04715909090909081 0.1086730769230769
0 0.8329616477272727 0.01260576923076923 0.06873579545454543 0.02521153846153846
0 0.9240482954545454 0.861923076923077 0.05818181818181823 0.09961538461538463
0 0.8855894886363636 0.9015384615384614 0.020071022727272722 0.17342307692307693
0 0.8802911931818183 0.9063653846153846 0.09651988636363643 0.10699999999999997
0 0.9251917613636365 0.9797788461538461 0.023480113636363598 0.03355769230769239
0 0.9178693181818183 0.9606730769230768 0.021107954545454565 0.033769230769230774
0 0.9357173295454545 0.9536538461538461 0.0207244318181817 0.05092307692307685
0 0.96046875 0.9214423076923076 0.07099431818181821 0.06442307692307692
0 0.9792755681818183 0.9570384615384615 0.03184659090909085 0.08261538461538458
0 0.9403196022727273 0.9866538461538461 0.02532670454545444 0.02546153846153837
0 0.9574005681818182 0.9773461538461539 0.026477272727272707 0.04530769230769231
0 0.9114275568181818 0.03384615384615385 0.04208806818181818 0.03023076923076923
0 0.8956107954545455 0.9497596153846154 0.061022727272727326 0.09821153846153845
0 0.8988707386363637 0.9840576923076922 0.014588068181818318 0.02442307692307679
0 0.8825568181818183 0.990548076923077 0.018806818181818195 0.015596153846153872
0 0.8662428977272728 0.991326923076923 0.013821022727272753 0.017153846153846294
0 0.8572301136363637 0.9736538461538462 0.017272727272727387 0.023384615384615323
0 0.8725781250000001 0.9733942307692308 0.01572443181818189 0.02805769230769237
0 0.8395667613636365 0.9526153846153846 0.0441335227272728 0.02807692307692312
0 0.8403977272727272 0.9789326923076922 0.0351988636363636 0.04032692307692302
0 0.8329545454545456 0.9815865384615385 0.030056818181818136 0.036826923076923035
0 0.7983451704545456 0.9952211538461538 0.04890624999999993 0.00955769230769236
0 0.8935937499999999 0.05790384615384615 0.06025568181818176 0.03496153846153847
0 0.7680113636363637 0.9909615384615383 0.029943181818181876 0.01746153846153854
0 0.7994815340909092 0.9717115384615383 0.05421874999999994 0.042615384615384666
0 0.7949857954545454 0.7880384615384615 0.14522727272727265 0.09699999999999999
0 0.8308167613636364 0.8606057692307693 0.07015624999999998 0.06728846153846156
0 0.7784375 0.853798076923077 0.06355113636363638 0.04259615384615391
0 0.8327059659090907 0.9115096153846154 0.06512784090909095 0.054096153846153835
0 0.7996803977272726 0.9355673076923077 0.04813920454545453 0.047711538461538465
0 0.7644389204545454 0.8865865384615385 0.0865198863636364 0.04855769230769231
0 0.7735653409090909 0.8961730769230769 0.035539772727272705 0.05153846153846156
0 0.761768465909091 0.9487788461538462 0.02830965909090902 0.05451923076923081
0 0.018174715909090908 0.06960576923076923 0.03535511363636363 0.09155769230769231
0 0.8952130681818182 0.09310576923076924 0.04627840909090899 0.07236538461538462
0 0.7501278409090908 0.9558076923076922 0.034602272727272745 0.08561538461538458
0 0.7339275568181819 0.9854038461538461 0.024218750000000015 0.02726923076923078
0 0.7071875 0.9587788461538461 0.06323863636363634 0.048980769230769286
0 0.6659801136363637 0.9217307692307692 0.05946022727272721 0.0762307692307692
0 0.5934303977272727 0.9046538461538461 0.016036931818181846 0.020961538461538417
0 0.6073011363636364 0.9080961538461539 0.018494318181818237 0.025307692307692357
0 0.6161789772727272 0.8776923076923077 0.036619318181818225 0.06619230769230772
0 0.5825710227272727 0.8721923076923077 0.04718750000000004 0.05315384615384613
0 0.5558664772727273 0.8733461538461538 0.07417613636363632 0.06157692307692304
0 0.5743465909090909 0.9442403846153846 0.031818181818181863 0.106173076923077
0 0.8159161931818182 0.09475961538461539 0.15322443181818182 0.09036538461538461
0 0.6235511363636363 0.9434903846153846 0.034772727272727295 0.05959615384615386
0 0.5898792613636363 0.9562596153846153 0.025894886363636307 0.08013461538461542
0 0.585546875 0.784451923076923 0.050213068181818137 0.056403846153846124
0 0.5904616477272727 0.8045192307692308 0.041122159090909154 0.03596153846153844
0 0.5277769886363637 0.7982403846153847 0.06640625 0.07563461538461536
0 0.7216477272727272 0.12096153846153847 0.14616477272727277 0.05150000000000002
0 0.5191761363636364 0.13282692307692306 0.20005681818181822 0.13965384615384616
0 0.5129261363636364 0.1941826923076923 0.10002840909090911 0.05248076923076924
0 0.45897017045454547 0.25404807692307696 0.04714488636363636 0.08463461538461542
0 0.4511505681818182 0.18466346153846155 0.09352272727272724 0.06382692307692307
0 0.3882528409090909 0.2925576923076923 0.01332386363636363 0.01734615384615381
0 0.3758238636363637 0.29653846153846153 0.01460227272727277 0.017000000000000008
0 0.3772301136363637 0.31977884615384616 0.019460227272727258 0.025326923076923108
0 0.02547585227272727 0.08540384615384615 0.05095170454545454 0.10084615384615384
0 0.3818465909090909 0.2705288461538462 0.06815340909090907 0.045442307692307685
0 0.4315482954545455 0.2386057692307692 0.03639204545454546 0.03086538461538461
0 0.9282670454545454 0.08494230769230769 0.03136363636363626 0.052807692307692305
0 0.9471377840909092 0.05882692307692308 0.029247159090909136 0.04534615384615385
0 0.9467045454545455 0.03386538461538462 0.01653409090909089 0.02869230769230769
0 0.9543394886363636 0.015500000000000002 0.023309659090909044 0.031000000000000003
0 0.9734161931818182 0.045057692307692306 0.028394886363636376 0.016653846153846154
0 0.9721448863636364 0.03214423076923077 0.02247159090909082 0.017211538461538462
0 0.9924928977272728 0.028125 0.014843750000000065 0.027557692307692304
0 0.9933451704545455 0.064 0.013139204545454546 0.048769230769230766
0 0.09934659090909091 0.09051923076923078 0.020596590909090908 0.07296153846153847
0 0.971512784090909 0.10015384615384615 0.04069602272727269 0.0465
0 0.9923224431818182 0.10388461538461538 0.01535511363636356 0.030999999999999996
0 0.9914346590909091 0.14003846153846153 0.01696022727272735 0.044769230769230756
0 0.9655752840909091 0.14577884615384618 0.03305397727272725 0.04248076923076921
0 0.8843963068181818 0.20317307692307693 0.055525568181818065 0.09411538461538461
0 0.9666335227272728 0.2048942307692308 0.05806818181818181 0.08378846153846155
0 0.9015625 0.22269230769230766 0.07292613636363642 0.07919230769230767
0 0.8305539772727273 0.27003846153846156 0.0741761363636364 0.10846153846153847
0 0.8265269886363636 0.3084903846153846 0.13140624999999997 0.09928846153846153
0 0.8691051136363637 0.5400384615384616 0.03866477272727276 0.07207692307692311
0 0.07961647727272726 0.08353846153846153 0.032613636363636365 0.02834615384615385
0 0.7332954545454545 0.5685096153846154 0.020681818181818187 0.01882692307692301
0 0.7475355113636364 0.5529038461538461 0.013224431818181741 0.03076923076923077
0 0.7558451704545455 0.5581826923076924 0.012883522727272638 0.03948076923076918
0 0.7740909090909092 0.4520192307692308 0.020255681818181805 0.03503846153846154
0 0.7428551136363637 0.47011538461538466 0.055142045454545444 0.0803846153846154
0 0.7787428977272728 0.42177884615384614 0.024105113636363674 0.07167307692307694
0 0.7568821022727273 0.42753846153846153 0.02103693181818174 0.04288461538461541
0 0.7254474431818182 0.36052884615384617 0.05276988636363633 0.09955769230769233
0 0.706044034090909 0.21327884615384615 0.05069602272727272 0.07694230769230767
0 0.7257386363636363 0.28781730769230773 0.10170454545454549 0.0791346153846154
0 0.094375 0.1311826923076923 0.07312500000000001 0.08736538461538462
0 0.656328125 0.26437499999999997 0.04330965909090911 0.06528846153846152
0 0.6476207386363636 0.3136538461538461 0.030355113636363642 0.04292307692307691
0 0.5394815340909092 0.3419807692307692 0.05041193181818183 0.0985384615384615
0 0.5552130681818181 0.3939423076923077 0.04886363636363633 0.03076923076923077
0 0.5732670454545455 0.3633846153846154 0.017130681818181823 0.06657692307692309
0 0.5746661931818182 0.37498076923076923 0.037343749999999946 0.028230769230769243
0 0.6076562499999999 0.4025769230769231 0.01991477272727278 0.01853846153846151
0 0.6193323863636363 0.43249999999999994 0.02210227272727273 0.02023076923076925
0 0.5513210227272727 0.4160576923076923 0.04357954545454546 0.025961538461538463
0 0.6230042613636364 0.40957692307692306 0.01612215909090904 0.01888461538461537
0 0.06370738636363636 0.019086538461538464 0.030681818181818185 0.03817307692307693
0 0.6255823863636363 0.34957692307692306 0.04235795454545454 0.07115384615384615
0 0.6544673295454545 0.3608942307692308 0.08811079545454542 0.07044230769230768
0 0.6519815340909091 0.38161538461538463 0.05438920454545449 0.05026923076923074
0 0.6594318181818182 0.4322307692307692 0.0645738636363637 0.04034615384615382
0 0.6615269886363637 0.40656730769230776 0.059360795454545486 0.023711538461538485
0 0.5884517045454545 0.4773557692307693 0.050198863636363604 0.08105769230769232
0 0.5922443181818182 0.48302884615384617 0.04732954545454553 0.07751923076923072
0 0.6328693181818181 0.4833365384615384 0.04869318181818186 0.05451923076923076
0 0.38100852272727276 0.35144230769230766 0.05068181818181819 0.035576923076923075
0 0.3968323863636364 0.32026923076923075 0.021761363636363627 0.028115384615384625
