0 0.21495028409090908 0.3674038461538462 0.046008522727272745 0.04784615384615384
0 0.040262784090909096 0.6001346153846153 0.0804971590909091 0.05434615384615383
0 0.7547372159090909 0.2318846153846154 0.10376420454545456 0.14088461538461539
0 0.6443323863636364 0.8883942307692309 0.05190340909090912 0.06909615384615386
0 0.03561079545454546 0.3668173076923077 0.07110795454545454 0.10775
0 0.7036931818181817 0.9121538461538461 0.08582386363636366 0.08653846153846154
0 0.6859232954545454 0.9259615384615385 0.04832386363636361 0.05461538461538457
0 0.6669105113636363 0.9820673076923078 0.061832386363636326 0.03586538461538457
0 0.7598295454545455 0.9736826923076923 0.034545454545454615 0.05263461538461539
0 0.839375 0.9793076923076923 0.04647727272727276 0.041230769230769335
0 0.864637784090909 0.9574615384615385 0.02862215909090906 0.06923076923076923
0 0.4406605113636364 0.35999038461538463 0.04248579545454549 0.04994230769230769
0 0.006768465909090909 0.5347788461538461 0.013536931818181818 0.09159615384615379
0 0.8788707386363637 0.9817980769230769 0.022286931818181897 0.0360576923076922
0 0.6686860795454546 0.12483653846153844 0.11839488636363632 0.06940384615384615
0 0.2628338068181818 0.2925096153846154 0.05137784090909093 0.0845192307692308
0 0.9071164772727273 0.9523942307692308 0.059374999999999935 0.09521153846153844
0 0.792784090909091 0.9319807692307692 0.08448863636363639 0.05342307692307687
0 0.7235511363636363 0.8692403846153846 0.08761363636363638 0.08959615384615391
0 0.7281321022727273 0.9213365384615385 0.060269886363636456 0.06432692307692306
0 0.6555610795454545 0.9522307692307692 0.03367897727272724 0.06396153846153856
0 0.6339488636363636 0.9198653846153847 0.0341477272727273 0.03238461538461534
0 0.6100852272727273 0.9093653846153846 0.030312500000000044 0.04842307692307694
0 0.47794034090909093 0.3983076923076923 0.05528409090909093 0.05450000000000001
0 0.6019460227272727 0.954423076923077 0.07454545454545457 0.08996153846153852
0 0.5738352272727273 0.9691346153846153 0.05323863636363639 0.061730769230769277
0 0.5442116477272727 0.9378461538461538 0.05217329545454548 0.08930769230769231
0 0.5717329545454546 0.8511826923076923 0.04517045454545448 0.0764423076923077
0 0.5130539772727273 0.901298076923077 0.0725852272727273 0.07228846153846159
0 0.07027698863636364 0.31916346153846153 0.030781250000000003 0.08621153846153844
0 0.17407670454545454 0.45326923076923076 0.024744318181818162 0.04353846153846157
0 0.05223721590909091 0.3016826923076923 0.07251420454545454 0.07901923076923072
0 0.5019460227272727 0.8689903846153846 0.07511363636363635 0.07478846153846151
0 0.49907670454545455 0.8166538461538462 0.06761363636363632 0.05384615384615385
0 0.1541122159090909 0.1825576923076923 0.03870738636363636 0.0465769230769231
0 0.5288991477272728 0.7394711538461538 0.03799715909090909 0.11844230769230764
0 0.4903480113636364 0.6667115384615384 0.07274147727272724 0.1137307692307692
0 0.4533096590909091 0.5911442307692307 0.13446022727272722 0.08975000000000002
0 0.4672656250000001 0.7243076923076923 0.04481534090909092 0.0494230769230769
0 0.2821377840909091 0.84475 0.03626420454545451 0.07153846153846152
0 0.364737215909091 0.7558461538461537 0.1120596590909091 0.08403846153846152
0 0.3467116477272727 0.70225 0.05819602272727273 0.028115384615384625
0 0.3300426136363636 0.6503365384615385 0.09974431818181814 0.0973269230769231
0 0.31209517045454543 0.5869903846153847 0.020156249999999997 0.04171153846153846
0 0.3863778409090909 0.5733173076923077 0.04701704545454544 0.08513461538461535
0 0.18729403409090908 0.16999038461538463 0.04126420454545454 0.0760576923076923
0 0.35255681818181817 0.568673076923077 0.05335227272727277 0.19884615384615392
0 0.39913352272727276 0.49113461538461534 0.09332386363636362 0.11303846153846149
0 0.05506392045454545 0.27678846153846154 0.04563920454545454 0.06176923076923078
0 0.10338068181818182 0.8676153846153846 0.049374999999999995 0.11161538461538466
0 0.6674786931818182 0.038490384615384614 0.09444602272727266 0.07698076923076923
0 0.7124502840909092 0.07103846153846154 0.06399147727272729 0.14207692307692307
0 0.153359375 0.883028846153846 0.03714488636363637 0.15998076923076923
0 0.28454545454545455 0.8108269230769231 0.06875 0.06261538461538461
0 0.17576704545454547 0.9439807692307692 0.04073863636363637 0.07030769230769231
0 0.9319389204545455 0.016490384615384615 0.04396306818181808 0.03298076923076923
0 0.23219460227272729 0.5533365384615385 0.01973011363636362 0.04474999999999996
0 0.1491690340909091 0.9713173076923077 0.03032670454545454 0.05725000000000007
0 0.32312500000000005 0.9777307692307692 0.07991477272727275 0.04453846153846159
0 0.36058948863636364 0.9457307692307692 0.04487215909090905 0.03976923076923078
0 0.12196022727272728 0.9052596153846154 0.029005681818181802 0.04413461538461536
0 0.24066761363636366 0.26077884615384617 0.07153409090909092 0.053288461538461555
0 0.2109872159090909 0.21471153846153848 0.05913352272727272 0.05569230769230768
0 0.39259232954545453 0.9696057692307692 0.057116477272727326 0.059865384615384605
0 0.4502627840909091 0.2585192307692308 0.0439346590909091 0.059846153846153854
0 0.7535653409090909 0.040499999999999994 0.03531250000000002 0.08099999999999999
0 0.8627769886363637 0.19240384615384618 0.05606534090909095 0.12380769230769233
0 0.011569602272727271 0.6759999999999999 0.023139204545454543 0.048499999999999946
0 0.7876207386363635 0.3607307692307692 0.04811079545454546 0.06611538461538466
0 0.9113707386363636 0.2449326923076923 0.054190340909090876 0.08698076923076921
0 0.9192542613636363 0.33765384615384614 0.03759943181818186 0.10296153846153845
0 0.8723934659090908 0.3277115384615385 0.0973153409090909 0.089
0 0.9543252840909091 0.2313076923076923 0.07370738636363634 0.11219230769230767
0 0.8609374999999999 0.3725 0.044971590909090864 0.052115384615384605
0 0.9249502840909091 0.39125 0.05276988636363633 0.04976923076923076
0 0.5653338068181818 0.26226923076923075 0.12802556818181818 0.10953846153846156
0 0.49375 0.16763461538461535 0.0466761363636363 0.13457692307692307
0 0.4840056818181818 0.030019230769230767 0.056732954545454545 0.05942307692307692
0 0.05420454545454546 0.71125 0.0715625 0.03296153846153854
0 0.5179119318181818 0.11732692307692308 0.07136363636363638 0.1008076923076923
0 0.47624999999999995 0.08702884615384615 0.06338068181818174 0.07740384615384616
0 0.4319247159090909 0.1392307692307692 0.047428977272727255 0.21903846153846152
0 0.46425426136363634 0.016567307692307694 0.031974431818181805 0.03313461538461539
0 0.43847301136363637 0.015317307692307693 0.024900568181818142 0.030634615384615385
0 0.36763494318181816 0.06371153846153846 0.041377840909090906 0.08403846153846153
0 0.11414062500000001 0.12418269230769229 0.06481534090909091 0.08332692307692308
0 0.3522869318181818 0.014413461538461536 0.09548295454545454 0.028596153846153844
0 0.37860085227272733 0.051057692307692304 0.0520596590909091 0.05915384615384615
0 0.40823153409090907 0.02735576923076923 0.03231534090909091 0.05471153846153846
0 0.2205184659090909 0.18003846153846154 0.07299715909090908 0.03369230769230769
0 0.4148082386363636 0.015471153846153846 0.03191761363636359 0.030942307692307693
0 0.24446732954545458 0.013932692307692307 0.02904829545454548 0.027173076923076925
0 0.25064630681818184 0.03490384615384615 0.05069602272727272 0.045384615384615384
0 0.32539772727272726 0.07115384615384615 0.05048295454545453 0.06888461538461538
0 0.3000994318181818 0.11614423076923076 0.06559659090909092 0.058096153846153846
0 0.3160085227272727 0.1179423076923077 0.047869318181818166 0.10157692307692306
0 0.31204545454545457 0.15576923076923077 0.0325284090909091 0.04853846153846156
0 0.286171875 0.1521826923076923 0.026605113636363663 0.04201923076923079
0 0.3302982954545455 0.20494230769230767 0.02451704545454544 0.07846153846153846
0 0.360234375 0.19848076923076924 0.05302556818181816 0.0846923076923077
0 0.2860653409090909 0.3016923076923077 0.08803977272727272 0.08696153846153847
0 0.4345028409090909 0.30033653846153846 0.040795454545454586 0.054865384615384614
0 0.30569602272727275 0.20206730769230766 0.03383522727272726 0.06248076923076922
0 0.16266335227272727 0.6087307692307692 0.04737215909090908 0.04923076923076917
0 0.2874786931818182 0.24307692307692308 0.0651846590909091 0.061653846153846156
0 0.20503551136363637 0.03355769230769231 0.04757102272727274 0.06711538461538462
0 0.02661221590909091 0.2585096153846154 0.05322443181818182 0.06998076923076924
0 0.02635653409090909 0.136375 0.05271306818181818 0.1820576923076923
0 0.5842187499999999 0.5970865384615385 0.0267613636363636 0.040134615384615394
0 0.6587144886363636 0.62575 0.1070596590909091 0.05896153846153851
0 0.5539346590909091 0.5457307692307691 0.08977272727272725 0.06350000000000007
0 0.13615056818181817 0.06719230769230769 0.021363636363636373 0.05042307692307692
0 0.10709517045454545 0.031865384615384615 0.03529829545454544 0.02834615384615385
0 0.8048650568181818 0.5925961538461538 0.10737215909090897 0.12703846153846154
0 0.7871306818181818 0.5286346153846153 0.05707386363636373 0.0794615384615385
0 0.4949644886363637 0.5139999999999999 0.038423295454545474 0.08903846153846157
0 0.4734446022727273 0.6039711538461539 0.054019886363636326 0.03167307692307698
0 0.17528409090909092 0.6503461538461539 0.03323863636363635 0.07130769230769239
0 0.5603125000000001 0.7117019230769231 0.026392045454545432 0.048903846153846166
0 0.5952059659090909 0.6957788461538462 0.07700284090909087 0.07909615384615384
0 0.1590625 0.2997692307692308 0.0689772727272727 0.06176923076923078
0 0.5365553977272728 0.6240384615384615 0.06916193181818181 0.028730769230769337
0 0.5401917613636363 0.6051538461538462 0.06552556818181818 0.10184615384615392
0 0.27664772727272724 0.7390673076923077 0.05485795454545455 0.10801923076923069
0 0.5160795454545455 0.5877019230769231 0.0712784090909091 0.058711538461538516
0 0.11825284090909091 0.7311923076923077 0.06213068181818182 0.04530769230769231
0 0.09902698863636364 0.6958846153846154 0.03569602272727273 0.029038461538461582
0 0.19845880681818182 0.7264038461538462 0.05149147727272727 0.11946153846153847
0 0.12811079545454546 0.6419903846153847 0.08346590909090908 0.06844230769230765
0 0.5060653409090908 0.31996153846153846 0.11031250000000004 0.0746923076923077
0 0.2140198863636364 0.6562019230769232 0.046107954545454556 0.04817307692307694
0 0.4093039772727272 0.2652980769230769 0.043039772727272746 0.08755769230769231
0 0.079921875 0.6005961538461538 0.03538352272727272 0.05149999999999995
0 0.12962357954545453 0.58275 0.024957386363636373 0.11703846153846145
0 0.22235085227272727 0.33755769230769234 0.02873579545454548 0.03396153846153851
0 0.02758522727272727 0.46826923076923077 0.045511363636363635 0.09138461538461536
0 0.05143465909090909 0.4390192307692308 0.038693181818181814 0.06284615384615386
0 0.1441477272727273 0.5361346153846154 0.0403409090909091 0.07646153846153844
0 0.2613707386363636 0.48920192307692306 0.036803977272727266 0.05232692307692309
0 0.2576917613636364 0.21297115384615387 0.06856534090909093 0.045250000000000005
0 0.27938210227272725 0.5780096153846154 0.058622159090909065 0.08186538461538471
0 0.23311079545454547 0.535125 0.044971590909090906 0.07794230769230764
0 0.259140625 0.6128942307692308 0.07072443181818185 0.09040384615384614
0 0.35628551136363634 0.26245192307692305 0.06671875 0.06586538461538462
0 0.3055610795454546 0.9284711538461538 0.12041193181818183 0.14178846153846147
0 0.074765625 0.21455769230769228 0.054275568181818175 0.09946153846153849
0 0.47069602272727273 0.8967692307692309 0.042073863636363645 0.11357692307692308
0 0.1284943181818182 0.2728846153846154 0.05139204545454545 0.048346153846153817
0 0.04888494318181818 0.15420192307692307 0.07657670454545454 0.052596153846153834
0 0.1324289772727273 0.16421153846153846 0.05965909090909091 0.061230769230769234
0 0.10072443181818182 0.2870384615384615 0.035937500000000004 0.06546153846153845
0 0.049588068181818185 0.3665769230769231 0.021931818181818184 0.11015384615384616
0 0.054907670454545456 0.09024038461538461 0.041690340909090906 0.07201923076923078
0 0.1619247159090909 0.06557692307692306 0.03055397727272728 0.057230769230769224
0 0.11965198863636363 0.24490384615384614 0.028480113636363654 0.02530769230769233
0 0.020660511363636364 0.8040288461538462 0.04132102272727273 0.10455769230769221
0 0.12569602272727273 0.4867115384615385 0.02465909090909091 0.055923076923076895
0 0.08427556818181818 0.3974615384615385 0.03792613636363638 0.09280769230769229
0 0.0755965909090909 0.09572115384615386 0.035767045454545454 0.07201923076923078
0 0.0165625 0.020721153846153847 0.03301136363636364 0.041442307692307695
0 0.018380681818181817 0.4789807692307692 0.036761363636363634 0.06650000000000002
0 0.03884232954545455 0.4991346153846154 0.05583806818181818 0.0603846153846154
0 0.4418892045454546 0.3979807692307692 0.02542613636363641 0.07065384615384612
0 0.48373579545454537 0.5183942307692307 0.026193181818181813 0.04190384615384608
0 0.5327769886363637 0.49001923076923076 0.1025710227272727 0.05930769230769237
0 0.006157670454545453 0.07265384615384615 0.012173295454545452 0.06196153846153846
0 0.05428977272727273 0.4831442307692308 0.044659090909090905 0.04259615384615386
0 0.11007102272727275 0.4118269230769231 0.06650568181818182 0.1498846153846154
0 0.1671306818181818 0.11903846153846154 0.06406250000000001 0.08069230769230767
0 0.46841619318181815 0.5494326923076923 0.025184659090909115 0.08148076923076925
0 0.025859375000000004 0.050442307692307696 0.03095170454545455 0.03903846153846155
0 0.16951704545454546 0.040740384615384616 0.034914772727272725 0.08148076923076923
0 0.023742897727272727 0.03361538461538461 0.026718750000000003 0.031153846153846147
0 0.08453835227272727 0.04631730769230769 0.024900568181818183 0.029365384615384616
0 0.396875 0.32807692307692304 0.024318181818181826 0.07342307692307694
0 0.03160511363636364 0.5229711538461538 0.05173295454545455 0.045826923076923154
0 0.12486505681818182 0.5638461538461538 0.07711647727272727 0.05246153846153841
0 0.26662642045454543 0.11107692307692307 0.03615056818181821 0.025769230769230753
0 0.11113636363636364 0.05454807692307692 0.03318181818181818 0.06313461538461539
0 0.2782528409090909 0.10102884615384615 0.05556818181818179 0.035096153846153846
0 0.2694034090909091 0.0756153846153846 0.06338068181818182 0.08688461538461537
0 0.27477982954545455 0.17666346153846155 0.025014204545454565 0.03278846153846153
0 0.35447443181818183 0.28202884615384616 0.07954545454545454 0.08721153846153848
0 0.3925994318181818 0.35100961538461534 0.03286931818181816 0.05340384615384618
0 0.4170951704545454 0.3514519230769231 0.023991477272727255 0.09701923076923075
0 0.22776278409090908 0.07045192307692308 0.03194602272727274 0.047019230769230765
0 0.079765625 0.5331730769230769 0.04651988636363636 0.025423076923076975
0 0.08280539772727273 0.5231346153846154 0.0520596590909091 0.03711538461538464
0 0.20799005681818183 0.1149326923076923 0.01674715909090908 0.061942307692307706
0 0.14009943181818182 0.021201923076923077 0.030852272727272725 0.04240384615384615
0 0.23183238636363634 0.13508653846153848 0.03767045454545456 0.05767307692307691
0 0.4351065340909091 0.39976923076923077 0.01754261363636367 0.0646153846153846
0 0.06529119318181818 0.5534423076923077 0.050156250000000006 0.05265384615384615
0 0.024311079545454542 0.5453173076923077 0.03990056818181818 0.04090384615384612
0 0.9599289772727272 0.63825 0.07974431818181817 0.08426923076923076
0 0.48958096590909095 0.9552307692307692 0.05910511363636366 0.06515384615384615
0 0.853018465909091 0.5207115384615384 0.08822443181818183 0.04915384615384616
0 0.8466548295454547 0.41846153846153844 0.037911931818181734 0.06019230769230771
0 0.8005113636363635 0.4598269230769231 0.10491477272727275 0.051538461538461505
0 0.32798295454545456 0.815298076923077 0.056477272727272716 0.1557115384615384
0 0.10671874999999999 0.012134615384615384 0.03775568181818181 0.02426923076923077
0 0.9664346590909091 0.37929807692307693 0.06713068181818181 0.07944230769230765
0 0.4171661931818182 0.9693942307692307 0.021491477272727266 0.05944230769230763
0 0.3709801136363637 0.8145865384615385 0.0813352272727273 0.11501923076923078
0 0.8996448863636364 0.5260576923076923 0.03656250000000001 0.025192307692307736
0 0.9125426136363637 0.5021923076923077 0.04732954545454553 0.026961538461538426
0 0.529140625 0.9858846153846156 0.03455965909090907 0.027153846153846164
0 0.6142968750000001 0.5795192307692308 0.039303977272727296 0.0713846153846154
0 0.28223011363636363 0.3456442307692308 0.03772727272727273 0.07867307692307692
0 0.30733664772727276 0.3697403846153846 0.04714488636363636 0.06671153846153852
0 0.15380681818181818 0.5004230769230769 0.04872159090909092 0.05119230769230765
0 0.20017045454545457 0.4935288461538461 0.04690340909090911 0.06005769230769229
0 0.2531818181818182 0.1413076923076923 0.05090909090909091 0.0808076923076923
0 0.27265625 0.1928076923076923 0.03784090909090911 0.029653846153846156
0 0.37730823863636365 0.2048076923076923 0.030582386363636326 0.04915384615384616
0 0.30752130681818185 0.4126153846153846 0.05990056818181821 0.039653846153846165
0 0.7969105113636364 0.3488846153846154 0.09001420454545456 0.12334615384615387
0 0.37139914772727267 0.2372403846153846 0.023792613636363594 0.04478846153846152
0 0.15003551136363635 0.3870480769230769 0.03171875000000002 0.07871153846153842
0 0.2607741477272727 0.4510576923076923 0.06856534090909093 0.05857692307692309
0 0.3964417613636364 0.21920192307692307 0.037372159090909095 0.07844230769230767
0 0.031569602272727273 0.6327499999999999 0.06313920454545455 0.07473076923076914
0 0.03822443181818182 0.7143653846153847 0.07644886363636363 0.05103846153846158
0 0.8111789772727271 0.9172596153846154 0.07505681818181822 0.06248076923076925
0 0.2959659090909091 0.43215384615384617 0.061960227272727236 0.06584615384615386
0 0.26484375 0.5375384615384615 0.02301136363636366 0.08242307692307695
0 0.04996448863636363 0.6614519230769231 0.059701704545454544 0.037403846153846135
0 0.30957386363636363 0.5840192307692308 0.06866477272727273 0.14019230769230764
0 0.7624431818181818 0.8973557692307692 0.022926136363636343 0.03501923076923084
0 0.2137571022727273 0.07650961538461538 0.04353693181818183 0.02994230769230769
0 0.7607102272727272 0.8657403846153846 0.0367045454545455 0.04975000000000001
0 0.36548295454545454 0.4041346153846153 0.08275568181818184 0.034192307692307695
0 0.37629971590909095 0.4012019230769231 0.036747159090909136 0.0836346153846154
0 0.11764914772727274 0.183875 0.06169034090909092 0.09786538461538462
0 0.15910511363636362 0.20348076923076924 0.03017045454545454 0.02523076923076924
0 0.38622159090909086 0.3746730769230769 0.04960227272727275 0.04500000000000001
0 0.2081392045454545 0.39039423076923074 0.01877840909090909 0.028288461538461554
0 0.3426846590909091 0.3231923076923077 0.03977272727272727 0.05565384615384615
0 0.36574573863636367 0.33780769230769236 0.02177556818181816 0.047423076923076915
0 0.1136434659090909 0.2211442307692308 0.047315340909090904 0.06355769230769233
0 0.2262997159090909 0.10229807692307692 0.03600852272727276 0.02548076923076923
0 0.05176136363636363 0.6753557692307692 0.05948863636363637 0.027557692307692387
0 0.5606605113636364 0.6750673076923076 0.022400568181818157 0.036134615384615425
0 0.5978835227272726 0.6431153846153845 0.014943181818181873 0.04223076923076919
0 0.5628125 0.6566634615384616 0.055198863636363574 0.0497115384615384
0 0.3354403409090909 0.3435096153846154 0.048465909090909094 0.08736538461538462
0 0.23763494318181821 0.7320096153846154 0.05978693181818182 0.08875000000000006
0 0.23897017045454547 0.6902307692307693 0.05583806818181814 0.13946153846153841
0 0.23415482954545455 0.6313653846153846 0.024048295454545465 0.07388461538461531
0 0.24469460227272724 0.6658173076923077 0.08742897727272725 0.13332692307692304
0 0.20436079545454547 0.5818653846153846 0.04897727272727275 0.044307692307692235
0 0.19425426136363635 0.10300000000000001 0.01632102272727274 0.05753846153846153
0 0.11418323863636362 0.36825 0.03944602272727272 0.14265384615384616
0 0.17659801136363634 0.5501153846153847 0.05842329545454543 0.05069230769230772
0 0.07848011363636363 0.4402980769230769 0.032357954545454544 0.04655769230769232
0 0.09922585227272727 0.5098173076923077 0.0520596590909091 0.05678846153846154
0 0.5809517045454545 0.6331057692307693 0.04505681818181822 0.04040384615384625
0 0.15816761363636364 0.4681730769230769 0.02690340909090909 0.036923076923076954
0 0.19322443181818183 0.5271153846153847 0.0833806818181818 0.04130769230769223
0 0.3978196022727273 0.9235480769230769 0.05620738636363643 0.03578846153846157
0 0.9807031249999999 0.5613173076923077 0.03859374999999994 0.03874999999999996
0 0.9337073863636364 0.5463365384615385 0.03159090909090911 0.03890384615384608
0 0.028778409090909087 0.581326923076923 0.033778409090909095 0.04573076923076929
0 0.9462144886363636 0.5851153846153846 0.05785511363636366 0.058192307692307675
0 0.7975852272727273 0.13993269230769229 0.10531250000000014 0.1491730769230769
0 0.75140625 0.17194230769230767 0.051107954545454574 0.0713846153846154
0 0.7821590909090911 0.07044230769230769 0.04133522727272731 0.14088461538461539
0 0.9736363636363637 0.5830769230769232 0.05110795454545441 0.08350000000000003
0 0.8654048295454545 0.07673076923076924 0.06052556818181804 0.11630769230769232
0 0.9500213068181819 0.520298076923077 0.06461647727272712 0.05209615384615391
0 0.4143821022727273 0.4350865384615385 0.03245738636363631 0.0919423076923077
0 0.14508522727272727 0.44846153846153847 0.03113636363636362 0.05746153846153845
0 0.8595809659090908 0.02489423076923077 0.10197443181818176 0.04978846153846154
0 0.12352272727272727 0.05346153846153846 0.017357954545454544 0.04373076923076923
0 0.964559659090909 0.2878365384615385 0.07088068181818179 0.11751923076923074
0 0.4832954545454546 0.3741826923076923 0.07877840909090915 0.08228846153846152
0 0.8194957386363636 0.26466346153846154 0.0858380681818181 0.12840384615384615
0 0.1666619318181818 0.3838173076923077 0.013437500000000012 0.12355769230769231
0 0.5952414772727272 0.14907692307692308 0.03173295454545459 0.05619230769230769
0 0.6264346590909091 0.7378173076923076 0.10633522727272729 0.20782692307692308
0 0.7640553977272727 0.17492307692307693 0.06870738636363637 0.07261538461538462
0 0.7769176136363637 0.2289807692307692 0.11011363636363641 0.12723076923076926
0 0.6351136363636364 0.8337788461538461 0.05153409090909087 0.05282692307692313
0 0.6128835227272728 0.8645 0.042982954545454616 0.055269230769230786
