0 0.6440127840909091 0.7847884615384616 0.047542613636363674 0.09196153846153844
0 0.7017542613636363 0.6851634615384615 0.06453125000000001 0.11190384615384615
0 0.10072443181818182 0.05355769230769231 0.08051136363636363 0.05923076923076923
0 0.5150568181818183 0.5394134615384616 0.056818181818181816 0.0824038461538462
0 0.12208806818181818 0.34928846153846155 0.03803977272727273 0.059230769230769253
0 0.05754261363636364 0.7584326923076923 0.05840909090909092 0.06744230769230768
0 0.5817613636363637 0.5102307692307693 0.10499999999999994 0.10507692307692305
0 0.31442471590909093 0.6996923076923077 0.045042613636363645 0.11373076923076932
0 0.5216548295454545 0.47899038461538457 0.06390625000000001 0.05767307692307688
0 0.5332528409090909 0.16473076923076924 0.06656249999999994 0.06780769230769232
0 0.48126420454545454 0.4922115384615384 0.02980113636363639 0.056653846153846166
0 0.5316690340909092 0.4235288461538462 0.07100852272727275 0.08240384615384615
0 0.7167542613636364 0.6437788461538462 0.05038352272727276 0.07509615384615387
0 0.4759161931818181 0.7799038461538462 0.02231534090909088 0.08515384615384611
0 0.7713352272727273 0.10636538461538463 0.06593750000000011 0.08153846153846155
0 0.05098011363636363 0.8126923076923077 0.10144886363636361 0.12938461538461543
0 0.13113636363636363 0.8200480769230769 0.07789772727272726 0.06682692307692308
0 0.3069176136363636 0.7724807692307692 0.0730397727272727 0.06153846153846154
0 0.485703125 0.412375 0.05134943181818179 0.08582692307692306
0 0.3348082386363636 0.11065384615384614 0.09066761363636365 0.05407692307692307
0 0.47714488636363633 0.4347019230769231 0.030426136363636388 0.07724999999999997
0 0.43466619318181815 0.47375000000000006 0.07353693181818179 0.06953846153846154
0 0.07950994318181819 0.8335384615384616 0.06612215909090909 0.07049999999999994
0 0.4841122159090909 0.19435576923076922 0.05072443181818187 0.05494230769230768
0 0.4343465909090909 0.5428461538461538 0.07417613636363632 0.10300000000000001
0 0.022670454545454546 0.8740096153846154 0.044829545454545455 0.20171153846153844
0 0.04651278409090909 0.1891826923076923 0.09257102272727273 0.08498076923076922
0 0.3690482954545455 0.5531442307692308 0.06784090909090908 0.07209615384615387
0 0.32370738636363633 0.5806153846153845 0.0494602272727273 0.09269230769230767
0 0.31959517045454544 0.5587307692307693 0.0729119318181818 0.20342307692307693
0 0.33797585227272725 0.5093653846153846 0.09700284090909089 0.05665384615384622
0 0.03612926136363636 0.9537115384615384 0.07225852272727272 0.09257692307692306
0 0.6955255681818181 0.552951923076923 0.09056818181818181 0.07894230769230771
0 0.33384943181818183 0.13684615384615384 0.10397727272727271 0.046346153846153836
0 0.2629474431818182 0.049798076923076924 0.1506392045454545 0.09959615384615385
0 0.07905539772727273 0.9319423076923077 0.07336647727272728 0.12753846153846152
0 0.6258877840909091 0.44396153846153846 0.1262926136363636 0.09476923076923077
0 0.4010582386363637 0.4552980769230769 0.07228693181818188 0.1184423076923077
0 0.342734375 0.42096153846153844 0.05705965909090911 0.1545
0 0.35350852272727273 0.22353846153846155 0.06465909090909089 0.054923076923076956
0 0.12472301136363638 0.7812692307692307 0.08845170454545453 0.10438461538461533
0 0.18943892045454547 0.7636923076923077 0.052343749999999994 0.059346153846153875
0 0.3357599431818182 0.19091346153846156 0.10904829545454543 0.08755769230769231
0 0.40200994318181815 0.0733173076923077 0.05134943181818179 0.0686730769230769
0 0.39123579545454545 0.3651634615384615 0.07036931818181817 0.07209615384615387
0 0.46821022727272726 0.6612307692307693 0.06534090909090909 0.05438461538461544
0 0.09649147727272728 0.8635865384615384 0.06838068181818181 0.07909615384615384
0 0.1406463068181818 0.9855961538461538 0.07970170454545454 0.028807692307692343
0 0.44575994318181816 0.40507692307692306 0.0437357954545454 0.10042307692307692
0 0.114609375 0.9034423076923076 0.05842329545454546 0.13549999999999995
0 0.6308948863636363 0.20765384615384613 0.08940340909090909 0.09526923076923079
0 0.4162784090909091 0.29606730769230766 0.06846590909090916 0.13648076923076924
0 0.17321022727272728 0.7049134615384616 0.03286931818181816 0.05932692307692312
0 0.19228693181818182 0.6565673076923078 0.036931818181818184 0.16151923076923078
0 0.48252840909090905 0.29864423076923075 0.20352272727272724 0.22917307692307692
0 0.16428267045454545 0.4651153846153846 0.08805397727272729 0.11480769230769229
0 0.5155042613636364 0.07247115384615385 0.048821022727272734 0.07725
0 0.1678196022727273 0.9040384615384616 0.06703125000000001 0.1453076923076923
0 0.19522017045454546 0.8433461538461537 0.06384943181818183 0.11342307692307685
0 0.8144460227272727 0.18319230769230768 0.16357954545454556 0.0926923076923077
0 0.22215909090909092 0.9150865384615385 0.04801136363636365 0.05455769230769221
0 0.23122159090909092 0.9472692307692308 0.04076704545454544 0.037999999999999985
0 0.23665482954545453 0.8565288461538462 0.040752840909090905 0.07355769230769231
0 0.4359303977272727 0.11108653846153846 0.04944602272727273 0.09271153846153847
0 0.07093039772727272 0.13982692307692307 0.09700284090909089 0.0721153846153846
0 0.27560369318181815 0.9150865384615385 0.07063920454545453 0.06928846153846159
0 0.19295454545454546 0.9895769230769231 0.04573863636363637 0.0208461538461538
0 0.8237500000000001 0.5590865384615386 0.03678977272727269 0.08048076923076916
0 0.5256463068181818 0.27289423076923075 0.13123579545454545 0.19828846153846155
0 0.540234375 0.2698846153846154 0.0729119318181818 0.13046153846153843
0 0.1877414772727273 0.9629038461538462 0.05161931818181819 0.0410769230769231
0 0.2259588068181818 0.802701923076923 0.07669034090909088 0.10767307692307683
0 0.22261363636363637 0.9687307692307693 0.03261363636363634 0.033115384615384665
0 0.23597301136363635 0.9693461538461539 0.047542613636363674 0.0613076923076923
0 0.2785440340909091 0.9846730769230768 0.04484374999999999 0.03065384615384615
0 0.27967329545454545 0.9478846153846153 0.04528409090909094 0.06865384615384613
0 0.3240625 0.9714903846153846 0.054346590909090935 0.057019230769230725
0 0.39198863636363634 0.9671923076923077 0.08965909090909087 0.06315384615384621
0 0.8245951704545454 0.519625 0.03509943181818187 0.0797115384615385
0 0.6010369318181819 0.4044807692307692 0.07659090909090903 0.11880769230769231
0 0.3707102272727273 0.9285673076923078 0.13767045454545454 0.06805769230769228
0 0.2998295454545455 0.8684807692307692 0.09375 0.0827692307692308
0 0.6068678977272728 0.31005769230769237 0.06694602272727272 0.08103846153846157
0 0.6449005681818182 0.33478846153846153 0.04869318181818178 0.12223076923076924
0 0.1577911931818182 0.062144230769230764 0.05262784090909092 0.07640384615384616
0 0.3002840909090909 0.844875 0.10732954545454546 0.0882884615384616
0 0.3478338068181818 0.8010384615384615 0.09103693181818183 0.0827692307692308
0 0.5871448863636364 0.24756730769230773 0.11221590909090909 0.08755769230769231
0 0.23631392045454547 0.7356730769230769 0.06330965909090908 0.10546153846153852
0 0.7880823863636363 0.5564038461538462 0.04471590909090895 0.09503846153846157
0 0.6877698863636365 0.24998076923076926 0.09383522727272728 0.08446153846153844
0 0.39651988636363633 0.8703173076923076 0.09329545454545456 0.09994230769230775
0 0.4141832386363637 0.8556057692307691 0.056150568181818225 0.09871153846153843
0 0.7024786931818182 0.29221153846153847 0.09282670454545458 0.1359615384615385
0 0.7050142045454545 0.34371153846153846 0.08369318181818176 0.13184615384615386
0 0.45720170454545456 0.8666442307692307 0.09238636363636359 0.08521153846153846
0 0.4474644886363636 0.8362884615384616 0.06566761363636366 0.03188461538461546
0 0.4508664772727272 0.9524807692307692 0.044374999999999935 0.09380769230769226
0 0.48776988636363633 0.9754711538461539 0.044829545454545455 0.04905769230769229
0 0.1834659090909091 0.03626923076923077 0.04565340909090907 0.07253846153846154
0 0.7561008522727274 0.6058365384615384 0.04075284090909082 0.0682115384615384
0 0.4972798295454545 0.9672019230769231 0.05026988636363634 0.06559615384615387
0 0.52015625 0.9727115384615385 0.0371306818181818 0.05457692307692307
0 0.5412073863636363 0.9592211538461539 0.04664772727272732 0.06805769230769228
0 0.8759446022727272 0.017346153846153844 0.0441335227272728 0.03469230769230769
0 0.47825994318181825 0.9181442307692308 0.08015625000000001 0.05578846153846152
0 0.5382670454545454 0.9034326923076923 0.051619318181818225 0.05825000000000004
0 0.8858380681818182 0.054615384615384614 0.07303977272727283 0.046692307692307686
0 0.87609375 0.1006153846153846 0.04991477272727271 0.05823076923076922
0 0.970440340909091 0.02150961538461538 0.05843749999999998 0.04286538461538461
0 0.8252201704545453 0.1449903846153846 0.11413352272727276 0.04205769230769232
0 0.23610795454545455 0.16852884615384614 0.08440340909090911 0.09228846153846153
0 0.27648437499999995 0.6810096153846154 0.051122159090909065 0.048903846153846055
0 0.6252485795454544 0.58075 0.03367897727272724 0.07361538461538457
0 0.5276207386363637 0.9012788461538462 0.034872159090909106 0.03678846153846153
0 0.5165340909090909 0.8730769230769231 0.05434659090909089 0.05273076923076915
0 0.5264985795454545 0.8592884615384616 0.05705965909090911 0.047192307692307735
0 0.4553977272727273 0.8307788461538461 0.09238636363636367 0.06009615384615385
0 0.5960085227272727 0.9350096153846154 0.09375 0.12874999999999986
0 0.26877130681818184 0.5906442307692308 0.07061079545454542 0.10548076923076928
0 0.586953125 0.8887211538461538 0.05842329545454545 0.10240384615384615
0 0.5686079545454544 0.8599038461538461 0.04076704545454544 0.0606923076923077
0 0.5911576704545454 0.5642788461538462 0.05072443181818179 0.061519230769230784
0 0.7207244318181818 0.6173365384615385 0.0390625 0.05440384615384619
0 0.5846875 0.810548076923077 0.1625852272727273 0.07601923076923071
0 0.9594531249999999 0.08990384615384615 0.08109375000000005 0.10053846153846153
0 0.6123153409090909 0.9659711538461538 0.03125 0.06805769230769228
0 0.9584375 0.14484615384615385 0.08312499999999998 0.07415384615384614
0 0.6422017045454546 0.9754711538461539 0.054801136363636344 0.04905769230769229
0 0.9061221590909092 0.11298076923076923 0.03772727272727281 0.057692307692307696
0 0.7031178977272727 0.9478846153846153 0.07336647727272733 0.10423076923076921
0 0.9156605113636364 0.14347115384615383 0.0438210227272726 0.02967307692307691
0 0.9357457386363638 0.17945192307692306 0.08643465909090912 0.05217307692307691
0 0.90859375 0.20466346153846154 0.025965909090909053 0.048788461538461544
0 0.7065625 0.5981730769230769 0.03113636363636366 0.034499999999999996
0 0.7101349431818181 0.8203557692307691 0.18703124999999995 0.30167307692307693
0 0.47872869318181815 0.09478846153846154 0.055156249999999976 0.10815384615384614
0 0.7155681818181818 0.8687884615384615 0.07835227272727276 0.0613076923076923
0 0.7284730113636364 0.815451923076923 0.11774147727272725 0.05517307692307692
0 0.7497585227272728 0.7854134615384615 0.12227272727272726 0.06867307692307688
0 0.7549644886363637 0.9022115384615385 0.049360795454545456 0.09134615384615384
0 0.7561008522727274 0.9849807692307694 0.059786931818181864 0.03003846153846155
0 0.7531534090909091 0.9530961538461539 0.04482954545454538 0.06438461538461542
0 0.1454190340909091 0.13173076923076923 0.04828125000000001 0.06592307692307693
0 0.17626420454545455 0.177875 0.04261363636363636 0.0626346153846154
0 0.4393963068181818 0.6667307692307692 0.07669034090909092 0.07526923076923074
0 0.8031960227272728 0.8819711538461539 0.09420454545454553 0.08032692307692305
0 0.14034801136363637 0.1679807692307692 0.06086647727272729 0.11207692307692306
0 0.814744318181818 0.9141634615384615 0.07835227272727269 0.08705769230769227
0 0.819502840909091 0.9665865384615384 0.10505681818181807 0.06682692307692308
0 0.9316477272727273 0.21828846153846151 0.027272727272727337 0.07953846153846154
0 0.9620099431818182 0.24317307692307694 0.07598011363636364 0.07746153846153847
0 0.8339914772727273 0.9101826923076923 0.08696022727272731 0.07909615384615384
0 0.8862997159090908 0.9858942307692307 0.028536931818181864 0.028211538461538493
0 0.9306818181818183 0.9619903846153847 0.06747159090909091 0.07601923076923071
0 0.9768181818181819 0.2195480769230769 0.04636363636363634 0.0730576923076923
0 0.18761363636363637 0.5335096153846154 0.08602272727272729 0.08898076923076925
0 0.986512784090909 0.9779230769230769 0.02697443181818183 0.04415384615384611
0 0.9430894886363635 0.31184615384615383 0.10305397727272737 0.17634615384615382
0 0.1253409090909091 0.20231730769230769 0.07710227272727271 0.06317307692307692
0 0.9218536931818181 0.9282596153846153 0.07970170454545457 0.11036538461538459
0 0.5645809659090909 0.6005384615384615 0.05356534090909088 0.040653846153846235
0 0.9688494318181817 0.9270384615384616 0.062301136363636385 0.0637692307692307
0 0.9767684659090908 0.3162403846153846 0.046264204545454456 0.10163461538461538
0 0.5398295454545454 0.6049230769230769 0.02920454545454546 0.046153846153846156
0 0.8446874999999999 0.2135096153846154 0.11076704545454548 0.0906346153846154
0 0.7684019886363636 0.26707692307692305 0.05316761363636357 0.09557692307692306
0 0.2817542613636364 0.726326923076923 0.025156250000000012 0.050538461538461484
0 0.45563210227272727 0.7296346153846153 0.05478693181818181 0.05603846153846162
0 0.23996448863636363 0.5310384615384615 0.03896306818181819 0.08184615384615385
0 0.9788139204545455 0.8838076923076924 0.04237215909090915 0.0619230769230769
0 0.9403196022727273 0.8454903846153846 0.11936079545454542 0.0919807692307692
0 0.51296875 0.13598076923076924 0.07798295454545451 0.06696153846153848
0 0.8955823863636364 0.8678653846153845 0.051619318181818065 0.13549999999999995
0 0.8304829545454546 0.27531730769230767 0.07588068181818176 0.09228846153846153
0 0.4992542613636364 0.7996730769230769 0.04382102272727268 0.07307692307692308
0 0.8712713068181818 0.2753076923076923 0.07384943181818183 0.07580769230769231
0 0.8843323863636363 0.3005865384615385 0.03474431818181807 0.06417307692307693
0 0.3844247159090909 0.6370673076923077 0.06086647727272727 0.1324038461538461
0 0.8604900568181819 0.8350673076923077 0.05026988636363634 0.0895192307692308
0 0.808409090909091 0.767625 0.12454545454545464 0.15817307692307692
0 0.8819034090909091 0.3359615384615384 0.08829545454545466 0.06373076923076926
0 0.867450284090909 0.3972788461538461 0.04967329545454533 0.10459615384615388
0 0.8502414772727271 0.3913365384615385 0.05096590909090908 0.14721153846153848
0 0.8190482954545455 0.7195 0.10869318181818179 0.13796153846153847
0 0.87 0.7749807692307692 0.03667613636363627 0.09196153846153844
0 0.24422585227272728 0.5925673076923077 0.04504261363636361 0.047788461538461585
0 0.7038068181818182 0.16345192307692308 0.09065340909090908 0.09271153846153846
0 0.2572088068181818 0.7161730769230769 0.0742471590909091 0.10930769230769226
0 0.5836576704545454 0.18533653846153847 0.04944602272727273 0.0901346153846154
0 0.7976633522727273 0.3432211538461538 0.06654829545454549 0.09844230769230769
0 0.7512357954545453 0.33838461538461534 0.03213068181818182 0.09492307692307689
0 0.8824573863636364 0.73575 0.061590909090908946 0.08338461538461531
0 0.7543181818181818 0.4192403846153846 0.057130681818181775 0.08174999999999999
0 0.9137002840909091 0.7762115384615385 0.05615056818181814 0.0821538461538462
0 0.7056321022727272 0.43242307692307697 0.0435085227272728 0.07119230769230771
0 0.7296519886363636 0.4638461538461538 0.07012784090909091 0.03823076923076922
0 0.911434659090909 0.752298076923077 0.04619318181818179 0.16432692307692306
0 0.9858877840909092 0.7717692307692308 0.028224431818181826 0.0827692307692307
0 0.6125071022727272 0.148 0.03359374999999997 0.05665384615384616
0 0.26725852272727274 0.22456730769230768 0.08622159090909089 0.10848076923076923
0 0.9610227272727272 0.8005 0.045284090909090906 0.08507692307692309
0 0.9542329545454545 0.7353653846153846 0.0566193181818182 0.08353846153846153
0 0.9502698863636364 0.683625 0.061136363636363586 0.10117307692307695
0 0.9097940340909091 0.6437692307692308 0.049247159090909196 0.0720384615384616
0 0.8865838068181818 0.6433942307692307 0.04586647727272722 0.15405769230769234
0 0.7742897727272726 0.4777019230769231 0.025000000000000033 0.08175000000000003
0 0.5619460227272728 0.655201923076923 0.05559659090909089 0.08625000000000005
0 0.9844744318181817 0.6817115384615384 0.03105113636363638 0.124923076923077
0 0.9757457386363636 0.6495288461538461 0.047542613636363515 0.09121153846153847
0 0.3259303977272727 0.26216346153846154 0.05134943181818183 0.05321153846153846
0 0.655625 0.6322788461538461 0.031136363636363577 0.07971153846153844
0 0.9431960227272728 0.6345769230769231 0.030000000000000006 0.04446153846153847
0 0.9833451704545454 0.5824615384615385 0.033309659090909154 0.07357692307692305
0 0.8056107954545454 0.4313269230769231 0.056477272727272716 0.10065384615384616
0 0.9591548295454545 0.3495865384615385 0.06492897727272733 0.11732692307692306
0 0.9054332386363636 0.39176923076923076 0.05549715909090916 0.08042307692307692
0 0.946875 0.5954903846153846 0.03735795454545448 0.04444230769230761
0 0.6420099431818183 0.5673461538461538 0.051292613636363574 0.14238461538461542
0 0.23245738636363636 0.1215576923076923 0.11036931818181818 0.05438461538461537
0 0.6611505681818182 0.48868269230769235 0.06622159090909091 0.07909615384615384
0 0.9160227272727273 0.5786346153846154 0.03113636363636374 0.0827692307692308
0 0.5564701704545455 0.7620480769230769 0.09089488636363638 0.12855769230769235
0 0.6771306818181818 0.5970192307692308 0.035653409090909124 0.0827692307692308
0 0.896775568181818 0.5521923076923076 0.02548295454545446 0.06207692307692302
0 0.9797017045454546 0.5475961538461539 0.03963068181818179 0.08661538461538454
0 0.9497088068181818 0.5360961538461538 0.033963068181818136 0.08199999999999998
0 0.9191335227272727 0.5376346153846153 0.04755681818181805 0.09426923076923073
0 0.7191051136363636 0.49109615384615385 0.08278409090909088 0.03911538461538468
0 0.745653409090909 0.17975961538461538 0.06531249999999994 0.07040384615384615
0 0.8871519886363637 0.5295865384615385 0.0401846590909092 0.0597884615384616
0 0.972059659090909 0.4924038461538462 0.05491477272727268 0.031423076923076984
0 0.9273366477272728 0.48550961538461535 0.10359374999999993 0.03601923076923075
0 0.8625284090909091 0.5483557692307692 0.05548295454545447 0.23682692307692313
0 0.31990767045454543 0.29306730769230765 0.06467329545454546 0.03432692307692307
0 0.8438423295454546 0.5307307692307692 0.052088068181818124 0.18623076923076917
0 0.9831036931818182 0.42228846153846156 0.031690340909090835 0.1118846153846154
0 0.3424147727272727 0.042673076923076925 0.03866477272727273 0.08534615384615385
0 0.20791193181818182 0.07514423076923077 0.05235795454545456 0.07251923076923077
0 0.25681107954545457 0.09711538461538462 0.06978693181818185 0.06703846153846155
0 0.9570667613636364 0.43723076923076926 0.033963068181818136 0.06973076923076926
0 0.7207244318181818 0.5510961538461538 0.09252840909090915 0.12480769230769226
0 0.9146022727272727 0.4349326923076923 0.07133522727272731 0.09732692307692305
0 0.8390269886363636 0.6387884615384615 0.06623579545454544 0.08353846153846153
0 0.7861008522727272 0.6533557692307692 0.060014204545454544 0.10348076923076924
0 0.5785866477272728 0.025076923076923077 0.11032670454545457 0.05015384615384615
0 0.24949573863636365 0.43490384615384614 0.06126420454545454 0.06757692307692305
0 0.629296875 0.8671826923076923 0.10188920454545448 0.0789423076923076
0 0.7773295454545455 0.6418653846153846 0.09000000000000002 0.062076923076923134
0 0.4724715909090909 0.5780096153846154 0.06005681818181814 0.05601923076923076
0 0.7504403409090908 0.7223365384615384 0.059999999999999935 0.08967307692307691
0 0.5063565340909091 0.5851538461538461 0.03774147727272726 0.14392307692307688
0 0.24636363636363637 0.3007884615384615 0.09764204545454547 0.0600769230769231
0 0.0807528409090909 0.09219230769230768 0.11286931818181817 0.05923076923076924
0 0.1858096590909091 0.3256826923076923 0.06656250000000002 0.06178846153846153
0 0.3421022727272727 0.3231057692307692 0.04184659090909088 0.04121153846153842
0 0.22160511363636362 0.23933653846153843 0.10551136363636364 0.07209615384615384
0 0.49616477272727266 0.032115384615384615 0.07607954545454546 0.06180769230769231
0 0.30405539772727275 0.33298076923076925 0.05705965909090907 0.06265384615384613
0 0.6157102272727273 0.7752211538461539 0.04301136363636368 0.1080576923076923
0 0.12980113636363635 0.2633653846153846 0.04869318181818182 0.06384615384615389
0 0.10443892045454546 0.24207692307692308 0.061889204545454546 0.05838461538461538
0 0.7304332386363637 0.02979807692307692 0.19083806818181814 0.05959615384615384
0 0.09581676136363636 0.21221153846153845 0.13086647727272727 0.25819230769230767
0 0.1680965909090909 0.2801923076923077 0.053267045454545456 0.05219230769230772
0 0.4176917613636363 0.777701923076923 0.02759943181818183 0.0752500000000001
0 0.13338068181818183 0.014548076923076924 0.07607954545454546 0.029096153846153848
0 0.18280539772727272 0.25375961538461533 0.06745738636363635 0.06798076923076922
0 0.08490767045454545 0.41031730769230773 0.09890624999999999 0.10782692307692307
0 0.4509659090909091 0.7749519230769231 0.047869318181818166 0.06648076923076922
0 0.6035369318181818 0.7100673076923077 0.06963068181818179 0.0758653846153846
0 0.3416122159090909 0.6403557692307693 0.08805397727272729 0.10932692307692313
0 0.41215909090909086 0.151 0.051363636363636396 0.10042307692307692
0 0.36745738636363634 0.28834615384615386 0.041846590909090924 0.09011538461538461
0 0.005305397727272727 0.35194230769230767 0.010610795454545454 0.047384615384615414
0 0.6438920454545455 0.10035576923076923 0.05451704545454545 0.12617307692307692
0 0.023053977272727275 0.320701923076923 0.04610795454545455 0.1428269230769231
0 0.37306107954545453 0.7738557692307692 0.07223011363636363 0.07086538461538455
0 0.5817613636363637 0.09778846153846153 0.038039772727272686 0.11073076923076923
0 0.3627059659090909 0.7167211538461539 0.05964488636363634 0.06867307692307699
0 0.21561079545454548 0.6301923076923077 0.04301136363636364 0.03076923076923077
0 0.6578835227272727 0.7368942307692307 0.06963068181818187 0.15709615384615383
0 0.37855113636363635 0.046711538461538464 0.06022727272727269 0.0926923076923077
0 0.1791477272727273 0.3793365384615385 0.07988636363636364 0.09355769230769231
0 0.028125 0.2743557692307692 0.05625 0.12017307692307691
0 0.19816761363636362 0.5997115384615385 0.05355113636363639 0.048884615384615415
0 0.20863636363636362 0.4085192307692308 0.03994318181818182 0.059230769230769253
0 0.7982741477272728 0.4958557692307693 0.03339488636363635 0.03678846153846158
0 0.7515696022727273 0.5418461538461539 0.04529829545454544 0.0827692307692307
0 0.07780539772727273 0.28465384615384615 0.08166193181818181 0.09819230769230772
0 0.080859375 0.3258557692307692 0.06441761363636363 0.10644230769230768
0 0.029651988636363636 0.42920192307692306 0.05930397727272727 0.04532692307692306
0 0.4542116477272727 0.6131634615384616 0.07708806818181815 0.05163461538461532
0 0.4176917613636364 0.7219326923076923 0.055184659090909124 0.05932692307692301
0 0.2092684659090909 0.46087500000000003 0.06910511363636364 0.06951923076923078
0 0.28027698863636363 0.4128076923076923 0.10461647727272724 0.14507692307692308
0 0.41754261363636364 0.032125 0.06213068181818183 0.06351923076923077
0 0.2675994318181818 0.5145288461538462 0.05897727272727274 0.12017307692307694
0 0.24477272727272725 0.3377019230769231 0.05517045454545455 0.046365384615384586
0 0.49803267045454547 0.7279807692307692 0.051946022727272716 0.08569230769230769
0 0.05741477272727273 0.6732115384615386 0.11482954545454546 0.12630769230769232
0 0.025717329545454547 0.5858365384615385 0.05143465909090909 0.0705192307692308
0 0.01960227272727273 0.5303461538461538 0.03920454545454546 0.06253846153846161
0 0.25375710227272724 0.6535480769230769 0.08927556818181817 0.04340384615384614
0 0.04948863636363637 0.5196153846153846 0.09897727272727273 0.12446153846153846
0 0.08041193181818182 0.5895096153846154 0.09329545454545456 0.0889038461538462
0 0.065 0.459 0.13 0.05823076923076923
0 0.07973011363636363 0.6355000000000001 0.075625 0.07296153846153845
0 0.11800426136363634 0.5490480769230769 0.10598011363636362 0.17598076923076922
0 0.15784801136363635 0.6391826923076923 0.12680397727272727 0.11832692307692302
0 0.5272514204545454 0.6620576923076923 0.06654829545454549 0.11865384615384614
0 0.04430397727272727 0.03377884615384616 0.08860795454545455 0.06755769230769232
0 0.5227982954545455 0.19220192307692308 0.038039772727272686 0.03348076923076925
0 0.14223011363636362 0.6860865384615384 0.08920454545454545 0.10913461538461539
0 0.6641122159090909 0.7016442307692308 0.05038352272727269 0.1080576923076923
0 0.158203125 0.7417211538461538 0.05640624999999999 0.06482692307692314
0 0.6142897727272727 0.645298076923077 0.05397727272727273 0.11371153846153845
0 0.4432244318181818 0.18920192307692307 0.061505681818181834 0.05836538461538463
0 0.14630681818181818 0.5475192307692307 0.0765340909090909 0.14346153846153845
0 0.7114133522727273 0.083625 0.08433238636363637 0.07725
0 0.01723721590909091 0.09991346153846153 0.03447443181818182 0.06951923076923076
0 0.5399076704545455 0.09822115384615385 0.05325284090909084 0.07725
0 0.5634943181818182 0.5459326923076923 0.05630681818181816 0.06798076923076928
0 0.5104900568181818 0.5607019230769231 0.049701704545454556 0.06728846153846156
0 0.03816761363636364 0.7305384615384616 0.07633522727272728 0.09380769230769226
