0 0.9594389204545454 0.6712019230769231 0.034843750000000125 0.13209615384615384
0 0.935809659090909 0.8812115384615385 0.03943181818181833 0.04961538461538464
0 0.02169034090909091 0.04776923076923077 0.04338068181818182 0.07288461538461538
0 0.03521306818181818 0.03411538461538461 0.07042613636363636 0.06823076923076922
0 0.009453125 0.12161538461538463 0.01890625 0.03584615384615385
0 0.012386363636363638 0.15979807692307693 0.024772727272727276 0.046634615384615385
0 0.037904829545454544 0.21883653846153847 0.037656249999999995 0.10498076923076924
0 0.1603053977272727 0.1681826923076923 0.01734374999999999 0.09694230769230769
0 0.16823863636363637 0.23426923076923079 0.06937500000000002 0.060730769230769255
0 0.2152485795454546 0.07309615384615384 0.032627840909090905 0.04734615384615385
0 0.1865625 0.053461538461538456 0.05971590909090912 0.10684615384615384
0 0.1641690340909091 0.1138076923076923 0.0452130681818182 0.0923846153846154
0 0.9682599431818182 0.8933461538461538 0.03265625000000001 0.03826923076923083
0 0.21610085227272727 0.1091923076923077 0.02794034090909089 0.027153846153846164
0 0.2418039772727273 0.13301923076923078 0.02730113636363636 0.05573076923076922
0 0.2531036931818182 0.1309903846153846 0.030298295454545432 0.04705769230769229
0 0.26494318181818177 0.15698076923076923 0.03690340909090908 0.095
0 0.7097301136363636 0.5231730769230769 0.04352272727272733 0.034384615384615375
0 0.8969460227272728 0.41621153846153847 0.15323863636363635 0.07565384615384615
0 0.5981036931818182 0.45989423076923075 0.029815340909090923 0.05509615384615386
0 0.5610298295454546 0.4448846153846154 0.05640624999999997 0.08838461538461534
0 0.5100568181818183 0.46288461538461534 0.029403409090909074 0.05565384615384615
0 0.5255681818181818 0.4721634615384615 0.07897727272727276 0.022903846153846146
0 0.9487571022727272 0.9626153846153847 0.03424715909090911 0.03773076923076924
0 0.5382670454545454 0.4495192307692308 0.04633522727272728 0.09111538461538461
0 0.6766832386363636 0.5114423076923077 0.04271306818181817 0.04692307692307688
0 0.5098579545454546 0.41351923076923075 0.02659090909090913 0.04746153846153847
0 0.4731818181818182 0.41950961538461534 0.030625000000000003 0.07255769230769228
0 0.4915198863636363 0.40751923076923074 0.014914772727272728 0.050730769230769225
0 0.5142897727272727 0.3753269230769231 0.056420454545454586 0.06600000000000004
0 0.44316761363636364 0.4443365384615385 0.04633522727272728 0.10582692307692308
0 0.42160511363636366 0.4964423076923076 0.037869318181818136 0.07692307692307687
0 0.3516903409090909 0.45143269230769234 0.10517045454545458 0.07309615384615382
0 0.3052130681818182 0.44281730769230765 0.058835227272727296 0.020865384615384605
0 0.9509446022727271 0.9888557692307693 0.017911931818181837 0.02228846153846149
0 0.331484375 0.42272115384615383 0.07137784090909091 0.10901923076923077
0 0.39744318181818183 0.3972019230769231 0.07082386363636366 0.06882692307692306
0 0.6035440340909091 0.49780769230769234 0.08018465909090908 0.03492307692307692
0 0.4262855113636364 0.3705288461538462 0.043963068181818166 0.03248076923076926
0 0.4699715909090909 0.3662788461538461 0.04911931818181816 0.034788461538461546
0 0.47025568181818184 0.3635673076923077 0.04511363636363635 0.07267307692307691
0 0.5330823863636364 0.5069903846153846 0.02684659090909096 0.03944230769230767
0 0.6654048295454545 0.5365384615384615 0.020951704545454544 0.029461538461538556
0 0.48082386363636365 0.48727884615384615 0.022840909090909148 0.024750000000000008
0 0.4514133522727272 0.5301923076923076 0.03484375000000004 0.09200000000000001
0 0.9344176136363637 0.9925288461538462 0.0199147727272727 0.013480769230769213
0 0.48426846590909095 0.4560673076923077 0.025383522727272734 0.03655769230769229
0 0.48482244318181816 0.5112403846153847 0.03654829545454548 0.02782692307692302
0 0.4919673295454546 0.5425576923076924 0.05882102272727276 0.05953846153846161
0 0.48825284090909093 0.6040288461538462 0.04454545454545456 0.06186538461538465
0 0.4679758522727273 0.6330192307692307 0.049673295454545414 0.0595384615384615
0 0.38088778409090907 0.5035192307692308 0.06967329545454547 0.08969230769230767
0 0.2481036931818182 0.3430769230769231 0.05768465909090907 0.07034615384615382
0 0.42485795454545455 0.32877884615384617 0.029687500000000047 0.0324807692307692
0 0.6241690340909091 0.3604807692307692 0.04683238636363632 0.07576923076923078
0 0.6355823863636364 0.5038076923076923 0.05400568181818179 0.0491153846153846
0 0.9133167613636364 0.9852499999999998 0.05654829545454538 0.029115384615384588
0 0.5400923295454546 0.36404807692307695 0.04836647727272729 0.028403846153846172
0 0.27457386363636366 0.28117307692307686 0.056335227272727266 0.05630769230769231
0 0.32785511363636366 0.4013653846153846 0.05105113636363636 0.0666923076923077
0 0.17228693181818183 0.3512307692307692 0.0397159090909091 0.0586153846153846
0 0.5426207386363636 0.2147403846153846 0.03779829545454547 0.07332692307692307
0 0.5654687500000001 0.15784615384615383 0.02369318181818183 0.10615384615384617
0 0.6215980113636363 0.14791346153846155 0.05359375000000002 0.06798076923076923
0 0.7270951704545454 0.16739423076923077 0.07615056818181812 0.06109615384615386
0 0.5426207386363636 0.14676923076923076 0.02990056818181812 0.06873076923076922
0 0.6802698863636364 0.1353076923076923 0.04457386363636363 0.07180769230769231
0 0.9034019886363637 0.9706538461538462 0.05328124999999999 0.028115384615384514
0 0.6582741477272728 0.388125 0.05359375000000002 0.11455769230769235
0 0.4867684659090909 0.27737500000000004 0.0547301136363636 0.033596153846153845
0 0.5863423295454545 0.21053846153846154 0.03384943181818179 0.052692307692307705
0 0.48365767045454544 0.22276923076923077 0.01353693181818178 0.0908846153846154
0 0.46392045454545455 0.2613365384615385 0.019176136363636364 0.09013461538461542
0 0.4083451704545455 0.2456730769230769 0.038934659090909124 0.0863076923076923
0 0.39254971590909093 0.1834230769230769 0.023139204545454574 0.07484615384615385
0 0.3649076704545454 0.22964423076923077 0.04569602272727275 0.05574999999999999
0 0.35080255681818184 0.21475 0.05924715909090906 0.04276923076923079
0 0.43712357954545455 0.2957115384615384 0.03779829545454547 0.11303846153846155
0 0.8617471590909092 0.9585673076923078 0.04659090909090919 0.08140384615384612
0 0.5671590909090909 0.28081730769230767 0.03948863636363638 0.06798076923076922
0 0.5491051136363637 0.31098076923076917 0.03948863636363638 0.03973076923076922
0 0.393700284090909 0.3147884615384615 0.05473011363636368 0.04811538461538458
0 0.3375639204545454 0.3510673076923077 0.02595170454545456 0.0458269230769231
0 0.421328125 0.19526923076923075 0.025383522727272734 0.0908846153846154
0 0.3183877840909091 0.35947115384615386 0.02370738636363636 0.06109615384615386
0 0.41485795454545454 0.3422788461538462 0.05190340909090904 0.017557692307692354
0 0.35787642045454543 0.5912692307692309 0.046264204545454574 0.04965384615384614
0 0.3234659090909091 0.5992884615384615 0.03835227272727273 0.03361538461538465
0 0.31556107954545454 0.6810192307692308 0.04964488636363635 0.04276923076923079
0 0.8547443181818182 0.8928750000000001 0.03667613636363627 0.04855769230769231
0 0.36774857954545453 0.6600192307692307 0.028764204545454506 0.0863076923076923
0 0.39116477272727274 0.7306634615384615 0.02369318181818183 0.07636538461538468
0 0.35928977272727275 0.6955192307692308 0.042301136363636326 0.04276923076923079
0 0.4704261363636364 0.673375 0.06599431818181824 0.06109615384615392
0 0.4532244318181818 0.7004903846153846 0.04062500000000003 0.04351923076923076
0 0.44218039772727274 0.5966730769230769 0.04916193181818184 0.06873076923076925
0 0.41155539772727273 0.5947596153846153 0.04109375000000001 0.060557692307692326
0 0.39039772727272726 0.6261249999999999 0.037471590909090906 0.08728846153846151
0 0.41134943181818184 0.6435865384615385 0.03505681818181819 0.06655769230769233
0 0.39301136363636363 0.6894134615384615 0.05238636363636363 0.06001923076923084
0 0.8712642045454544 0.8582211538461538 0.034261363636363645 0.09824999999999995
0 0.43815340909090905 0.7303365384615385 0.019346590909090914 0.06001923076923073
0 0.40724431818181817 0.6363365384615385 0.08744318181818186 0.022134615384615367
0 0.42283380681818183 0.7349711538461537 0.029815340909090923 0.04963461538461539
0 0.42646306818181823 0.8034326923076922 0.06769886363636367 0.09601923076923079
0 0.4006747159090909 0.7805192307692308 0.03626420454545451 0.04692307692307688
0 0.48629971590909093 0.7270576923076923 0.03424715909090911 0.051269230769230706
0 0.5243821022727272 0.7497019230769232 0.05157670454545455 0.06382692307692307
0 0.3140340909090909 0.7930673076923077 0.05238636363636367 0.06001923076923073
0 0.5562713068181818 0.6554134615384616 0.05311079545454544 0.04221153846153855
0 0.5662144886363637 0.7027403846153847 0.051065340909090894 0.0347884615384616
0 0.974034090909091 0.985798076923077 0.02428977272727276 0.025865384615384703
0 0.9764772727272728 0.8773173076923076 0.034261363636363645 0.018557692307692265
0 0.6333451704545454 0.9208269230769232 0.04583806818181815 0.15823076923076929
0 0.5982528409090908 0.9583173076923077 0.030965909090909106 0.08336538461538466
0 0.6133238636363636 0.9180288461538462 0.027244318181818192 0.10455769230769231
0 0.6632883522727272 0.9775769230769231 0.02643465909090911 0.044730769230769324
0 0.5906107954545455 0.9862692307692308 0.047073863636363615 0.02746153846153841
0 0.5012073863636364 0.9778557692307692 0.12264204545454542 0.04305769230769217
0 0.5375426136363637 0.9395576923076924 0.015284090909090896 0.03019230769230767
0 0.5218536931818182 0.9395576923076924 0.01941761363636366 0.03019230769230767
0 0.5532386363636363 0.9048942307692308 0.06647727272727275 0.05144230769230769
0 0.4921235795454546 0.869951923076923 0.021065340909090888 0.03521153846153836
0 0.9688139204545455 0.8530384615384616 0.035071022727272645 0.02892307692307696
0 0.4743678977272728 0.8305384615384616 0.03345170454545456 0.055923076923077
0 0.49728693181818184 0.9471057692307693 0.046250000000000006 0.03298076923076919
0 0.4753977272727273 0.8965096153846154 0.05119318181818177 0.10286538461538464
0 0.5059588068181818 0.902375 0.04211647727272724 0.04863461538461542
0 0.5819105113636364 0.8326730769230769 0.053394886363636325 0.08026923076923079
0 0.6058522727272727 0.8632115384615384 0.041676136363636325 0.06761538461538455
0 0.6538352272727272 0.8710961538461539 0.045681818181818136 0.10446153846153845
0 0.6081178977272728 0.8071057692307693 0.014701704545454579 0.03313461538461542
0 0.6512926136363636 0.8001826923076923 0.02920454545454546 0.07009615384615382
0 0.5536079545454545 0.8268269230769231 0.035397727272727296 0.05961538461538462
0 0.9319318181818183 0.8519423076923077 0.07497159090909088 0.054038461538461584
0 0.7226065340909091 0.9818461538461538 0.022400568181818237 0.03588461538461532
0 0.7050639204545455 0.9457115384615384 0.023139204545454494 0.021230769230769272
0 0.7640411931818182 0.9462115384615384 0.023139204545454494 0.017192307692307687
0 0.4968252840909091 0.7988557692307692 0.025724431818181837 0.03171153846153837
0 0.5986931818181819 0.8423653846153846 0.011789772727272744 0.01711538461538468
0 0.5664985795454546 0.759701923076923 0.021321022727272713 0.02486538461538463
0 0.6003693181818182 0.7505576923076922 0.03400568181818182 0.02923076923076921
0 0.6279048295454546 0.7478269230769231 0.039957386363636355 0.08223076923076922
0 0.7046875 0.8952403846153846 0.031363636363636344 0.03832692307692309
0 0.7438920454545456 0.9120673076923076 0.018749999999999902 0.017096153846153928
0 0.9593394886363636 0.8339326923076923 0.06933238636363628 0.04748076923076923
0 0.7056392045454545 0.9719615384615384 0.05928977272727274 0.05607692307692313
0 0.005987215909090909 0.9711057692307693 0.011974431818181818 0.036173076923076926
0 0.029446022727272727 0.9872403846153847 0.013579545454545457 0.025057692307692257
0 0.06706676136363637 0.9635865384615385 0.059218749999999994 0.07125000000000002
0 0.1250497159090909 0.9248942307692307 0.02879261363636363 0.06178846153846153
0 0.09420454545454544 0.9070865384615384 0.0600284090909091 0.04509615384615393
0 0.23257102272727276 0.9948750000000001 0.02508522727272727 0.010250000000000078
0 0.2212642045454545 0.9847403846153847 0.01974431818181819 0.022250000000000096
0 0.26402698863636365 0.9396442307692308 0.057571022727272686 0.09686538461538452
0 0.16555397727272725 0.9740000000000001 0.05139204545454545 0.05200000000000004
0 0.9212571022727274 0.7905480769230769 0.04555397727272734 0.05021153846153849
0 0.16493607954545456 0.9020673076923078 0.06004261363636363 0.10521153846153843
0 0.24922585227272726 0.8600384615384616 0.05674715909090911 0.07015384615384608
0 0.2981605113636363 0.8875961538461538 0.03617897727272727 0.05399999999999997
0 0.29548295454545453 0.954125 0.02590909090909088 0.09128846153846149
0 0.27574573863636365 0.9831826923076923 0.03001420454545454 0.0336346153846154
0 0.23689630681818177 0.7809903846153846 0.04194602272727273 0.0300576923076923
0 0.21982954545454544 0.8280384615384616 0.0752556818181818 0.07626923076923081
0 0.1597940340909091 0.956625 0.01603693181818183 0.020596153846153917
0 0.1690411931818182 0.8171826923076924 0.054275568181818196 0.0300576923076923
0 0.3547017045454546 0.9920961538461538 0.08511363636363639 0.01580769230769236
0 0.9589417613636364 0.803375 0.05160511363636369 0.05840384615384616
0 0.31522727272727274 0.963701923076923 0.040710227272727266 0.07259615384615385
0 0.13615056818181817 0.8736826923076925 0.02548295454545454 0.04844230769230769
0 0.039112215909090906 0.8806442307692308 0.03535511363636363 0.054557692307692314
0 0.03252840909090909 0.9424326923076923 0.06002840909090909 0.07794230769230764
0 0.06419034090909091 0.861153846153846 0.02548295454545454 0.025615384615384602
0 0.08228693181818182 0.8642211538461538 0.018920454545454546 0.04286538461538465
0 0.10921875 0.8569807692307693 0.04400568181818181 0.02169230769230764
0 0.09256392045454544 0.8188557692307692 0.050980113636363636 0.05344230769230762
0 0.25227272727272726 0.6606826923076923 0.034261363636363645 0.0347884615384616
0 0.21229403409090908 0.6390384615384614 0.06282670454545453 0.07034615384615382
0 0.9367684659090909 0.7523557692307693 0.05884943181818191 0.053480769230769235
0 0.16574573863636363 0.7743461538461538 0.037116477272727266 0.03634615384615391
0 0.15089488636363635 0.7383942307692308 0.022272727272727263 0.03401923076923077
0 0.14461647727272728 0.7020480769230769 0.01428977272727273 0.04175000000000007
0 0.13205255681818182 0.7345288461538462 0.019985795454545444 0.04328846153846152
0 0.09921875 0.7496057692307693 0.02741477272727272 0.1074807692307692
0 0.2685440340909091 0.6131346153846153 0.03825284090909092 0.06030769230769233
0 0.2131534090909091 0.6680288461538462 0.0439772727272727 0.05567307692307701
0 0.3239417613636364 0.5416153846153846 0.030269886363636367 0.09819230769230769
0 0.32365767045454547 0.5141730769230769 0.06967329545454543 0.09742307692307692
0 0.27796875 0.5609519230769231 0.030852272727272725 0.03171153846153848
0 0.9941832386363636 0.7766346153846154 0.011633522727272805 0.04638461538461539
0 0.38988636363636364 0.3473269230769231 0.07392045454545454 0.036346153846153854
0 0.4741264204545454 0.3330865384615384 0.06813920454545451 0.04698076923076919
0 0.44486505681818184 0.20489423076923077 0.013792613636363688 0.04186538461538464
0 0.2925284090909091 0.7557980769230769 0.02798295454545453 0.033250000000000036
0 0.7150568181818182 0.32740384615384616 0.07363636363636368 0.08307692307692305
0 0.25102982954545455 0.24969230769230769 0.059417613636363616 0.10392307692307697
0 0.2239275568181818 0.025490384615384616 0.0491619318181818 0.05098076923076923
0 0.19047585227272726 0.19372115384615385 0.053650568181818174 0.0696346153846154
0 0.11188920454545453 0.8422307692307693 0.03536931818181819 0.016692307692307704
0 0.239609375 0.19651923076923075 0.0175994318181818 0.05334615384615386
0 0.8442613636363636 0.8653173076923076 0.035880681818181805 0.042557692307692296
0 0.23061789772727276 0.1726923076923077 0.03174715909090908 0.02538461538461539
0 0.22372869318181818 0.19081730769230767 0.024872159090909077 0.04609615384615384
0 0.21072443181818182 0.24261538461538462 0.027159090909090914 0.09373076923076921
0 0.1544815340909091 0.3057980769230769 0.05546875 0.08751923076923081
0 0.22621448863636362 0.31590384615384615 0.04896306818181818 0.04350000000000001
0 0.10517755681818182 0.3320961538461538 0.03910511363636364 0.052423076923076906
0 0.12473011363636365 0.29225961538461537 0.024005681818181825 0.04509615384615383
0 0.13286931818181816 0.30824999999999997 0.030198863636363645 0.05084615384615384
0 0.6218110795454546 0.06496153846153846 0.017826704545454482 0.03034615384615385
0 0.6042826704545455 0.09841346153846153 0.02643465909090911 0.08482692307692308
0 0.9643892045454545 0.7449807692307692 0.044744318181818184 0.07476923076923075
0 0.6491193181818182 0.07779807692307691 0.036789772727272775 0.08559615384615385
0 0.6652130681818181 0.18791346153846156 0.04139204545454544 0.05213461538461538
0 0.29467329545454546 0.3618269230769231 0.018068181818181817 0.026692307692307682
0 0.2889204545454545 0.4085192307692308 0.060767045454545456 0.07780769230769233
0 0.29118607954545456 0.33348076923076925 0.0439346590909091 0.07226923076923074
0 0.616640625 0.11592307692307692 0.05805397727272728 0.07315384615384615
0 0.18360795454545453 0.4824519230769231 0.05542613636363638 0.05559615384615384
0 0.2092684659090909 0.5477692307692308 0.05583806818181816 0.06392307692307683
0 0.07909801136363637 0.37538461538461537 0.07038352272727272 0.06630769230769229
0 0.0469815340909091 0.45419230769230773 0.04839488636363636 0.03892307692307694
0 0.9820028409090908 0.9790576923076924 0.03542613636363628 0.03288461538461532
0 0.8730823863636363 0.7657211538461538 0.03951704545454537 0.04528846153846156
0 0.05387784090909091 0.4865480769230769 0.01994318181818182 0.07028846153846151
0 0.06648437500000001 0.4690769230769231 0.024048295454545454 0.11950000000000002
0 0.2697159090909091 0.5357884615384616 0.04809659090909093 0.02819230769230774
0 0.19215198863636365 0.42242307692307696 0.1439914772727273 0.08973076923076923
0 0.23804687500000002 0.4794038461538461 0.11026988636363635 0.10442307692307695
0 0.22074573863636363 0.5097788461538462 0.051605113636363616 0.09132692307692304
0 0.18724431818181816 0.3144423076923077 0.04948863636363637 0.059576923076923055
0 0.014161931818181817 0.7770288461538462 0.028210227272727272 0.040365384615384636
0 0.03759232954545454 0.7654903846153847 0.06123579545454545 0.06632692307692309
0 0.02644886363636364 0.7927115384615385 0.023636363636363636 0.04634615384615378
0 0.9019034090909092 0.7507019230769231 0.014914772727272728 0.04474999999999996
0 0.14014914772727272 0.8048557692307692 0.03259943181818182 0.026480769230769304
0 0.07149147727272727 0.7356826923076923 0.03639204545454545 0.06567307692307688
0 0.0055681818181818185 0.7040096153846154 0.011136363636363637 0.06490384615384616
0 0.11596590909090909 0.7677307692307693 0.021363636363636352 0.08599999999999994
0 0.13502130681818184 0.8392788461538461 0.043309659090909086 0.05394230769230771
0 0.24620028409090908 0.7196538461538462 0.01964488636363638 0.03361538461538454
0 0.29334517045454545 0.11425961538461538 0.03981534090909091 0.05544230769230769
0 0.47310369318181816 0.07728846153846153 0.017059659090909077 0.020038461538461543
0 0.295625 0.028384615384615383 0.04778409090909089 0.04388461538461538
0 0.03525568181818182 0.3217788461538461 0.032244318181818186 0.03913461538461537
0 0.9077485795454546 0.7089615384615384 0.016917613636363592 0.04746153846153847
0 0.5760653409090909 0.03955769230769231 0.018210227272727263 0.035423076923076925
0 0.3004971590909091 0.6087788461538461 0.09355113636363634 0.0902499999999999
0 0.24350142045454548 0.6917500000000001 0.021860795454545476 0.0368846153846154
0 0.3064985795454545 0.21917307692307691 0.03299715909090908 0.07069230769230768
0 0.28279119318181817 0.17571153846153847 0.049218750000000006 0.06988461538461539
0 0.344765625 0.18136538461538462 0.044957386363636415 0.029615384615384627
0 0.3420383522727273 0.15833653846153847 0.018821022727272728 0.03290384615384615
0 0.3308025568181818 0.13859615384615387 0.023082386363636364 0.03288461538461539
0 0.32138494318181815 0.16901923076923078 0.02734375 0.04276923076923079
0 0.33838778409090914 0.2582596153846154 0.04069602272727273 0.05182692307692311
0 0.8948508522727273 0.7155096153846153 0.02740056818181813 0.06167307692307702
0 0.4325497159090909 0.22495192307692308 0.018821022727272728 0.03290384615384615
0 0.45047585227272724 0.2035673076923077 0.029161931818181778 0.08059615384615385
0 0.7179048295454545 0.10286538461538461 0.05595170454545461 0.06442307692307692
0 0.6747585227272727 0.05472115384615384 0.034517045454545474 0.043173076923076925
0 0.6778977272727272 0.05585576923076924 0.03869318181818183 0.11171153846153847
0 0.7202556818181818 0.014086538461538461 0.0407954545454545 0.028173076923076922
0 0.04580965909090909 0.414 0.047642045454545465 0.03726923076923076
0 0.03496448863636364 0.36347115384615386 0.03228693181818181 0.05517307692307692
0 0.014026988636363636 0.4561442307692308 0.01964488636363636 0.08678846153846154
0 0.027286931818181818 0.41183653846153845 0.02857954545454545 0.04586538461538466
0 0.8269318181818183 0.7591730769230769 0.02781250000000006 0.0780384615384615
0 0.008082386363636365 0.4046826923076923 0.01616477272727273 0.06736538461538462
0 0.0030539772727272724 0.3262019230769231 0.006107954545454545 0.02794230769230764
0 0.08514914772727272 0.48833653846153846 0.031321022727272725 0.04571153846153843
0 0.10927556818181819 0.5524038461538462 0.016789772727272737 0.029076923076923087
0 0.12303977272727273 0.5484326923076923 0.015028409090909089 0.03067307692307701
0 0.0984375 0.5512115384615385 0.014261363636363626 0.02723076923076917
0 0.1376846590909091 0.5599326923076924 0.022073863636363645 0.03940384615384617
0 0.1630752840909091 0.5642980769230768 0.015809659090909103 0.025365384615384613
0 0.18201704545454545 0.5506826923076923 0.02519886363636363 0.023519230769230803
0 0.10884943181818181 0.6570192307692307 0.02022727272727272 0.03303846153846155
0 0.827734375 0.8071923076923078 0.05603693181818188 0.10315384615384612
0 0.13523437500000002 0.6951057692307693 0.017201704545454544 0.0317884615384616
0 0.16058238636363636 0.6493076923076923 0.026505681818181814 0.09126923076923073
0 0.14256392045454547 0.6691346153846154 0.022088068181818177 0.03461538461538462
0 0.1374431818181818 0.6313653846153846 0.035568181818181825 0.055384615384615296
0 0.042123579545454544 0.6389134615384615 0.03603693181818182 0.023288461538461563
0 0.024921874999999996 0.6131057692307692 0.04953125 0.045326923076923174
0 0.07688210227272728 0.6335673076923077 0.06231534090909092 0.06232692307692313
0 0.08803977272727273 0.7007692307692307 0.026960227272727268 0.0601153846153846
0 0.014765625 0.8255961538461538 0.02953125 0.05607692307692302
0 0.008529829545454545 0.8807019230769232 0.01705965909090909 0.05413461538461545
0 0.7725071022727273 0.8091057692307693 0.06248579545454547 0.07640384615384618
0 0.03629971590909091 0.8251538461538461 0.02072443181818182 0.06323076923076922
0 0.05941051136363637 0.8093557692307692 0.03501420454545454 0.043211538461538516
0 0.2619957386363636 0.7589615384615384 0.08137784090909089 0.05165384615384607
0 0.1369815340909091 0.7711153846153846 0.025809659090909095 0.05161538461538457
0 0.28009232954545454 0.6571634615384616 0.052372159090909094 0.10398076923076922
0 0.4631889204545455 0.7586057692307693 0.027798295454545444 0.02486538461538463
0 0.46541903409090907 0.7767403846153845 0.054105113636363604 0.0490576923076924
0 0.1333309659090909 0.46108653846153846 0.026633522727272728 0.06259615384615387
0 0.25772727272727275 0.7284711538461539 0.01823863636363637 0.029865384615384565
0 0.141875 0.4682211538461538 0.03065340909090909 0.0687115384615384
0 0.7862144886363637 0.7089615384615384 0.09634943181818172 0.09223076923076919
0 0.059360795454545465 0.1649807692307692 0.053920454545454556 0.08953846153846153
0 0.03799715909090909 0.16946153846153847 0.027471590909090914 0.035115384615384625
0 0.23817471590909092 0.27724038461538464 0.03612215909090906 0.046826923076923065
0 0.21197443181818185 0.2965288461538461 0.023409090909090893 0.026173076923076948
0 0.08098011363636365 0.18288461538461537 0.0178125 0.022038461538461528
0 0.0687784090909091 0.19563461538461538 0.04323863636363636 0.0723076923076923
0 0.12040482954545455 0.23041346153846154 0.035610795454545444 0.028942307692307687
0 0.10921875 0.18461538461538463 0.047812499999999994 0.0681923076923077
0 0.36102272727272733 0.014326923076923077 0.027215909090909086 0.028653846153846155
0 0.5158309659090908 0.25346153846153846 0.021491477272727266 0.028076923076923065
0 0.8513139204545456 0.6650384615384616 0.08626420454545457 0.05784615384615392
0 0.4475071022727272 0.0069134615384615385 0.018764204545454518 0.013826923076923077
0 0.40575284090909086 0.02808653846153846 0.025340909090909056 0.05617307692307692
0 0.39762073863636355 0.015596153846153845 0.019076704545454556 0.03119230769230769
0 0.356796875 0.10232692307692307 0.0375426136363636 0.04403846153846153
0 0.45220170454545455 0.11990384615384615 0.025028409090909098 0.03938461538461539
0 0.3467826704545454 0.020125 0.017286931818181802 0.04025
0 0.333203125 0.02956730769230769 0.014815340909090879 0.029057692307692305
0 0.4288423295454545 0.04676923076923077 0.016690340909090908 0.035
0 0.4153764204545455 0.04767307692307692 0.016690340909090908 0.04265384615384616
0 0.48137073863636365 0.14573076923076922 0.01498579545454547 0.06888461538461539
0 0.8790696022727272 0.9385192307692307 0.05671875000000009 0.041999999999999954
0 0.4699928977272727 0.14364423076923075 0.017372159090909115 0.03294230769230771
0 0.48170454545454544 0.3055961538461539 0.06275568181818182 0.03288461538461537
0 0.5151207386363637 0.2839519230769231 0.026690340909090938 0.04232692307692306
0 0.5288849431818181 0.32916346153846154 0.04600852272727271 0.05167307692307693
0 0.6144744318181817 0.38921153846153844 0.024147727272727272 0.035961538461538496
0 0.6007102272727273 0.36273076923076925 0.021732954545454562 0.032692307692307694
0 0.5760795454545454 0.3542307692307692 0.023664772727272684 0.03923076923076924
0 0.5806676136363635 0.32284615384615384 0.02318181818181817 0.0666923076923077
0 0.5758380681818182 0.39019230769230767 0.028977272727272695 0.04707692307692306
0 0.5502414772727273 0.3843076923076923 0.028977272727272695 0.019615384615384594
0 0.9849857954545453 0.9518269230769232 0.029460227272727287 0.03234615384615383
0 0.8162073863636364 0.9899903846153846 0.014857954545454598 0.020019230769230817
0 0.5652130681818182 0.37188461538461537 0.025113636363636373 0.022230769230769235
0 0.6580539772727273 0.6253461538461539 0.04073863636363637 0.06619230769230762
0 0.5850000000000001 0.6045288461538462 0.037840909090909154 0.08217307692307696
0 0.5777272727272728 0.586798076923077 0.06318181818181813 0.08386538461538465
0 0.51640625 0.6135288461538461 0.0361647727272727 0.06190384615384615
0 0.5577698863636363 0.629576923076923 0.06068181818181814 0.04334615384615378
0 0.5509090909090909 0.6185961538461537 0.07107954545454548 0.050653846153846105
0 0.5344886363636363 0.5519038461538461 0.018295454545454618 0.033192307692307674
0 0.5448863636363637 0.5890480769230769 0.04406250000000005 0.046711538461538395
0 0.6091122159090909 0.5749807692307692 0.06359374999999998 0.12326923076923081
0 0.9395809659090909 0.6645961538461539 0.018821022727272728 0.03207692307692309
0 0.5585653409090909 0.5203846153846154 0.04661931818181817 0.06473076923076923
0 0.6731392045454545 0.3985673076923077 0.04755681818181821 0.0740576923076923
0 0.6672443181818182 0.4395865384615385 0.029886363636363586 0.06609615384615386
0 0.693544034090909 0.42477884615384615 0.025241477272727245 0.028480769230769237
0 0.7074360795454545 0.45325961538461534 0.057230113636363586 0.03190384615384616
0 0.7450497159090909 0.4147211538461538 0.035781249999999994 0.04940384615384615
0 0.7107954545454546 0.4085384615384615 0.04292613636363632 0.07234615384615385
0 0.6954403409090909 0.3914519230769231 0.033238636363636415 0.04728846153846154
0 0.7551917613636363 0.43218269230769235 0.0643892045454546 0.10028846153846155
0 0.527734375 0.5364519230769231 0.01850852272727277 0.019365384615384604
0 0.8496377840909091 0.5987692307692308 0.04552556818181812 0.0476538461538461
0 0.040809659090909084 0.4885288461538462 0.027386363636363632 0.05109615384615383
0 0.024225852272727274 0.49347115384615386 0.01612215909090909 0.09063461538461542
0 0.29940340909090907 0.5679615384615385 0.02875000000000001 0.039576923076923044
0 0.6105610795454546 0.4389807692307692 0.04021306818181818 0.05750000000000001
0 0.5729971590909091 0.40208653846153847 0.06551136363636365 0.06417307692307693
0 0.5420596590909091 0.27475 0.029346590909090944 0.020961538461538472
0 0.5406960227272727 0.25764423076923076 0.029886363636363666 0.03824999999999997
0 0.6110653409090909 0.26863461538461536 0.01502840909090915 0.02111538461538465
0 0.6210866477272727 0.2533653846153846 0.013366477272727228 0.02450000000000002
0 0.6330681818181818 0.2586538461538462 0.012244318181818188 0.016961538461538448
0 0.8463636363636362 0.5592019230769231 0.11556818181818183 0.07278846153846147
0 0.5071519886363636 0.209125 0.035269886363636344 0.07982692307692309
0 0.5130823863636363 0.019788461538461536 0.019346590909090914 0.03957692307692307
0 0.5460866477272727 0.053057692307692306 0.01578125000000002 0.02080769230769231
0 0.5527130681818182 0.01714423076923077 0.027102272727272704 0.03428846153846154
0 0.6077627840909091 0.025288461538461537 0.026860795454545408 0.050576923076923075
0 0.052407670454545446 0.13038461538461538 0.05208806818181819 0.06365384615384614
0 0.03824573863636363 0.10060576923076922 0.04399147727272727 0.10540384615384615
0 0.011761363636363636 0.1030673076923077 0.02352272727272727 0.0309423076923077
0 0.5145099431818182 0.8410961538461539 0.0361221590909091 0.06715384615384608
0 0.504090909090909 0.8087596153846153 0.01653409090909089 0.03232692307692308
0 0.9068963068181819 0.47897115384615385 0.10370738636363636 0.06132692307692305
0 0.5347088068181818 0.8004711538461539 0.044701704545454586 0.035634615384615334
0 0.5466548295454546 0.7668942307692307 0.042855113636363656 0.039788461538461536
0 0.539609375 0.723798076923077 0.05450284090909092 0.03813461538461546
0 0.5331107954545454 0.7173076923076923 0.05667613636363633 0.06434615384615391
0 0.5928125000000001 0.6799807692307693 0.023721590909090894 0.019269230769230844
0 0.6504403409090909 0.6621346153846154 0.043039772727272746 0.046730769230769145
0 0.6217542613636363 0.792298076923077 0.036747159090909094 0.03763461538461537
0 0.6210866477272727 0.825673076923077 0.03271306818181814 0.03642307692307692
0 0.6327414772727272 0.6773750000000001 0.04954545454545454 0.07121153846153841
0 0.6019673295454546 0.7033557692307693 0.033196022727272734 0.06451923076923068
0 0.8994886363636364 0.47896153846153844 0.11428977272727278 0.022346153846153856
0 0.5879048295454545 0.7340192307692308 0.051946022727272716 0.04230769230769231
0 0.731143465909091 0.5594903846153846 0.08171875000000005 0.05174999999999994
0 0.586122159090909 0.77075 0.04167613636363641 0.03823076923076922
0 0.5639488636363637 0.061384615384615385 0.041022727272727266 0.04807692307692308
0 0.47460227272727273 0.02028846153846154 0.023664772727272684 0.04057692307692308
0 0.49100852272727274 0.042548076923076925 0.035482954545454574 0.06132692307692308
0 0.43367897727272725 0.0225 0.03414772727272722 0.045
0 0.4156960227272727 0.09745192307692307 0.021789772727272692 0.07248076923076922
0 0.42931107954545455 0.12417307692307694 0.02086647727272727 0.06942307692307692
0 0.5182386363636364 0.12663461538461537 0.027215909090909127 0.07065384615384616
0 0.8222372159090909 0.4881442307692308 0.05714488636363639 0.08998076923076927
0 0.5379829545454545 0.03601923076923077 0.03130681818181813 0.04423076923076923
0 0.46992187500000004 0.066125 0.025866477272727242 0.04790384615384616
0 0.43271306818181815 0.19389423076923074 0.01678977272727272 0.03194230769230769
0 0.3760582386363636 0.009057692307692308 0.030184659090909092 0.018115384615384617
0 0.4559446022727273 0.03521153846153846 0.02001420454545451 0.06973076923076922
0 0.5186150568181819 0.07429807692307694 0.03904829545454547 0.0839423076923077
0 0.49892755681818185 0.07940384615384616 0.019360795454545447 0.052423076923076926
0 0.45447443181818187 0.1551346153846154 0.03542613636363636 0.04307692307692309
0 0.32143465909090907 0.08718269230769231 0.046250000000000006 0.027980769230769226
0 0.3061789772727273 0.06763461538461539 0.03215909090909093 0.022653846153846156
0 0.7989488636363636 0.4887115384615385 0.04105113636363633 0.028076923076923065
0 0.3352130681818182 0.06097115384615384 0.01278409090909091 0.016442307692307687
0 0.5857599431818182 0.012192307692307692 0.01850852272727269 0.024384615384615383
0 0.5687642045454546 0.02160576923076923 0.033210227272727266 0.04321153846153846
0 0.7281747159090909 0.050576923076923075 0.11299715909090903 0.10115384615384615
0 0.5116761363636364 0.13952884615384617 0.07235795454545454 0.11240384615384616
0 0.34519176136363633 0.06825961538461539 0.012031249999999999 0.020057692307692308
0 0.23536931818181817 0.13026923076923075 0.06931818181818179 0.06873076923076923
0 0.11720170454545455 0.9649134615384616 0.04403409090909091 0.07017307692307694
0 0.09320312500000001 0.950903846153846 0.029133522727272734 0.06903846153846149
0 0.20737215909090911 0.9484519230769232 0.04335227272727274 0.07790384615384624
0 0.7674147727272728 0.5170769230769231 0.06772727272727282 0.08596153846153849
0 0.21 0.3735769230769231 0.032329545454545444 0.09130769230769228
0 0.20681107954545455 0.3511538461538462 0.033906250000000006 0.0496923076923077
0 0.34837357954545456 0.3270480769230769 0.03649147727272731 0.07601923076923077
0 0.324296875 0.29462499999999997 0.040184659090909076 0.07832692307692306
0 0.25779829545454547 0.07638461538461538 0.0553409090909091 0.037730769230769234
0 0.2571946022727273 0.04549038461538462 0.04848011363636363 0.03828846153846154
0 0.19580255681818182 0.127375 0.040923295454545455 0.09528846153846154
0 0.22468039772727275 0.1280673076923077 0.0714914772727273 0.06671153846153846
0 0.2947585227272727 0.14802884615384615 0.021818181818181796 0.03882692307692307
0 0.3208167613636364 0.12123076923076924 0.046463068181818196 0.045384615384615384
0 0.7212713068181819 0.48928846153846156 0.06688920454545459 0.045269230769230756
0 0.5228764204545455 0.05719230769230769 0.01214488636363638 0.06396153846153846
0 0.20204545454545456 0.9897019230769231 0.0334943181818182 0.020596153846153806
0 0.32772017045454543 0.07421153846153847 0.011803977272727277 0.015038461538461539
0 0.3761860795454545 0.15784615384615383 0.03779829545454543 0.07407692307692308
0 0.06460227272727273 0.8411153846153846 0.043579545454545454 0.028961538461538466
0 0.18467329545454544 0.5951442307692308 0.02755681818181819 0.04844230769230769
0 0.12470170454545454 0.610423076923077 0.03900568181818181 0.038499999999999965
0 0.10945312500000001 0.5836250000000001 0.03313920454545454 0.04209615384615382
0 0.06912642045454545 0.671375 0.022883522727272728 0.06828846153846152
0 0.017720170454545454 0.6706057692307692 0.03544034090909091 0.03317307692307692
0 0.9916974431818182 0.9262307692307692 0.016605113636363713 0.04042307692307689
0 0.7841335227272727 0.4422884615384616 0.0723863636363637 0.04069230769230769
0 0.004240056818181818 0.3650288461538462 0.008480113636363636 0.021826923076923122
0 0.09077414772727273 0.2820384615384615 0.051406249999999994 0.05850000000000003
0 0.024701704545454548 0.23664423076923075 0.04926136363636364 0.11424999999999999
0 0.1210440340909091 0.26103846153846155 0.034076704545454535 0.01976923076923077
0 0.04329545454545455 0.7345576923076924 0.03372159090909091 0.052192307692307774
0 0.09985795454545454 0.2322307692307692 0.0546875 0.047576923076923065
0 0.013636363636363636 0.6494807692307693 0.02727272727272727 0.020423076923076933
0 0.047904829545454546 0.68875 0.025355113636363634 0.04111538461538461
0 0.014282670454545454 0.30653846153846154 0.02856534090909091 0.040769230769230745
0 0.011086647727272726 0.3582307692307692 0.022173295454545452 0.03707692307692308
0 0.9730255681818182 0.5187980769230769 0.05394886363636366 0.04698076923076924
0 0.7479119318181818 0.8923846153846154 0.05125000000000006 0.036769230769230776
0 0.08026988636363636 0.5955384615384615 0.03696022727272727 0.05638461538461537
0 0.09056818181818183 0.664278846153846 0.024232954545454558 0.02440384615384615
0 0.05153409090909091 0.5599999999999999 0.08798295454545454 0.08696153846153852
0 0.05107244318181818 0.2933557692307693 0.03285511363636364 0.10255769230769234
0 0.14977272727272728 0.5804519230769231 0.017017045454545462 0.04448076923076922
0 0.1650213068181818 0.5907788461538462 0.01583806818181819 0.037326923076923126
0 0.9703977272727274 0.5153557692307693 0.051221590909090994 0.0767884615384615
0 0.9800142045454546 0.5635 0.03997159090909089 0.05961538461538462
0 0.9791619318181817 0.5910096153846154 0.04167613636363641 0.05044230769230773
0 0.9023863636363636 0.6726730769230769 0.05744318181818189 0.10373076923076922
0 0.8079758522727274 0.34225961538461536 0.02038352272727276 0.026442307692307692
0 0.8170880681818182 0.3331538461538462 0.05335227272727265 0.04346153846153845
0 0.8465838068181818 0.2711923076923077 0.03947443181818177 0.1521153846153846
0 0.8589488636363637 0.2626826923076923 0.08502840909090911 0.08574999999999998
0 0.9543252840909091 0.9192211538461539 0.05575284090909091 0.05767307692307694
0 0.9350852272727272 0.2565192307692307 0.07417613636363624 0.08046153846153847
0 0.9431036931818183 0.1634423076923077 0.11365056818181817 0.10684615384615384
0 0.7576207386363637 0.17504807692307695 0.0787073863636364 0.062096153846153856
0 0.8074005681818183 0.06576923076923076 0.07230113636363633 0.12515384615384614
0 0.8902201704545454 0.8186538461538463 0.024588068181818266 0.09223076923076919
0 0.9313352272727274 0.0944326923076923 0.13732954545454537 0.13074999999999998
0 0.8859019886363636 0.020471153846153844 0.08572443181818185 0.04094230769230769
0 0.7815838068181816 0.043548076923076925 0.05163352272727276 0.08709615384615385
0 0.7645454545454545 0.031153846153846153 0.02375000000000004 0.023769230769230768
0 0.7743536931818181 0.013326923076923078 0.029957386363636408 0.025884615384615388
0 0.9135085227272728 0.9618076923076923 0.04659090909090902 0.01888461538461537
0 0.8107599431818183 0.2856538461538462 0.0686789772727273 0.05592307692307695
0 0.7684161931818181 0.3566153846153846 0.05421874999999994 0.13353846153846152
0 0.7885511363636365 0.34613461538461543 0.05525568181818179 0.13215384615384615
0 0.7560227272727272 0.24789423076923078 0.03150568181818191 0.13425
0 0.78390625 0.22831730769230768 0.021164772727272855 0.033557692307692316
0 0.7730681818181818 0.2583942307692308 0.02323863636363638 0.02936538461538461
0 0.8714701704545454 0.7242403846153846 0.033849431818181716 0.06167307692307691
0 0.7177982954545455 0.6711730769230769 0.03940340909090918 0.03246153846153845
0 0.6936221590909091 0.6882307692307692 0.056874999999999946 0.08857692307692308
0 0.6255610795454545 0.6235865384615384 0.07680397727272727 0.09901923076923079
0 0.9129119318181819 0.94025 0.024687499999999994 0.029653846153846076
0 0.6922088068181819 0.7697788461538462 0.0612926136363636 0.06682692307692308
0 0.9819318181818182 0.044682692307692305 0.036136363636363716 0.08936538461538461
0 0.9627201704545455 0.03972115384615385 0.05992897727272735 0.0794423076923077
0 0.8941051136363637 0.5517788461538462 0.07801136363636357 0.05886538461538464
0 0.7590411931818182 0.8140865384615386 0.024900568181818142 0.13205769230769235
0 0.7968892045454545 0.8460673076923076 0.034545454545454456 0.059826923076923104
0 0.7357031249999999 0.824673076923077 0.03703125000000007 0.1023461538461538
0 0.6980610795454546 0.8273846153846154 0.04009943181818185 0.045961538461538415
0 0.696825284090909 0.8449326923076923 0.08146306818181821 0.07351923076923081
0 0.6838707386363636 0.8804326923076923 0.04072443181818176 0.07686538461538467
0 0.9075355113636363 0.9216442307692307 0.04021306818181811 0.04098076923076924
0 0.7264488636363636 0.8773076923076923 0.03147727272727276 0.021307692307692278
0 0.7705681818181819 0.8603846153846153 0.017897727272727305 0.022538461538461483
0 0.826434659090909 0.9762788461538461 0.016136363636363657 0.04744230769230772
0 0.8332315340909091 0.9403653846153847 0.03794034090909096 0.04749999999999998
0 0.6466335227272727 0.9588269230769232 0.02778409090909091 0.08234615384615383
0 0.047116477272727275 0.03179807692307692 0.055255681818181815 0.05259615384615385
0 0.1159090909090909 0.05517307692307693 0.06159090909090909 0.06742307692307693
0 0.08194602272727272 0.061211538461538456 0.03511363636363636 0.055346153846153844
0 0.0584872159090909 0.09316346153846154 0.030213068181818185 0.03428846153846154
0 0.026825284090909094 0.08323076923076923 0.015838068181818182 0.0378076923076923
