0 0.28439630681818184 0.7205096153846154 0.0247869318181818 0.08751923076923075
0 0.9708593749999999 0.4550576923076923 0.0566619318181818 0.07988461538461532
0 0.08067471590909091 0.088625 0.053053977272727273 0.07425
0 0.06364346590909092 0.03572115384615385 0.05700284090909092 0.06551923076923077
0 0.1712215909090909 0.10764423076923077 0.06823863636363638 0.07405769230769232
0 0.06808948863636365 0.24575961538461538 0.05802556818181817 0.10786538461538463
0 0.32363636363636367 0.03252884615384615 0.13397727272727272 0.0650576923076923
0 0.20188210227272727 0.18275 0.08592329545454547 0.09507692307692307
0 0.151484375 0.028451923076923076 0.09419034090909094 0.05690384615384615
0 0.30325284090909094 0.18913461538461537 0.0950284090909091 0.08523076923076925
0 0.2289204545454546 0.2633173076923077 0.0827840909090909 0.05524999999999998
0 0.22768465909090907 0.06272115384615384 0.06551136363636365 0.07190384615384615
0 0.7450284090909091 0.5087692307692308 0.05363636363636362 0.13473076923076918
0 0.20319602272727275 0.08909615384615384 0.06019886363636365 0.0878846153846154
0 0.019879261363636363 0.11600961538461538 0.039758522727272726 0.08513461538461538
0 0.3728693181818182 0.3508269230769231 0.06821022727272724 0.1089230769230769
0 0.9524431818181818 0.7660865384615385 0.09511363636363641 0.05717307692307696
0 0.8981676136363635 0.8606057692307693 0.05849431818181811 0.07248076923076922
0 0.9198650568181819 0.8065673076923077 0.07904829545454542 0.054634615384615434
0 0.3056960227272727 0.8128461538461539 0.018437499999999985 0.044307692307692235
0 0.3038352272727272 0.9484038461538461 0.1125284090909091 0.10180769230769231
0 0.3837428977272727 0.9644615384615385 0.06884943181818182 0.07107692307692304
0 0.4561789772727272 0.6916442307692308 0.01375000000000001 0.024249999999999917
0 0.5936931818181819 0.2851923076923077 0.04664772727272724 0.1389230769230769
0 0.37460227272727276 0.839173076923077 0.07954545454545459 0.04115384615384611
0 0.7673721590909092 0.9659134615384615 0.03789772727272736 0.0681730769230769
0 0.744637784090909 0.9864326923076921 0.0332244318181818 0.02713461538461541
0 0.7166548295454546 0.9860384615384615 0.032059659090909 0.027923076923076887
0 0.6836576704545455 0.9744326923076924 0.05305397727272731 0.051134615384615334
0 0.6538636363636363 0.9378173076923076 0.03590909090909087 0.07513461538461537
0 0.6171377840909091 0.9617307692307693 0.10609375 0.07653846153846156
0 0.9538423295454546 0.7986442307692307 0.09231534090909092 0.07359615384615381
0 0.9302485795454545 0.8892115384615384 0.045894886363636284 0.08976923076923078
0 0.4753764204545454 0.31939423076923074 0.07078124999999998 0.0773269230769231
0 0.4832954545454546 0.1864326923076923 0.06122159090909094 0.05763461538461541
0 0.5032457386363637 0.3685576923076923 0.06586647727272728 0.22100000000000003
0 0.4709801136363637 0.2258846153846154 0.037897727272727284 0.053000000000000005
0 0.6778267045454546 0.7822115384615385 0.07911931818181825 0.05542307692307702
0 0.7405752840909091 0.7887884615384615 0.0963494318181818 0.1381153846153846
0 0.7116832386363636 0.7032788461538462 0.10936079545454547 0.06298076923076923
0 0.14797585227272728 0.17998076923076925 0.03998579545454546 0.07580769230769231
0 0.5791335227272727 0.9026057692307693 0.05377840909090911 0.08394230769230776
0 0.2310724431818182 0.9358846153846153 0.0866335227272727 0.12823076923076923
0 0.36009232954545456 0.8717307692307692 0.09870738636363638 0.04907692307692304
0 0.5225994318181818 0.9446538461538462 0.08406250000000001 0.09661538461538463
0 0.33579545454545456 0.13947115384615386 0.04838068181818182 0.09155769230769231
0 0.6763494318181817 0.9006634615384616 0.04181818181818182 0.04274999999999993
0 0.7136434659090909 0.9393173076923077 0.06930397727272722 0.06713461538461532
0 0.8332528409090909 0.9650096153846154 0.12690340909090897 0.06998076923076921
0 0.8975142045454544 0.9417403846153847 0.11272727272727275 0.11651923076923072
0 0.957421875 0.9034615384615384 0.0590198863636363 0.07030769230769231
0 0.8703622159090909 0.845125 0.0643323863636363 0.04794230769230771
0 0.8296448863636363 0.8990673076923077 0.06786931818181831 0.07590384615384621
0 0.9273366477272728 0.7003557692307693 0.1434232954545455 0.08051923076923077
0 0.7879971590909091 0.6297115384615386 0.04548295454545452 0.057615384615384575
0 0.7780823863636364 0.6593173076923078 0.05596590909090906 0.061557692307692397
0 0.2824502840909091 0.05434615384615385 0.08978693181818179 0.1086923076923077
0 0.892002840909091 0.33249038461538466 0.11980113636363642 0.17898076923076925
0 0.8527556818181817 0.39177884615384617 0.13715909090909098 0.12528846153846154
0 0.7640909090909092 0.07463461538461538 0.0645170454545454 0.14926923076923077
0 0.9593963068181818 0.1810576923076923 0.08120738636363631 0.20773076923076922
0 0.7867542613636364 0.4830961538461538 0.061718750000000065 0.09469230769230766
0 0.7373792613636364 0.4065096153846154 0.07714488636363637 0.0863269230769231
0 0.8129545454545454 0.8036923076923077 0.054772727272727355 0.1357692307692308
0 0.6837713068181818 0.8074615384615385 0.09083806818181825 0.041461538461538466
0 0.6414701704545455 0.7332115384615384 0.07188920454545449 0.08165384615384612
0 0.857421875 0.7818269230769231 0.06237215909090921 0.0773461538461539
0 0.1729900568181818 0.6922980769230769 0.10146306818181819 0.10967307692307687
0 0.5784303977272728 0.4895961538461538 0.08228693181818182 0.10792307692307687
0 0.3114133522727273 0.7703557692307693 0.02103693181818178 0.04913461538461541
0 0.3232102272727273 0.72025 0.027215909090909086 0.05896153846153851
0 0.6291690340909091 0.8466923076923076 0.07211647727272724 0.08665384615384616
0 0.6044176136363636 0.8065480769230768 0.08065340909090905 0.06067307692307695
0 0.5665269886363636 0.8094903846153846 0.10984374999999998 0.15874999999999992
0 0.5651704545454546 0.7560769230769231 0.08144886363636368 0.08534615384615384
0 0.5995525568181819 0.7135673076923077 0.05580965909090912 0.07217307692307687
0 0.2870099431818182 0.8170096153846155 0.024417613636363633 0.043673076923076884
0 0.27393465909090914 0.7693846153846153 0.04823863636363637 0.07673076923076919
0 0.016129261363636363 0.40836538461538463 0.032258522727272726 0.07296153846153845
0 0.2051988636363636 0.839173076923077 0.07596590909090907 0.11673076923076932
0 0.24982244318181818 0.8636634615384615 0.06632102272727272 0.07101923076923078
0 0.22509943181818182 0.8008076923076922 0.08321022727272726 0.06938461538461535
0 0.03696022727272727 0.7433461538461538 0.07392045454545454 0.13788461538461536
0 0.2855184659090909 0.39842307692307694 0.03353693181818184 0.04857692307692306
0 0.29348721590909094 0.1313653846153846 0.05115056818181817 0.07946153846153846
0 0.2484375 0.13923076923076924 0.047073863636363615 0.10623076923076923
0 0.3606889204545455 0.27418269230769227 0.07330965909090911 0.07901923076923077
0 0.2817329545454545 0.43296153846153845 0.07764204545454545 0.07326923076923075
0 0.1857315340909091 0.32624038461538457 0.08518465909090911 0.10321153846153844
0 0.11487926136363637 0.31949999999999995 0.05901988636363637 0.08046153846153847
0 0.055262784090909095 0.45368269230769237 0.06808238636363637 0.14086538461538467
0 0.23512784090909092 0.4100673076923077 0.08446022727272724 0.12378846153846149
0 0.09397727272727273 0.5734326923076923 0.08747159090909092 0.11917307692307698
0 0.05871448863636364 0.5808365384615384 0.038821022727272725 0.11621153846153848
0 0.03190340909090909 0.6096346153846154 0.06380681818181819 0.15749999999999995
0 0.3253053977272727 0.8255 0.03294034090909095 0.06507692307692314
0 0.5540340909090908 0.8741249999999999 0.04968749999999995 0.0819038461538461
0 0.5202769886363636 0.8309903846153847 0.07183238636363636 0.09359615384615387
0 0.5162286931818181 0.8693653846153846 0.030241477272727302 0.06800000000000003
0 0.4662713068181818 0.8459711538461538 0.07399147727272731 0.11478846153846153
0 0.23955965909090907 0.3231538461538462 0.07806818181818183 0.06773076923076923
0 0.4948934659090909 0.8237692307692308 0.05240056818181824 0.08061538461538464
0 0.4133380681818182 0.7340288461538462 0.03130681818181813 0.021019230769230783
0 0.4237428977272728 0.7638365384615384 0.07430397727272728 0.051596153846153923
0 0.4523224431818182 0.7594615384615384 0.04916193181818184 0.06242307692307689
0 0.47671164772727276 0.7277307692307692 0.07507102272727267 0.054692307692307686
0 0.3014417613636364 0.7223076923076923 0.033196022727272734 0.0767307692307693
0 0.22346590909090908 0.743673076923077 0.10985795454545455 0.07965384615384619
0 0.4236647727272727 0.26613461538461536 0.08857954545454548 0.046384615384615364
0 0.6065056818181819 0.40541346153846153 0.06147727272727277 0.11336538461538459
0 0.8416761363636364 0.47416346153846156 0.05480113636363642 0.06751923076923079
0 0.5532457386363636 0.37570192307692307 0.06779829545454548 0.09994230769230769
0 0.8436434659090909 0.05545192307692308 0.14768465909090897 0.05644230769230769
0 0.8271306818181817 0.013615384615384616 0.0706534090909091 0.027230769230769232
0 0.9547443181818182 0.04113461538461539 0.09051136363636368 0.08226923076923078
0 0.9157741477272726 0.16226923076923075 0.08410511363636353 0.09173076923076924
0 0.8664559659090909 0.28178846153846154 0.08308238636363638 0.10257692307692305
0 0.7702130681818182 0.38723076923076927 0.0844034090909092 0.11003846153846153
0 0.8086292613636363 0.2810096153846154 0.05822443181818183 0.09655769230769229
0 0.25110795454545454 0.5631730769230769 0.11803977272727276 0.22373076923076918
0 0.3249502840909091 0.6387403846153846 0.08882102272727269 0.12136538461538464
0 0.07699573863636364 0.41371153846153846 0.0764630681818182 0.13934615384615387
0 0.16200994318181816 0.41225 0.06299715909090908 0.0710769230769231
0 0.113125 0.5441923076923078 0.08377840909090908 0.11749999999999994
0 0.10226562500000001 0.6970096153846155 0.07552556818181819 0.11167307692307692
0 0.09771306818181817 0.8090096153846154 0.05832386363636363 0.10963461538461537
0 0.07357244318181819 0.8645865384615385 0.04728693181818182 0.025788461538461586
0 0.1379403409090909 0.7868653846153846 0.06161931818181818 0.08023076923076917
0 0.04110085227272727 0.7875 0.08220170454545454 0.08661538461538454
0 0.8519105113636364 0.23768269230769232 0.05211647727272735 0.09740384615384613
0 0.025994318181818184 0.866375 0.05198863636363637 0.08194230769230772
0 0.1703125 0.8788461538461538 0.03292613636363637 0.04384615384615376
0 0.01700284090909091 0.9373173076923076 0.03400568181818182 0.06286538461538461
0 0.3103480113636364 0.8834230769230769 0.09779829545454545 0.10511538461538456
0 0.4715696022727273 0.9292788461538461 0.08654829545454547 0.07794230769230776
0 0.4484446022727273 0.8900480769230769 0.04782670454545457 0.04328846153846152
0 0.6929048295454546 0.874923076923077 0.0962642045454546 0.08453846153846149
0 0.7738139204545456 0.8957115384615384 0.08117897727272724 0.08384615384615378
0 0.5148295454545454 0.6315961538461538 0.05244318181818176 0.08711538461538464
0 0.4932741477272727 0.5893942307692308 0.04606534090909092 0.06871153846153849
0 0.9686363636363637 0.3530288461538461 0.06272727272727269 0.11986538461538464
0 0.48218750000000005 0.6803461538461538 0.08957386363636365 0.1131923076923076
0 0.4096732954545454 0.6096057692307693 0.1236931818181818 0.06871153846153849
0 0.6209659090909091 0.6535384615384616 0.07886363636363641 0.07700000000000004
0 0.4998650568181818 0.5244903846153847 0.10913352272727271 0.12059615384615381
0 0.9106463068181818 0.49474999999999997 0.07015624999999998 0.09276923076923073
0 0.8898508522727272 0.5891923076923077 0.04813920454545453 0.10492307692307692
0 0.7550852272727273 0.7799711538461539 0.08249999999999998 0.10390384615384621
0 0.8465553977272727 0.6079326923076923 0.06811079545454551 0.0900961538461539
0 0.8573934659090909 0.5344038461538462 0.07487215909090915 0.061076923076923056
0 0.8378622159090909 0.6932884615384616 0.05416193181818181 0.11588461538461536
0 0.887890625 0.10764423076923077 0.06353693181818185 0.06786538461538463
0 0.787372159090909 0.7095769230769231 0.053494318181818136 0.09776923076923072
0 0.8908806818181817 0.7494903846153846 0.04437500000000001 0.07909615384615384
0 0.6955823863636363 0.5601346153846154 0.07363636363636368 0.09276923076923078
0 0.6383025568181818 0.5176538461538461 0.050923295454545485 0.12915384615384615
0 0.7657173295454546 0.5846346153846154 0.06913352272727268 0.10173076923076918
0 0.805390625 0.5890288461538461 0.04867897727272725 0.04967307692307689
0 0.8012713068181818 0.5337788461538462 0.041946022727272686 0.06082692307692307
0 0.9454474431818182 0.6710480769230769 0.10569602272727269 0.06290384615384623
0 0.897294034090909 0.4508557692307692 0.05595170454545453 0.08598076923076925
0 0.6734232954545455 0.6168846153846154 0.16338068181818188 0.1296153846153847
0 0.9738707386363636 0.630201923076923 0.052258522727272674 0.052403846153846155
0 0.5557244318181819 0.6668173076923077 0.05798295454545454 0.12248076923076923
0 0.04842329545454546 0.30583653846153847 0.08502840909090909 0.07401923076923078
0 0.14487926136363638 0.5136538461538462 0.09592329545454543 0.13676923076923084
0 0.3330184659090909 0.5211923076923076 0.1585653409090909 0.10676923076923073
0 0.4300994318181818 0.4225865384615385 0.09460227272727267 0.06451923076923079
0 0.3298153409090909 0.4259519230769231 0.07468750000000002 0.08859615384615384
0 0.13785511363636366 0.184875 0.07065340909090909 0.11232692307692307
0 0.042457386363636364 0.05975 0.02318181818181818 0.05230769230769231
0 0.13407670454545453 0.37953846153846155 0.06786931818181818 0.10253846153846158
0 0.02634943181818182 0.046432692307692314 0.05269886363636364 0.09021153846153847
0 0.9630042613636363 0.5860865384615385 0.07399147727272731 0.0830961538461538
0 0.11100142045454545 0.08684615384615384 0.06663352272727273 0.11838461538461538
0 0.14396306818181817 0.23295192307692306 0.10619318181818181 0.0986730769230769
0 0.02715909090909091 0.21707692307692306 0.05329545454545455 0.10600000000000001
0 0.03715198863636363 0.16407692307692306 0.07413352272727272 0.08680769230769231
0 0.6910440340909091 0.24476923076923077 0.0790482954545455 0.06284615384615386
0 0.7412357954545455 0.1564326923076923 0.075284090909091 0.10532692307692308
0 0.7619389204545454 0.23415384615384616 0.06776988636363641 0.07730769230769234
0 0.5285511363636364 0.1105673076923077 0.052698863636363585 0.11551923076923076
0 0.6932386363636364 0.053221153846153856 0.12107954545454538 0.10448076923076924
0 0.5618039772727272 0.07488461538461538 0.05269886363636367 0.07134615384615385
0 0.9563991477272729 0.5125865384615385 0.08674715909090916 0.1134423076923077
0 0.5147443181818182 0.028096153846153844 0.06525568181818181 0.05619230769230769
0 0.5790553977272727 0.19465384615384615 0.07842329545454542 0.11892307692307691
0 0.5614843749999999 0.30550000000000005 0.05458806818181819 0.10957692307692306
0 0.6119957386363637 0.050249999999999996 0.04768465909090908 0.10023076923076922
0 0.6806960227272728 0.13434615384615384 0.05082386363636368 0.10023076923076923
0 0.6668892045454545 0.1810673076923077 0.058352272727272704 0.11721153846153845
0 0.5278551136363636 0.18743269230769233 0.08696022727272731 0.07728846153846153
0 0.6060298295454545 0.12559615384615386 0.09223011363636364 0.07015384615384615
0 0.3698650568181818 0.19825 0.0641335227272727 0.09315384615384614
0 0.2995809659090909 0.33539423076923075 0.058309659090909106 0.09944230769230765
