0 0.9422940340909091 0.728375 0.03359375000000013 0.023519230769230803
0 0.19519886363636363 0.1547403846153846 0.06693181818181816 0.07051923076923076
0 0.012436079545454547 0.689951923076923 0.024872159090909094 0.07874999999999997
0 0.2416264204545455 0.8419134615384616 0.05862215909090911 0.0900961538461539
0 0.023373579545454545 0.7542307692307693 0.04674715909090909 0.03030769230769229
0 0.5512997159090909 0.10019230769230769 0.033508522727272776 0.07442307692307693
0 0.9494318181818181 0.8333173076923077 0.040482954545454544 0.06582692307692312
0 0.5744105113636363 0.11096153846153846 0.05580965909090904 0.12519230769230769
0 0.6470028409090909 0.03381730769230769 0.09198863636363636 0.06659615384615383
0 0.22235795454545454 0.9125865384615385 0.08821022727272729 0.0877884615384615
0 0.32300426136363636 0.6522692307692308 0.06421875 0.04800000000000007
0 0.3552485795454546 0.07097115384615385 0.03782670454545458 0.07590384615384616
0 0.9944886363636364 0.7723173076923078 0.01102272727272726 0.12371153846153843
0 0.18673295454545452 0.8587596153846153 0.09485795454545455 0.031634615384615365
0 0.27876420454545453 0.5848365384615385 0.008806818181818166 0.11132692307692305
0 0.2842613636363636 0.6718076923076923 0.026448863636363642 0.05107692307692308
0 0.48384232954545453 0.8247596153846154 0.023678977272727216 0.035942307692307794
0 0.19453125 0.218125 0.033295454545454524 0.09282692307692307
0 0.15396306818181818 0.017221153846153844 0.016448863636363654 0.033980769230769224
0 0.12448863636363637 0.023624999999999997 0.04789772727272727 0.046788461538461536
0 0.28158380681818185 0.648451923076923 0.017627840909090906 0.039749999999999924
0 0.2716122159090909 0.6002980769230769 0.04401988636363638 0.08909615384615381
0 0.10984375 0.15158653846153847 0.018494318181818195 0.07386538461538462
0 0.10960227272727273 0.3765576923076923 0.039261363636363636 0.044538461538461534
0 0.4847017045454546 0.9171346153846153 0.040482954545454544 0.07357692307692316
0 0.2848082386363636 0.8109519230769231 0.03910511363636364 0.06675000000000007
0 0.09941051136363636 0.09957692307692308 0.04072443181818181 0.0949230769230769
0 0.37850852272727276 0.11471153846153846 0.04178977272727275 0.03742307692307691
0 0.18712357954545455 0.7432115384615385 0.017855113636363648 0.021230769230769272
0 0.568828125 0.08696153846153847 0.05021306818181821 0.14623076923076922
0 0.14726562499999998 0.04744230769230769 0.10967329545454546 0.054730769230769236
0 0.30506392045454545 0.7060384615384615 0.05328125000000003 0.0726538461538461
0 0.9341193181818181 0.9215576923076924 0.043778409090909 0.03853846153846158
0 0.18367897727272728 0.010798076923076924 0.03849431818181819 0.02155769230769231
0 0.43546875 0.9220096153846153 0.03499999999999998 0.08398076923076915
0 0.9832741477272727 0.9105384615384615 0.03345170454545448 0.0631538461538461
0 0.6516122159090909 0.8336538461538462 0.09098011363636366 0.08530769230769233
0 0.6174644886363636 0.8273846153846154 0.02632102272727269 0.05900000000000001
0 0.5632528409090909 0.05647115384615385 0.038238636363636384 0.11117307692307693
0 0.30620738636363637 0.5804423076923076 0.07315340909090909 0.11584615384615386
0 0.9865767045454544 0.09149038461538463 0.026846590909090876 0.03736538461538461
0 0.11997159090909092 0.42949999999999994 0.052642045454545434 0.1103846153846154
0 0.1948650568181818 0.21991346153846153 0.01615056818181819 0.06428846153846153
0 0.45297585227272724 0.04401923076923077 0.02825284090909089 0.08803846153846154
0 0.24374289772727273 0.7619903846153846 0.055071022727272705 0.11744230769230768
0 0.6510227272727273 0.4594711538461539 0.08295454545454542 0.04828846153846151
0 0.26267755681818183 0.6302980769230769 0.027627840909090932 0.0687884615384615
0 0.9595667613636363 0.9485384615384616 0.019928977272727234 0.05107692307692308
0 0.5353196022727272 0.044653846153846155 0.04549715909090905 0.08792307692307692
0 0.01879261363636364 0.4273942307692308 0.03758522727272728 0.021711538461538445
0 0.9799502840909091 0.8438653846153846 0.01745738636363631 0.0696153846153847
0 0.8012855113636363 0.20743269230769232 0.08248579545454536 0.04263461538461539
0 0.2612144886363636 0.7743653846153846 0.07487215909090911 0.0934615384615385
0 0.9478196022727272 0.9695 0.022059659090909053 0.06023076923076911
0 0.6093039772727272 0.8757019230769231 0.02093750000000001 0.031519230769230744
0 0.16350852272727273 0.03992307692307693 0.016903409090909097 0.026384615384615385
0 0.6932599431818182 0.43033653846153846 0.11061079545454545 0.11128846153846154
0 0.5574573863636364 0.015076923076923076 0.011988636363636361 0.030076923076923077
0 0.1524715909090909 0.045807692307692306 0.027244318181818192 0.03242307692307692
0 0.14671874999999998 0.08522115384615384 0.04954545454545456 0.030519230769230764
0 0.9530965909090909 0.9535865384615385 0.01883522727272726 0.030596153846153783
0 0.9395028409090909 0.8804807692307692 0.055823863636363574 0.05076923076923084
0 0.06754261363636363 0.4352403846153846 0.06485795454545454 0.034057692307692324
0 0.7697869318181819 0.11785576923076922 0.051732954545454485 0.055326923076923086
0 0.7800994318181819 0.18967307692307692 0.0648579545454545 0.09034615384615385
0 0.6978764204545453 0.15674038461538461 0.10370738636363627 0.06017307692307693
0 0.056690340909090906 0.3945192307692308 0.054488636363636364 0.05207692307692305
0 0.9546519886363637 0.7553942307692307 0.03782670454545454 0.050749999999999976
0 0.13766335227272727 0.3568269230769231 0.025383522727272713 0.03142307692307693
0 0.603075284090909 0.036894230769230776 0.02830965909090902 0.03125
0 0.31081676136363634 0.15421153846153846 0.04035511363636363 0.03969230769230769
0 0.3561150568181818 0.06066346153846154 0.017514204545454562 0.09071153846153847
0 0.3881036931818182 0.16680769230769232 0.039531249999999976 0.049538461538461545
0 0.37774857954545454 0.040173076923076916 0.03248579545454546 0.08026923076923076
0 0.9815696022727273 0.7283365384615385 0.026718749999999923 0.07425000000000002
0 0.9687571022727273 0.7095673076923077 0.062173295454545426 0.065826923076923
0 0.419375 0.021403846153846155 0.07144886363636366 0.04280769230769231
0 0.6911150568181817 0.4964807692307693 0.01927556818181817 0.027961538461538447
0 0.9507315340909092 0.7987980769230769 0.08382102272727288 0.08328846153846144
0 0.9073792613636364 0.750423076923077 0.083877840909091 0.07449999999999991
0 0.2297940340909091 0.3159711538461539 0.08302556818181817 0.12859615384615386
0 0.29142755681818183 0.32181730769230776 0.045184659090909095 0.05775
0 0.5836150568181818 0.9067307692307692 0.03992897727272729 0.06630769230769235
0 0.9509730113636364 0.5826346153846155 0.09805397727272723 0.054615384615384684
0 0.0840625 0.4779038461538461 0.07911931818181818 0.0871923076923077
0 0.6805965909090909 0.5065961538461539 0.02065340909090912 0.03007692307692305
0 0.50078125 0.7935192307692308 0.08244318181818185 0.04842307692307694
0 0.72140625 0.5267596153846154 0.023409090909090935 0.1045192307692307
0 0.10182528409090909 0.2776923076923077 0.048934659090909084 0.03434615384615387
0 0.10490767045454547 0.2374423076923077 0.054389204545454546 0.09619230769230769
0 0.7076988636363637 0.5028942307692308 0.08798295454545463 0.0856730769230769
0 0.5008096590909091 0.8949711538461538 0.028494318181818187 0.026173076923076948
0 0.8071093749999999 0.9785576923076924 0.03078124999999994 0.04288461538461541
0 0.18977272727272726 0.09447115384615384 0.07926136363636363 0.09336538461538463
0 0.45297585227272724 0.9125961538461539 0.07004261363636365 0.09426923076923073
0 0.2685085227272727 0.6918269230769231 0.02332386363636366 0.03580769230769232
0 0.5965127840909091 0.8108173076923076 0.10913352272727278 0.06075000000000006
0 0.24345170454545453 0.2019903846153846 0.02434659090909093 0.10648076923076924
0 0.11425426136363637 0.1916346153846154 0.028707386363636376 0.05534615384615385
0 0.6214204545454546 0.7911346153846154 0.10298295454545454 0.12111538461538465
0 0.17031960227272727 0.2054903846153846 0.027627840909090894 0.12151923076923074
0 0.3973366477272728 0.932298076923077 0.05865056818181821 0.1169807692307693
0 0.45754971590909094 0.9083846153846155 0.03305397727272725 0.020807692307692294
0 0.44821732954545457 0.901375 0.015809659090909086 0.022788461538461473
0 0.13001420454545454 0.15171153846153845 0.023409090909090893 0.10476923076923077
0 0.17821732954545455 0.023653846153846154 0.04183238636363637 0.04215384615384616
0 0.3216122159090909 0.1473076923076923 0.07322443181818183 0.10384615384615384
0 0.5358096590909092 0.9477692307692308 0.04213068181818185 0.10150000000000006
0 0.13861505681818184 0.37473076923076926 0.023167613636363618 0.04561538461538461
0 0.13610085227272728 0.19099999999999998 0.03745738636363637 0.16899999999999998
0 0.7829616477272726 0.9749230769230769 0.03143465909090908 0.04984615384615377
0 0.5592116477272727 0.9607307692307693 0.04379261363636369 0.07853846153846149
0 0.47183948863636366 0.8569807692307693 0.028394886363636376 0.03149999999999999
0 0.18730113636363635 0.26563461538461536 0.05991477272727272 0.08238461538461542
0 0.17772727272727273 0.33226923076923076 0.041107954545454545 0.024346153846153896
0 0.13532670454545453 0.23389423076923077 0.02090909090909091 0.06632692307692309
0 0.42456676136363636 0.8233846153846154 0.04487215909090905 0.09253846153846154
0 0.9730397727272727 0.6938846153846153 0.0512499999999999 0.057038461538461475
0 0.1696875 0.3723173076923077 0.02536931818181816 0.06274999999999999
0 0.17564630681818183 0.34375 0.03521306818181819 0.08203846153846159
0 0.0948934659090909 0.3279711538461539 0.05024147727272727 0.04486538461538464
0 0.49221590909090907 0.34039423076923075 0.021960227272727242 0.05663461538461536
0 0.812784090909091 0.9495865384615384 0.08605113636363643 0.05363461538461547
0 0.5160227272727272 0.7980673076923077 0.045937499999999964 0.05667307692307698
0 0.4894673295454546 0.6651634615384615 0.035923295454545486 0.12717307692307692
0 0.5432741477272727 0.3598653846153846 0.044218749999999994 0.09376923076923076
0 0.5508451704545454 0.3792788461538462 0.06436079545454546 0.0321346153846154
0 0.3884730113636364 0.6669519230769231 0.06830965909090905 0.1275576923076924
0 0.3799076704545455 0.159625 0.06967329545454547 0.07009615384615385
0 0.7310369318181817 0.8786442307692307 0.10329545454545451 0.1484038461538462
0 0.49642755681818185 0.24877884615384618 0.03328125000000001 0.13771153846153844
0 0.5094176136363636 0.2547884615384616 0.04340909090909091 0.13342307692307695
0 0.49998579545454547 0.4364615384615384 0.019403409090909044 0.13476923076923078
0 0.45657670454545446 0.39892307692307694 0.06863636363636362 0.10080769230769233
0 0.12090909090909091 0.1411346153846154 0.017159090909090905 0.08584615384615384
0 0.4318963068181818 0.619125 0.11276988636363634 0.0597884615384616
0 0.8647940340909092 0.9534038461538461 0.05725852272727281 0.09319230769230766
0 0.9201136363636363 0.9146538461538462 0.06758522727272717 0.17069230769230767
0 0.5000994318181818 0.5164807692307692 0.011363636363636364 0.13353846153846158
0 0.9819034090909091 0.8048173076923076 0.03619318181818185 0.030365384615384544
0 0.5201846590909092 0.6470096153846153 0.052585227272727325 0.08532692307692309
0 0.45077414772727276 0.8030961538461538 0.019389204545454595 0.07780769230769227
0 0.5049431818181819 0.6165096153846155 0.019431818181818192 0.07721153846153853
0 0.49774147727272733 0.7474519230769231 0.05380681818181818 0.03190384615384621
0 0.48674715909090904 0.5052307692307693 0.01840909090909088 0.09600000000000003
0 0.5341335227272727 0.8627692307692307 0.07900568181818174 0.09530769230769232
0 0.017890625 0.328125 0.03578125 0.053480769230769235
0 0.07105113636363636 0.23468269230769231 0.07173295454545454 0.11759615384615388
0 0.07773437500000001 0.12138461538461538 0.04436079545454546 0.19896153846153844
0 0.07259943181818182 0.9744423076923078 0.07937499999999999 0.05111538461538458
0 0.5991548295454545 0.8543076923076923 0.013451704545454584 0.05580769230769227
0 0.015951704545454547 0.26054807692307697 0.03190340909090909 0.07144230769230771
0 0.11748579545454546 0.09046153846153847 0.014090909090909093 0.042923076923076925
0 0.02905539772727273 0.9525576923076924 0.057656250000000006 0.09426923076923084
0 0.31828125 0.2161730769230769 0.1323579545454546 0.08511538461538459
0 0.01909090909090909 0.29875000000000007 0.03792613636363636 0.05884615384615383
0 0.6130113636363635 0.7490673076923077 0.1272159090909091 0.07332692307692307
0 0.04618607954545455 0.32000961538461536 0.032741477272727276 0.08821153846153847
0 0.2890269886363636 0.6930000000000001 0.03987215909090908 0.0750384615384615
0 0.98328125 0.9666923076923077 0.033380681818181816 0.06661538461538459
0 0.5856534090909091 0.7360000000000001 0.10366477272727276 0.11134615384615391
