0 0.7462357954545454 0.07074038461538461 0.025113636363636452 0.08125
0 0.5487784090909091 0.36132692307692305 0.04062499999999995 0.08476923076923079
0 0.97296875 0.43798076923076923 0.05406249999999992 0.03534615384615384
0 0.7346946022727273 0.9583269230769231 0.06572443181818187 0.08334615384615379
0 0.5505184659090909 0.26811538461538464 0.04393465909090902 0.03326923076923074
0 0.9882599431818182 0.413173076923077 0.023480113636363598 0.02519230769230768
0 0.9772159090909092 0.47078846153846154 0.045568181818181876 0.04480769230769228
0 0.27387073863636363 0.27074038461538463 0.03992897727272729 0.11194230769230765
0 0.28423295454545455 0.2933557692307693 0.020142045454545465 0.0297884615384615
0 0.28578125 0.2704903846153846 0.020142045454545465 0.03817307692307697
0 0.5727201704545455 0.2932211538461538 0.0324573863636364 0.04582692307692304
0 0.054112215909090905 0.2631153846153846 0.10813920454545455 0.12657692307692306
0 0.6812357954545455 0.01896153846153846 0.0482670454545454 0.03792307692307692
0 0.8177769886363635 0.9807884615384616 0.03115056818181811 0.03230769230769222
0 0.5246732954545454 0.19538461538461538 0.03894886363636358 0.046384615384615364
0 0.5445028409090908 0.17233653846153849 0.03215909090909089 0.04671153846153847
0 0.5108380681818182 0.32783653846153843 0.037272727272727284 0.07440384615384615
0 0.5324857954545454 0.37247115384615387 0.049829545454545515 0.03736538461538463
0 0.5160369318181818 0.3063653846153846 0.04181818181818182 0.03226923076923077
0 0.1063849431818182 0.5892788461538462 0.12109375 0.137326923076923
0 0.5856889204545455 0.37004807692307695 0.04745738636363632 0.08144230769230767
0 0.891328125 0.8314038461538462 0.05123579545454537 0.09792307692307696
0 0.6779758522727273 0.5197499999999999 0.07762784090909088 0.10426923076923077
0 0.698828125 0.13348076923076924 0.02504261363636363 0.05607692307692307
0 0.629921875 0.4296442307692308 0.056633522727272734 0.12086538461538461
0 0.8690056818181818 0.8817307692307692 0.03562500000000006 0.027576923076923138
0 0.5435866477272727 0.4201538461538462 0.06572443181818179 0.07538461538461541
0 0.7197869318181818 0.9582884615384615 0.03181818181818179 0.04338461538461539
0 0.6938565340909091 0.9845288461538463 0.033053977272727325 0.03090384615384614
0 0.8799076704545453 0.423 0.06186079545454555 0.07219230769230768
0 0.6995596590909091 0.05278846153846154 0.03386363636363641 0.06007692307692308
0 0.7121022727272727 0.03048076923076923 0.026505681818181772 0.06096153846153846
0 0.8385085227272726 0.43141346153846155 0.03744318181818184 0.044826923076923084
0 0.7019247159090909 0.2700480769230769 0.046946022727272746 0.07517307692307693
0 0.9878267045454546 0.774 0.02434659090909089 0.07284615384615384
0 0.9815696022727274 0.6468269230769231 0.036747159090909094 0.04469230769230771
0 0.7580894886363635 0.2801923076923077 0.03654829545454532 0.07519230769230768
0 0.9737642045454545 0.6918365384615385 0.028323863636363713 0.05201923076923068
0 0.31931107954545457 0.765375 0.054616477272727296 0.054134615384615344
0 0.5851278409090909 0.9069615384615385 0.06448863636363633 0.04707692307692311
0 0.35746448863636365 0.780625 0.03092329545454547 0.05144230769230769
0 0.4246946022727273 0.8342692307692308 0.030241477272727302 0.030730769230769266
0 0.40487926136363633 0.6908942307692307 0.059644886363636296 0.08094230769230765
0 0.3844389204545454 0.6399038461538461 0.04612215909090909 0.10603846153846151
0 0.40668323863636363 0.9522884615384616 0.052741477272727266 0.041346153846153845
0 0.4077201704545454 0.6335480769230769 0.046633522727272704 0.07194230769230762
0 0.5565198863636364 0.9468173076923078 0.06801136363636363 0.060942307692307685
0 0.3308664772727273 0.96375 0.10244318181818182 0.07249999999999998
0 0.35046875000000005 0.8544134615384614 0.035710227272727296 0.04140384615384621
0 0.3964133522727273 0.8769423076923076 0.0681676136363636 0.055730769230769264
0 0.5327272727272727 0.69375 0.07866477272727272 0.055346153846153795
0 0.5203764204545455 0.7599807692307693 0.055156249999999976 0.03834615384615384
0 0.6751278409090908 0.30901923076923077 0.04176136363636369 0.06315384615384616
0 0.8235724431818183 0.2817788461538462 0.07467329545454553 0.07244230769230772
0 0.5069389204545455 0.8038557692307692 0.04217329545454545 0.027903846153846137
0 0.9902201704545455 0.9775769230769231 0.01953125 0.044846153846153834
0 0.37751420454545453 0.19654807692307694 0.02386363636363638 0.08771153846153847
0 0.9913494318181819 0.8751346153846153 0.017301136363636293 0.11580769230769236
0 0.6417613636363636 0.33069230769230773 0.04809659090909093 0.04530769230769231
0 0.4697088068181818 0.7826634615384616 0.040582386363636355 0.05344230769230773
0 0.94671875 0.8596442307692307 0.07338068181818193 0.11944230769230772
0 0.4725142045454545 0.8188076923076922 0.024630681818181784 0.08611538461538468
0 0.10350852272727273 0.31748076923076923 0.07889204545454545 0.05842307692307691
0 0.023657670454545456 0.16977884615384614 0.04731534090909091 0.11090384615384616
0 0.8622159090909091 0.029067307692307694 0.04144886363636373 0.05813461538461539
0 0.915965909090909 0.20201923076923078 0.07502840909090916 0.08315384615384615
0 0.4275497159090909 0.16104807692307693 0.052514204545454586 0.1278653846153846
0 0.2392897727272727 0.4392692307692308 0.06741477272727274 0.11426923076923075
0 0.6918821022727273 0.13509615384615384 0.07203125000000005 0.09061538461538463
0 0.7130965909090908 0.22003846153846152 0.04122159090909088 0.0733076923076923
0 0.4728338068181818 0.23865384615384613 0.06140625000000002 0.06596153846153846
0 0.8428977272727273 0.9929230769230768 0.06562500000000006 0.01415384615384618
0 0.43354403409090914 0.19133653846153847 0.02617897727272728 0.051173076923076925
0 0.11699573863636363 0.9381153846153846 0.09788352272727273 0.07765384615384614
0 0.31256392045454545 0.28674038461538465 0.03870738636363636 0.2023269230769231
0 0.8168607954545454 0.9484423076923076 0.03528409090909095 0.04269230769230778
0 0.9392826704545455 0.15323076923076925 0.06120738636363625 0.0543076923076923
0 0.32088778409090907 0.40428846153846154 0.06546874999999996 0.11153846153846154
0 0.5996875 0.3060673076923077 0.045085227272727284 0.057019230769230725
0 0.019865056818181816 0.21539423076923075 0.039673295454545454 0.03848076923076924
0 0.2306747159090909 0.4460096153846154 0.03512784090909089 0.02898076923076927
0 0.7157741477272727 0.6277980769230769 0.08151988636363643 0.18051923076923077
0 0.8830042613636363 0.9714903846153846 0.046491477272727295 0.057019230769230725
0 0.9067613636363636 0.7291153846153846 0.09295454545454553 0.0756153846153846
0 0.9307102272727273 0.5669326923076923 0.05298295454545448 0.061096153846153814
0 0.31107954545454547 0.9013173076923077 0.02585227272727271 0.10248076923076917
0 0.9899644886363635 0.6847211538461538 0.020071022727272722 0.015057692307692386
0 0.27087357954545455 0.7877884615384615 0.1110369318181818 0.054153846153846205
0 0.9496022727272727 0.6655961538461539 0.05085227272727266 0.06938461538461535
0 0.32308238636363634 0.3871346153846154 0.021931818181818177 0.028807692307692343
0 0.9704971590909092 0.5194038461538462 0.05900568181818177 0.044307692307692347
0 0.8628338068181818 0.38163461538461535 0.03941761363636364 0.07253846153846154
0 0.7383806818181817 0.4843269230769231 0.06457386363636361 0.07119230769230771
0 0.7848579545454545 0.5004230769230769 0.07034090909090907 0.07976923076923075
0 0.8027059659090909 0.5370865384615384 0.04046875000000001 0.12894230769230772
0 0.3835369318181818 0.2392115384615385 0.05752840909090909 0.0926923076923077
0 0.8206463068181818 0.5509903846153846 0.04191761363636362 0.14044230769230764
0 0.8671306818181819 0.5401730769230769 0.068465909090909 0.09692307692307688
0 0.6324573863636364 0.5081730769230769 0.043863636363636355 0.044961538461538456
0 0.5818252840909092 0.5374519230769231 0.06313920454545453 0.13848076923076927
0 0.3738778409090909 0.14003846153846153 0.03855113636363634 0.06023076923076925
0 0.5626491477272727 0.4880288461538462 0.04785511363636363 0.10967307692307698
0 0.4611434659090909 0.4535 0.051946022727272716 0.1939615384615385
0 0.02433238636363636 0.29750961538461534 0.04866477272727272 0.07571153846153841
0 0.058018465909090905 0.35401923076923075 0.06779829545454544 0.06023076923076922
0 0.1611931818181818 0.17339423076923077 0.04170454545454545 0.11413461538461539
0 0.08453125 0.11301923076923076 0.06343750000000001 0.17103846153846153
0 0.047201704545454554 0.10478846153846154 0.034971590909090904 0.05538461538461538
0 0.39130681818181823 0.06965384615384615 0.08505681818181822 0.10996153846153846
0 0.7677059659090909 0.42333653846153846 0.06186079545454539 0.058788461538461526
0 0.6019886363636363 0.9564711538461539 0.04906250000000003 0.08667307692307691
0 0.8727059659090909 0.48522115384615383 0.07098011363636368 0.0666730769230769
0 0.7240411931818183 0.17397115384615386 0.09029829545454544 0.09840384615384616
0 0.7807102272727273 0.37459615384615386 0.04786931818181825 0.0673076923076923
0 0.5630894886363637 0.9794423076923077 0.07012784090909091 0.04111538461538461
0 0.7906605113636364 0.3461730769230769 0.05038352272727276 0.08292307692307693
0 0.36818892045454543 0.922048076923077 0.045923295454545474 0.037942307692307616
0 0.4448082386363636 0.644576923076923 0.032144886363636355 0.10288461538461538
0 0.2666477272727273 0.9362403846153846 0.11400568181818181 0.07544230769230761
0 0.3491193181818182 0.9045384615384615 0.03343750000000003 0.05580769230769227
0 0.6856818181818182 0.8790192307692308 0.06917613636363634 0.08353846153846153
0 0.3326917613636363 0.9922980769230769 0.051718749999999994 0.015403846153846136
0 0.6235227272727273 0.741423076923077 0.060284090909090905 0.06565384615384613
0 0.9713565340909092 0.3837307692307692 0.057002840909090906 0.10807692307692306
0 0.31621448863636364 0.894125 0.04995738636363634 0.05786538461538468
0 0.5584019886363637 0.7542211538461538 0.06365056818181819 0.042634615384615306
0 0.25865767045454546 0.3479423076923077 0.07799715909090912 0.053384615384615364
0 0.7499857954545455 0.18335576923076924 0.0382954545454546 0.053019230769230756
0 0.03254261363636363 0.4464326923076923 0.06508522727272727 0.06278846153846154
0 0.09481534090909091 0.46667307692307697 0.06894886363636364 0.06784615384615385
0 0.2538352272727273 0.3752019230769231 0.06801136363636363 0.03659615384615385
0 0.3197869318181818 0.24500000000000002 0.03261363636363637 0.09819230769230769
0 0.25453125 0.7900384615384616 0.07468749999999998 0.03123076923076925
0 0.33587357954545455 0.25876923076923075 0.052514204545454544 0.12330769230769231
0 0.3471946022727273 0.36076923076923073 0.05245738636363633 0.11923076923076924
0 0.2114559659090909 0.6147596153846154 0.05683238636363635 0.07132692307692313
0 0.23264914772727271 0.8690576923076923 0.05200284090909093 0.09749999999999998
0 0.22474431818181823 0.9272980769230769 0.0806534090909091 0.12851923076923086
0 0.6092329545454546 0.8244711538461539 0.058181818181818154 0.060519230769230714
0 0.7080042613636364 0.8002019230769231 0.07751420454545462 0.06998076923076921
0 0.7811860795454546 0.8696923076923078 0.0895028409090909 0.08619230769230768
0 0.6977698863636363 0.8243846153846154 0.06857954545454549 0.048769230769230794
0 0.806356534090909 0.8608076923076923 0.06884943181818169 0.09950000000000002
0 0.8018039772727273 0.9149038461538461 0.031022727272727316 0.07950000000000006
0 0.7726065340909091 0.9266346153846154 0.03200284090909087 0.062076923076923134
0 0.34688210227272726 0.41191346153846153 0.03115056818181815 0.03871153846153845
0 0.2614204545454546 0.744423076923077 0.10008522727272728 0.04561538461538456
0 0.6342826704545454 0.8944615384615384 0.042855113636363656 0.06273076923076924
0 0.1878125 0.7673365384615385 0.07866477272727272 0.09413461538461536
0 0.6004900568181818 0.7664519230769231 0.05393465909090913 0.06632692307692309
0 0.6728693181818183 0.589951923076923 0.05653409090909092 0.12575000000000008
0 0.9432954545454545 0.7821442307692308 0.06741477272727261 0.1319423076923076
0 0.4175568181818182 0.43990384615384615 0.09176136363636359 0.1178461538461538
0 0.182890625 0.032230769230769236 0.06382102272727272 0.06446153846153847
0 0.6507741477272727 0.05877884615384615 0.03501420454545459 0.05517307692307692
0 0.785447443181818 0.9758557692307692 0.04978693181818192 0.048288461538461565
0 0.9294744318181817 0.9798653846153845 0.04710227272727268 0.03999999999999991
0 0.6266122159090909 0.06573076923076923 0.03572443181818179 0.027961538461538468
0 0.625703125 0.9366153846153846 0.029161931818181778 0.06323076923076922
0 0.679609375 0.05656730769230769 0.04225852272727273 0.032096153846153844
0 0.5798153409090909 0.06452884615384616 0.026931818181818234 0.12905769230769232
0 0.6490553977272727 0.8041923076923077 0.04671874999999998 0.07030769230769231
0 0.6409232954545455 0.8784711538461537 0.05355113636363635 0.0854423076923077
0 0.33886363636363637 0.9723269230769231 0.08497159090909094 0.05203846153846154
0 0.35269886363636366 0.7081538461538461 0.057869318181818195 0.07192307692307688
0 0.5953693181818182 0.10853846153846153 0.03690340909090912 0.09992307692307692
0 0.6064559659090909 0.9330673076923077 0.01845170454545456 0.03394230769230765
0 0.47877130681818175 0.8904326923076923 0.042684659090909106 0.06351923076923083
0 0.8861576704545455 0.2785673076923077 0.09813920454545459 0.07690384615384614
0 0.8728551136363637 0.329875 0.06590909090909104 0.048903846153846166
0 0.8366264204545455 0.3369423076923077 0.042940340909090935 0.09434615384615386
0 0.8907741477272727 0.12526923076923077 0.02365056818181815 0.04180769230769231
0 0.5528622159090909 0.2050673076923077 0.02728693181818179 0.04828846153846154
0 0.32960937500000004 0.12061538461538461 0.0696164772727273 0.09126923076923077
0 0.14680397727272726 0.345625 0.08502840909090909 0.04159615384615384
0 0.563828125 0.18783653846153844 0.05609375000000001 0.16051923076923078
0 0.5993892045454546 0.25669230769230766 0.054346590909090976 0.07438461538461537
0 0.48281960227272724 0.21309615384615385 0.05967329545454552 0.08619230769230768
0 0.8616974431818182 0.175125 0.04032670454545453 0.08701923076923077
0 0.35185369318181814 0.1986153846153846 0.04007102272727274 0.09026923076923077
0 0.4761363636363637 0.2944807692307692 0.03965909090909093 0.10123076923076921
0 0.5823224431818183 0.45323076923076927 0.020838068181818204 0.03669230769230772
0 0.52515625 0.28337500000000004 0.037102272727272734 0.037519230769230805
0 0.5771946022727273 0.41034615384615386 0.016832386363636317 0.06019230769230771
0 0.664375 0.3511634615384615 0.03954545454545451 0.057096153846153845
0 0.498671875 0.27783653846153844 0.022713068181818195 0.028749999999999977
0 0.3096732954545454 0.4206923076923077 0.01732954545454548 0.028807692307692288
0 0.5964914772727273 0.4637788461538461 0.02005681818181819 0.02594230769230771
0 0.6913849431818182 0.34302884615384616 0.041178977272727284 0.08094230769230765
0 0.8991761363636364 0.9847884615384616 0.017187500000000033 0.03042307692307691
0 0.5236008522727272 0.24158653846153846 0.02643465909090911 0.06005769230769231
0 0.13981534090909092 0.3836538461538462 0.07085227272727274 0.0631538461538461
0 0.8780894886363636 0.20003846153846155 0.05811079545454541 0.0765769230769231
0 0.4416335227272727 0.274125 0.06985795454545456 0.13417307692307695
0 0.2791832386363637 0.41631730769230774 0.04867897727272729 0.0345192307692308
0 0.8884588068181819 0.16698076923076924 0.021264204545454583 0.047423076923076915
0 0.8457386363636363 0.973875 0.05508522727272724 0.03344230769230767
0 0.825987215909091 0.8264807692307692 0.08836647727272733 0.07765384615384614
0 0.9166193181818181 0.34015384615384614 0.04519886363636371 0.09676923076923076
0 0.8268536931818182 0.7807788461538462 0.08981534090909093 0.030596153846153783
0 0.9190056818181819 0.13414423076923077 0.043749999999999935 0.07148076923076924
0 0.849325284090909 0.9487403846153847 0.033622159090909036 0.03767307692307687
0 0.2594176136363636 0.39172115384615386 0.08642045454545455 0.041634615384615395
0 0.7464417613636364 0.011 0.02268465909090913 0.022
0 0.5112642045454545 0.9372980769230769 0.03911931818181813 0.029788461538461555
0 0.5414275568181818 0.7258942307692309 0.06367897727272726 0.04128846153846148
0 0.27735795454545453 0.46198076923076925 0.05431818181818183 0.10634615384615381
0 0.3104900568181818 0.45311538461538464 0.041321022727272734 0.060346153846153834
0 0.8538210227272728 0.11561538461538462 0.03093749999999996 0.03430769230769232
0 0.9253764204545454 0.35659615384615384 0.05634943181818176 0.15446153846153846
0 0.4501278409090909 0.9752403846153846 0.04178977272727275 0.04951923076923077
0 0.4768394886363636 0.92075 0.05183238636363638 0.03561538461538469
0 0.8682670454545455 0.10759615384615386 0.03744318181818184 0.044115384615384626
0 0.11933948863636364 0.711423076923077 0.08762784090909091 0.12776923076923077
0 0.13255681818181816 0.21349038461538464 0.054090909090909085 0.13932692307692307
0 0.02284090909090909 0.47673076923076924 0.04568181818181818 0.05250000000000002
0 0.6181889204545454 0.44979807692307694 0.03884943181818185 0.07848076923076923
0 0.47303267045454545 0.7308365384615385 0.03313920454545452 0.052403846153846155
0 0.5075568181818183 0.7240961538461538 0.044488636363636355 0.04519230769230769
0 0.5072940340909091 0.9795288461538462 0.06518465909090908 0.04094230769230773
0 0.3089559659090909 0.7074807692307692 0.033735795454545456 0.08246153846153845
0 0.8185227272727272 0.08771153846153847 0.06298295454545443 0.0293076923076923
0 0.49568181818181817 0.9577596153846153 0.03176136363636366 0.04324999999999991
0 0.7917400568181818 0.2620576923076923 0.041832386363636426 0.050884615384615375
0 0.5244673295454546 0.8998846153846154 0.06768465909090914 0.05049999999999998
0 0.5302201704545454 0.8524519230769231 0.10478693181818187 0.090826923076923
0 0.03135653409090909 0.08567307692307692 0.061576704545454546 0.1143076923076923
0 0.3837571022727273 0.35591346153846154 0.07762784090909092 0.09609615384615385
0 0.5865696022727273 0.8791153846153846 0.06558238636363631 0.047730769230769216
0 0.6194744318181818 0.36931730769230775 0.07082386363636366 0.09013461538461534
0 0.6827911931818181 0.42459615384615385 0.036178977272727314 0.04576923076923079
0 0.5230823863636364 0.6408076923076924 0.1424147727272727 0.12780769230769226
0 0.3683309659090909 0.9829038461538462 0.048764204545454604 0.03419230769230764
0 0.6225142045454546 0.026625000000000003 0.048011363636363574 0.05267307692307693
0 0.9366761363636364 0.4849807692307692 0.07718750000000005 0.08676923076923078
0 0.4056605113636364 0.9850576923076924 0.03563920454545451 0.029884615384615423
0 0.6533096590909091 0.7031923076923077 0.05292613636363635 0.0755769230769231
0 0.6515553977272728 0.6345384615384615 0.025497159090909074 0.06515384615384615
0 0.6696590909090909 0.7020384615384615 0.05306818181818184 0.08999999999999991
0 0.6281249999999999 0.6572596153846153 0.023267045454545447 0.052288461538461534
0 0.634765625 0.030942307692307693 0.07049715909090909 0.061884615384615385
0 0.6340056818181818 0.9482211538461537 0.04059659090909089 0.07782692307692302
0 0.8935795454545455 0.6354134615384616 0.07352272727272725 0.0901730769230769
0 0.6670738636363637 0.45121153846153844 0.03264204545454548 0.058961538461538454
0 0.6099076704545454 0.67175 0.05586647727272733 0.08192307692307697
0 0.6953409090909091 0.9568557692307692 0.029147727272727245 0.02709615384615391
0 0.3981960227272728 0.182625 0.025454545454545476 0.04871153846153846
0 0.6535440340909091 0.4026442307692308 0.04566761363636369 0.0806346153846154
0 0.6453835227272727 0.3566826923076923 0.01829545454545454 0.03351923076923078
0 0.8374644886363637 0.9181442307692308 0.0449005681818182 0.047134615384615365
0 0.9325710227272727 0.9589711538461537 0.12056818181818181 0.08205769230769233
0 0.6995241477272727 0.9287403846153846 0.030894886363636364 0.040826923076923115
0 0.472940340909091 0.9603461538461538 0.034687500000000024 0.07930769230769233
0 0.9001988636363637 0.6882980769230769 0.06372159090909092 0.053519230769230736
0 0.42124289772727264 0.8966442307692307 0.08461647727272727 0.0800961538461538
0 0.9406107954545455 0.8991826923076923 0.03917613636363642 0.019057692307692248
0 0.8161931818181819 0.4585192307692308 0.05443181818181809 0.057692307692307696
0 0.93390625 0.9131730769230769 0.05849431818181811 0.047730769230769216
0 0.7087855113636364 0.4093846153846154 0.02231534090909088 0.044807692307692326
0 0.5573295454545455 0.3086057692307692 0.043210227272727296 0.05374999999999998
0 0.631143465909091 0.2685096153846154 0.07214488636363639 0.0718269230769231
0 0.3248792613636364 0.83975 0.18223011363636366 0.09538461538461543
0 0.7855468750000001 0.7711826923076923 0.0996732954545454 0.09363461538461539
0 0.48374289772727264 0.9812980769230769 0.027428977272727275 0.037403846153846135
0 0.7335298295454545 0.02070192307692308 0.02274147727272726 0.04117307692307692
0 0.721875 0.08746153846153847 0.051193181818181846 0.10276923076923077
0 0.7956889204545454 0.17782692307692308 0.06149147727272722 0.1821153846153846
0 0.7518252840909092 0.21235576923076926 0.047826704545454485 0.08044230769230769
0 0.7190838068181818 0.2550288461538462 0.027684659090909104 0.06405769230769234
0 0.6976420454545454 0.7654038461538462 0.08917613636363632 0.06061538461538458
0 0.14409090909090908 0.3010673076923077 0.06928977272727273 0.06867307692307693
0 0.8609374999999999 0.753375 0.08261363636363632 0.0877884615384615
0 0.9858025568181819 0.551298076923077 0.028394886363636376 0.08286538461538467
0 0.971015625 0.5876634615384616 0.05725852272727265 0.09509615384615383
0 0.9743963068181819 0.30825961538461544 0.0512073863636363 0.10978846153846154
