0 0.6151491477272727 0.10689423076923076 0.06978693181818181 0.15328846153846154
0 0.28498579545454544 0.5947115384615385 0.09207386363636362 0.1
0 0.07505681818181818 0.015644230769230764 0.025227272727272723 0.03082692307692307
0 0.2548366477272727 0.053153846153846156 0.05453124999999998 0.052692307692307705
0 0.20817471590909092 0.03242307692307692 0.041889204545454556 0.045961538461538456
0 0.07200994318181818 0.04275961538461539 0.034048295454545456 0.0754423076923077
0 0.052223011363636364 0.03742307692307693 0.021093749999999998 0.07484615384615385
0 0.18860795454545454 0.085 0.07002840909090911 0.08569230769230769
0 0.6797727272727273 0.22390384615384615 0.05784090909090913 0.0711153846153846
0 0.8551065340909091 0.9778942307692308 0.03742897727272714 0.02251923076923084
0 0.6873792613636364 0.2617115384615385 0.06393465909090908 0.07280769230769234
0 0.86078125 0.9929134615384616 0.030312499999999885 0.014057692307692422
0 0.14642755681818184 0.9066634615384616 0.04788352272727272 0.04121153846153847
0 0.6443039772727274 0.2442403846153846 0.04159090909090913 0.06982692307692308
0 0.8950071022727273 0.9915384615384616 0.03458806818181821 0.016923076923076943
0 0.8421306818181816 0.9899711538461538 0.033210227272727266 0.02005769230769232
0 0.7129403409090909 0.4290288461538462 0.10110795454545456 0.08725000000000001
0 0.7061292613636364 0.5520480769230769 0.10401988636363639 0.2441730769230769
0 0.7447017045454545 0.5702307692307692 0.03184659090909101 0.12349999999999994
0 0.5448153409090909 0.6177692307692307 0.05573863636363638 0.0827692307692307
0 0.7032457386363636 0.51075 0.14663352272727276 0.09580769230769229
0 0.6004332386363637 0.5162307692307693 0.07473011363636366 0.12157692307692307
0 0.4943039772727273 0.8319423076923077 0.04238636363636368 0.1577692307692308
0 0.02352272727272727 0.9398942307692307 0.046988636363636364 0.07863461538461536
0 0.28162642045454545 0.6736346153846153 0.03049715909090909 0.023730769230769184
0 0.535731534090909 0.5814903846153846 0.07112215909090908 0.04444230769230772
0 0.3289346590909091 0.6262884615384614 0.055937499999999994 0.08834615384615384
0 0.6434090909090909 0.9003461538461538 0.04039772727272727 0.1260769230769231
0 0.679502840909091 0.9129519230769231 0.07110795454545454 0.10632692307692311
0 0.5225994318181818 0.9342403846153846 0.0373295454545455 0.11840384615384625
0 0.2385653409090909 0.7020576923076923 0.056164772727272716 0.06076923076923081
0 0.4945241477272727 0.8858365384615384 0.04205965909090911 0.12167307692307688
0 0.5109232954545454 0.9887307692307692 0.021960227272727326 0.022423076923076973
0 0.5240553977272727 0.8583461538461539 0.025781249999999967 0.03549999999999996
0 0.622862215909091 0.10679807692307693 0.02231534090909096 0.04275000000000001
0 0.21916903409090913 0.33370192307692303 0.040184659090909076 0.03659615384615385
0 0.08131392045454545 0.6129326923076923 0.08390625 0.10617307692307688
0 0.5113210227272728 0.9664134615384615 0.028267045454545503 0.028980769230769216
0 0.5324076704545454 0.7838076923076924 0.044332386363636414 0.12849999999999998
0 0.042187499999999996 0.6948846153846154 0.06269886363636364 0.06088461538461543
0 0.1855255681818182 0.8184134615384616 0.0865340909090909 0.09744230769230772
0 0.14117187499999997 0.8637499999999999 0.034076704545454535 0.05311538461538463
0 0.05892755681818182 0.6086057692307693 0.11785511363636364 0.09505769230769232
0 0.26581676136363636 0.5772692307692308 0.1223721590909091 0.20826923076923073
0 0.33633522727272724 0.42047115384615386 0.06036931818181814 0.10817307692307693
0 0.49231534090909096 0.9837115384615384 0.02454545454545459 0.03257692307692307
0 0.9233806818181818 0.7393557692307693 0.05252840909090895 0.0592115384615385
0 0.992478693181818 0.5930480769230769 0.015042613636363682 0.05021153846153849
0 0.8895028409090909 0.9529711538461537 0.050056818181818195 0.09367307692307689
0 0.9785795454545455 0.8446923076923077 0.04284090909090905 0.10961538461538461
0 0.7861221590909092 0.944451923076923 0.10738636363636367 0.07471153846153851
0 0.9496661931818182 0.7864615384615385 0.047542613636363515 0.062192307692307644
0 0.9686789772727273 0.6360769230769231 0.05517045454545459 0.09069230769230763
0 0.9534943181818182 0.7428846153846154 0.022329545454545494 0.038499999999999965
0 0.3690198863636364 0.2639423076923077 0.1325 0.06288461538461536
0 0.9852130681818181 0.8176634615384616 0.029573863636363707 0.06436538461538467
0 0.4748508522727273 0.9736057692307691 0.03234374999999998 0.05278846153846151
0 0.9469034090909091 0.7247788461538461 0.045681818181818296 0.03459615384615387
0 0.32609375 0.28632692307692303 0.048664772727272716 0.04188461538461539
0 0.7343110795454545 0.34811538461538466 0.052144886363636254 0.1260769230769231
0 0.15519176136363635 0.8766346153846154 0.020156249999999997 0.03938461538461531
0 0.30416903409090906 0.6366634615384615 0.03734374999999999 0.057711538461538446
0 0.269765625 0.33645192307692307 0.06302556818181819 0.038750000000000014
0 0.24769176136363635 0.2861730769230769 0.07700284090909087 0.029153846153846148
0 0.22791903409090908 0.3094423076923077 0.04294034090909089 0.03007692307692305
0 0.21970880681818183 0.3774134615384615 0.057997159090909106 0.05851923076923078
0 0.3632102272727273 0.2960576923076923 0.05644886363636361 0.04530769230769231
0 0.2751491477272727 0.6610480769230769 0.03586647727272727 0.03863461538461545
0 0.14967329545454547 0.38494230769230775 0.10267045454545452 0.05369230769230767
0 0.3174502840909091 0.6914230769230768 0.030468750000000024 0.019846153846153833
0 0.3439630681818182 0.6872884615384615 0.07468749999999998 0.0631538461538461
0 0.31393465909090906 0.6671730769230769 0.04494318181818184 0.02865384615384611
0 0.29210937499999995 0.6954134615384615 0.02910511363636361 0.03190384615384621
0 0.263046875 0.7016057692307693 0.0667471590909091 0.050557692307692345
0 0.3164275568181818 0.7319519230769231 0.08254261363636362 0.06663461538461535
0 0.6285369318181818 0.013653846153846155 0.03633522727272725 0.026576923076923078
0 0.231796875 0.008221153846153845 0.041065340909090906 0.01621153846153846
0 0.23251420454545454 0.01719230769230769 0.06812499999999998 0.03438461538461538
0 0.08430397727272727 0.8989903846153846 0.08480113636363637 0.1336346153846154
0 0.7414275568181817 0.0850576923076923 0.02316761363636372 0.027615384615384615
0 0.7373579545454546 0.037153846153846155 0.022499999999999964 0.07430769230769231
0 0.6823579545454546 0.01275 0.018863636363636326 0.025423076923076923
0 0.7247159090909091 0.03795192307692308 0.02386363636363638 0.04998076923076922
0 0.9698224431818182 0.028355769230769233 0.033678977272727326 0.05651923076923077
0 0.6529616477272727 0.02365384615384615 0.056633522727272734 0.04723076923076923
0 0.6183380681818181 0.07425 0.09119318181818188 0.11811538461538461
0 0.6122017045454545 0.04003846153846154 0.044687500000000054 0.08007692307692307
0 0.5678125 0.027701923076923075 0.022244318181818136 0.05540384615384615
0 0.5713707386363637 0.06197115384615385 0.019616477272727275 0.0379423076923077
0 0.13286931818181816 0.9602211538461539 0.14380681818181817 0.07932692307692318
0 0.7156321022727272 0.015028846153846155 0.048622159090909035 0.03005769230769231
0 0.5810582386363636 0.08573076923076922 0.026803977272727278 0.021192307692307698
0 0.5469176136363636 0.02741346153846154 0.03269886363636369 0.05428846153846154
0 0.7515482954545454 0.12023076923076922 0.017642045454545396 0.034499999999999996
0 0.5536860795454545 0.06228846153846154 0.01765625000000001 0.022307692307692303
0 0.7669318181818183 0.14875961538461535 0.05014204545454555 0.11517307692307692
0 0.5591619318181817 0.08815384615384617 0.024318181818181826 0.03738461538461539
0 0.5222372159090909 0.08124038461538462 0.05873579545454541 0.03944230769230769
0 0.970440340909091 0.45625 0.05911931818181819 0.047115384615384615
0 0.5348082386363636 0.03267307692307692 0.022457386363636367 0.06511538461538462
0 0.22830255681818182 0.6794519230769231 0.10473011363636364 0.06790384615384616
0 0.9540411931818181 0.48749038461538463 0.02819602272727276 0.02863461538461536
0 0.6824360795454546 0.10081730769230769 0.08498579545454552 0.06567307692307692
0 0.9634730113636365 0.48827884615384615 0.02921875000000007 0.032134615384615345
0 0.4819176136363636 0.09662499999999999 0.09883522727272726 0.12417307692307691
0 0.9864772727272727 0.4883846153846154 0.02701704545454543 0.024615384615384636
0 0.5939843749999999 0.11372115384615386 0.047173295454545426 0.02986538461538463
0 0.9374857954545455 0.5128942307692308 0.04593749999999988 0.04005769230769228
0 0.5415127840909091 0.11579807692307693 0.058025568181818137 0.035750000000000004
0 0.8954687499999999 0.29849038461538463 0.07639204545454542 0.07871153846153847
0 0.23966619318181817 0.38598076923076924 0.03603693181818182 0.07834615384615386
0 0.9840553977272729 0.3565865384615385 0.03140625000000002 0.11517307692307695
0 0.9593394886363636 0.5128653846153846 0.030042613636363766 0.026153846153846198
0 0.9377343749999999 0.3141153846153846 0.03842329545454555 0.10534615384615385
0 0.9481960227272727 0.43047115384615386 0.06681818181818176 0.11074999999999995
0 0.9789559659090908 0.5155 0.017372159090908956 0.03138461538461548
0 0.9650426136363636 0.30650961538461535 0.03974431818181821 0.048480769230769244
0 0.9306249999999999 0.36741346153846155 0.039090909090909065 0.07413461538461541
0 0.9916335227272728 0.5100769230769231 0.016732954545454506 0.0273461538461539
0 0.9295241477272728 0.5498173076923076 0.09007102272727284 0.06321153846153836
0 0.8909659090909091 0.5702692307692308 0.03349431818181808 0.08453846153846149
0 0.896015625 0.3583653846153846 0.04867897727272725 0.05600000000000001
0 0.11802556818181818 0.9242884615384616 0.029715909090909095 0.030461538461538522
0 0.9070170454545454 0.4931634615384615 0.02875000000000001 0.026519230769230698
0 0.9967755681818182 0.5209423076923076 0.006448863636363585 0.017769230769230787
0 0.9115482954545455 0.5170961538461538 0.05857954545454547 0.027538461538461526
0 0.9920383522727273 0.5527788461538461 0.015923295454545506 0.0634038461538462
0 0.7740056818181817 0.16515384615384615 0.018465909090909092 0.09046153846153847
0 0.763174715909091 0.2561057692307693 0.12086647727272731 0.09367307692307694
0 0.8053835227272728 0.2158557692307692 0.06340909090909089 0.06978846153846152
0 0.2715340909090909 0.020298076923076926 0.06065340909090908 0.04001923076923077
0 0.5919886363636363 0.15171153846153845 0.07051136363636362 0.08465384615384616
0 0.283046875 0.04269230769230769 0.05899147727272727 0.044576923076923076
