0 0.7736505681818183 0.6442884615384615 0.04318181818181815 0.0702307692307693
0 0.7199005681818181 0.6676442307692307 0.03434659090909084 0.06974999999999996
0 0.7923863636363637 0.184125 0.054715909090909065 0.04605769230769231
0 0.7715553977272727 0.22077884615384616 0.031178977272727174 0.024173076923076936
0 0.8147869318181816 0.26549038461538466 0.06548295454545458 0.08905769230769231
0 0.7735369318181817 0.2695096153846154 0.009630681818181941 0.00959615384615381
0 0.79328125 0.16336538461538463 0.040653409090909094 0.01850000000000001
0 0.7825142045454547 0.14486538461538462 0.0409943181818182 0.021269230769230773
0 0.747890625 0.1788173076923077 0.029048295454545518 0.015442307692307694
0 0.08154119318181818 0.8198653846153847 0.019985795454545454 0.03088461538461539
0 0.75359375 0.1575096153846154 0.03977272727272727 0.0318269230769231
0 0.7274857954545454 0.17577884615384615 0.025596590909090885 0.022480769230769228
0 0.7060795454545454 0.6589326923076922 0.03997159090909089 0.10317307692307699
0 0.09541193181818182 0.7215961538461538 0.052897727272727284 0.03884615384615382
0 0.7165838068181819 0.18607692307692308 0.02455965909090912 0.035576923076923075
0 0.6851136363636363 0.18022115384615386 0.07781249999999997 0.06040384615384615
0 0.7574644886363636 0.2739134615384615 0.0590198863636363 0.06940384615384614
0 0.7612713068181818 0.2739326923076923 0.03941761363636364 0.10671153846153845
0 0.09735795454545455 0.6735961538461538 0.034005681818181824 0.08880769230769232
0 0.7935227272727272 0.2097403846153846 0.01701704545454548 0.02494230769230769
0 0.8124147727272728 0.21923076923076923 0.028920454545454565 0.043769230769230755
0 0.09776278409090909 0.6368653846153846 0.027798295454545454 0.13230769230769232
0 0.8943892045454547 0.3851923076923077 0.0409943181818182 0.03296153846153849
0 0.11075994318181817 0.3588557692307693 0.020667613636363633 0.026057692307692275
0 0.0887215909090909 0.6193365384615385 0.019431818181818182 0.07748076923076916
0 0.8802911931818183 0.3496346153846154 0.01845170454545456 0.032615384615384574
0 0.8436505681818183 0.349625 0.07022727272727264 0.10963461538461537
0 0.06485795454545454 0.6613365384615384 0.032698863636363644 0.14894230769230768
0 0.8920241477272726 0.3258653846153846 0.06620738636363638 0.14703846153846156
0 0.017705965909090907 0.7529230769230769 0.033963068181818185 0.06446153846153843
0 0.8239488636363635 0.4612788461538462 0.09715909090909088 0.12498076923076924
0 0.03484375 0.7789230769230768 0.01681818181818182 0.016769230769230713
0 0.8730610795454545 0.4277596153846154 0.08558238636363637 0.06886538461538462
0 0.8854474431818182 0.4331634615384615 0.04359375000000008 0.03594230769230769
0 0.19077414772727275 0.37869230769230766 0.06978693181818184 0.04988461538461538
0 0.055475852272727284 0.7374423076923078 0.0517471590909091 0.13238461538461532
0 0.8790269886363636 0.44991346153846157 0.037059659090909136 0.03798076923076923
0 0.8895170454545455 0.47997115384615385 0.029147727272727245 0.058288461538461546
0 0.04519176136363636 0.6209230769230769 0.04643465909090909 0.09750000000000009
0 0.9165056818181818 0.4552980769230769 0.040198863636363574 0.07559615384615391
0 0.8678053977272726 0.5219807692307692 0.06984374999999994 0.07515384615384624
0 0.8164133522727273 0.5513653846153846 0.05958806818181825 0.07369230769230768
0 0.07862926136363636 0.24152884615384615 0.023139204545454543 0.07432692307692305
0 0.131171875 0.6110673076923077 0.03936079545454547 0.11617307692307687
0 0.17144176136363634 0.589875 0.05992897727272727 0.11951923076923072
0 0.7602698863636363 0.5964519230769231 0.05982954545454546 0.0806346153846154
0 0.16303267045454548 0.5341057692307692 0.0449005681818182 0.06875
0 0.138828125 0.44425961538461534 0.06901988636363637 0.06936538461538466
0 0.9341761363636365 0.38117307692307695 0.048522727272727224 0.1100769230769231
0 0.19607954545454545 0.42917307692307693 0.04852272727272729 0.052230769230769226
0 0.984559659090909 0.5687596153846154 0.03088068181818183 0.10067307692307696
0 0.20196022727272728 0.5028173076923077 0.03374999999999999 0.047749999999999966
0 0.4368821022727273 0.5083557692307693 0.03930397727272721 0.19951923076923084
0 0.39601562500000004 0.622048076923077 0.05467329545454547 0.0568269230769231
0 0.3768607954545455 0.5878653846153846 0.08272727272727275 0.023461538461538547
0 0.30922585227272725 0.5628076923076922 0.04291193181818183 0.12107692307692304
0 0.7589346590909091 0.6734615384615384 0.046960227272727355 0.07192307692307688
0 0.2783664772727273 0.5391538461538462 0.03278409090909089 0.07180769230769225
0 0.2748650568181818 0.5510673076923077 0.05183238636363638 0.06298076923076923
0 0.9169957386363637 0.5295961538461538 0.05796875000000008 0.08084615384615389
0 0.952421875 0.5306346153846153 0.042002840909090816 0.03980769230769229
0 0.8331107954545455 0.95775 0.09619318181818186 0.08296153846153854
0 0.9145454545454546 0.9830673076923077 0.021590909090909157 0.033865384615384644
0 0.9368963068181819 0.9518846153846154 0.036690340909090964 0.0946153846153847
0 0.21830965909090908 0.15179807692307692 0.05588068181818182 0.08940384615384617
0 0.47307528409090904 0.9673557692307692 0.10941761363636368 0.06201923076923077
0 0.1955752840909091 0.09768269230769232 0.046463068181818175 0.07436538461538461
0 0.6848792613636363 0.6640096153846153 0.04319602272727276 0.05521153846153842
0 0.24546875 0.5962211538461538 0.04332386363636364 0.04794230769230771
0 0.4152485795454546 0.20757692307692308 0.02723011363636366 0.035153846153846154
0 0.9472727272727273 0.19809615384615384 0.03136363636363626 0.09999999999999998
0 0.3781818181818182 0.1985 0.09255681818181817 0.04311538461538462
0 0.3670880681818182 0.237625 0.030994318181818133 0.05671153846153848
0 0.32380681818181817 0.436125 0.06886363636363635 0.10374999999999998
0 0.2684872159090909 0.44890384615384615 0.09100852272727276 0.08419230769230769
0 0.05938210227272727 0.9936442307692307 0.014644886363636367 0.01225000000000001
0 0.17956676136363636 0.123 0.09214488636363635 0.08650000000000001
0 0.9828977272727273 0.39315384615384613 0.034204545454545515 0.11861538461538462
0 0.6905113636363637 0.6204326923076923 0.03676136363636363 0.029788461538461555
0 0.09908380681818181 0.08648076923076922 0.09688920454545456 0.15246153846153845
0 0.146171875 0.26573076923076927 0.07086647727272727 0.07988461538461537
0 0.9636860795454545 0.38275 0.034957386363636385 0.048884615384615415
0 0.11816761363636363 0.23158653846153848 0.05792613636363637 0.0668269230769231
0 0.1846306818181818 0.21366346153846152 0.08769886363636363 0.01978846153846155
0 0.16890625 0.20432692307692307 0.04633522727272728 0.016807692307692326
0 0.15843039772727271 0.16959615384615384 0.12686079545454546 0.05115384615384614
0 0.4582315340909091 0.022500000000000003 0.02382102272727278 0.04353846153846154
0 0.26243607954545456 0.11569230769230769 0.07936079545454545 0.09111538461538461
0 0.4387286931818182 0.02593269230769231 0.02589488636363639 0.04717307692307693
0 0.12889204545454547 0.3571730769230769 0.022386363636363645 0.029923076923076927
0 0.41926846590909084 0.08540384615384615 0.045582386363636325 0.0871923076923077
0 0.9422372159090909 0.8844807692307692 0.05038352272727276 0.07065384615384618
0 0.9624857954545454 0.7608173076923077 0.031505681818181745 0.17786538461538462
0 0.9843110795454545 0.7824423076923077 0.02654829545454537 0.0761538461538462
0 0.979765625 0.8686538461538462 0.015497159090909207 0.022192307692307733
0 0.9870525568181818 0.901028846153846 0.016406249999999935 0.025288461538461603
0 0.9819105113636364 0.939875 0.036178977272727314 0.06844230769230765
0 0.9620028409090909 0.8760576923076924 0.03369318181818186 0.05426923076923082
0 0.6839701704545454 0.9321538461538462 0.032940340909090905 0.020961538461538528
0 0.6875426136363636 0.9514903846153846 0.045653409090909154 0.028480769230769237
0 0.7868607954545456 0.2520480769230769 0.04875000000000007 0.029942307692307678
0 0.595859375 0.9385961538461538 0.039303977272727296 0.048884615384615304
0 0.5601420454545455 0.9160288461538463 0.0654829545454545 0.10586538461538464
0 0.7024573863636363 0.9763557692307693 0.08917613636363632 0.04728846153846149
0 0.6503622159090909 0.9827884615384616 0.034161931818181834 0.03423076923076936
0 0.6108948863636364 0.9794326923076923 0.03630681818181818 0.03932692307692306
0 0.647450284090909 0.9154903846153846 0.04802556818181818 0.05105769230769233
0 0.5673153409090909 0.9813942307692307 0.07312500000000002 0.036711538461538525
0 0.6311150568181817 0.9560576923076922 0.06720170454545454 0.03761538461538462
0 0.6629403409090909 0.9574807692307692 0.01065340909090909 0.012461538461538496
0 0.01034090909090909 0.9474423076923076 0.020511363636363637 0.05826923076923079
0 0.8476633522727273 0.5786538461538461 0.08848011363636359 0.0666923076923077
0 0.4624715909090909 0.6795192307692308 0.047954545454545444 0.05096153846153846
0 0.03566051136363636 0.9821153846153846 0.018991477272727268 0.03576923076923081
0 0.008970170454545455 0.9884711538461538 0.01794034090909091 0.021634615384615384
0 0.01721590909090909 0.9851442307692307 0.016704545454545455 0.02971153846153844
0 0.27238636363636365 0.7287403846153846 0.023721590909090932 0.03324999999999993
0 0.2903125 0.7442403846153846 0.018210227272727263 0.027634615384615393
0 0.23832386363636363 0.7291057692307692 0.05985795454545453 0.05190384615384617
0 0.2402556818181818 0.6671346153846153 0.10673295454545456 0.1071538461538461
0 0.3944886363636364 0.7336153846153847 0.04502840909090908 0.04000000000000002
0 0.027492897727272727 0.9631538461538461 0.017940340909090913 0.022346153846153856
0 0.12372869318181819 0.8185096153846154 0.013139204545454546 0.06444230769230767
0 0.6817613636363636 0.14740384615384616 0.04039772727272727 0.022730769230769245
0 0.10897727272727273 0.789028846153846 0.023579545454545447 0.07244230769230772
0 0.012052556818181818 0.013375 0.023053977272727275 0.02675
0 0.3882102272727273 0.18040384615384616 0.09122159090909095 0.04838461538461538
0 0.761328125 0.5225288461538462 0.05708806818181826 0.0967115384615385
0 0.769715909090909 0.5384326923076923 0.06698863636363649 0.09240384615384611
0 0.7984446022727273 0.5244615384615385 0.0425426136363637 0.05499999999999994
0 0.762890625 0.5635673076923077 0.038735795454545426 0.05328846153846161
0 0.3922798295454545 0.14048076923076921 0.048224431818181805 0.1061923076923077
0 0.732890625 0.6033365384615385 0.02316761363636364 0.030519230769230778
0 0.9915198863636363 0.024548076923076922 0.016193181818181787 0.049096153846153845
0 0.684296875 0.159875 0.056406250000000054 0.03144230769230771
0 0.37595880681818183 0.07551923076923076 0.04211647727272728 0.08115384615384615
0 0.9742187499999999 0.027980769230769233 0.02857954545454546 0.055961538461538465
0 0.9348579545454545 0.143 0.05079545454545453 0.06834615384615383
0 0.9313636363636365 0.11613461538461539 0.03491477272727279 0.053307692307692306
0 0.93234375 0.04298076923076923 0.04184659090909096 0.08269230769230769
0 0.025191761363636364 0.015259615384615384 0.038821022727272725 0.029557692307692306
0 0.97796875 0.06742307692307693 0.026193181818181897 0.03434615384615385
0 0.9510227272727273 0.051173076923076925 0.033835227272727184 0.10234615384615385
0 0.03120028409090909 0.3160673076923077 0.05254261363636364 0.07321153846153845
0 0.06706676136363637 0.29447115384615385 0.019928977272727265 0.03528846153846158
0 0.6873508522727273 0.30565384615384616 0.05913352272727272 0.0737692307692308
0 0.09049715909090908 0.28078846153846154 0.019829545454545457 0.06080769230769232
0 0.010234375 0.07903846153846154 0.019417613636363636 0.03776923076923077
0 0.09847301136363637 0.30572115384615384 0.01643465909090909 0.02224999999999999
0 0.09994318181818182 0.3362596153846154 0.015937499999999997 0.04082692307692306
0 0.07550426136363636 0.31600961538461536 0.024332386363636358 0.048596153846153865
0 0.123359375 0.32685576923076926 0.044133522727272716 0.04925000000000002
0 0.039346590909090914 0.05494230769230769 0.055795454545454544 0.04215384615384616
0 0.22233664772727268 0.24670192307692307 0.018053977272727284 0.022326923076923078
0 0.10518465909090909 0.4040096153846154 0.03301136363636364 0.033403846153846166
0 0.050248579545454544 0.4129519230769231 0.10049715909090909 0.04844230769230774
0 0.78328125 0.3050288461538462 0.049943181818181775 0.037596153846153814
0 0.23187500000000003 0.5281153846153847 0.032670454545454544 0.05376923076923084
0 0.22126420454545456 0.04571153846153847 0.03826704545454545 0.08657692307692308
0 0.24454545454545454 0.52275 0.02786931818181819 0.057615384615384575
0 0.24001420454545455 0.6097307692307692 0.04116477272727275 0.12334615384615381
0 0.7653551136363635 0.12083653846153847 0.0640909090909091 0.04851923076923078
0 0.7259943181818183 0.15090384615384614 0.04491477272727265 0.04988461538461538
0 0.22046875000000002 0.26523076923076927 0.01803977272727271 0.019807692307692276
0 0.6600568181818182 0.24528846153846154 0.0843465909090909 0.07761538461538459
0 0.5920028409090908 0.20962499999999998 0.05559659090909089 0.030903846153846167
0 0.3516903409090909 0.07264423076923077 0.05528409090909093 0.05251923076923077
0 0.770390625 0.3525384615384615 0.10583806818181817 0.048115384615384636
0 0.3888352272727273 0.020721153846153844 0.01599431818181817 0.04140384615384615
0 0.3250923295454546 0.8208173076923078 0.010866477272727281 0.028980769230769216
0 0.3080255681818182 0.030913461538461535 0.05857954545454547 0.061134615384615384
0 0.16041193181818184 0.03298076923076923 0.0378693181818182 0.054115384615384614
0 0.16587357954545456 0.028105769230769233 0.07296875000000001 0.05505769230769231
0 0.1378693181818182 0.015038461538461539 0.008607954545454549 0.010692307692307692
0 0.6353622159090908 0.19722115384615385 0.030639204545454535 0.035134615384615375
0 0.5935795454545455 0.21729807692307693 0.06539772727272722 0.0376346153846154
0 0.3889204545454545 0.7715769230769232 0.0419602272727273 0.04742307692307697
0 0.36718039772727273 0.7550961538461538 0.02424715909090904 0.054692307692307686
0 0.7563352272727273 0.3685673076923077 0.10900568181818192 0.13425
0 0.3072940340909091 0.7381057692307692 0.025127840909090905 0.05201923076923068
0 0.13078125 0.01694230769230769 0.009289772727272737 0.01573076923076923
0 0.31577414772727275 0.6831250000000001 0.07328125 0.11563461538461538
0 0.37356534090909094 0.8180961538461538 0.05031249999999998 0.09223076923076919
0 0.21207386363636366 0.30525 0.07590909090909093 0.08634615384615385
0 0.5515696022727273 0.6325576923076923 0.10120738636363637 0.07773076923076916
0 0.5029048295454545 0.3724807692307692 0.06663352272727276 0.06573076923076925
0 0.5690625 0.3958846153846154 0.0696875 0.09396153846153843
0 0.03587357954545455 0.28742307692307695 0.05782670454545455 0.0950769230769231
0 0.5251704545454546 0.4311153846153846 0.11562500000000005 0.05900000000000001
0 0.8036647727272727 0.29451923076923076 0.03707386363636367 0.05600000000000001
0 0.5220241477272727 0.343125 0.06720170454545454 0.039980769230769216
0 0.49026988636363633 0.3371057692307692 0.04997159090909092 0.058288461538461546
0 0.5256036931818181 0.27283653846153844 0.018877840909090938 0.07278846153846155
0 0.5290553977272728 0.31659615384615386 0.03450284090909094 0.01965384615384615
0 0.560106534090909 0.3092211538461539 0.029786931818181858 0.06686538461538463
0 0.61203125 0.28102884615384616 0.06985795454545456 0.061211538461538484
0 0.5987855113636363 0.260375 0.046321022727272745 0.0388269230769231
0 0.5853693181818183 0.2521538461538462 0.061392045454545414 0.04430769230769229
0 0.5391903409090909 0.2041346153846154 0.04235795454545454 0.07411538461538462
0 0.5837073863636364 0.4728173076923077 0.024687499999999994 0.05663461538461536
0 0.6798366477272727 0.45939423076923075 0.05012784090909094 0.0324423076923077
0 0.5335085227272728 0.19168269230769233 0.05318181818181818 0.02009615384615385
0 0.2649573863636363 0.34725961538461536 0.030142045454545453 0.11878846153846156
0 0.5753551136363636 0.17157692307692307 0.030511363636363663 0.04350000000000001
0 0.625625 0.47620192307692305 0.05528409090909085 0.061403846153846114
0 0.13955255681818182 0.08270192307692306 0.03717329545454546 0.02144230769230769
0 0.5670170454545453 0.12671153846153846 0.043607954545454526 0.10307692307692307
0 0.5915909090909092 0.49159615384615385 0.09735795454545458 0.05596153846153845
0 0.5876775568181819 0.14122115384615386 0.031377840909090876 0.048173076923076916
0 0.485497159090909 0.20947115384615386 0.021590909090909074 0.11986538461538461
0 0.24487926136363633 0.2642403846153846 0.03919034090909091 0.08478846153846152
0 0.7251775568181817 0.41989423076923077 0.041178977272727284 0.13298076923076918
0 0.4894886363636364 0.24065384615384616 0.03735795454545456 0.03446153846153844
0 0.47413352272727266 0.23485576923076923 0.03596590909090908 0.10074999999999998
0 0.45463068181818184 0.26930769230769236 0.01576704545454549 0.05580769230769233
0 0.4504190340909091 0.21344230769230768 0.034531250000000006 0.05930769230769231
0 0.44541903409090905 0.1578173076923077 0.02643465909090911 0.11509615384615383
0 0.5047230113636364 0.16222115384615385 0.021264204545454583 0.0844423076923077
0 0.5814204545454545 0.5272499999999999 0.11701704545454544 0.08215384615384609
0 0.5444176136363637 0.48978846153846156 0.05633522727272731 0.10019230769230773
0 0.4662713068181818 0.32185576923076925 0.0859801136363636 0.0788653846153846
0 0.44 0.23249038461538463 0.029346590909090864 0.05675000000000001
0 0.8461789772727273 0.5861442307692307 0.039090909090909065 0.0992115384615384
0 0.666590909090909 0.4950192307692307 0.05190340909090912 0.05303846153846151
0 0.41308948863636363 0.27849999999999997 0.06771306818181812 0.11769230769230767
0 0.40082386363636363 0.24927884615384616 0.04434659090909095 0.057865384615384596
0 0.4872940340909091 0.06153846153846154 0.05061079545454545 0.0871923076923077
0 0.49642755681818185 0.10621153846153847 0.03620738636363638 0.04207692307692308
0 0.4792826704545455 0.11987499999999998 0.02754261363636362 0.06332692307692307
0 0.4637784090909091 0.066125 0.025000000000000033 0.04313461538461538
0 0.5760440340909091 0.5649134615384616 0.03146306818181823 0.06144230769230778
0 0.5367329545454546 0.01208653846153846 0.05079545454545453 0.02398076923076923
0 0.6031178977272728 0.5750288461538461 0.0443607954545454 0.07959615384615382
0 0.5758380681818182 0.009576923076923077 0.029772727272727242 0.01896153846153846
0 0.696875 0.49513461538461545 0.026392045454545432 0.032153846153846095
0 0.5488636363636363 0.08105769230769232 0.032357954545454586 0.127
0 0.5406534090909091 0.553048076923077 0.03230113636363638 0.0770576923076923
0 0.5597727272727273 0.05883653846153846 0.05605113636363634 0.08317307692307692
0 0.6022230113636364 0.06677884615384616 0.031661931818181846 0.07175000000000001
0 0.6065553977272727 0.10233653846153846 0.017826704545454562 0.04951923076923077
0 0.5874857954545455 0.018865384615384617 0.07383522727272722 0.037730769230769234
0 0.62125 0.17155769230769233 0.03309659090909092 0.04700000000000002
0 0.6112855113636364 0.17047115384615383 0.008678977272727212 0.010865384615384626
0 0.6654332386363637 0.18765384615384614 0.04498579545454548 0.023499999999999997
0 0.6644744318181818 0.2226826923076923 0.05528409090909093 0.06917307692307692
0 0.7473224431818182 0.43559615384615386 0.020184659090909142 0.10969230769230767
0 0.6882528409090909 0.20940384615384616 0.04693181818181821 0.016538461538461526
0 0.697890625 0.22354807692307693 0.0469176136363636 0.03263461538461538
0 0.6393110795454546 0.08421153846153848 0.04555397727272726 0.07015384615384616
0 0.6336221590909091 0.08404807692307692 0.035085227272727254 0.10759615384615386
0 0.5955326704545455 0.11641346153846155 0.06421875000000005 0.09498076923076923
0 0.6459588068181819 0.134 0.025610795454545417 0.03276923076923078
0 0.46345170454545453 0.628375 0.03511363636363632 0.0789423076923076
0 0.1376349431818182 0.03238461538461539 0.024048295454545444 0.026653846153846153
0 0.1601846590909091 0.04866346153846154 0.024318181818181826 0.03624999999999999
0 0.7028551136363637 0.6037211538461539 0.06519886363636361 0.06394230769230769
0 0.4370170454545454 0.6386057692307693 0.030568181818181873 0.06501923076923077
0 0.696690340909091 0.570298076923077 0.041051136363636415 0.06828846153846152
0 0.7266122159090909 0.5259519230769231 0.03305397727272725 0.09055769230769237
0 0.16677556818181818 0.3683076923076923 0.08894886363636365 0.056038461538461565
0 0.04703835227272728 0.3701923076923077 0.06984375 0.06753846153846155
0 0.12826704545454548 0.4339134615384615 0.04156250000000001 0.04071153846153844
0 0.08308238636363637 0.46280769230769236 0.05443181818181819 0.08319230769230773
0 0.6585298295454546 0.5978461538461538 0.03279829545454542 0.12588461538461546
0 0.6777769886363636 0.5932019230769231 0.009701704545454522 0.013134615384615354
0 0.07825994318181818 0.5621057692307693 0.07933238636363636 0.06782692307692305
0 0.9549005681818182 0.46065384615384614 0.061136363636363586 0.12584615384615383
0 0.7464488636363636 0.5028653846153847 0.03125 0.04515384615384619
0 0.021938920454545454 0.5444134615384615 0.04387784090909091 0.11921153846153842
0 0.4240696022727272 0.7032211538461539 0.049786931818181834 0.05317307692307688
0 0.3581534090909091 0.6836346153846155 0.08755681818181817 0.0732307692307692
0 0.37814630681818184 0.6746634615384616 0.05845170454545459 0.0770576923076923
0 0.8164772727272727 0.6449423076923076 0.05906250000000006 0.06638461538461535
0 0.4147514204545455 0.6618653846153846 0.037372159090909095 0.0667692307692307
0 0.8824076704545454 0.6032211538461537 0.052741477272727266 0.0830961538461538
0 0.10847301136363638 0.744326923076923 0.08501420454545455 0.03415384615384614
0 0.12045454545454545 0.7659903846153847 0.02968750000000001 0.033288461538461545
0 0.131484375 0.7833557692307693 0.019928977272727275 0.030711538461538405
0 0.27985795454545453 0.6836538461538462 0.03664772727272725 0.06211538461538453
0 0.27433948863636365 0.8226057692307692 0.06288352272727274 0.09336538461538453
0 0.33058948863636367 0.747326923076923 0.021747159090909053 0.029423076923076944
0 0.34360795454545456 0.7581730769230769 0.012869318181818185 0.023230769230769308
0 0.33780539772727275 0.7980096153846153 0.02092329545454548 0.016826923076923076
0 0.3320099431818182 0.8087211538461538 0.012713068181818206 0.014557692307692294
0 0.34628551136363633 0.817326923076923 0.014133522727272712 0.024115384615384546
0 0.04925426136363637 0.22949038461538462 0.09399147727272728 0.10421153846153848
0 0.3619673295454545 0.861326923076923 0.043252840909090935 0.06619230769230772
0 0.3344460227272727 0.8264903846153846 0.012215909090909083 0.02348076923076919
0 0.8921448863636363 0.6659038461538461 0.061306818181818136 0.09996153846153849
0 0.3288565340909091 0.8418461538461538 0.01552556818181815 0.020076923076923072
0 0.33301136363636363 0.8563173076923076 0.01582386363636362 0.02228846153846149
0 0.9346164772727273 0.635403846153846 0.05767045454545458 0.20034615384615387
0 0.6213139204545454 0.7523846153846154 0.04910511363636363 0.08269230769230769
0 0.3144957386363636 0.9015192307692307 0.04336647727272727 0.08184615384615385
0 0.35184659090909093 0.8841730769230769 0.03576704545454546 0.050576923076923096
0 0.2470028409090909 0.19479807692307693 0.039573863636363615 0.05617307692307694
0 0.7736576704545454 0.5956826923076923 0.03887784090909092 0.030134615384615305
0 0.3782386363636363 0.9418557692307692 0.03775568181818179 0.11482692307692303
0 0.3741122159090909 0.9647115384615385 0.03589488636363634 0.0691153846153846
0 0.3302414772727273 0.9548173076923077 0.05715909090909092 0.0889038461538462
0 0.42178977272727275 0.8975480769230769 0.08562499999999997 0.09244230769230768
0 0.38371448863636365 0.8179615384615385 0.038593750000000024 0.056423076923076874
0 0.781541193181818 0.9265384615384615 0.07504261363636369 0.0976538461538461
0 0.41652698863636367 0.7755576923076922 0.049360795454545456 0.06615384615384622
0 0.44854403409090904 0.7827596153846154 0.029872159090909133 0.15524999999999992
0 0.2459090909090909 0.895576923076923 0.13161931818181816 0.05026923076923074
0 0.15500710227272727 0.8738173076923077 0.07728693181818183 0.25121153846153854
0 0.7976988636363636 0.6218846153846154 0.05741477272727267 0.058115384615384666
0 0.12764914772727273 0.8857307692307692 0.03098011363636364 0.05957692307692311
0 0.14429687500000002 0.8481730769230769 0.0313778409090909 0.06838461538461539
0 0.09963068181818181 0.9550865384615385 0.05502840909090909 0.08982692307692304
0 0.09681107954545455 0.9723942307692307 0.045014204545454545 0.054173076923076956
0 0.7208238636363636 0.8548365384615384 0.04931818181818186 0.10013461538461538
0 0.6748437500000001 0.9042596153846154 0.05110795454545449 0.04340384615384614
0 0.03105823863636364 0.9917692307692308 0.013281249999999996 0.016307692307692342
0 0.618174715909091 0.8973846153846153 0.017144886363636355 0.039115384615384566
0 0.8972514204545454 0.8089326923076923 0.05146306818181821 0.02509615384615387
0 0.0528125 0.9369519230769231 0.040255681818181815 0.04632692307692303
0 0.7681889204545456 0.6525769230769232 0.048821022727272734 0.0643076923076923
0 0.8893678977272728 0.8241057692307692 0.05615056818181814 0.11386538461538458
0 0.021292613636363637 0.9209326923076923 0.042585227272727275 0.06732692307692306
0 0.9363991477272726 0.8012596153846153 0.05450284090909092 0.06740384615384618
0 0.808046875 0.06266346153846154 0.052457386363636456 0.10528846153846154
0 0.7913778409090909 0.0735 0.022670454545454598 0.08123076923076923
0 0.063359375 0.9745576923076923 0.03938920454545455 0.03584615384615393
0 0.04764914772727273 0.9933557692307694 0.014417613636363635 0.012826923076922998
0 0.7967116477272728 0.1366730769230769 0.028877840909090804 0.0343076923076923
0 0.8171590909090909 0.1300576923076923 0.02622159090909096 0.0691923076923077
0 0.8444886363636364 0.06878846153846155 0.03911931818181813 0.1375769230769231
0 0.7275426136363637 0.6798173076923076 0.026022727272727343 0.05848076923076917
0 0.8544957386363637 0.05645192307692308 0.07421875 0.11290384615384616
0 0.8336008522727273 0.1411826923076923 0.015553977272727337 0.01925000000000001
0 0.8389346590909091 0.17578846153846153 0.02088068181818188 0.03669230769230769
0 0.09077414772727273 0.88825 0.05771306818181818 0.08603846153846155
0 0.050525568181818185 0.8640865384615385 0.07139204545454546 0.0472884615384616
0 0.8783948863636365 0.16383653846153845 0.07514204545454542 0.07771153846153848
0 0.8352201704545454 0.20600961538461537 0.04126420454545448 0.0873269230769231
0 0.04495738636363636 0.8432788461538462 0.08985795454545455 0.0764423076923077
0 0.06248579545454546 0.8173173076923077 0.037869318181818185 0.06082692307692307
0 0.885234375 0.23602884615384612 0.09484374999999998 0.17174999999999999
