0 0.743465909090909 0.8011538461538462 0.019545454545454533 0.06326923076923084
0 0.7162713068181819 0.9212211538461538 0.033934659090909154 0.0818269230769231
0 0.6094602272727273 0.17147115384615386 0.030255681818181755 0.029865384615384617
0 0.23909090909090908 0.9005961538461539 0.03125 0.059846153846153854
0 0.20852272727272728 0.9464230769230769 0.027926136363636358 0.06276923076923074
0 0.4157528409090909 0.868423076923077 0.07261363636363637 0.08469230769230773
0 0.5059303977272728 0.9303846153846153 0.041321022727272776 0.0904615384615385
0 0.5581036931818182 0.9301153846153846 0.04958806818181822 0.026346153846153825
0 0.563778409090909 0.9257307692307692 0.055852272727272716 0.07592307692307695
0 0.582315340909091 0.9156923076923077 0.061875000000000006 0.06899999999999999
0 0.6053622159090909 0.14717307692307693 0.021491477272727266 0.023346153846153846
0 0.4410227272727273 0.10657692307692308 0.05965909090909091 0.0508846153846154
0 0.4298508522727273 0.9373557692307692 0.03345170454545456 0.042019230769230816
0 0.4325710227272727 0.06128846153846154 0.059999999999999935 0.10038461538461539
0 0.5838210227272728 0.1785 0.024034090909090932 0.028692307692307694
0 0.010319602272727272 0.008826923076923076 0.020639204545454544 0.017653846153846152
0 0.6077627840909091 0.11252884615384616 0.03703124999999999 0.02524999999999999
0 0.45769176136363643 0.02543269230769231 0.03666193181818182 0.050019230769230774
0 0.03904829545454546 0.15000961538461538 0.07568181818181818 0.14659615384615385
0 0.5606178977272728 0.009740384615384616 0.010269886363636389 0.019480769230769232
0 0.5859375 0.1964326923076923 0.029687499999999967 0.02440384615384615
0 0.4675071022727273 0.0649423076923077 0.03225852272727278 0.043269230769230775
0 0.5431676136363636 0.030394230769230767 0.034602272727272745 0.06075
0 0.7267684659090908 0.9120384615384616 0.02396306818181827 0.05196153846153843
0 0.5997088068181818 0.10736538461538461 0.049758522727272686 0.03942307692307692
0 0.5926349431818182 0.08363461538461539 0.04296875 0.053961538461538464
0 0.4068607954545454 0.8112307692307693 0.012528409090909081 0.04388461538461537
0 0.00887784090909091 0.03501923076923077 0.01775568181818182 0.039
0 0.5968252840909091 0.47424999999999995 0.051235795454545444 0.06603846153846149
0 0.6274786931818181 0.42868269230769235 0.027514204545454553 0.0339423076923077
0 0.3112997159090909 0.025076923076923077 0.04464488636363637 0.049076923076923074
0 0.2830752840909091 0.056067307692307694 0.03242897727272725 0.05217307692307692
0 0.39323863636363643 0.8149134615384616 0.01525568181818175 0.02840384615384612
0 0.7922940340909093 0.38307692307692304 0.03569602272727272 0.08115384615384619
0 0.6365553977272728 0.7975961538461539 0.045156249999999946 0.22453846153846152
0 0.8113210227272728 0.3853365384615385 0.03971590909090898 0.06144230769230767
0 0.49378551136363635 0.04826923076923077 0.046548295454545426 0.09653846153846155
0 0.5530539772727273 0.12047115384615384 0.036789772727272775 0.05817307692307691
0 0.7495596590909092 0.4491538461538462 0.07244318181818189 0.10519230769230772
0 0.6264772727272727 0.4659903846153846 0.04113636363636361 0.08298076923076919
0 0.6420667613636364 0.38527884615384617 0.03098011363636364 0.07717307692307691
0 0.5946519886363636 0.03326923076923077 0.028281249999999956 0.016346153846153847
0 0.6448366477272727 0.04657692307692307 0.05345170454545454 0.04296153846153846
0 0.3424005681818182 0.5220096153846153 0.05840909090909092 0.05174999999999994
0 0.36504261363636364 0.48228846153846155 0.012159090909090871 0.015923076923076925
0 0.5123650568181818 0.8520673076923077 0.04063920454545456 0.04667307692307689
0 0.3424005681818182 0.4991730769230769 0.03511363636363636 0.03942307692307692
0 0.21324573863636365 0.5155961538461539 0.08225852272727274 0.05280769230769227
0 0.6006960227272727 0.02935576923076923 0.04724431818181817 0.05871153846153846
0 0.6059303977272728 0.2198846153846154 0.03788352272727275 0.031769230769230765
0 0.55546875 0.1728076923076923 0.07661931818181818 0.0616153846153846
0 0.5883948863636363 0.14505769230769233 0.01696022727272727 0.017615384615384637
0 0.5776633522727272 0.12248076923076923 0.04805397727272725 0.029846153846153852
0 0.22047585227272729 0.8937307692307692 0.026803977272727278 0.03480769230769235
0 0.198203125 0.8748557692307692 0.03802556818181815 0.0460961538461539
0 0.20743607954545454 0.8170000000000001 0.028963068181818163 0.05588461538461539
0 0.7257741477272728 0.9557307692307693 0.06686079545454544 0.08546153846153856
0 0.18860085227272727 0.8562211538461538 0.10430397727272728 0.0568653846153846
0 0.16035511363636365 0.8177307692307693 0.07170454545454544 0.12307692307692308
0 0.2594034090909091 0.7647788461538462 0.08221590909090909 0.03874999999999996
0 0.2860227272727273 0.7689519230769231 0.042017045454545474 0.04609615384615379
0 0.19139204545454547 0.9152211538461538 0.03306818181818182 0.04678846153846151
0 0.26402698863636365 0.8411826923076923 0.046548295454545426 0.06525000000000002
0 0.26003551136363634 0.8884423076923077 0.025923295454545456 0.07065384615384618
0 0.5311292613636364 0.8514903846153846 0.05163352272727268 0.07394230769230767
0 0.2325497159090909 0.8302019230769232 0.03774147727272726 0.054673076923076935
0 0.8360440340909091 0.1346346153846154 0.0680823863636363 0.07446153846153847
0 0.7017329545454546 0.8976826923076924 0.06582386363636368 0.14398076923076925
0 0.6837215909090909 0.03300961538461538 0.021818181818181757 0.027173076923076925
0 0.7745028409090909 0.10716346153846154 0.10474431818181819 0.026596153846153842
0 0.8591761363636364 0.07377884615384615 0.02792613636363648 0.07682692307692308
0 0.8177059659090908 0.16773076923076924 0.12220170454545451 0.04846153846153844
0 0.5284872159090909 0.897201923076923 0.02515625000000005 0.0318269230769231
0 0.7472230113636364 0.16064423076923076 0.0370880681818182 0.06263461538461537
0 0.6171590909090909 0.2628653846153846 0.030113636363636346 0.042538461538461546
0 0.5739985795454546 0.8622403846153847 0.04336647727272731 0.07394230769230767
0 0.6077769886363636 0.27999038461538467 0.06634943181818187 0.06736538461538462
0 0.6944105113636364 0.028615384615384615 0.023139204545454494 0.05723076923076923
0 0.05399147727272727 0.9750096153846154 0.01755681818181818 0.049980769230769245
0 0.5071306818181818 0.8763557692307693 0.06190340909090907 0.034942307692307724
0 0.659715909090909 0.33435576923076926 0.06545454545454552 0.07090384615384616
0 0.4044815340909091 0.4447019230769231 0.03262784090909095 0.04417307692307692
0 0.379921875 0.5419807692307692 0.07589488636363638 0.15038461538461542
0 0.21732244318181818 0.4652980769230769 0.021264204545454544 0.01986538461538464
0 0.2103622159090909 0.44693269230769234 0.035923295454545486 0.043673076923076884
0 0.737684659090909 0.8464326923076922 0.015681818181818293 0.03044230769230766
0 0.737684659090909 0.8738557692307691 0.01653409090909089 0.02440384615384615
0 0.7125213068181818 0.06344230769230769 0.09078125000000004 0.032499999999999994
0 0.7234375000000001 0.1349423076923077 0.02792613636363632 0.10576923076923077
0 0.699169034090909 0.5033461538461539 0.04848011363636363 0.18496153846153843
0 0.40412642045454544 0.05261538461538461 0.030894886363636364 0.06746153846153846
0 0.4256605113636363 0.770451923076923 0.027911931818181867 0.1062115384615385
0 0.38268465909090904 0.11064423076923076 0.05909090909090904 0.07686538461538461
0 0.7430113636363636 0.397875 0.04676136363636358 0.06625000000000003
0 0.6276349431818182 0.023884615384615386 0.02225852272727275 0.04776923076923077
0 0.4671875 0.8709326923076923 0.05017045454545454 0.037326923076923015
0 0.5938636363636364 0.8483557692307692 0.038948863636363656 0.04809615384615383
0 0.5210298295454545 0.9659615384615385 0.03541193181818183 0.06807692307692303
0 0.7743181818181818 0.8789903846153846 0.05488636363636378 0.1586346153846154
0 0.5667542613636364 0.05427884615384615 0.03666193181818182 0.09571153846153846
0 0.7438352272727274 0.35798076923076927 0.08573863636363638 0.10250000000000002
0 0.6008025568181818 0.857875 0.04490056818181812 0.043211538461538405
0 0.6409517045454546 0.10715384615384616 0.035795454545454526 0.07976923076923076
0 0.7537713068181818 0.22268269230769228 0.031860795454545385 0.07917307692307693
0 0.7137855113636363 0.6007211538461539 0.033480113636363544 0.07009615384615393
0 0.5953338068181818 0.8981538461538461 0.041775568181818136 0.05980769230769224
0 0.2020809659090909 0.9885288461538463 0.03526988636363638 0.022826923076923085
0 0.22201704545454548 0.9516730769230769 0.03372159090909088 0.052923076923076885
0 0.6923721590909091 0.6199615384615385 0.026477272727272707 0.07273076923076922
0 0.7098934659090909 0.661076923076923 0.03348011363636363 0.0600769230769231
0 0.73421875 0.6811057692307693 0.02451704545454544 0.06324999999999997
0 0.3539772727272727 0.9359615384615385 0.10448863636363641 0.12419230769230766
0 0.7420383522727273 0.39051923076923073 0.14623579545454543 0.15457692307692306
0 0.28014914772727273 0.9450961538461539 0.04217329545454545 0.07092307692307691
0 0.29164772727272725 0.9648557692307693 0.11474431818181818 0.07028846153846156
0 0.12469460227272727 0.8868653846153847 0.02001420454545455 0.020192307692307693
0 0.7900923295454546 0.35186538461538464 0.05299715909090901 0.09157692307692308
0 0.29328835227272726 0.8908365384615385 0.03791193181818182 0.09975
0 0.6995809659090909 0.7488173076923077 0.05177556818181825 0.12490384615384613
0 0.15573863636363636 0.47621153846153846 0.10045454545454545 0.1459230769230769
0 0.16526988636363635 0.44767307692307695 0.016136363636363636 0.025307692307692302
0 0.09360085227272727 0.8718846153846154 0.08134943181818183 0.06861538461538463
0 0.5170880681818182 0.12215384615384615 0.03900568181818179 0.060115384615384626
0 0.8634943181818183 0.4464423076923077 0.14369318181818178 0.05011538461538462
0 0.07763494318181818 0.7208076923076923 0.041747159090909085 0.06746153846153854
0 0.2986079545454546 0.9473461538461538 0.045142045454545456 0.07553846153846148
0 0.42951704545454544 0.8118269230769231 0.0363636363636364 0.0607307692307692
0 0.5186221590909091 0.07561538461538461 0.059090909090909124 0.03188461538461538
0 0.013955965909090911 0.7257115384615385 0.026832386363636364 0.06226923076923076
0 0.37978693181818185 0.20031730769230768 0.04170454545454547 0.024057692307692318
0 0.06251420454545455 0.7949038461538462 0.07028409090909092 0.08649999999999992
0 0.01843039772727273 0.6896730769230769 0.03151988636363637 0.05246153846153841
0 0.4348224431818182 0.036673076923076926 0.020468749999999956 0.0731923076923077
0 0.4151278409090909 0.02173076923076923 0.025113636363636293 0.04346153846153846
0 0.8579332386363636 0.46740384615384617 0.045099431818181816 0.09930769230769233
0 0.039303977272727275 0.7404038461538461 0.028948863636363634 0.059384615384615376
0 0.012414772727272727 0.7724134615384615 0.024829545454545455 0.04382692307692312
0 0.4320099431818182 0.865625 0.042514204545454556 0.061134615384615315
0 0.2862428977272727 0.5867403846153847 0.059701704545454544 0.12121153846153852
0 0.4196590909090909 0.7479134615384615 0.04926136363636357 0.09463461538461534
0 0.38142045454545453 0.7675961538461538 0.039403409090909065 0.07938461538461544
0 0.9573934659090909 0.07503846153846153 0.08507102272727286 0.08315384615384616
0 0.11026988636363635 0.47150000000000003 0.10045454545454545 0.04319230769230776
0 0.7051349431818182 0.34258653846153847 0.04458806818181816 0.055288461538461536
0 0.7155823863636365 0.3014326923076923 0.04488636363636367 0.03798076923076923
0 0.9153835227272726 0.6250769230769231 0.08451704545454546 0.12284615384615384
0 0.6594034090909091 0.39992307692307694 0.038181818181818254 0.09869230769230768
0 0.6899360795454546 0.302 0.027173295454545447 0.05626923076923075
0 0.017194602272727275 0.5102115384615384 0.03438920454545455 0.06303846153846154
0 0.102578125 0.6526826923076923 0.03467329545454546 0.05559615384615389
0 0.7527130681818183 0.8531826923076923 0.018693181818181772 0.04690384615384624
0 0.8702272727272727 0.03067307692307692 0.02670454545454539 0.06134615384615384
0 0.9034161931818182 0.12771153846153846 0.030525568181818195 0.10276923076923077
0 0.9123792613636365 0.11996153846153845 0.02862215909090906 0.11723076923076924
0 0.8837642045454547 0.08045192307692307 0.024801136363636254 0.06094230769230769
0 0.033643465909090904 0.6205576923076923 0.06728693181818181 0.09350000000000001
0 0.9545383522727273 0.7496442307692308 0.049758522727272686 0.12782692307692312
0 0.045234375 0.6465 0.042286931818181814 0.07784615384615388
0 0.08645596590909091 0.6263269230769231 0.06328125 0.06876923076923075
0 0.11900568181818182 0.6208653846153847 0.05832386363636364 0.06061538461538469
0 0.08705965909090908 0.6691538461538462 0.04076704545454546 0.044884615384615335
0 0.173359375 0.23203846153846153 0.028877840909090926 0.06061538461538458
0 0.03889204545454545 0.06589423076923077 0.07616477272727272 0.04478846153846153
0 0.15727272727272726 0.21051923076923076 0.05741477272727273 0.11111538461538464
0 0.7296732954545455 0.28347115384615384 0.08011363636363633 0.09709615384615386
0 0.6843252840909091 0.17307692307692307 0.04001420454545457 0.04576923076923079
0 0.3187997159090909 0.17185576923076923 0.05339488636363637 0.05751923076923076
0 0.8320525568181818 0.7182307692307692 0.07231534090909103 0.09157692307692308
0 0.6809730113636363 0.2613653846153846 0.04129261363636363 0.0375
0 0.620625 0.21050961538461538 0.03957386363636366 0.05128846153846154
0 0.1685440340909091 0.3337019230769231 0.03177556818181819 0.16225
0 0.8945809659090909 0.031865384615384615 0.01697443181818188 0.06361538461538462
0 0.189765625 0.2689903846153846 0.02339488636363638 0.026596153846153815
0 0.10207386363636363 0.06397115384615384 0.05269886363636363 0.12698076923076923
0 0.06331676136363637 0.041971153846153846 0.05495738636363636 0.08394230769230769
0 0.4065056818181818 0.1840673076923077 0.09855113636363635 0.059826923076923076
0 0.6036150568181818 0.22801923076923075 0.020014204545454592 0.0308076923076923
0 0.7354545454545455 0.20598076923076922 0.016278409090909142 0.040076923076923086
0 0.8171946022727273 0.4861442307692308 0.05981534090909093 0.12598076923076926
0 0.5557954545454545 0.22642307692307695 0.07880681818181813 0.06900000000000002
0 0.03201704545454545 0.026615384615384614 0.03434659090909092 0.05138461538461538
0 0.7002982954545455 0.21115384615384614 0.04349431818181819 0.0723076923076923
0 0.8863778409090909 0.018711538461538463 0.01397727272727261 0.03742307692307693
0 0.31688210227272723 0.11961538461538462 0.08660511363636364 0.05138461538461538
0 0.22702414772727272 0.2527596153846154 0.06035511363636361 0.04340384615384614
0 0.07544034090909091 0.03357692307692308 0.04142045454545454 0.06715384615384616
0 0.6571022727272727 0.21414423076923075 0.01889204545454547 0.08951923076923077
0 0.6592400568181819 0.2880288461538461 0.03367897727272724 0.027596153846153836
0 0.6339630681818181 0.29476923076923073 0.056732954545454545 0.07446153846153845
0 0.3416974431818182 0.4305576923076923 0.10444602272727273 0.08388461538461534
0 0.2149005681818182 0.29479807692307697 0.0644034090909091 0.038326923076923036
0 0.6928693181818182 0.19926923076923078 0.04539772727272724 0.08676923076923078
0 0.3503693181818182 0.16710576923076925 0.018323863636363645 0.0680576923076923
0 0.6298153409090909 0.18333653846153847 0.04437500000000001 0.03290384615384615
0 0.21229403409090908 0.24161538461538462 0.019928977272727275 0.025807692307692285
0 0.7276846590909091 0.2165 0.016278409090909062 0.05811538461538461
0 0.2236434659090909 0.32548076923076924 0.03396306818181818 0.035576923076923075
0 0.19612215909090908 0.29166346153846157 0.047073863636363615 0.04536538461538462
0 0.9742258522727273 0.6002596153846154 0.05061079545454545 0.12490384615384613
0 0.7965838068181817 0.057874999999999996 0.07705965909090909 0.08159615384615385
0 0.35191761363636365 0.45866346153846155 0.03664772727272725 0.06894230769230768
0 0.8292826704545455 0.08747115384615385 0.02830965909090902 0.03109615384615385
0 0.46033380681818187 0.11613461538461539 0.0755255681818182 0.06723076923076925
0 0.8434375 0.04625 0.03951704545454553 0.09038461538461538
0 0.6529971590909092 0.14027884615384614 0.0732102272727273 0.049365384615384617
0 0.6252840909090909 0.12612500000000001 0.028551136363636397 0.041711538461538473
0 0.9886292613636364 0.6735096153846154 0.02257102272727287 0.04375
0 0.9759730113636365 0.7227884615384615 0.046321022727272745 0.07484615384615388
0 0.9689701704545454 0.669826923076923 0.025298295454545375 0.055346153846153795
0 0.33115056818181815 0.45975961538461535 0.04573863636363635 0.048326923076923066
0 0.5970099431818181 0.561923076923077 0.0380539772727273 0.11334615384615385
0 0.4434019886363636 0.36203846153846153 0.06325284090909095 0.14184615384615382
0 0.4909232954545455 0.27793269230769224 0.03437499999999998 0.11594230769230768
0 0.4873508522727273 0.20174038461538463 0.01492897727272734 0.03644230769230767
0 0.5194673295454545 0.18 0.047372159090909124 0.06411538461538459
0 0.5682954545454546 0.2647596153846154 0.037954545454545414 0.06148076923076923
0 0.5118465909090909 0.2504903846153846 0.03664772727272729 0.044365384615384605
0 0.4826491477272727 0.1696826923076923 0.017201704545454485 0.04963461538461539
0 0.49481534090909096 0.15276923076923077 0.06164772727272732 0.07553846153846154
0 0.5060085227272727 0.20217307692307693 0.03536931818181823 0.05050000000000001
0 0.5726704545454545 0.31417307692307694 0.05968750000000005 0.0786153846153846
0 0.7437215909090908 0.8945192307692307 0.014630681818181916 0.0404615384615385
0 0.5353622159090908 0.2897980769230769 0.029190340909090926 0.06675000000000002
0 0.5202769886363636 0.37301923076923077 0.07492897727272728 0.09003846153846153
0 0.5707386363636364 0.43865384615384606 0.05340909090909094 0.1574230769230769
0 0.5470383522727272 0.3233942307692308 0.0343892045454546 0.04874999999999999
0 0.5958664772727272 0.31285576923076924 0.04184659090909096 0.020634615384615418
0 0.44858664772727275 0.4356057692307692 0.0593607954545454 0.08871153846153851
0 0.45102272727272724 0.2008653846153846 0.08045454545454543 0.0628076923076923
0 0.3809517045454545 0.2438942307692308 0.068125 0.06455769230769232
0 0.42685369318181815 0.2685 0.049644886363636426 0.10584615384615383
0 0.39035511363636366 0.27881730769230767 0.04088068181818178 0.08255769230769229
0 0.46932528409090907 0.9190865384615384 0.054758522727272746 0.06117307692307693
0 0.23691761363636363 0.35699038461538457 0.05059659090909092 0.06148076923076923
0 0.203828125 0.3372307692307693 0.026605113636363663 0.05973076923076918
0 0.12613636363636363 0.32558653846153846 0.09051136363636364 0.05401923076923078
0 0.23999999999999996 0.2309423076923077 0.023039772727272725 0.04742307692307689
0 0.49409090909090914 0.9785000000000001 0.024914772727272758 0.041961538461538446
0 0.4928125 0.8172403846153847 0.06715909090909088 0.1294807692307692
0 0.4552130681818182 0.7875865384615384 0.05377840909090903 0.0807115384615384
0 0.6502911931818182 0.5545961538461538 0.08853693181818188 0.17357692307692307
0 0.6370738636363636 0.5760288461538461 0.026846590909090876 0.06671153846153846
0 0.4241548295454546 0.9777403846153846 0.05151988636363634 0.04451923076923073
0 0.5453693181818182 0.8330096153846154 0.025170454545454583 0.05555769230769228
0 0.7191477272727272 0.794375 0.03576704545454546 0.07555769230769235
0 0.2159943181818182 0.1714326923076923 0.053522727272727284 0.12605769230769234
0 0.20301846590909092 0.06383653846153846 0.07688920454545456 0.12605769230769232
0 0.013551136363636364 0.6352307692307693 0.026704545454545457 0.02426923076923078
0 0.1594744318181818 0.9598365384615385 0.04693181818181817 0.05578846153846152
0 0.036825284090909086 0.9779230769230769 0.012201704545454545 0.04338461538461528
0 0.25141335227272726 0.8020480769230769 0.04464488636363637 0.050096153846153756
0 0.20276988636363635 0.7682211538461539 0.028238636363636358 0.08471153846153848
0 0.30959517045454543 0.7191634615384616 0.05569602272727274 0.06301923076923084
0 0.3185582386363636 0.7801057692307691 0.07438920454545452 0.09605769230769229
0 0.4710511363636364 0.944826923076923 0.06414772727272723 0.0606923076923077
0 0.25770596590909095 0.732326923076923 0.056463068181818184 0.05319230769230763
0 0.1072088068181818 0.7984423076923077 0.030894886363636364 0.11103846153846156
0 0.13009943181818182 0.7488557692307691 0.0675284090909091 0.13171153846153838
0 0.11083806818181818 0.6561538461538461 0.021363636363636352 0.02169230769230764
0 0.13734375 0.6574423076923077 0.041590909090909095 0.11415384615384618
0 0.305390625 0.522375 0.06561079545454546 0.07748076923076916
0 0.30234374999999997 0.4697019230769231 0.05494318181818183 0.11775000000000004
0 0.2523721590909091 0.4319903846153846 0.0534090909090909 0.04648076923076921
0 0.20659090909090908 0.3987788461538462 0.03417613636363637 0.06001923076923078
0 0.2677414772727273 0.44361538461538463 0.030454545454545453 0.032538461538461516
0 0.7439417613636364 0.7375576923076923 0.04436079545454548 0.06649999999999998
0 0.25278409090909093 0.4005961538461538 0.06676136363636363 0.05784615384615382
0 0.4373153409090909 0.4956826923076923 0.06517045454545455 0.03832692307692315
0 0.2736221590909091 0.4855576923076923 0.045397727272727284 0.04699999999999994
0 0.1288778409090909 0.5390576923076923 0.06568181818181817 0.1091923076923077
0 0.22901988636363638 0.6435480769230769 0.08332386363636363 0.10990384615384621
0 0.24904829545454543 0.547375 0.05394886363636362 0.06217307692307689
0 0.16439630681818182 0.6149903846153846 0.044872159090909094 0.05278846153846151
0 0.8209232954545456 0.34514423076923073 0.05062499999999998 0.10374999999999998
0 0.9768039772727272 0.437375 0.03406250000000002 0.08582692307692306
0 0.8888210227272727 0.41848076923076927 0.03406250000000002 0.03649999999999998
0 0.5684730113636364 0.8126923076923077 0.0458664772727273 0.10549999999999991
0 0.9926633522727273 0.41591346153846154 0.014673295454545513 0.0800576923076923
0 0.9540980113636363 0.38549999999999995 0.07853693181818193 0.1216923076923077
0 0.8552201704545456 0.34386538461538463 0.02649147727272724 0.051230769230769205
0 0.9645099431818182 0.40375 0.04447443181818174 0.09926923076923078
0 0.9103338068181818 0.27149038461538466 0.1736221590909091 0.06790384615384619
0 0.8086292613636363 0.28142307692307694 0.07805397727272734 0.0903076923076923
0 0.9351775568181818 0.35506730769230765 0.10598011363636366 0.0928653846153846
0 0.4978622159090909 0.35241346153846154 0.06453125000000001 0.09640384615384615
0 0.28585227272727276 0.3024519230769231 0.06542613636363637 0.18221153846153845
0 0.3879616477272727 0.3730096153846154 0.0640198863636364 0.10313461538461538
