0 0.11514914772727272 0.18729807692307693 0.033735795454545456 0.05751923076923076
0 0.41145596590909084 0.532673076923077 0.07342329545454546 0.027423076923076904
0 0.7388707386363635 0.6982115384615385 0.03876420454545449 0.03773076923076924
0 0.8061789772727272 0.6704423076923077 0.0199147727272727 0.02549999999999998
0 0.8228764204545456 0.6669807692307693 0.01615056818181819 0.021500000000000012
0 0.7808877840909091 0.6636923076923077 0.029076704545454583 0.021500000000000012
0 0.0063068181818181825 0.6729615384615385 0.012613636363636365 0.04384615384615376
0 0.016022727272727272 0.6870192307692308 0.032045454545454544 0.0375
0 0.48587357954545457 0.9816346153846154 0.027940340909090852 0.036730769230769275
0 0.528984375 0.820173076923077 0.04311079545454541 0.039192307692307686
0 0.5719389204545454 0.8187115384615385 0.04217329545454545 0.03126923076923075
0 0.6241264204545455 0.8057980769230769 0.02708806818181817 0.032096153846153844
0 0.3665198863636363 0.5273557692307693 0.03113636363636366 0.024326923076923142
0 0.5974928977272728 0.8128846153846153 0.028025568181818207 0.0362692307692308
0 0.8317542613636365 0.5299807692307693 0.026463068181818174 0.02923076923076921
0 0.8826846590909091 0.5285576923076923 0.08480113636363643 0.12915384615384615
0 0.8719105113636364 0.537173076923077 0.044872159090909136 0.030615384615384645
0 0.9197585227272728 0.5425000000000001 0.029375000000000092 0.03173076923076923
0 0.9099573863636364 0.5603846153846154 0.04303977272727266 0.024115384615384653
0 0.9273224431818182 0.5234134615384616 0.07004261363636372 0.07151923076923071
0 0.9393465909090909 0.5252211538461539 0.012755681818181845 0.06548076923076926
0 0.8532244318181817 0.7237788461538461 0.030198863636363624 0.027788461538461515
0 0.7827698863636363 0.7968173076923077 0.05241477272727269 0.04855769230769231
0 0.6431178977272727 0.7921826923076923 0.02086647727272727 0.04398076923076924
0 0.8455255681818182 0.7727884615384616 0.03173295454545443 0.037807692307692355
0 0.6880894886363635 0.9758365384615384 0.029190340909090926 0.04709615384615375
0 0.6990553977272728 0.9845865384615385 0.018593750000000044 0.030711538461538512
0 0.6759446022727272 0.9785288461538463 0.02600852272727273 0.04294230769230766
0 0.6629119318181819 0.9524711538461539 0.019715909090909086 0.04975000000000001
0 0.5171022727272727 0.9879134615384616 0.035284090909090876 0.024173076923076908
0 0.10322443181818182 0.9474807692307692 0.021676136363636352 0.08534615384615384
0 0.05863636363636364 0.9041730769230768 0.023352272727272725 0.04030769230769227
0 0.5830468750000001 0.8698461538461538 0.013338068181818243 0.02134615384615389
0 0.6215411931818182 0.8391826923076923 0.03137784090909095 0.04478846153846147
0 0.9344744318181818 0.9660288461538462 0.037215909090909154 0.06682692307692319
0 0.5977201704545455 0.8380288461538461 0.017968749999999967 0.02394230769230767
0 0.5671377840909091 0.7896923076923077 0.030894886363636364 0.03242307692307695
0 0.6003196022727273 0.7848269230769231 0.036889204545454586 0.025961538461538463
0 0.6279119318181817 0.7695865384615385 0.06846590909090908 0.04805769230769232
0 0.6701349431818181 0.8077884615384615 0.04109375000000001 0.030961538461538506
0 0.6679758522727273 0.7880480769230769 0.018877840909090858 0.02109615384615379
0 0.6507457386363636 0.7936634615384616 0.015582386363636402 0.03140384615384612
0 0.6414701704545455 0.8196826923076923 0.017571022727272654 0.028711538461538476
0 0.6934943181818182 0.8169807692307693 0.11431818181818185 0.0690769230769231
0 0.6734517045454546 0.8356057692307692 0.03446022727272726 0.04621153846153841
0 0.9350497159090909 0.9858846153846154 0.015610795454545467 0.028230769230769243
0 0.6238991477272727 0.853798076923077 0.03339488636363635 0.049365384615384644
0 0.6390767045454545 0.9187980769230769 0.05494318181818183 0.04221153846153844
0 0.6695809659090909 0.8972596153846154 0.041235795454545414 0.03101923076923076
0 0.6710511363636363 0.8785192307692309 0.04872159090909092 0.03407692307692302
0 0.6547940340909091 0.8608557692307692 0.06245738636363632 0.038980769230769194
0 0.7072088068181818 0.8223653846153846 0.01839488636363643 0.022576923076923095
0 0.7177556818181817 0.8485673076923077 0.07167613636363633 0.07655769230769231
0 0.7457386363636364 0.8730865384615385 0.02798295454545461 0.036826923076923035
0 0.7853196022727272 0.8035288461538462 0.0937073863636364 0.025634615384615353
0 0.7693821022727273 0.8289519230769231 0.09717329545454549 0.03459615384615387
0 0.9832883522727273 0.9815865384615384 0.033423295454545414 0.03655769230769218
0 0.7657599431818182 0.8592788461538461 0.03754261363636357 0.049980769230769245
0 0.6957102272727272 0.8364326923076923 0.02556818181818182 0.025634615384615464
0 0.4044105113636363 0.7692596153846154 0.038735795454545426 0.059365384615384625
0 0.4200994318181818 0.8027211538461538 0.024261363636363695 0.05094230769230771
0 0.32860085227272723 0.48389423076923077 0.009616477272727287 0.01875
0 0.3261150568181818 0.4074807692307692 0.02316761363636364 0.06323076923076927
0 0.28776278409090905 0.5512115384615385 0.016292613636363636 0.025
0 0.3015625 0.555326923076923 0.01823863636363637 0.025
0 0.29319602272727274 0.5358846153846153 0.03437499999999998 0.019769230769230827
0 0.2620241477272727 0.5264134615384616 0.02492897727272729 0.019749999999999965
0 0.7647372159090909 0.6447115384615385 0.029559659090909015 0.02992307692307682
0 0.2693252840909091 0.5185865384615385 0.03467329545454545 0.028826923076923094
0 0.26977982954545454 0.544326923076923 0.023423295454545426 0.0267692307692308
0 0.30584517045454546 0.5876057692307692 0.01941761363636366 0.027673076923076897
0 0.31593750000000004 0.5690961538461538 0.024261363636363654 0.028000000000000004
0 0.3367613636363636 0.5587211538461538 0.028607954545454565 0.023865384615384663
0 0.3209161931818182 0.5517980769230769 0.02044034090909093 0.02524999999999999
0 0.29743607954545453 0.5167307692307692 0.02396306818181819 0.028576923076923104
0 0.27348011363636365 0.5634615384615385 0.021818181818181837 0.03100000000000001
0 0.2943963068181818 0.5704807692307692 0.02504261363636363 0.02761538461538453
0 0.36242897727272727 0.3338269230769231 0.06809659090909091 0.0393076923076923
0 0.7850852272727273 0.639125 0.01792613636363637 0.02748076923076927
0 0.1690340909090909 0.32732692307692307 0.0715056818181818 0.04230769230769231
0 0.02531960227272727 0.42360576923076926 0.011661931818181816 0.01463461538461541
0 0.019204545454545453 0.3938846153846154 0.014204545454545454 0.02976923076923075
0 0.024595170454545453 0.3051057692307692 0.01708806818181818 0.03294230769230768
0 0.03430397727272727 0.32196153846153847 0.03301136363636364 0.057230769230769266
0 0.009332386363636364 0.30118269230769235 0.018664772727272728 0.03686538461538459
0 0.009829545454545454 0.3486250000000001 0.019403409090909093 0.07528846153846155
0 0.09427556818181819 0.49869230769230766 0.06008522727272727 0.06442307692307692
0 0.03862926136363636 0.4763173076923077 0.030525568181818178 0.05471153846153849
0 0.050497159090909086 0.48034615384615387 0.02883522727272728 0.05203846153846154
0 0.5189701704545455 0.8654230769230769 0.01958806818181821 0.036653846153846155
0 0.07140624999999999 0.5027211538461539 0.03392045454545455 0.03940384615384623
0 0.012450284090909092 0.4248365384615385 0.015440340909090909 0.023134615384615385
0 0.02099431818181818 0.41037500000000005 0.01875 0.01863461538461538
0 0.010553977272727272 0.3755 0.021107954545454544 0.08003846153846154
0 0.2462144886363636 0.46892307692307694 0.052855113636363645 0.03484615384615385
0 0.2686931818181818 0.43811538461538463 0.03034090909090911 0.02426923076923078
0 0.24960227272727273 0.44061538461538463 0.04633522727272728 0.029269230769230766
0 0.19651988636363635 0.42712500000000003 0.06463068181818182 0.07590384615384616
0 0.21875710227272727 0.3578076923076923 0.03160511363636364 0.05384615384615385
0 0.22033380681818182 0.3234230769230769 0.03433238636363634 0.05165384615384618
0 0.49566051136363637 0.8392019230769231 0.034133522727272686 0.0277115384615384
0 0.25752130681818186 0.3458846153846154 0.06370738636363636 0.023230769230769256
0 0.26647727272727273 0.37583653846153847 0.08238636363636363 0.059365384615384625
0 0.23718039772727276 0.496701923076923 0.06228693181818181 0.04371153846153844
0 0.32870028409090907 0.6165192307692309 0.027911931818181787 0.08530769230769222
0 0.29533380681818183 0.6134615384615385 0.029247159090909094 0.0410384615384616
0 0.31600142045454543 0.6294519230769231 0.018536931818181834 0.07498076923076925
0 0.30729403409090905 0.62975 0.06052556818181816 0.06773076923076918
0 0.3353409090909091 0.5854326923076923 0.01968749999999998 0.04063461538461537
0 0.5887428977272727 0.6015096153846154 0.04001420454545457 0.0973653846153846
0 0.5096448863636364 0.6673269230769231 0.06752840909090913 0.10115384615384619
0 0.3951775568181818 0.3020192307692308 0.062173295454545426 0.033884615384615395
0 0.511299715909091 0.8323557692307693 0.042201704545454514 0.019403846153846216
0 0.46274147727272724 0.6539999999999999 0.04190340909090909 0.07280769230769234
0 0.3572230113636364 0.595798076923077 0.03345170454545452 0.047826923076923086
0 0.36305397727272726 0.5620865384615384 0.036505681818181805 0.01955769230769234
0 0.2987713068181818 0.5072788461538461 0.014531249999999985 0.025634615384615353
0 0.31485795454545457 0.5160576923076924 0.019715909090909086 0.025653846153846107
0 0.32484375 0.5373076923076923 0.03502840909090909 0.024576923076923135
0 0.36556818181818185 0.5980673076923076 0.015312500000000001 0.040057692307692384
0 0.39989346590909086 0.5439903846153846 0.025923295454545456 0.021057692307692395
0 0.35703124999999997 0.5429519230769232 0.03173295454545451 0.02890384615384621
0 0.3809801136363636 0.5526634615384616 0.027159090909090914 0.024365384615384646
0 0.6237073863636364 0.890951923076923 0.02548295454545454 0.039596153846153795
0 0.424609375 0.5594711538461539 0.09853693181818182 0.026442307692307692
0 0.3856818181818182 0.5023557692307693 0.03971590909090906 0.03644230769230767
0 0.3363991477272727 0.512 0.024105113636363636 0.04611538461538465
0 0.3564772727272727 0.5082211538461539 0.02252840909090907 0.05278846153846151
0 0.3647088068181818 0.4676153846153846 0.021264204545454544 0.03942307692307692
0 0.3891335227272728 0.4014615384615384 0.04428977272727274 0.023653846153846123
0 0.4065980113636364 0.41054807692307693 0.06657670454545456 0.036326923076923104
0 0.3861008522727273 0.43964423076923076 0.03970170454545461 0.03090384615384614
0 0.40272017045454545 0.47894230769230767 0.07294034090909095 0.06649999999999998
0 0.7235298295454545 0.7496826923076924 0.04106534090909095 0.021250000000000022
0 0.6421235795454545 0.8789711538461539 0.029730113636363645 0.04121153846153836
0 0.7392542613636363 0.7362788461538462 0.021207386363636293 0.02628846153846157
0 0.720078125 0.7315961538461538 0.023991477272727255 0.019384615384615462
0 0.6708877840909091 0.7174807692307693 0.02953124999999995 0.02392307692307692
0 0.6924005681818182 0.746875 0.032443181818181864 0.023519230769230803
0 0.7138423295454546 0.7033269230769231 0.031690340909090994 0.03134615384615387
0 0.6932741477272727 0.7204423076923077 0.016548295454545423 0.02169230769230764
0 0.7315767045454545 0.7723461538461539 0.08130681818181812 0.044846153846153834
0 0.70546875 0.7280384615384615 0.023267045454545447 0.02430769230769228
0 0.6457457386363636 0.69025 0.015071022727272747 0.02311538461538458
0 0.6277556818181819 0.7288461538461538 0.029289772727272734 0.02284615384615384
0 0.6979048295454545 0.6810096153846154 0.04274147727272732 0.07201923076923086
0 0.6572088068181817 0.73075 0.042855113636363656 0.019038461538461494
0 0.6164630681818182 0.7464615384615384 0.046420454545454556 0.02876923076923073
0 0.5926491477272727 0.7180480769230769 0.02632102272727277 0.02121153846153841
0 0.6112215909090909 0.7000673076923076 0.01605113636363638 0.02509615384615387
0 0.589296875 0.6977692307692308 0.016946022727272737 0.024192307692307662
0 0.5432315340909091 0.6831346153846154 0.021434659090909136 0.04080769230769225
0 0.5305042613636364 0.7058076923076922 0.03617897727272723 0.04503846153846157
0 0.554403409090909 0.6639999999999999 0.020482954545454568 0.09526923076923081
0 0.542294034090909 0.7195865384615384 0.018764204545454518 0.039557692307692405
0 0.5479758522727273 0.7504134615384616 0.016661931818181763 0.04128846153846148
0 0.5356178977272728 0.8732500000000001 0.016576704545454568 0.027423076923077015
0 0.554609375 0.7221826923076923 0.013167613636363611 0.02344230769230769
0 0.5917258522727272 0.7366057692307691 0.04850852272727269 0.06601923076923073
0 0.5853551136363636 0.7535288461538462 0.034261363636363645 0.0490961538461539
0 0.45174715909090907 0.8116826923076923 0.0529545454545455 0.031057692307692265
0 0.46563920454545454 0.8257788461538461 0.03656250000000001 0.03132692307692311
0 0.5018750000000001 0.9005961538461539 0.0208806818181818 0.04807692307692308
0 0.43950284090909086 0.8381538461538462 0.05588068181818178 0.05226923076923078
0 0.4793607954545455 0.8569134615384616 0.06752840909090913 0.040673076923076985
0 0.4795383522727273 0.9119903846153846 0.01927556818181817 0.02255769230769234
0 0.49026278409090907 0.924625 0.016349431818181805 0.0210961538461539
0 0.5137073863636363 0.9615961538461538 0.040482954545454544 0.07607692307692297
0 0.4961150568181818 0.9369423076923078 0.013877840909090883 0.024846153846153875
0 0.468125 0.9780384615384616 0.019772727272727216 0.04338461538461539
0 0.46108664772727276 0.9616538461538462 0.024474431818181843 0.054000000000000076
0 0.41948863636363637 0.9786346153846154 0.05411931818181821 0.042500000000000156
0 0.44759943181818185 0.9910769230769231 0.034914772727272704 0.017384615384615425
0 0.44480113636363633 0.8871153846153846 0.04062500000000003 0.06896153846153849
0 0.4406463068181818 0.9057884615384615 0.022372159090909092 0.08369230769230766
0 0.44973011363636367 0.9647788461538461 0.014517045454545493 0.06567307692307688
0 0.28253551136363636 0.9535288461538463 0.04345170454545451 0.0794423076923077
0 0.3093039772727273 0.972548076923077 0.030539772727272728 0.05490384615384618
0 0.5023011363636364 0.9662307692307693 0.016619318181818245 0.06692307692307695
0 0.3473579545454546 0.9845288461538463 0.06556818181818182 0.030942307692307644
0 0.38934659090909096 0.9806442307692309 0.03167613636363638 0.036134615384615425
0 0.35886363636363633 0.9603269230769231 0.04991477272727271 0.04038461538461539
0 0.33308238636363635 0.9707884615384615 0.03886363636363634 0.0433846153846155
0 0.37753551136363633 0.8890769230769231 0.02691761363636362 0.06330769230769223
0 0.38171875000000005 0.9190096153846153 0.032017045454545486 0.08621153846153844
0 0.40382102272727266 0.9022596153846154 0.025653409090909095 0.08767307692307698
0 0.411484375 0.9446057692307692 0.031207386363636402 0.052442307692307656
0 0.3613849431818182 0.8998365384615385 0.023082386363636406 0.07113461538461541
0 0.33171164772727274 0.9155673076923078 0.04714488636363636 0.07278846153846147
0 0.6784517045454546 0.9328653846153847 0.03857954545454541 0.04865384615384617
0 0.35000710227272724 0.9320192307692308 0.034616477272727236 0.030576923076923144
0 0.34509232954545455 0.9108173076923077 0.0185653409090909 0.02959615384615382
0 0.24170454545454545 0.966701923076923 0.03957386363636366 0.06659615384615383
0 0.004311079545454546 0.7932596153846154 0.008622159090909092 0.059288461538461616
0 0.028025568181818186 0.7958173076923076 0.042130681818181824 0.03748076923076925
0 0.04392045454545454 0.759375 0.08778409090909091 0.05609615384615377
0 0.06997159090909091 0.7066057692307692 0.0662784090909091 0.04859615384615381
0 0.014147727272727274 0.8385865384615384 0.028295454545454547 0.1271346153846154
0 0.03465198863636364 0.809048076923077 0.06930397727272727 0.04005769230769228
0 0.062237215909090905 0.825 0.04032670454545454 0.04499999999999996
0 0.6526917613636364 0.9153365384615385 0.02509943181818176 0.05509615384615391
0 0.019048295454545453 0.7209423076923077 0.03755681818181818 0.03769230769230773
0 0.025561079545454547 0.7370192307692308 0.05109375 0.03942307692307692
0 0.012791193181818183 0.5995384615384616 0.025582386363636366 0.03519230769230772
0 0.01284090909090909 0.6263461538461538 0.024971590909090905 0.03826923076923072
0 0.03896306818181818 0.612 0.021704545454545456 0.058076923076923054
0 0.031512784090909095 0.6412115384615384 0.01640625 0.041346153846153845
0 0.01953125 0.630451923076923 0.03835227272727273 0.06971153846153846
0 0.06666193181818181 0.5476057692307692 0.058636363636363625 0.02936538461538458
0 0.05882102272727272 0.5895576923076923 0.04457386363636364 0.05969230769230762
0 0.07323153409090909 0.5848942307692307 0.0329971590909091 0.057019230769230836
0 0.5159801136363636 0.810903846153846 0.028806818181818142 0.02315384615384619
0 0.021022727272727273 0.6662403846153846 0.01625 0.03767307692307698
0 0.0771875 0.6278173076923077 0.055795454545454544 0.0318269230769231
0 0.061178977272727274 0.6635288461538461 0.0409090909090909 0.04805769230769222
0 0.07681818181818181 0.6826153846153847 0.045028409090909105 0.03257692307692307
0 0.03345170454545454 0.6804134615384615 0.01681818181818182 0.03771153846153849
0 0.05725852272727273 0.5799134615384616 0.026249999999999996 0.04113461538461536
0 0.07450284090909091 0.6405 0.025085227272727276 0.0434615384615385
0 0.111796875 0.636221153846154 0.05401988636363637 0.04467307692307685
0 0.11449573863636363 0.5863750000000001 0.028877840909090905 0.11128846153846154
0 0.11906960227272728 0.6892211538461538 0.01717329545454546 0.03990384615384615
0 0.3947727272727272 0.3257115384615385 0.039829545454545486 0.03096153846153845
0 0.49089488636363643 0.8141250000000001 0.027585227272727296 0.020942307692307774
0 0.13277698863636364 0.6859326923076923 0.01691761363636365 0.022903846153846094
0 0.13008522727272728 0.7046634615384616 0.016136363636363636 0.01805769230769228
0 0.1337997159090909 0.7443846153846154 0.042031249999999985 0.06696153846153845
0 0.09010653409090909 0.7405673076923077 0.05458806818181819 0.07251923076923072
0 0.12389914772727272 0.8942211538461539 0.03225852272727272 0.06194230769230776
0 0.07619318181818181 0.8861826923076923 0.032357954545454544 0.051173076923076946
0 0.08545454545454546 0.9120961538461537 0.03113636363636364 0.08226923076923083
0 0.09472301136363637 0.8378365384615385 0.0373153409090909 0.08824999999999997
0 0.17644886363636364 0.884201923076923 0.03360795454545456 0.08371153846153852
0 0.1556747159090909 0.8562307692307692 0.025724431818181816 0.03461538461538462
0 0.43283380681818184 0.7519423076923076 0.03274147727272729 0.054192307692307706
0 0.13971590909090909 0.8452788461538462 0.04196022727272726 0.09690384615384613
0 0.16574573863636363 0.8292019230769231 0.04651988636363636 0.04801923076923082
0 0.1318465909090909 0.7985673076923077 0.03607954545454544 0.05948076923076925
0 0.16904119318181818 0.7930192307692308 0.04603693181818183 0.045423076923076934
0 0.1934090909090909 0.7606153846153846 0.05375000000000003 0.13192307692307687
0 0.2011221590909091 0.8676730769230769 0.06207386363636364 0.12576923076923072
0 0.21852982954545455 0.9104230769230769 0.03217329545454542 0.16953846153846158
0 0.24595170454545456 0.9086730769230769 0.04857954545454544 0.12626923076923072
0 0.25252840909090907 0.8809230769230769 0.02323863636363638 0.05284615384615388
0 0.26873579545454546 0.861576923076923 0.04457386363636363 0.05284615384615388
0 0.44920454545454547 0.7213461538461539 0.03943181818181817 0.07019230769230769
0 0.25199573863636365 0.8348653846153846 0.041377840909090906 0.07796153846153839
0 0.30991477272727275 0.883375 0.019176136363636364 0.06790384615384616
0 0.3193963068181818 0.8875192307692308 0.025497159090909115 0.07388461538461541
0 0.29348721590909094 0.8923461538461538 0.029019886363636373 0.11457692307692305
0 0.27306107954545455 0.8996923076923078 0.020553977272727272 0.061038461538461444
0 0.30834517045454546 0.8044326923076923 0.01910511363636366 0.05432692307692308
0 0.326015625 0.8303076923076923 0.021974431818181817 0.05369230769230772
0 0.2961647727272727 0.8534326923076923 0.04107954545454548 0.06305769230769234
0 0.3145809659090909 0.7765576923076923 0.03444602272727273 0.05846153846153842
0 0.27227982954545454 0.7654903846153847 0.05078125 0.060634615384615335
0 0.4605752840909091 0.7673365384615385 0.02697443181818183 0.023403846153846185
0 0.2886789772727273 0.7996346153846154 0.0266477272727273 0.03246153846153845
0 0.2961434659090909 0.7767692307692307 0.01771306818181818 0.027769230769230765
0 0.25610795454545454 0.7900384615384616 0.04332386363636364 0.055730769230769264
0 0.4762428977272727 0.7455384615384615 0.02274147727272726 0.03403846153846152
0 0.4977698863636364 0.753875 0.02622159090909096 0.04128846153846159
0 0.4699715909090909 0.7051057692307692 0.04156249999999999 0.07178846153846151
0 0.44465198863636357 0.7948653846153847 0.03262784090909087 0.03426923076923075
0 0.40684659090909087 0.698903846153846 0.03289772727272731 0.04749999999999998
0 0.39895596590909094 0.7284326923076924 0.03507102272727272 0.03532692307692309
0 0.4217613636363636 0.7392692307692307 0.02017045454545453 0.04096153846153849
0 0.5687215909090909 0.7638269230769231 0.028011363636363674 0.030000000000000044
0 0.36522017045454547 0.751375 0.03362215909090907 0.057519230769230816
0 0.3758451704545455 0.7829230769230769 0.032542613636363675 0.040769230769230856
0 0.3830184659090909 0.3698173076923077 0.03927556818181823 0.047519230769230786
0 0.45617187499999995 0.37090384615384614 0.11396306818181821 0.1605
0 0.45906960227272725 0.4818557692307692 0.04617897727272726 0.10928846153846156
0 0.49878551136363636 0.4717211538461539 0.035724431818181863 0.05501923076923079
0 0.44403409090909096 0.4825 0.04235795454545454 0.026576923076923064
0 0.4249289772727272 0.4671153846153846 0.03965909090909093 0.08526923076923078
0 0.5477769886363636 0.40247115384615384 0.08552556818181824 0.09301923076923078
0 0.44529829545454547 0.4023557692307692 0.07443181818181815 0.09713461538461536
0 0.5403196022727272 0.7672788461538462 0.016548295454545423 0.056903846153846104
0 0.4698934659090909 0.4175961538461538 0.026463068181818174 0.035269230769230775
0 0.4513565340909091 0.450923076923077 0.03098011363636364 0.04715384615384617
0 0.4646875 0.4569903846153846 0.012727272727272698 0.032711538461538445
0 0.4976420454545455 0.5057115384615385 0.021590909090909074 0.03430769230769226
0 0.48139204545454545 0.5145673076923076 0.025170454545454503 0.04328846153846152
0 0.47967329545454546 0.48823076923076925 0.016931818181818124 0.027192307692307665
0 0.51765625 0.5076826923076924 0.0801420454545454 0.16209615384615383
0 0.52078125 0.48075 0.01247159090909087 0.019923076923076894
0 0.497890625 0.41202884615384616 0.04115056818181822 0.10394230769230771
0 0.4429971590909091 0.1670096153846154 0.15062499999999995 0.1054423076923077
0 0.5572585227272727 0.7843461538461539 0.023948863636363657 0.04138461538461535
0 0.6467400568181817 0.00976923076923077 0.035610795454545444 0.01953846153846154
0 0.6217542613636363 0.02525 0.07012784090909091 0.04930769230769231
0 0.6689062499999999 0.060759615384615384 0.04372159090909095 0.06794230769230769
0 0.6533096590909091 0.08125 0.05971590909090904 0.04407692307692308
0 0.5959161931818181 0.08821153846153847 0.05995738636363634 0.08511538461538462
0 0.5259303977272727 0.17126923076923078 0.08541193181818181 0.06388461538461539
0 0.5991477272727272 0.3350673076923077 0.08664772727272728 0.09898076923076923
0 0.6001704545454545 0.37609615384615386 0.05446022727272724 0.0788846153846154
0 0.5666264204545454 0.31358653846153844 0.1349289772727272 0.06186538461538465
0 0.4902556818181818 0.2796730769230769 0.08931818181818181 0.040538461538461565
0 0.5646519886363636 0.7379711538461539 0.018849431818181793 0.03621153846153854
0 0.4395880681818182 0.33266346153846155 0.06096590909090911 0.11648076923076928
0 0.47374999999999995 0.3430096153846154 0.1359375 0.052211538461538476
0 0.3741122159090909 0.27947115384615384 0.057514204545454556 0.06867307692307693
0 0.3957954545454545 0.27584615384615385 0.0439772727272727 0.044846153846153834
0 0.3650994318181818 0.21004807692307695 0.019232954545454574 0.12432692307692308
0 0.3356747159090909 0.22906730769230768 0.01765625000000001 0.03782692307692305
0 0.2972230113636364 0.2086346153846154 0.07578125 0.036038461538461526
0 0.3018465909090909 0.18289423076923078 0.04644886363636362 0.13236538461538463
0 0.32860085227272723 0.2571634615384616 0.02498579545454546 0.046326923076923085
0 0.326015625 0.3000096153846154 0.045894886363636325 0.04963461538461539
0 0.52109375 0.7458942307692308 0.029034090909090905 0.04448076923076922
0 0.3497869318181818 0.2851153846153846 0.026619318181818195 0.09046153846153847
0 0.3509019886363636 0.23942307692307693 0.03450284090909094 0.09288461538461541
0 0.34917613636363637 0.14990384615384614 0.05943181818181819 0.0918076923076923
0 0.20877130681818182 0.2682307692307692 0.09850852272727274 0.14038461538461536
0 0.21779119318181817 0.3038269230769231 0.04240056818181817 0.05880769230769233
0 0.25688920454545455 0.2928365384615384 0.04073863636363637 0.06305769230769229
0 0.2783877840909091 0.31616346153846153 0.031661931818181804 0.04571153846153843
0 0.2820525568181818 0.25586538461538466 0.06717329545454548 0.08357692307692309
0 0.26457386363636365 0.11956730769230768 0.04500000000000001 0.16840384615384615
0 0.2010511363636364 0.09627884615384615 0.06732954545454546 0.09794230769230769
0 0.5105255681818182 0.7729711538461538 0.03082386363636362 0.02690384615384617
0 0.2394318181818182 0.16233653846153845 0.041590909090909095 0.07467307692307693
0 0.011619318181818182 0.19351923076923075 0.023238636363636364 0.05211538461538463
0 0.02060369318181818 0.22524999999999998 0.04115056818181818 0.06115384615384615
0 0.06305397727272727 0.22475 0.023664772727272722 0.058884615384615396
0 0.040738636363636366 0.1528846153846154 0.03673295454545455 0.0681153846153846
0 0.08370028409090909 0.2319903846153846 0.03566761363636364 0.051673076923076905
0 0.12530539772727273 0.23114423076923077 0.043423295454545444 0.02990384615384615
0 0.10180397727272728 0.224875 0.027585227272727265 0.027096153846153853
0 0.09472301136363637 0.25886538461538466 0.024588068181818187 0.04476923076923077
0 0.1356534090909091 0.2590673076923077 0.06315340909090911 0.04263461538461542
0 0.10178267045454546 0.6614326923076924 0.040838068181818184 0.042403846153846174
0 0.5331889204545455 0.7783173076923078 0.025724431818181837 0.046557692307692265
0 0.18481534090909094 0.2837211538461538 0.06153409090909092 0.04913461538461541
0 0.16627130681818184 0.2449423076923077 0.04521306818181818 0.10369230769230772
0 0.139296875 0.35935576923076923 0.028480113636363633 0.03667307692307691
0 0.17176136363636363 0.35901923076923076 0.0668465909090909 0.051846153846153806
0 0.184375 0.3626634615384615 0.048125000000000015 0.04763461538461541
0 0.1811221590909091 0.39458653846153846 0.05863636363636364 0.05959615384615386
0 0.13683238636363637 0.39706730769230775 0.032670454545454544 0.03598076923076925
0 0.1035440340909091 0.39425 0.05200284090909091 0.08426923076923076
0 0.12443892045454547 0.45377884615384617 0.051889204545454544 0.04467307692307696
0 0.10950284090909092 0.43249038461538464 0.06693181818181819 0.03255769230769232
0 0.52453125 0.7971057692307693 0.03133522727272728 0.02136538461538464
0 0.14477272727272728 0.42291346153846154 0.04411931818181818 0.028749999999999977
0 0.15524147727272727 0.47201923076923075 0.09892045454545456 0.0771153846153846
0 0.09837357954545455 0.5229519230769231 0.050866477272727265 0.06355769230769227
0 0.11997159090909092 0.5043365384615385 0.04340909090909089 0.051326923076923124
0 0.13149147727272725 0.5770384615384615 0.029517045454545435 0.03596153846153855
0 0.15281960227272728 0.5761346153846154 0.027627840909090914 0.023961538461538423
0 0.15269176136363638 0.6026442307692308 0.026292613636363645 0.034865384615384604
0 0.1736647727272727 0.5658942307692307 0.041022727272727266 0.05340384615384612
0 0.17933948863636362 0.6013461538461539 0.0454403409090909 0.03973076923076917
0 0.1590056818181818 0.6406730769230768 0.039573863636363636 0.04684615384615376
0 0.4991903409090909 0.7967596153846154 0.03514204545454547 0.02205769230769236
0 0.18051136363636364 0.6256826923076924 0.034602272727272704 0.023634615384615424
0 0.7205397727272728 0.8047788461538462 0.04843749999999995 0.03574999999999995
0 0.9333167613636365 0.7516442307692308 0.03873579545454559 0.03255769230769232
0 0.9880113636363635 0.6978076923076924 0.023977272727272722 0.0719615384615385
0 0.965390625 0.7230000000000001 0.048196022727272816 0.0494230769230769
0 0.9637997159090909 0.7364326923076923 0.04572443181818189 0.031173076923076994
0 0.88421875 0.45800961538461543 0.01573863636363626 0.04440384615384616
0 0.9918892045454545 0.4680865384615385 0.016221590909090852 0.04882692307692311
0 0.9790269886363636 0.504173076923077 0.041946022727272686 0.05392307692307691
0 0.9332457386363636 0.46067307692307696 0.028394886363636376 0.07688461538461543
0 0.5488494318181818 0.8605673076923077 0.017528409090909056 0.02736538461538465
0 0.9054119318181819 0.46790384615384617 0.0405681818181819 0.04342307692307689
0 0.7996661931818181 0.46150961538461543 0.021065340909090968 0.033557692307692344
0 0.784346590909091 0.3648557692307693 0.020028409090909124 0.07398076923076922
0 0.7384517045454545 0.359375 0.01696022727272735 0.041403846153846104
0 0.7465411931818182 0.34946153846153843 0.02339488636363624 0.02088461538461541
0 0.7615838068181818 0.36059615384615384 0.01697443181818188 0.03130769230769231
0 0.9871661931818181 0.3698269230769231 0.025667613636363707 0.03334615384615385
0 0.9905894886363636 0.3474807692307692 0.018821022727272728 0.022346153846153856
0 0.9931178977272727 0.3241057692307692 0.013196022727272676 0.03471153846153848
0 0.9734446022727273 0.3569423076923077 0.019048295454545408 0.017192307692307743
0 0.5550497159090909 0.9819711538461539 0.019928977272727234 0.017365384615384564
0 0.9697585227272728 0.38185576923076925 0.02204545454545452 0.03609615384615381
0 0.941143465909091 0.37930769230769235 0.025809659090909032 0.03003846153846155
0 0.9136292613636364 0.3787884615384616 0.03194602272727274 0.042846153846153846
0 0.9072940340909091 0.33479807692307695 0.03470170454545463 0.06451923076923079
0 0.762294034090909 0.532625 0.023252840909090914 0.02771153846153851
0 0.7332244318181819 0.44845192307692305 0.021846590909090902 0.044980769230769206
0 0.7461860795454546 0.4381923076923077 0.018650568181818174 0.07180769230769231
0 0.7765269886363636 0.4481826923076923 0.019303977272727316 0.03794230769230767
0 0.7712144886363635 0.4858653846153846 0.021264204545454423 0.039384615384615365
0 0.6776420454545454 0.04851923076923078 0.030056818181818136 0.048384615384615394
0 0.5668536931818182 0.9899711538461538 0.016889204545454527 0.015711538461538492
0 0.6708735795454545 0.02102884615384615 0.03223011363636363 0.0410576923076923
0 0.9869673295454546 0.16327884615384616 0.02606534090909094 0.05901923076923077
0 0.6282457386363636 0.03781730769230769 0.04143465909090911 0.05336538461538461
0 0.6000923295454546 0.033240384615384616 0.06009943181818182 0.06648076923076923
0 0.7432883522727274 0.1316923076923077 0.018281250000000006 0.019961538461538468
0 0.757315340909091 0.14611538461538462 0.017585227272727266 0.03003846153846155
0 0.7483522727272728 0.15207692307692308 0.02088068181818188 0.02523076923076924
0 0.8923366477272726 0.056923076923076917 0.033139204545454604 0.028923076923076923
0 0.9621875 0.04347115384615385 0.059914772727272816 0.0764423076923077
0 0.9751988636363635 0.024721153846153848 0.04960227272727267 0.049442307692307695
0 0.547549715909091 0.9929326923076924 0.02626420454545456 0.014134615384615428
0 0.9452485795454545 0.05314423076923077 0.05598011363636359 0.10628846153846154
0 0.9302982954545456 0.018451923076923078 0.05176136363636355 0.036903846153846155
0 0.9162073863636363 0.05544230769230769 0.0707386363636363 0.09411538461538461
0 0.8790198863636364 0.09511538461538462 0.03193181818181821 0.07388461538461538
0 0.8466477272727272 0.19122115384615385 0.05025568181818181 0.05009615384615384
0 0.8193181818181817 0.20248076923076924 0.015965909090909104 0.10665384615384617
0 0.8037855113636364 0.1805576923076923 0.028508522727272636 0.07630769230769233
0 0.7533238636363637 0.10741346153846154 0.03619318181818185 0.05248076923076923
0 0.738856534090909 0.052625 0.02867897727272727 0.045211538461538456
0 0.731328125 0.0926923076923077 0.03433238636363647 0.060153846153846155
0 0.5724360795454545 0.9949230769230769 0.02938920454545454 0.010153846153846102
0 0.751690340909091 0.08271153846153848 0.026193181818181734 0.03649999999999999
0 0.6989985795454546 0.023009615384615385 0.027428977272727275 0.025750000000000002
0 0.70171875 0.008192307692307691 0.032329545454545444 0.016384615384615383
0 0.7101349431818182 0.043230769230769225 0.03558238636363638 0.06838461538461538
0 0.7098650568181818 0.052788461538461534 0.04589488636363637 0.04707692307692307
0 0.7627840909090909 0.02707692307692308 0.02306818181818183 0.04576923076923077
0 0.7787784090909091 0.04717307692307693 0.05869318181818173 0.05380769230769231
0 0.781825284090909 0.04470192307692307 0.02177556818181824 0.045942307692307685
0 0.7980610795454546 0.070125 0.04296875 0.08228846153846153
0 0.837315340909091 0.0715673076923077 0.02306818181818183 0.03586538461538461
0 0.5493536931818181 0.9753269230769231 0.03257102272727274 0.04626923076923088
0 0.8077059659090909 0.0655 0.023565340909090793 0.0801153846153846
0 0.8261576704545455 0.08676923076923078 0.031150568181818272 0.07938461538461539
0 0.7703053977272727 0.14110576923076923 0.02947443181818182 0.046211538461538464
0 0.7790980113636364 0.11747115384615384 0.034133522727272686 0.04655769230769231
0 0.7102556818181818 0.15270192307692307 0.06642045454545453 0.08371153846153846
0 0.7310795454545453 0.14457692307692308 0.02937500000000001 0.0453076923076923
0 0.7695241477272727 0.18101923076923077 0.03134943181818173 0.04161538461538462
0 0.7597585227272727 0.17025 0.015142045454545571 0.018846153846153867
0 0.7471875 0.18339423076923078 0.02204545454545452 0.039326923076923086
0 0.9124147727272726 0.06777884615384615 0.04843750000000003 0.05113461538461538
0 0.5927840909090909 0.9846923076923076 0.01931818181818185 0.030615384615384645
0 0.9705539772727273 0.42046153846153844 0.025170454545454583 0.030615384615384593
0 0.9402272727272728 0.3987692307692308 0.0675284090909092 0.030615384615384593
0 0.9333380681818183 0.4068365384615385 0.05397727272727273 0.07121153846153847
0 0.9441122159090909 0.4127211538461539 0.02632102272727269 0.049249999999999974
0 0.9528053977272729 0.35742307692307695 0.023678977272727216 0.030230769230769228
0 0.9367613636363636 0.3489230769230769 0.02690340909090917 0.045923076923076914
0 0.9796022727272727 0.3242884615384615 0.03028409090909082 0.05234615384615384
0 0.95046875 0.28466346153846156 0.07349431818181819 0.13728846153846153
0 0.98359375 0.26350961538461537 0.03281250000000003 0.09701923076923077
0 0.9726207386363637 0.17914423076923078 0.05470170454545453 0.0836346153846154
0 0.10446732954545455 0.6875673076923077 0.02595170454545456 0.03386538461538453
0 0.5978125 0.9753173076923077 0.022727272727272728 0.029442307692307806
0 0.9550639204545455 0.19441346153846153 0.033565340909090906 0.11605769230769232
0 0.9784943181818182 0.06426923076923077 0.0430113636363636 0.04823076923076924
0 0.9803125 0.11683653846153846 0.03741477272727261 0.05898076923076923
0 0.9604545454545456 0.11128846153846154 0.02792613636363632 0.11865384615384617
0 0.9038139204545456 0.18379807692307693 0.0679119318181819 0.04717307692307693
0 0.9093323863636364 0.15135576923076924 0.02357954545454549 0.0461346153846154
0 0.9235511363636365 0.19889423076923077 0.03818181818181818 0.06001923076923078
0 0.7956321022727273 0.1505 0.023536931818181728 0.085
0 0.9560085227272727 0.21064423076923075 0.032897727272727224 0.09698076923076925
0 0.8645880681818183 0.9446634615384616 0.046676136363636385 0.06832692307692313
0 0.5804900568181818 0.9758269230769231 0.014957386363636405 0.03588461538461532
0 0.8885937500000001 0.9463173076923077 0.04332386363636364 0.10732692307692308
0 0.9028835227272727 0.9318076923076922 0.03394886363636376 0.0619615384615384
0 0.9647301136363637 0.8350673076923077 0.07053977272727269 0.1466346153846154
0 0.9655113636363637 0.8545576923076923 0.06897727272727265 0.04111538461538461
0 0.9932031249999999 0.8695288461538461 0.013593750000000071 0.09705769230769225
0 0.9769105113636364 0.92425 0.04578125000000002 0.054730769230769194
0 0.9684232954545454 0.9358846153846153 0.022556818181818174 0.12819230769230774
0 0.8897088068181819 0.9017307692307692 0.04467329545454552 0.030846153846153884
0 0.8654829545454544 0.9864423076923078 0.042017045454545515 0.02711538461538466
0 0.9169176136363636 0.9070673076923077 0.040369318181818284 0.060634615384615335
0 0.5616903409090909 0.941298076923077 0.02338068181818187 0.028634615384615467
0 0.939637784090909 0.9509711538461538 0.03242897727272717 0.04690384615384613
0 0.17004261363636364 0.9443173076923077 0.01417613636363637 0.048326923076923066
0 0.17598721590909092 0.9688173076923077 0.018480113636363645 0.01782692307692315
0 0.17927556818181817 0.9878365384615384 0.014431818181818178 0.024326923076923034
0 0.16261363636363635 0.9836634615384615 0.02252840909090909 0.032673076923076944
0 0.14871448863636363 0.9904134615384615 0.012514204545454528 0.019173076923076977
0 0.009673295454545454 0.9846442307692307 0.019346590909090907 0.030711538461538512
0 0.053061079545454554 0.9575865384615384 0.021008522727272726 0.06086538461538457
0 0.07319602272727273 0.9572596153846153 0.024204545454545454 0.03344230769230778
0 0.04874289772727272 0.9883269230769232 0.02470170454545454 0.02334615384615382
0 0.5730397727272727 0.9495865384615384 0.015369318181818171 0.027134615384615302
0 0.0078125 0.9314903846153846 0.015625 0.042480769230769294
0 0.016058238636363634 0.9331442307692308 0.02109375 0.028788461538461593
0 0.08087357954545454 0.9757980769230769 0.019758522727272732 0.048403846153846186
0 0.07075994318181818 0.9799326923076923 0.028224431818181815 0.040134615384615394
0 0.012578125 0.952125 0.02515625 0.024942307692307635
0 0.036001420454545456 0.9311442307692308 0.030894886363636364 0.04059615384615387
0 0.04599431818181818 0.9311346153846154 0.017897727272727273 0.029884615384615315
0 0.01786931818181818 0.8909711538461539 0.03573863636363636 0.039634615384615414
0 0.031193181818181818 0.9041826923076923 0.03448863636363637 0.03698076923076927
0 0.9766619318181817 0.6072692307692307 0.01502840909090915 0.020692307692307784
0 0.5678125 0.972798076923077 0.01514204545454541 0.0229038461538462
0 0.9798366477272729 0.5979903846153846 0.04032670454545453 0.06848076923076926
0 0.9640411931818181 0.47659615384615384 0.052372159090909094 0.02696153846153848
0 0.9803622159090909 0.5290192307692309 0.03927556818181815 0.10784615384615381
0 0.9577769886363636 0.5315096153846154 0.026548295454545533 0.06790384615384616
0 0.9280894886363636 0.5752115384615385 0.03578125000000008 0.052423076923076906
0 0.9020880681818181 0.5969230769230769 0.0206534090909092 0.0649230769230769
0 0.9411789772727274 0.5876923076923077 0.0398295454545454 0.05042307692307687
0 0.9443678977272728 0.618826923076923 0.04274147727272732 0.040269230769230765
0 0.9169531250000001 0.61925 0.018281250000000006 0.041923076923076945
0 0.8314488636363635 0.6414903846153845 0.020823863636363592 0.033826923076923136
0 0.5535227272727273 0.8841057692307692 0.032727272727272674 0.021980769230769245
0 0.8516122159090909 0.6418461538461538 0.019502840909090935 0.02465384615384614
0 0.8691619318181818 0.6494230769230769 0.021732954545454482 0.05965384615384612
0 0.9151846590909091 0.6948269230769231 0.05900568181818177 0.06138461538461531
0 0.9184232954545454 0.6780288461538462 0.05613636363636377 0.10475000000000005
0 0.8844176136363636 0.691903846153846 0.026278409090909092 0.08088461538461539
0 0.7427414772727272 0.709798076923077 0.03874999999999996 0.03513461538461546
0 0.7718963068181818 0.7025865384615385 0.03305397727272725 0.026480769230769304
0 0.796065340909091 0.7172596153846155 0.04585227272727285 0.02309615384615383
0 0.7621946022727273 0.7404134615384615 0.02759943181818175 0.05944230769230774
0 0.7950497159090908 0.697451923076923 0.04163352272727281 0.030557692307692282
0 0.6107599431818183 0.6893365384615385 0.04112215909090908 0.0318269230769231
0 0.8215198863636363 0.7013653846153847 0.021818181818181837 0.03157692307692311
0 0.8163352272727273 0.7289615384615384 0.05014204545454555 0.01711538461538457
0 0.8168607954545454 0.7418076923076923 0.048238636363636254 0.01769230769230767
0 0.936796875 0.8088365384615385 0.07348011363636366 0.022019230769230746
0 0.8894460227272728 0.808875 0.023664772727272684 0.025403846153846225
0 0.879169034090909 0.8445 0.028394886363636216 0.047192307692307735
0 0.9172301136363636 0.8638173076923077 0.07230113636363633 0.06263461538461548
0 0.9028338068181818 0.8837692307692306 0.05859375 0.036653846153846155
0 0.8603409090909092 0.8733269230769231 0.03187499999999992 0.06680769230769233
0 0.8334375 0.830173076923077 0.037698863636363586 0.031538461538461494
0 0.6309446022727273 0.7036923076923076 0.027855113636363657 0.029384615384615443
0 0.8466406250000001 0.890951923076923 0.0414630681818181 0.0807115384615384
0 0.8312855113636363 0.9487596153846154 0.01830965909090907 0.06348076923076922
0 0.8225426136363635 0.9583653846153847 0.017272727272727228 0.060961538461538546
0 0.8419744318181818 0.966298076923077 0.017897727272727145 0.047326923076922996
0 0.8074360795454545 0.9502884615384615 0.024048295454545385 0.0470384615384615
0 0.80734375 0.9708269230769232 0.028778409090909077 0.03076923076923088
0 0.8152840909090909 0.9929230769230768 0.03392045454545454 0.01415384615384618
0 0.7170383522727272 0.9738269230769231 0.027968749999999997 0.052192307692307774
0 0.7902698863636363 0.9877692307692307 0.03105113636363638 0.024461538461538514
0 0.7700355113636363 0.9873173076923076 0.02049715909090918 0.025365384615384613
0 0.7076420454545455 0.5485673076923077 0.029147727272727245 0.05490384615384607
0 0.7461079545454545 0.9835192307692308 0.034375000000000065 0.03296153846153844
0 0.48306107954545463 0.9695 0.02069602272727272 0.02961538461538457
0 0.46264204545454546 0.8831634615384616 0.043806818181818225 0.054750000000000056
0 0.4869744318181819 0.884048076923077 0.03244318181818178 0.03717307692307689
0 0.5710014204545455 0.9016057692307693 0.02714488636363638 0.032519230769230814
0 0.5537784090909091 0.9319999999999999 0.017215909090909098 0.0416923076923077
0 0.5311292613636364 0.9602499999999999 0.024332386363636358 0.035615384615384583
0 0.5422017045454546 0.9561346153846154 0.014687499999999964 0.028269230769230855
0 0.5936718750000001 0.954298076923077 0.01819602272727273 0.02321153846153845
0 0.6035227272727273 0.9406153846153846 0.020369318181818228 0.043807692307692256
0 0.8727414772727274 0.4779903846153846 0.022840909090909148 0.056134615384615325
0 0.6151136363636364 0.9501057692307693 0.022670454545454518 0.07724999999999992
0 0.6158735795454546 0.9895288461538463 0.026747159090909068 0.020942307692307666
0 0.6419815340909092 0.9799230769230769 0.024957386363636355 0.039653846153846165
0 0.6408451704545454 0.9557884615384615 0.02623579545454541 0.0410384615384616
0 0.665440340909091 0.9822596153846154 0.031022727272727237 0.03548076923076921
0 0.7057244318181819 0.9019038461538462 0.033465909090909095 0.057692307692307696
0 0.7592613636363637 0.8844903846153847 0.037698863636363586 0.058173076923076925
0 0.7412997159090909 0.9553173076923077 0.029247159090909056 0.08917307692307704
0 0.7949502840909091 0.9186923076923077 0.026633522727272728 0.07411538461538465
0 0.7767045454545454 0.9664230769230768 0.03451704545454555 0.042730769230769176
0 0.13427556818181818 0.9841923076923077 0.030454545454545453 0.030923076923077
0 0.8644744318181817 0.5587307692307691 0.027954545454545385 0.05084615384615384
0 0.7678267045454544 0.9330480769230769 0.042414772727272745 0.08278846153846145
0 0.8174928977272727 0.8855000000000001 0.024957386363636272 0.0875384615384616
0 0.800518465909091 0.8636153846153847 0.053196022727272634 0.05373076923076923
0 0.7525497159090908 0.8289903846153845 0.05396306818181811 0.0586346153846154
0 0.7293465909090909 0.8783173076923078 0.02681818181818181 0.07167307692307699
0 0.7284801136363637 0.9150769230769231 0.020965909090909077 0.06980769230769233
0 0.7083806818181818 0.9474326923076922 0.020624999999999973 0.048865384615384665
0 0.7134303977272727 0.9351826923076922 0.01973011363636362 0.05732692307692308
0 0.5939843749999999 0.8735576923076923 0.02916193181818186 0.06646153846153835
0 0.5752911931818182 0.8782211538461538 0.01867897727272724 0.02167307692307689
0 0.8024289772727272 0.5259038461538462 0.037698863636363586 0.06096153846153844
0 0.5973579545454545 0.8752596153846154 0.027414772727272742 0.03548076923076921
0 0.19195312499999997 0.6538173076923077 0.04112215909090911 0.0538653846153846
0 0.17077414772727273 0.7322403846153845 0.03413352272727275 0.08494230769230772
0 0.20537642045454543 0.6655576923076924 0.06538352272727273 0.07184615384615377
0 0.2583096590909091 0.6795000000000001 0.06224431818181817 0.09923076923076916
0 0.2213068181818182 0.7225961538461538 0.04914772727272727 0.04980769230769226
0 0.2595099431818182 0.6580288461538462 0.05450284090909092 0.056903846153846215
0 0.3142542613636364 0.6971057692307693 0.04370738636363638 0.07294230769230771
0 0.299296875 0.7088653846153846 0.052911931818181816 0.09538461538461543
0 0.34047585227272725 0.7150480769230769 0.03126420454545453 0.09059615384615387
0 0.8284019886363635 0.5558076923076922 0.014247159090909213 0.039692307692307666
0 0.3831960227272727 0.7387115384615385 0.042017045454545474 0.05619230769230774
0 0.4443963068181818 0.6915096153846153 0.047258522727272705 0.08194230769230772
0 0.471640625 0.6904711538461539 0.059218749999999994 0.08824999999999997
0 0.5164275568181819 0.6450096153846153 0.0702698863636364 0.027442307692307766
0 0.4690767045454546 0.6164711538461538 0.055767045454545444 0.04632692307692314
0 0.4319602272727273 0.6148557692307692 0.029687500000000047 0.04521153846153844
0 0.4451491477272727 0.5868461538461538 0.051860795454545444 0.029923076923076927
0 0.42733664772727276 0.5243942307692308 0.021690340909090965 0.06294230769230773
0 0.44483664772727266 0.5660288461538461 0.05828125000000004 0.023057692307692324
0 0.40851562500000005 0.5778269230769232 0.023025568181818154 0.031192307692307634
0 0.7890411931818182 0.47674038461538454 0.018224431818181716 0.0523653846153846
0 0.38941051136363636 0.6131923076923077 0.04512784090909088 0.08284615384615382
0 0.4089488636363636 0.6581730769230769 0.051249999999999976 0.07415384615384604
0 0.3907244318181818 0.6443269230769231 0.061903409090909106 0.04038461538461539
0 0.4382102272727273 0.6472307692307693 0.027272727272727337 0.03657692307692304
0 0.34803267045454545 0.6299134615384615 0.023849431818181808 0.06890384615384623
0 0.36151988636363636 0.6772980769230769 0.0752556818181818 0.054750000000000056
0 0.3658735795454545 0.6785384615384616 0.02098011363636361 0.10396153846153847
0 0.07615767045454545 0.9205 0.0548721590909091 0.0434615384615384
0 0.09897017045454547 0.8432115384615385 0.047599431818181825 0.0375
0 0.09564630681818183 0.7962692307692307 0.026775568181818196 0.062576923076923
0 0.8238920454545454 0.5080769230769231 0.025852272727272793 0.0383461538461539
0 0.11281960227272726 0.8295769230769231 0.056065340909090905 0.0381153846153846
0 0.1210440340909091 0.9248173076923076 0.05529829545454546 0.04248076923076918
0 0.1470880681818182 0.9411923076923078 0.02605113636363637 0.04211538461538457
0 0.13772727272727273 0.9675288461538462 0.0506534090909091 0.02582692307692309
0 0.1295809659090909 0.6667692307692308 0.02433238636363638 0.024576923076923135
0 0.12794744318181817 0.630625 0.06319602272727272 0.06244230769230774
0 0.15176136363636364 0.6997019230769231 0.030198863636363645 0.04005769230769228
0 0.16899857954545455 0.6862884615384616 0.05552556818181819 0.056999999999999974
0 0.11542613636363637 0.039509615384615386 0.030625000000000003 0.05690384615384616
0 0.1321590909090909 0.04883653846153845 0.024801136363636355 0.0460576923076923
0 0.8054261363636364 0.48874038461538466 0.023892045454545364 0.024326923076923142
0 0.12153409090909091 0.06754807692307692 0.02835227272727274 0.04701923076923077
0 0.7195525568181818 0.8274519230769231 0.024843749999999932 0.029211538461538455
0 0.6972798295454545 0.8143653846153847 0.023792613636363636 0.02030769230769231
0 0.3392755681818182 0.7837500000000001 0.03784090909090907 0.07546153846153848
0 0.35990767045454547 0.862625 0.05282670454545458 0.04240384615384607
0 0.413046875 0.8454519230769231 0.03441761363636358 0.08098076923076926
0 0.3875710227272728 0.8355096153846154 0.02471590909090914 0.08090384615384615
0 0.4821732954545455 0.5616442307692306 0.04107954545454548 0.08328846153846155
0 0.49808238636363633 0.6068461538461538 0.025056818181818243 0.05723076923076921
0 0.5286576704545455 0.5897307692307692 0.04279829545454545 0.06088461538461543
0 0.8067755681818182 0.5105865384615385 0.024630681818181864 0.030019230769230795
0 0.5430752840909091 0.5909807692307693 0.0534801136363636 0.09165384615384609
0 0.5719673295454546 0.6190384615384615 0.052571022727272716 0.06769230769230768
0 0.5840198863636363 0.5603461538461538 0.063125 0.09861538461538456
0 0.7151065340909091 0.5860961538461538 0.02231534090909096 0.026730769230769297
0 0.6940980113636364 0.6182692307692308 0.054758522727272746 0.07903846153846159
0 0.671875 0.6484807692307691 0.04105113636363633 0.0761923076923077
0 0.7002485795454546 0.5841634615384615 0.03799715909090909 0.0675576923076923
0 0.6979261363636364 0.549826923076923 0.03301136363636357 0.10161538461538457
0 0.680965909090909 0.48699038461538463 0.02525568181818186 0.06401923076923076
0 0.6968181818181818 0.496375 0.024687499999999994 0.043711538461538496
0 0.7518607954545454 0.5076153846153847 0.022755681818181953 0.02661538461538457
0 0.6768039772727273 0.5499903846153846 0.03639204545454538 0.06882692307692301
0 0.656171875 0.5708173076923077 0.025752840909090902 0.07501923076923075
0 0.6498508522727273 0.6458653846153847 0.04723011363636364 0.08946153846153854
0 0.6402698863636364 0.6131346153846153 0.05985795454545453 0.056538461538461496
0 0.62875 0.6558365384615386 0.04928977272727271 0.03701923076923077
0 0.7718465909090909 0.328875 0.03602272727272713 0.039865384615384594
0 0.7483948863636364 0.33065384615384613 0.018380681818181897 0.030730769230769266
0 0.8422301136363637 0.41977884615384614 0.03548295454545441 0.027557692307692276
0 0.8622514204545454 0.44008653846153845 0.027997159090909142 0.03198076923076922
0 0.8325568181818181 0.4322403846153846 0.03508522727272734 0.03059615384615384
0 0.8014062500000001 0.4435 0.022244318181818136 0.02988461538461537
0 0.8273366477272727 0.3853846153846154 0.03615056818181808 0.06746153846153843
0 0.8161576704545456 0.37075961538461544 0.017258522727272695 0.07448076923076921
0 0.8535085227272727 0.37731730769230765 0.04588068181818175 0.09425000000000004
0 0.894375 0.3804615384615384 0.015284090909090896 0.028307692307692305
0 0.9046875 0.40265384615384614 0.03556818181818177 0.028807692307692343
0 0.8771235795454545 0.36283653846153846 0.04092329545454538 0.07832692307692306
0 0.8445170454545454 0.35402884615384617 0.040426136363636414 0.04059615384615387
0 0.8401633522727271 0.30117307692307693 0.04666193181818185 0.07023076923076925
0 0.8824076704545455 0.2491826923076923 0.07637784090909089 0.1000576923076923
0 0.8821590909090908 0.22996153846153847 0.08693181818181808 0.024461538461538458
0 0.8667684659090908 0.011740384615384614 0.03257102272727266 0.023403846153846154
0 0.8033664772727271 0.3180769230769231 0.035994318181818225 0.1065
0 0.8092826704545455 0.3462596153846154 0.02879261363636361 0.05428846153846152
0 0.7574928977272727 0.30224038461538466 0.031235795454545467 0.04248076923076924
0 0.7229474431818183 0.29941346153846154 0.05436079545454551 0.046211538461538464
0 0.7554545454545455 0.22752884615384614 0.033096590909090846 0.05551923076923078
0 0.7885227272727273 0.20748076923076922 0.01696022727272735 0.035269230769230775
0 0.7739204545454544 0.20604807692307692 0.013295454545454565 0.03432692307692307
0 0.7892400568181818 0.2314326923076923 0.04646306818181823 0.03951923076923079
0 0.7411150568181818 0.23457692307692304 0.047144886363636444 0.0346923076923077
0 0.7310866477272726 0.2540480769230769 0.03433238636363631 0.053365384615384585
0 0.1090625 0.9870288461538461 0.02889204545454546 0.02594230769230771
0 0.867762784090909 0.040317307692307694 0.01927556818181825 0.03825
0 0.7763068181818181 0.27375961538461535 0.06579545454545445 0.052519230769230776
0 0.7453977272727272 0.2687596153846154 0.02005681818181819 0.027480769230769215
0 0.7149573863636364 0.2009423076923077 0.035653409090909124 0.028384615384615394
0 0.6986789772727273 0.23461538461538461 0.045511363636363586 0.0630769230769231
0 0.691690340909091 0.2572596153846154 0.08633522727272731 0.11132692307692307
0 0.7447230113636363 0.201875 0.015667613636363598 0.022519230769230757
0 0.7346661931818183 0.2060673076923077 0.014900568181818275 0.02513461538461537
0 0.6800142045454546 0.18129807692307692 0.03744318181818184 0.05794230769230771
0 0.6063849431818181 0.2348173076923077 0.03751420454545458 0.05759615384615388
0 0.6571874999999999 0.18591346153846153 0.07139204545454553 0.15224999999999997
0 0.8843821022727273 0.03378846153846154 0.032571022727272816 0.0405
0 0.5399715909090909 0.24845192307692307 0.0777840909090909 0.09117307692307694
0 0.6054900568181818 0.2738942307692308 0.06629261363636366 0.036057692307692304
0 0.6671732954545454 0.3659326923076923 0.026420454545454577 0.059826923076923104
0 0.640340909090909 0.30394230769230773 0.02369318181818183 0.04842307692307688
0 0.5927485795454545 0.24759615384615385 0.07907670454545457 0.12407692307692307
0 0.6287002840909092 0.2714711538461539 0.06592329545454549 0.03609615384615387
0 0.6701562499999999 0.23173076923076924 0.045937499999999964 0.04153846153846155
0 0.6352769886363636 0.3689423076923077 0.06498579545454546 0.0786153846153846
0 0.6536150568181818 0.3494038461538462 0.0150426136363636 0.055153846153846164
0 0.6537642045454546 0.4187403846153846 0.034318181818181775 0.044211538461538476
0 0.8301846590909091 0.1824423076923077 0.016079545454545527 0.04311538461538462
0 0.7175071022727273 0.4167692307692308 0.0171732954545455 0.09334615384615388
0 0.6844673295454545 0.41425961538461537 0.034076704545454556 0.03844230769230771
0 0.6898153409090909 0.4421826923076923 0.054545454545454515 0.06571153846153849
0 0.7038139204545455 0.4435673076923077 0.020951704545454544 0.0693653846153846
0 0.7057599431818182 0.3966634615384615 0.03299715909090912 0.05805769230769236
0 0.7104048295454546 0.3435961538461539 0.0206960227272728 0.05573076923076921
0 0.7293536931818181 0.34509615384615383 0.033622159090909036 0.06273076923076924
0 0.629609375 0.420625 0.017059659090909077 0.03144230769230768
0 0.6463849431818182 0.4357403846153846 0.027457386363636423 0.027288461538461536
0 0.6271022727272727 0.4569038461538461 0.03857954545454549 0.03057692307692309
0 0.09075284090909091 0.9930288461538461 0.01786931818181819 0.013942307692307693
0 0.6106818181818181 0.4315 0.04639204545454549 0.04703846153846156
0 0.6544957386363636 0.46103846153846156 0.03552556818181817 0.04619230769230771
0 0.64703125 0.4923461538461538 0.03110795454545451 0.05453846153846151
0 0.663487215909091 0.5109807692307692 0.036093750000000036 0.05400000000000003
0 0.6159872159090909 0.5030673076923078 0.04799715909090912 0.07732692307692304
0 0.6781534090909092 0.4403942307692308 0.013295454545454565 0.028788461538461537
0 0.6851704545454546 0.3308269230769231 0.0234375 0.13757692307692312
0 0.6782173295454546 0.32408653846153845 0.08561079545454552 0.09482692307692309
0 0.4373011363636364 0.21581730769230767 0.12531250000000005 0.12440384615384614
0 0.26178267045454545 0.4777211538461539 0.05640625000000001 0.06994230769230776
0 0.15824573863636363 0.9689711538461538 0.016406250000000015 0.03763461538461537
0 0.2769815340909091 0.5884519230769231 0.017911931818181837 0.02148076923076915
0 0.2798863636363636 0.6172596153846154 0.029488636363636352 0.0396346153846153
0 0.26612926136363635 0.5785673076923077 0.01765625000000001 0.04071153846153849
0 0.29414772727272726 0.6209903846153847 0.021278409090909077 0.08675000000000002
0 0.2251065340909091 0.6003846153846154 0.03163352272727274 0.07549999999999998
0 0.235546875 0.6171634615384616 0.020553977272727272 0.05305769230769237
0 0.24951704545454545 0.6247692307692307 0.03755681818181818 0.05565384615384615
0 0.24924715909090908 0.5962500000000001 0.02610795454545454 0.032730769230769195
0 0.20987926136363635 0.6036153846153846 0.02387784090909091 0.0577692307692307
0 0.24436789772727271 0.5508365384615385 0.038423295454545474 0.03163461538461547
0 0.1283664772727273 0.9960769230769232 0.016988636363636355 0.007846153846153925
0 0.2494602272727273 0.5735096153846154 0.019289772727272704 0.026480769230769304
0 0.21803977272727273 0.5018557692307692 0.07573863636363636 0.07025000000000006
0 0.19474431818181823 0.5445096153846154 0.022329545454545453 0.05613461538461538
0 0.21323153409090911 0.5598846153846153 0.014644886363636367 0.04865384615384617
0 0.21813210227272728 0.5258173076923076 0.03296874999999997 0.03548076923076921
0 0.231171875 0.5455865384615385 0.026519886363636388 0.04805769230769232
0 0.1598650568181818 0.014730769230769231 0.016576704545454547 0.029461538461538463
0 0.19078835227272728 0.020221153846153847 0.050326704545454556 0.03990384615384615
0 0.10395596590909091 0.024009615384615383 0.022286931818181813 0.028942307692307694
0 0.12551136363636364 0.011192307692307692 0.024914772727272716 0.022384615384615385
0 0.04225142045454545 0.8790865384615385 0.030383522727272724 0.0335961538461539
0 0.14126420454545455 0.015211538461538462 0.028181818181818186 0.029423076923076923
0 0.20341619318181817 0.04569230769230769 0.0485369318181818 0.038884615384615386
0 0.16123579545454544 0.05502884615384616 0.039403409090909086 0.03163461538461539
0 0.15478693181818182 0.041826923076923074 0.02931818181818182 0.02942307692307692
0 0.10260653409090909 0.00835576923076923 0.030894886363636364 0.01671153846153846
0 0.096484375 0.01875961538461538 0.029673295454545466 0.015788461538461536
0 0.02628551136363636 0.011423076923076925 0.04487215909090909 0.02284615384615385
0 0.03612926136363636 0.017221153846153844 0.04313920454545454 0.028365384615384612
0 0.05563920454545455 0.03320192307692308 0.04772727272727272 0.030211538461538463
0 0.06834517045454545 0.010894230769230769 0.03879261363636364 0.021788461538461538
0 0.030987215909090905 0.8336730769230769 0.026065340909090906 0.03873076923076921
0 0.0698934659090909 0.021375 0.024644886363636365 0.021673076923076923
0 0.07857954545454547 0.049971153846153846 0.03960227272727273 0.04605769230769231
0 0.04842329545454546 0.05211538461538462 0.040426136363636365 0.04353846153846154
0 0.15305397727272727 0.08861538461538461 0.04735795454545455 0.04080769230769231
0 0.1380255681818182 0.08937499999999998 0.030142045454545453 0.04078846153846154
0 0.045234375 0.3970576923076923 0.04171875 0.049961538461538495
0 0.024232954545454544 0.3656634615384615 0.04846590909090909 0.05009615384615381
0 0.05338778409090909 0.4363653846153846 0.029815340909090906 0.041961538461538446
0 0.07258522727272727 0.45126923076923076 0.028181818181818186 0.04961538461538464
0 0.15319602272727273 0.18417307692307694 0.017642045454545455 0.11511538461538462
0 0.04022727272727273 0.8463461538461539 0.025312499999999995 0.03873076923076931
0 0.1445809659090909 0.1272980769230769 0.024900568181818183 0.0390576923076923
0 0.022997159090909092 0.27624038461538464 0.045994318181818185 0.023788461538461547
0 0.010390624999999999 0.2682019230769231 0.02075284090909091 0.02628846153846157
0 0.020511363636363637 0.25853846153846155 0.03610795454545454 0.044384615384615356
0 0.052578125 0.20365384615384616 0.058480113636363636 0.13057692307692306
0 0.03698153409090909 0.30487500000000006 0.021548295454545452 0.03682692307692309
0 0.05208096590909091 0.276048076923077 0.02495738636363637 0.03855769230769227
0 0.10137784090909091 0.3441826923076923 0.03931818181818181 0.06744230769230768
0 0.12278409090909091 0.3427307692307692 0.022613636363636367 0.06988461538461534
0 0.0884659090909091 0.3928365384615385 0.053096590909090906 0.07067307692307692
0 0.06161931818181818 0.8581826923076923 0.04176136363636363 0.04044230769230764
0 0.06693892045454546 0.3770576923076923 0.03117897727272728 0.0363076923076923
0 0.05371448863636363 0.3507403846153846 0.03495738636363636 0.033596153846153845
0 0.07990767045454544 0.34553846153846157 0.027514204545454543 0.03784615384615386
0 0.06621448863636364 0.3346538461538462 0.04103693181818182 0.024153846153846158
0 0.09181107954545453 0.31934615384615384 0.021150568181818184 0.016423076923076964
0 0.04760653409090909 0.30470192307692306 0.05512784090909091 0.09478846153846153
0 0.0748934659090909 0.29171153846153847 0.035980113636363636 0.06696153846153845
0 0.1442684659090909 0.28275 0.03950284090909091 0.05980769230769235
0 0.11274147727272728 0.3035288461538461 0.03607954545454544 0.03386538461538459
0 0.1404971590909091 0.2582596153846154 0.056903409090909095 0.08198076923076925
0 0.5880539772727272 0.7941346153846154 0.03971590909090914 0.030730769230769266
0 0.5989133522727272 0.701298076923077 0.012485795454545402 0.03190384615384621
0 0.07799005681818182 0.18899038461538462 0.06186079545454546 0.047365384615384636
0 0.11436789772727272 0.08842307692307694 0.03683238636363637 0.08138461538461539
0 0.0990625 0.08269230769230769 0.03821022727272727 0.027000000000000014
0 0.08607954545454545 0.09913461538461538 0.034914772727272725 0.038269230769230764
0 0.07159090909090908 0.10964423076923077 0.07576704545454543 0.0634423076923077
0 0.12845170454545454 0.21582692307692308 0.03590909090909089 0.1436538461538462
0 0.1469318181818182 0.1852403846153846 0.013892045454545456 0.06401923076923076
0 0.1299715909090909 0.1411346153846154 0.02102272727272729 0.02999999999999999
0 0.03891335227272727 0.10633653846153847 0.05095170454545454 0.09675
0 0.015298295454545453 0.03836538461538462 0.030596590909090907 0.03834615384615385
0 0.610703125 0.7221346153846153 0.013196022727272676 0.023576923076923058
0 0.021186079545454543 0.07022115384615385 0.042372159090909085 0.09913461538461538
0 0.011477272727272727 0.13315384615384615 0.022954545454545453 0.08538461538461538
0 0.6509232954545454 0.09487499999999999 0.06840909090909086 0.05894230769230769
0 0.47887073863636365 0.06296153846153846 0.11524147727272727 0.12576923076923074
0 0.5070525568181817 0.03960576923076923 0.03799715909090909 0.07921153846153846
0 0.5312713068181818 0.05208653846153846 0.05595170454545453 0.08082692307692307
0 0.49808238636363633 0.09391346153846154 0.04034090909090914 0.06251923076923079
0 0.3116761363636364 0.08122115384615385 0.023664772727272722 0.1624423076923077
0 0.2510085227272727 0.3363942307692308 0.02596590909090909 0.0333653846153846
0 0.2611008522727273 0.4055192307692308 0.03848011363636364 0.0393076923076923
0 0.6718678977272727 0.757 0.0469176136363636 0.05646153846153849
0 0.2855042613636364 0.41683653846153845 0.03012784090909092 0.0440576923076923
0 0.306953125 0.40886538461538463 0.024758522727272737 0.05588461538461533
0 0.22893465909090913 0.4052403846153846 0.03650568181818184 0.07859615384615386
0 0.27872159090909093 0.3738846153846154 0.06764204545454545 0.044538461538461534
0 0.31193892045454547 0.35144230769230766 0.05632102272727273 0.08826923076923072
0 0.3498153409090909 0.3611826923076923 0.03269886363636361 0.09448076923076922
0 0.6855113636363637 0.7824038461538462 0.03596590909090908 0.029653846153846183
0 0.6935014204545454 0.7743365384615384 0.03285511363636363 0.0306346153846154
0 0.7769957386363636 0.7640673076923077 0.04711647727272738 0.04359615384615377
0 0.7611292613636365 0.7596634615384615 0.044218749999999994 0.047826923076923086
0 0.7818039772727272 0.7352596153846155 0.032215909090909184 0.025057692307692364
0 0.8361789772727274 0.6971153846153846 0.03633522727272733 0.06696153846153856
0 0.8586931818181818 0.6908269230769231 0.03735795454545448 0.061500000000000034
0 0.3842613636363636 0.5182019230769231 0.017357954545454503 0.014442307692307784
0 0.8991335227272728 0.7384326923076924 0.03394886363636376 0.031173076923076883
0 0.8927272727272727 0.7567403846153846 0.023977272727272722 0.024750000000000008
0 0.9211008522727272 0.7638173076923077 0.03561079545454553 0.02667307692307693
0 0.922166193181818 0.7769999999999999 0.038224431818181775 0.024115384615384653
0 0.8840127840909091 0.8332115384615384 0.061832386363636326 0.027884615384615386
0 0.9102698863636364 0.8417596153846154 0.03656250000000001 0.052211538461538524
0 0.7328551136363637 0.6461346153846154 0.024005681818181787 0.03288461538461543
0 0.6214630681818182 0.578048076923077 0.056818181818181816 0.08513461538461546
0 0.5870383522727273 0.6663269230769231 0.05896306818181817 0.06507692307692314
0 0.7734730113636363 0.6877980769230768 0.05157670454545447 0.033403846153846055
