0 0.0927840909090909 0.9771538461538462 0.019375 0.04569230769230768
0 0.803231534090909 0.5891153846153847 0.05382102272727271 0.08649999999999992
0 0.42494318181818175 0.14448076923076922 0.015568181818181788 0.014807692307692313
0 0.4543110795454546 0.16537500000000002 0.07430397727272728 0.07359615384615384
0 0.44934659090909096 0.1341923076923077 0.038551136363636426 0.051461538461538454
0 0.42070312499999996 0.12115384615384615 0.02194602272727271 0.02392307692307692
0 0.31147017045454545 0.043932692307692305 0.044446022727272716 0.05944230769230768
0 0.9728835227272729 0.3865480769230769 0.05423295454545447 0.12071153846153843
0 0.9520099431818182 0.42312500000000003 0.06384943181818188 0.07213461538461537
0 0.8798437500000001 0.3993461538461539 0.03815340909090911 0.133
0 0.9951775568181819 0.384 0.009644886363636312 0.028653846153846165
0 0.9904545454545454 0.3297788461538462 0.01909090909090917 0.03886538461538463
0 0.9662286931818183 0.46720192307692304 0.05785511363636366 0.08513461538461535
0 0.9955539772727273 0.3067596153846154 0.008892045454545442 0.03786538461538467
0 0.9777982954545454 0.30709615384615385 0.027102272727272624 0.05715384615384615
0 0.9849147727272727 0.27461538461538465 0.029772727272727326 0.04030769230769232
0 0.8916335227272728 0.19826923076923075 0.06627840909090904 0.05823076923076923
0 0.9795667613636364 0.21415384615384617 0.04086647727272725 0.04930769230769231
0 0.9520028409090909 0.24064423076923075 0.044971590909090864 0.046980769230769215
0 0.9560724431818183 0.28471153846153846 0.02842329545454544 0.0591923076923077
0 0.9201136363636363 0.23814423076923077 0.021732954545454482 0.04640384615384617
0 0.22475142045454544 0.10006730769230769 0.08248579545454544 0.08917307692307692
0 0.907940340909091 0.2679519230769231 0.026676136363636485 0.021865384615384623
0 0.2888636363636364 0.4172980769230769 0.0452556818181818 0.07074999999999998
0 0.9015198863636364 0.34825 0.021846590909090902 0.14038461538461539
0 0.8788139204545454 0.31702884615384613 0.03606534090909089 0.046019230769230784
0 0.8849857954545454 0.29233653846153845 0.031079545454545447 0.034173076923076945
0 0.8526917613636363 0.30383653846153846 0.06748579545454544 0.06113461538461537
0 0.8534232954545454 0.27458653846153847 0.05826704545454559 0.018403846153846142
0 0.8813423295454544 0.24698076923076925 0.028650568181818124 0.03811538461538463
0 0.8417329545454545 0.26127884615384617 0.06372159090909092 0.02690384615384617
0 0.8343678977272727 0.2912019230769231 0.06680397727272723 0.03663461538461535
0 0.7980539772727272 0.2745 0.03528409090909095 0.045923076923076914
0 0.75890625 0.4024615384615385 0.045568181818181716 0.025038461538461503
0 0.3079971590909091 0.4738173076923077 0.04579545454545452 0.12690384615384617
0 0.7617116477272727 0.37786538461538466 0.03796875000000002 0.025038461538461558
0 0.9355752840909091 0.25341346153846156 0.025071022727272695 0.03055769230769231
0 0.8283593749999999 0.36749038461538464 0.10401988636363639 0.035057692307692345
0 0.1808309659090909 0.06149999999999999 0.029076704545454544 0.06507692307692307
0 0.74375 0.3581057692307692 0.058721590909090876 0.03755769230769231
0 0.7354261363636364 0.3459038461538462 0.08184659090909084 0.06696153846153845
0 0.6105894886363636 0.28268269230769233 0.09015624999999995 0.05071153846153847
0 0.6498934659090909 0.26202884615384614 0.03836647727272726 0.05321153846153846
0 0.6771661931818183 0.3155384615384615 0.04299715909090915 0.0913846153846154
0 0.6887286931818182 0.2582692307692308 0.06981534090909088 0.053192307692307685
0 0.5672585227272727 0.8747307692307693 0.01428977272727273 0.04673076923076925
0 0.7173934659090908 0.30647115384615387 0.053167613636363645 0.053211538461538435
0 0.7772940340909091 0.30724999999999997 0.028764204545454544 0.08673076923076922
0 0.7339417613636363 0.24881730769230767 0.06944602272727271 0.08309615384615386
0 0.7588352272727273 0.254375 0.025142045454545518 0.028365384615384615
0 0.753096590909091 0.23181730769230768 0.056846590909090965 0.07575000000000003
0 0.17957386363636363 0.10799038461538461 0.015653409090909107 0.030750000000000017
0 0.788515625 0.24677884615384613 0.029332386363636494 0.04459615384615381
0 0.7545880681818182 0.19809615384615384 0.029687499999999967 0.06499999999999999
0 0.7883806818181818 0.21905769230769231 0.05684659090909088 0.06242307692307689
0 0.7142613636363637 0.12133653846153845 0.06048295454545452 0.10486538461538462
0 0.33411931818181817 0.5515 0.03985795454545455 0.04011538461538453
0 0.6858735795454546 0.197125 0.04828125000000001 0.11851923076923077
0 0.6731392045454545 0.16947115384615385 0.08542613636363634 0.060326923076923084
0 0.38822443181818184 0.017028846153846155 0.03616477272727278 0.033365384615384616
0 0.19497159090909089 0.11483653846153846 0.019176136363636364 0.012980769230769231
0 0.18310369318181818 0.1278076923076923 0.02473011363636365 0.01573076923076923
0 0.4264914772727273 0.05889423076923077 0.17034090909090907 0.11709615384615385
0 0.5032173295454545 0.12985576923076925 0.05188920454545451 0.09409615384615383
0 0.42664062500000005 0.096 0.02515624999999997 0.02553846153846154
0 0.4462997159090909 0.10600961538461538 0.02231534090909096 0.02682692307692308
0 0.46831676136363637 0.10750000000000001 0.03805397727272722 0.03407692307692309
0 0.34139204545454543 0.4843942307692308 0.07380681818181815 0.11451923076923079
0 0.4571519886363636 0.08577884615384616 0.03836647727272726 0.02213461538461538
0 0.4865482954545454 0.07577884615384615 0.0361647727272727 0.05067307692307692
0 0.06582386363636364 0.9690096153846154 0.041874999999999996 0.06198076923076926
0 0.45557528409090914 0.0713173076923077 0.028934659090909098 0.0340576923076923
0 0.4434730113636364 0.0691826923076923 0.039303977272727296 0.03659615384615385
0 0.11398437500000001 0.9807019230769232 0.03140625 0.038596153846153836
0 0.42891335227272726 0.053 0.04578125000000002 0.030999999999999996
0 0.18595880681818186 0.9690096153846154 0.10941761363636364 0.06198076923076926
0 0.47557528409090905 0.04018269230769231 0.052826704545454545 0.02563461538461538
0 0.5253267045454545 0.05479807692307692 0.046676136363636385 0.0810576923076923
0 0.41951704545454543 0.5263365384615385 0.03178977272727272 0.1385961538461539
0 0.5339133522727273 0.014875000000000001 0.03742897727272731 0.029750000000000002
0 0.23595170454545455 0.9645865384615385 0.02616477272727271 0.036134615384615425
0 0.5810156249999999 0.10485576923076922 0.0990482954545454 0.11921153846153845
0 0.9144176136363636 0.1669903846153846 0.024744318181818284 0.03659615384615385
0 0.6094105113636363 0.080125 0.08276988636363641 0.11740384615384615
0 0.6538778409090908 0.05958653846153846 0.045795454545454556 0.11917307692307692
0 0.2517897727272727 0.9366442307692308 0.03497159090909092 0.06313461538461547
0 0.6314275568181817 0.022326923076923078 0.02728693181818179 0.044653846153846155
0 0.24989346590909092 0.9835384615384616 0.02044034090909093 0.03292307692307693
0 0.7579190340909091 0.14650961538461538 0.024360795454545423 0.05005769230769231
0 0.503359375 0.3500865384615384 0.07467329545454544 0.03798076923076923
0 0.2631463068181818 0.9786730769230768 0.018167613636363624 0.04265384615384617
0 0.7180965909090908 0.06656730769230769 0.033238636363636415 0.04336538461538462
0 0.7576988636363637 0.10675961538461538 0.03784090909090907 0.03532692307692309
0 0.7509801136363637 0.07892307692307692 0.01809659090909076 0.019538461538461532
0 0.7624857954545454 0.07933653846153846 0.02639204545454551 0.056903846153846145
0 0.74453125 0.06201923076923077 0.021647727272727287 0.01861538461538462
0 0.7308096590909091 0.10252884615384615 0.027812499999999976 0.061288461538461535
0 0.9969318181818181 0.1361826923076923 0.006136363636363707 0.021788461538461534
0 0.7083664772727274 0.02284615384615385 0.04193181818181824 0.0456923076923077
0 0.3000497159090909 0.9709230769230769 0.018536931818181793 0.01792307692307691
0 0.4157954545454546 0.39940384615384616 0.027159090909090834 0.0618846153846154
0 0.9725284090909092 0.18584615384615386 0.054943181818181745 0.09796153846153846
0 0.9415624999999999 0.2054230769230769 0.03497159090909092 0.021153846153846155
0 0.9446164772727272 0.1868076923076923 0.04923295454545466 0.02988461538461537
0 0.9821803977272726 0.143 0.03563920454545459 0.031769230769230786
0 0.8299005681818182 0.21474038461538464 0.06917613636363643 0.07132692307692308
0 0.8710298295454545 0.17226923076923076 0.025866477272727163 0.054692307692307686
0 0.8268536931818182 0.16899038461538463 0.116377840909091 0.07294230769230771
0 0.7373082386363637 0.027528846153846154 0.020156249999999917 0.05505769230769231
0 0.7694247159090909 0.05506730769230769 0.06234374999999998 0.11013461538461539
0 0.782734375 0.03448076923076923 0.04257102272727276 0.05661538461538461
0 0.11308238636363636 0.5404423076923076 0.02178977272727273 0.030115384615384662
0 0.42828125 0.42115384615384616 0.01937499999999998 0.07965384615384619
0 0.8148366477272727 0.04497115384615384 0.03544034090909098 0.045403846153846156
0 0.8475710227272728 0.07912499999999999 0.024261363636363695 0.031557692307692314
0 0.8288920454545454 0.06896153846153846 0.03863636363636354 0.034576923076923075
0 0.3044105113636364 0.9845673076923077 0.02044034090909089 0.030865384615384638
0 0.8324076704545454 0.042807692307692304 0.012457386363636337 0.034999999999999996
0 0.8371803977272727 0.028951923076923076 0.034190340909090816 0.03194230769230769
0 0.8141761363636365 0.027557692307692304 0.03428977272727271 0.03726923076923077
0 0.32029829545454547 0.9468365384615385 0.03406249999999999 0.046634615384615385
0 0.8664346590909091 0.048740384615384616 0.056278409090909094 0.03248076923076923
0 0.832840909090909 0.11754807692307692 0.0719886363636363 0.06378846153846153
0 0.5601136363636363 0.8797403846153847 0.01380681818181822 0.0634038461538461
0 0.8572656250000001 0.0195 0.02748579545454549 0.039
0 0.3305184659090909 0.979951923076923 0.04467329545454544 0.04009615384615389
0 0.8939133522727274 0.12965384615384615 0.06325284090909103 0.044307692307692305
0 0.9580397727272728 0.11074999999999999 0.032727272727272674 0.04192307692307692
0 0.9279403409090908 0.12078846153846154 0.032727272727272674 0.027769230769230765
0 0.9050426136363636 0.08092307692307692 0.030539772727272728 0.10511538461538461
0 0.9008877840909091 0.0195 0.04231534090909086 0.039
0 0.9865482954545454 0.08618269230769231 0.02690340909090917 0.08751923076923075
0 0.9801207386363636 0.6111826923076923 0.017372159090909115 0.03763461538461548
0 0.978828125 0.05334615384615384 0.041122159090909154 0.10669230769230768
0 0.9163565340909091 0.515 0.015667613636363598 0.021192307692307656
0 0.9464772727272728 0.06191346153846154 0.05363636363636362 0.06148076923076923
0 0.866015625 0.08200961538461538 0.02359375000000002 0.05713461538461539
0 0.940546875 0.042067307692307696 0.049815340909090816 0.08413461538461539
0 0.33637073863636363 0.9858942307692307 0.029502840909090923 0.028211538461538493
0 0.3524715909090909 0.9832980769230769 0.01647727272727272 0.033403846153846166
0 0.3484446022727273 0.9429903846153846 0.028366477272727272 0.03890384615384619
0 0.36377840909090914 0.9681538461538463 0.030653409090909068 0.028000000000000004
0 0.36626420454545455 0.9858942307692307 0.021846590909090944 0.028211538461538493
0 0.37964488636363636 0.9897980769230768 0.013693181818181799 0.02001923076923071
0 0.39730113636363634 0.9872019230769231 0.023267045454545447 0.02521153846153838
0 0.4387215909090909 0.3855769230769231 0.02144886363636367 0.051230769230769205
0 0.826953125 0.00975 0.034019886363636266 0.0195
0 0.8769460227272727 0.01802884615384615 0.05269886363636351 0.03601923076923076
0 0.6850710227272727 0.03721153846153846 0.03372159090909092 0.07265384615384615
0 0.9402556818181819 0.5270865384615385 0.04764204545454556 0.044173076923076864
0 0.9830326704545456 0.4871153846153846 0.03393465909090907 0.0749615384615385
0 0.15095170454545456 0.24825961538461538 0.034602272727272725 0.08382692307692306
0 0.16036931818181818 0.20869230769230768 0.023465909090909086 0.03696153846153846
0 0.14979403409090908 0.18553846153846154 0.01845170454545456 0.028115384615384625
0 0.16806107954545454 0.18396153846153845 0.024218749999999997 0.029153846153846148
0 0.1326846590909091 0.18709615384615383 0.036534090909090905 0.04373076923076922
0 0.4587571022727273 0.4062884615384615 0.04447443181818182 0.09780769230769228
0 0.29674005681818183 0.9527211538461539 0.022116477272727263 0.03628846153846155
0 0.4374005681818182 0.9013557692307692 0.03832386363636366 0.04448076923076922
0 0.27090909090909093 0.9866153846153846 0.016278409090909062 0.0267692307692308
0 0.27772017045454545 0.9547788461538462 0.028394886363636337 0.05021153846153849
0 0.28206676136363634 0.9896923076923076 0.009843749999999969 0.020615384615384667
0 0.2903977272727273 0.9861057692307692 0.008323863636363655 0.027788461538461515
0 0.3509375 0.9217211538461537 0.024914772727272758 0.03786538461538461
0 0.12349431818181818 0.9598557692307692 0.01860795454545454 0.057980769230769294
0 0.12395596590909091 0.9445192307692307 0.02140624999999999 0.06930769230769235
0 0.09712357954545454 0.9453653846153846 0.03970170454545454 0.03823076923076922
0 0.5285582386363636 0.8894134615384616 0.02069602272727272 0.02936538461538458
0 0.6701846590909091 0.47180769230769226 0.019772727272727216 0.048807692307692246
0 0.6566477272727272 0.46636538461538457 0.018267045454545393 0.020807692307692294
0 0.026690340909090907 0.9475865384615385 0.03536931818181818 0.10482692307692305
0 0.04918323863636364 0.9218365384615385 0.03382102272727273 0.07098076923076928
0 0.6570596590909091 0.48266346153846157 0.016619318181818166 0.015173076923076952
0 0.642734375 0.4846346153846154 0.017855113636363627 0.03261538461538463
0 0.6711860795454545 0.5141634615384616 0.05399147727272726 0.04667307692307694
0 0.34902698863636367 0.9018653846153847 0.014474431818181815 0.03226923076923083
0 0.6480255681818182 0.5312596153846154 0.02355113636363634 0.026173076923076948
0 0.06066761363636364 0.9037788461538462 0.051818181818181826 0.0735192307692307
0 0.38827414772727276 0.36946153846153845 0.07066761363636367 0.12342307692307694
0 0.15990767045454546 0.6896346153846155 0.015326704545454534 0.02726923076923078
0 0.16921875 0.7 0.015539772727272723 0.027269230769230674
0 0.15707386363636366 0.7074807692307692 0.00974431818181818 0.014192307692307683
0 0.6316335227272728 0.5215769230769232 0.012613636363636356 0.028461538461538483
0 0.1491619318181818 0.713701923076923 0.00974431818181818 0.01567307692307688
0 0.6112357954545454 0.5025096153846154 0.02230113636363643 0.021057692307692232
0 0.14714488636363637 0.69975 0.010852272727272728 0.012692307692307735
0 0.6103977272727273 0.5187307692307692 0.031534090909090894 0.02276923076923083
0 0.010497159090909092 0.7692211538461539 0.02090909090909091 0.06294230769230773
0 0.005355113636363636 0.8020096153846155 0.010710227272727272 0.047134615384615365
0 0.534715909090909 0.9070961538461538 0.018238636363636408 0.02603846153846147
0 0.034730113636363635 0.8611057692307692 0.06923295454545454 0.06421153846153854
0 0.5990411931818183 0.5252788461538461 0.018934659090909068 0.026750000000000048
0 0.05552556818181819 0.7931826923076923 0.054119318181818185 0.11694230769230769
0 0.037166193181818186 0.8304326923076922 0.050752840909090914 0.06782692307692305
0 0.08452414772727272 0.858 0.03879261363636363 0.05207692307692305
0 0.5712855113636364 0.5457692307692308 0.05509943181818177 0.04042307692307689
0 0.10520596590909091 0.8954134615384616 0.03879261363636364 0.05340384615384612
0 0.1210440340909091 0.8737596153846154 0.020042613636363636 0.01794230769230766
0 0.6141832386363636 0.5349519230769231 0.02396306818181819 0.03586538461538457
0 0.10116477272727273 0.8676153846153846 0.030710227272727278 0.04857692307692317
0 0.4148863636363636 0.3357884615384616 0.061079545454545456 0.06792307692307696
0 0.5954687500000001 0.5528942307692307 0.021875000000000047 0.025057692307692257
0 0.6396235795454545 0.5113269230769231 0.013451704545454503 0.022769230769230722
0 0.12026988636363636 0.8491634615384616 0.02210227272727273 0.017596153846153803
0 0.6145951704545455 0.5571634615384616 0.01808238636363639 0.023326923076923068
0 0.14308948863636364 0.8644615384615384 0.05626420454545455 0.04065384615384613
0 0.09386363636363636 0.8158269230769231 0.030795454545454546 0.05557692307692314
0 0.12218039772727272 0.8237980769230769 0.023565340909090914 0.039634615384615414
0 0.6257386363636364 0.5517596153846153 0.012613636363636356 0.027326923076923037
0 0.13833806818181818 0.8377019230769231 0.02090909090909091 0.022134615384615367
0 0.15563210227272728 0.8418173076923077 0.016718749999999994 0.029326923076923077
0 0.4454758522727273 0.30065384615384616 0.031889204545454526 0.09099999999999998
0 0.6354119318181818 0.5494807692307693 0.019346590909090914 0.029615384615384682
0 0.2290553977272727 0.9014711538461538 0.015326704545454534 0.02136538461538464
0 0.21105113636363634 0.9133557692307693 0.02960227272727273 0.03571153846153845
0 0.23659801136363637 0.9158173076923077 0.044559659090909094 0.05948076923076925
0 0.6267897727272728 0.5736730769230769 0.018920454545454535 0.021076923076923146
0 0.3187073863636364 0.9341538461538461 0.021818181818181837 0.0405
0 0.3937997159090909 0.8653942307692307 0.017457386363636394 0.04978846153846151
0 0.5910511363636364 0.5748173076923077 0.023977272727272722 0.050673076923076855
0 0.41255681818181816 0.8797019230769232 0.033153409090909136 0.028942307692307715
0 0.4446235795454545 0.9417115384615384 0.044048295454545444 0.041923076923076834
0 0.8756178977272726 0.9453557692307692 0.02376420454545441 0.1092884615384615
0 0.3668252840909091 0.3231153846153846 0.03404829545454549 0.14642307692307696
0 0.4718892045454546 0.9340384615384616 0.02355113636363634 0.05492307692307693
0 0.4638210227272727 0.9015480769230769 0.019630681818181808 0.04901923076923079
0 0.46622159090909093 0.8667019230769231 0.018323863636363683 0.037211538461538504
0 0.4543323863636364 0.8651442307692307 0.024090909090909062 0.05871153846153841
0 0.4380823863636364 0.8483942307692308 0.03534090909090908 0.0336730769230769
0 0.6026136363636364 0.6132403846153845 0.01767045454545454 0.027326923076923148
0 0.40318181818181825 0.819451923076923 0.04406250000000005 0.04901923076923079
0 0.5902059659090909 0.633451923076923 0.04751420454545461 0.03813461538461536
0 0.4105965909090909 0.8516442307692308 0.029232954545454604 0.03425
0 0.3818039772727273 0.9083365384615385 0.0457954545454546 0.035442307692307704
0 0.37436789772727275 0.2601057692307692 0.04049715909090908 0.02625000000000001
0 0.5628764204545454 0.6007115384615385 0.050894886363636344 0.04669230769230764
0 0.30480823863636364 0.9222211538461538 0.02617897727272728 0.027750000000000014
0 0.3047585227272727 0.8645384615384616 0.04051136363636365 0.0875
0 0.32479403409090907 0.8770769230769232 0.02370738636363636 0.02157692307692302
0 0.3155326704545454 0.8289423076923077 0.025866477272727284 0.05484615384615381
0 0.33264204545454545 0.9033076923076924 0.019147727272727257 0.04553846153846155
0 0.34414062500000003 0.8937980769230769 0.016605113636363633 0.023057692307692324
0 0.3322159090909091 0.8635480769230769 0.01573863636363634 0.021326923076923028
0 0.3473295454545455 0.8753557692307692 0.022982954545454556 0.021903846153846128
0 0.36584517045454545 0.8762307692307693 0.024275568181818228 0.034000000000000016
0 0.3317045454545454 0.22568269230769228 0.050852272727272704 0.06009615384615382
0 0.34647727272727274 0.85 0.01957386363636364 0.03226923076923072
0 0.33102982954545457 0.8384999999999999 0.01788352272727273 0.033884615384615395
0 0.3233451704545454 0.8188942307692307 0.033252840909090906 0.03921153846153844
0 0.6394602272727273 0.7052884615384616 0.016448863636363695 0.06776923076923079
0 0.34385653409090905 0.8216923076923076 0.03032670454545454 0.03542307692307695
0 0.36524857954545453 0.8523461538461539 0.026576704545454556 0.05961538461538462
0 0.37543323863636363 0.8599326923076922 0.020355113636363695 0.08155769230769236
0 0.34240767045454545 0.8000480769230769 0.04569602272727271 0.06186538461538465
0 0.6564417613636363 0.7389326923076923 0.021093750000000033 0.06244230769230774
0 0.630703125 0.7650769230769231 0.032542613636363675 0.05373076923076923
0 0.339765625 0.12265384615384615 0.014730113636363644 0.03534615384615384
0 0.5192400568181817 0.2656826923076923 0.019985795454545444 0.029980769230769182
0 0.3546519886363636 0.769673076923077 0.06438920454545452 0.04161538461538459
0 0.029183238636363632 0.760951923076923 0.035724431818181815 0.10067307692307696
0 0.095859375 0.7435192307692308 0.06106534090909091 0.05453846153846156
0 0.10520596590909091 0.778673076923077 0.029076704545454544 0.05961538461538462
0 0.12784801136363635 0.7263653846153847 0.03365056818181818 0.046115384615384544
0 0.5889488636363637 0.6058365384615384 0.023977272727272722 0.01594230769230773
0 0.12867897727272729 0.7691153846153846 0.05275568181818182 0.10123076923076921
0 0.16253551136363636 0.8171923076923077 0.039048295454545426 0.03653846153846154
0 0.1434161931818182 0.7744519230769231 0.03904829545454545 0.12317307692307694
0 0.5591264204545454 0.9324615384615385 0.018735795454545533 0.07007692307692308
0 0.19326704545454546 0.7606730769230768 0.05068181818181819 0.06861538461538463
0 0.6296306818181818 0.7002019230769231 0.02323863636363638 0.07698076923076928
0 0.17333096590909092 0.7272115384615384 0.019928977272727254 0.03992307692307691
0 0.19763494318181818 0.7154038461538461 0.04112215909090911 0.04330769230769227
0 0.14188920454545453 0.6497115384615385 0.03514204545454547 0.08853846153846158
0 0.6197940340909092 0.7324038461538462 0.0321732954545455 0.0619615384615384
0 0.15102272727272725 0.6254711538461538 0.02616477272727273 0.06298076923076923
0 0.17457386363636365 0.6404326923076923 0.02093750000000001 0.023634615384615424
0 0.7606818181818181 0.7336057692307693 0.026448863636363642 0.040173076923077006
0 0.18941051136363637 0.6175961538461539 0.08549715909090909 0.08503846153846148
0 0.3790696022727273 0.1405 0.03490056818181813 0.037461538461538456
0 0.05186789772727273 0.7439615384615385 0.041860795454545456 0.09684615384615387
0 0.5270596590909091 0.28597115384615385 0.046903409090909065 0.059980769230769226
0 0.5031463068181817 0.28691346153846153 0.019701704545454553 0.02471153846153845
0 0.4909232954545455 0.2548076923076923 0.06749999999999998 0.05038461538461536
0 0.5285156249999999 0.20861538461538462 0.07115056818181822 0.1061923076923077
0 0.5359872159090909 0.24862499999999998 0.033565340909090906 0.036057692307692304
0 0.10374289772727273 0.700576923076923 0.036889204545454544 0.024153846153846158
0 0.04740056818181819 0.6895961538461539 0.05633522727272728 0.036230769230769184
0 0.03990056818181819 0.6736923076923077 0.04295454545454546 0.03292307692307693
0 0.010511363636363636 0.6808173076923076 0.018238636363636363 0.07463461538461538
0 0.34597301136363634 0.17691346153846155 0.05041193181818183 0.04024999999999999
0 0.02814630681818182 0.6448653846153846 0.05512784090909091 0.036769230769230776
0 0.7624715909090909 0.6343653846153846 0.01931818181818185 0.061500000000000034
0 0.12927556818181818 0.6964615384615384 0.03446022727272728 0.02688461538461531
0 0.6108096590909091 0.6169326923076922 0.02144886363636367 0.09051923076923075
0 0.07658380681818183 0.7000288461538461 0.01825284090909091 0.0526730769230769
0 0.13008522727272728 0.665451923076923 0.028778409090909077 0.037326923076923126
0 0.11600852272727273 0.668076923076923 0.02451704545454544 0.04473076923076921
0 0.03602982954545454 0.6263942307692308 0.07205965909090908 0.07355769230769231
0 0.08803977272727273 0.6529615384615384 0.03045454545454546 0.0428461538461539
0 0.07091619318181819 0.6234326923076923 0.1402130681818182 0.05344230769230762
0 0.5440909090909091 0.9187884615384615 0.022187500000000006 0.054730769230769194
0 0.7790980113636364 0.67575 0.01751420454545444 0.10553846153846153
0 0.154296875 0.5543461538461538 0.04376420454545455 0.08073076923076927
0 0.13379261363636363 0.5432403846153846 0.03008522727272728 0.05259615384615389
0 0.13352272727272727 0.5799711538461539 0.04167613636363637 0.02509615384615387
0 0.7765909090909091 0.7014134615384615 0.03110795454545451 0.05617307692307688
0 0.10125 0.5497884615384615 0.03144886363636363 0.03600000000000005
0 0.07465909090909091 0.589125 0.03434659090909092 0.07159615384615377
0 0.7737286931818183 0.6067692307692307 0.05328124999999999 0.046000000000000034
0 0.8000142045454546 0.6510096153846153 0.04156249999999999 0.06944230769230761
0 0.11383522727272727 0.6029711538461539 0.04786931818181817 0.03867307692307695
0 0.5169744318181818 0.9187884615384615 0.035994318181818225 0.04538461538461532
0 0.09376420454545453 0.5885961538461539 0.019289772727272725 0.03711538461538464
0 0.09878551136363636 0.5457403846153845 0.07410511363636363 0.0830961538461538
0 0.8110653409090909 0.7160096153846155 0.07963068181818174 0.0568653846153846
0 0.12387073863636364 0.5598557692307692 0.020071022727272722 0.02144230769230765
0 0.8272017045454546 0.7524134615384616 0.023096590909090896 0.04028846153846163
0 0.09288352272727272 0.5075673076923077 0.08215909090909092 0.07375000000000004
0 0.13058948863636363 0.5022980769230769 0.029786931818181817 0.04032692307692307
0 0.14772727272727273 0.4450673076923077 0.030738636363636343 0.07240384615384611
0 0.15829545454545454 0.502951923076923 0.0397159090909091 0.058096153846153804
0 0.7971946022727271 0.753451923076923 0.0410369318181818 0.027096153846153798
0 0.4227414772727273 0.250798076923077 0.06465909090909089 0.039365384615384615
0 0.08927556818181817 0.4905961538461538 0.06116477272727272 0.06288461538461536
0 0.11041903409090909 0.48647115384615386 0.02274147727272726 0.04163461538461545
0 0.09632102272727273 0.4767211538461538 0.019545454545454543 0.03944230769230767
0 0.1113778409090909 0.4402980769230769 0.02017045454545455 0.022980769230769263
0 0.07116477272727272 0.4179903846153846 0.08349431818181817 0.0994423076923077
0 0.03291193181818182 0.5046826923076924 0.06582386363636364 0.06374999999999996
0 0.14178267045454546 0.4328653846153846 0.07029829545454547 0.06288461538461536
0 0.8633735795454546 0.6350384615384616 0.05026988636363634 0.10557692307692314
0 0.10694602272727272 0.3459326923076923 0.047073863636363636 0.14228846153846156
0 0.06972301136363636 0.31015384615384617 0.05970170454545454 0.06515384615384615
0 0.5102911931818181 0.8793653846153846 0.02617897727272728 0.03599999999999994
0 0.42578125 0.27862499999999996 0.029488636363636352 0.03205769230769229
0 0.031029829545454544 0.34625 0.06143465909090909 0.08611538461538462
0 0.011889204545454545 0.32200961538461537 0.02377840909090909 0.1086730769230769
0 0.09590198863636364 0.17410576923076923 0.02541193181818181 0.0550576923076923
0 0.10607244318181817 0.20921153846153845 0.02134943181818182 0.033038461538461524
0 0.079453125 0.13401923076923075 0.013991477272727275 0.022423076923076917
0 0.8903053977272729 0.5544615384615385 0.018991477272727278 0.05
0 0.8979971590909092 0.5850288461538462 0.028210227272727293 0.03194230769230761
0 0.07426136363636364 0.1491730769230769 0.027727272727272722 0.045269230769230784
0 0.07188210227272727 0.19057692307692306 0.04174715909090909 0.09023076923076924
0 0.08854403409090911 0.07179807692307692 0.026150568181818188 0.04340384615384615
0 0.40623579545454547 0.2510480769230769 0.03238636363636365 0.022211538461538456
0 0.8962073863636365 0.5103653846153846 0.03590909090909103 0.03403846153846152
0 0.9049076704545456 0.5563557692307691 0.02225852272727267 0.02344230769230769
0 0.05852982954545454 0.09723076923076922 0.08083806818181817 0.059230769230769226
0 0.04355113636363637 0.14434615384615385 0.07105113636363637 0.11873076923076925
0 0.03779119318181818 0.239875 0.04720170454545454 0.13467307692307692
0 0.17499289772727272 0.023663461538461543 0.023053977272727278 0.03286538461538462
0 0.15465198863636365 0.012451923076923077 0.0374005681818182 0.02478846153846154
0 0.21863636363636366 0.025788461538461538 0.07 0.051576923076923076
0 0.1776846590909091 0.0075 0.012500000000000016 0.015
0 0.08056107954545455 0.025846153846153845 0.08288352272727273 0.05169230769230769
0 0.5125355113636364 0.9434807692307693 0.035980113636363616 0.0600769230769231
0 0.38916193181818187 0.7222307692307692 0.02355113636363634 0.039692307692307666
0 0.5878764204545455 0.650625 0.07109375000000001 0.06363461538461544
0 0.9023721590909091 0.5347403846153846 0.02681818181818181 0.026634615384615427
0 0.5822585227272726 0.8787307692307692 0.03173295454545451 0.05546153846153852
0 0.5390767045454545 0.8567211538461539 0.019289772727272704 0.02121153846153841
0 0.4390625 0.8632403846153845 0.026505681818181855 0.04078846153846161
0 0.4978480113636364 0.8514903846153846 0.025980113636363666 0.07274999999999997
0 0.509346590909091 0.8066442307692308 0.03099431818181817 0.06317307692307697
0 0.22088068181818182 0.8788942307692307 0.034573863636363604 0.04501923076923082
0 0.9407670454545454 0.5395769230769232 0.023948863636363657 0.024692307692307645
0 0.3741548295454545 0.23408653846153846 0.04356534090909093 0.04382692307692309
0 0.25890624999999995 0.8630673076923077 0.04542613636363635 0.06863461538461538
0 0.31882812499999996 0.7852884615384615 0.027656249999999997 0.04234615384615392
0 0.9671946022727272 0.5418942307692307 0.03268465909090908 0.034480769230769245
0 0.9776420454545455 0.5452307692307692 0.033835227272727184 0.05661538461538461
0 0.24985795454545456 0.8438942307692308 0.035227272727272746 0.05882692307692314
0 0.2412997159090909 0.8414519230769231 0.018110795454545456 0.03432692307692312
0 0.2406818181818182 0.8057115384615385 0.03900568181818179 0.04038461538461539
0 0.22538352272727274 0.775423076923077 0.03900568181818183 0.04092307692307698
0 0.92765625 0.5496057692307693 0.02204545454545468 0.026249999999999957
0 0.29441051136363633 0.79225 0.03174715909090908 0.05488461538461542
0 0.3693821022727273 0.1978173076923077 0.02819602272727276 0.03213461538461537
0 0.9204332386363636 0.5727692307692308 0.021292613636363648 0.026230769230769314
0 0.27586647727272723 0.7821634615384616 0.05048295454545453 0.0699038461538461
0 0.2844673295454545 0.7611826923076923 0.029446022727272713 0.03832692307692298
0 0.9443892045454544 0.5660769230769231 0.0288920454545455 0.029346153846153827
0 0.3054332386363636 0.754403846153846 0.04336647727272727 0.025384615384615363
0 0.2821377840909091 0.6956826923076923 0.07603693181818177 0.10655769230769224
0 0.9240482954545454 0.614201923076923 0.03991477272727276 0.06690384615384608
0 0.9555965909090909 0.5882019230769231 0.02318181818181809 0.026249999999999957
0 0.2714275568181818 0.6641442307692308 0.051406249999999994 0.06525000000000002
0 0.30913352272727274 0.7397884615384616 0.02204545454545452 0.021307692307692385
0 0.9640767045454546 0.7354903846153846 0.04062500000000003 0.12548076923076923
0 0.9647230113636364 0.5709711538461538 0.02166193181818182 0.02367307692307693
0 0.3318536931818182 0.7437403846153846 0.022485795454545432 0.012173076923077002
0 0.9813707386363636 0.5857115384615385 0.03725852272727275 0.027076923076923155
0 0.9898721590909091 0.5781538461538461 0.01423295454545452 0.039076923076923065
0 0.32563920454545453 0.7267307692307692 0.034914772727272704 0.03007692307692316
0 0.35695312500000004 0.7390673076923077 0.030213068181818195 0.054134615384615344
0 0.39115767045454547 0.7658461538461538 0.05865056818181817 0.06557692307692312
0 0.336953125 0.7005769230769231 0.05865056818181821 0.051730769230769184
0 0.4269247159090909 0.7896057692307693 0.028877840909090968 0.06736538461538467
0 0.4469176136363636 0.776673076923077 0.023551136363636423 0.03188461538461546
0 0.3832315340909091 0.19347115384615382 0.01632102272727274 0.019673076923076932
0 0.9875284090909091 0.6174903846153846 0.02494318181818174 0.034403846153846236
0 0.402265625 0.743576923076923 0.02754261363636362 0.04511538461538458
0 0.3727201704545454 0.7002692307692308 0.042201704545454556 0.07519230769230774
0 0.9883025568181818 0.4869807692307693 0.023394886363636402 0.027615384615384642
0 0.4322585227272727 0.7294519230769231 0.036875000000000054 0.05894230769230765
0 0.9154119318181819 0.7084038461538462 0.018465909090909092 0.032807692307692315
0 0.9336860795454546 0.6930288461538462 0.025781249999999967 0.060442307692307594
0 0.8015696022727273 0.7708365384615385 0.04938920454545468 0.03994230769230777
0 0.39782670454545455 0.699673076923077 0.02755681818181815 0.04149999999999997
0 0.4009375 0.681625 0.04088068181818178 0.07878846153846158
0 0.382578125 0.17346153846153847 0.04279829545454541 0.05342307692307693
0 0.4220383522727273 0.6804230769230769 0.03776988636363641 0.05715384615384621
0 0.8632102272727273 0.812673076923077 0.04636363636363634 0.07603846153846158
0 0.4813565340909091 0.8750192307692307 0.016889204545454527 0.06857692307692302
0 0.837578125 0.7962115384615384 0.025326704545454604 0.042730769230769176
0 0.48668323863636365 0.8121538461538461 0.03731534090909088 0.08000000000000004
0 0.579403409090909 0.8286346153846154 0.026875000000000024 0.04799999999999996
0 0.5646590909090908 0.8246057692307692 0.01605113636363638 0.020711538461538427
0 0.5293963068181818 0.8402692307692308 0.0171732954545455 0.03284615384615393
0 0.5428267045454546 0.839 0.022386363636363624 0.03234615384615383
0 0.5372301136363636 0.8170192307692308 0.0253693181818182 0.028807692307692232
0 0.4089559659090909 0.30027884615384615 0.03987215909090908 0.06748076923076923
0 0.5482386363636363 0.807673076923077 0.01829545454545454 0.02830769230769236
0 0.5592542613636364 0.8369711538461538 0.020156249999999997 0.03132692307692311
0 0.5629829545454546 0.8036346153846153 0.020909090909090867 0.022230769230769235
0 0.5196946022727272 0.8000961538461538 0.02836647727272731 0.04042307692307689
0 0.5223011363636364 0.7609326923076923 0.040312499999999994 0.037903846153846225
0 0.591953125 0.8073173076923077 0.024758522727272737 0.0199423076923077
0 0.9328196022727273 0.7495480769230769 0.03194602272727274 0.11286538461538462
0 0.6085085227272727 0.7924230769230769 0.04082386363636365 0.058230769230769176
0 0.963984375 0.6527596153846154 0.030383522727272707 0.04798076923076932
0 0.5896377840909092 0.758625 0.05899147727272731 0.05090384615384621
0 0.4490411931818182 0.28594230769230766 0.020355113636363695 0.028692307692307722
0 0.9885298295454544 0.6382596153846154 0.022599431818181772 0.029519230769230704
0 0.9817968749999999 0.6941634615384616 0.036406249999999994 0.12974999999999995
0 0.9921946022727273 0.606125 0.015610795454545467 0.019211538461538478
0 0.574403409090909 0.7816634615384616 0.028267045454545423 0.04740384615384622
0 0.9806321022727272 0.7595096153846154 0.038252840909091 0.05605769230769227
0 0.5435582386363635 0.7758365384615384 0.02728693181818179 0.057403846153846194
0 0.5394957386363636 0.7648557692307693 0.026548295454545453 0.035442307692307704
0 0.47995738636363633 0.7793365384615385 0.04755681818181821 0.11928846153846148
0 0.4733877840909091 0.7381634615384616 0.06504261363636367 0.07924999999999996
0 0.5154474431818182 0.7258365384615385 0.03555397727272724 0.09332692307692303
0 0.39365056818181815 0.5861442307692307 0.0339488636363636 0.05544230769230766
0 0.3908877840909091 0.21282692307692308 0.017855113636363707 0.01969230769230771
0 0.5509943181818181 0.712923076923077 0.031221590909090855 0.06749999999999994
0 0.559453125 0.697375 0.07240056818181814 0.06455769230769229
0 0.5310511363636364 0.6457211538461538 0.03034090909090911 0.03521153846153847
0 0.8349928977272728 0.9166442307692307 0.016775568181818266 0.04994230769230763
0 0.5184730113636363 0.6242980769230769 0.024275568181818228 0.05459615384615382
0 0.5308380681818182 0.6113749999999999 0.02124999999999997 0.04755769230769223
0 0.3347301136363636 0.6676057692307692 0.03642045454545453 0.041903846153846194
0 0.3508167613636364 0.6503557692307692 0.0673721590909091 0.04521153846153844
0 0.8866832386363637 0.9264807692307692 0.019559659090909065 0.06961538461538459
0 0.6394744318181819 0.4752019230769231 0.010255681818181856 0.018096153846153838
0 0.9877982954545454 0.7929038461538461 0.014261363636363584 0.028153846153846127
0 0.8562357954545454 0.9249519230769231 0.03130681818181813 0.0795192307692307
0 0.3037713068181818 0.6671923076923076 0.03884943181818181 0.04930769230769228
0 0.45750710227272734 0.6655096153846154 0.0228551136363636 0.1489423076923078
0 0.4947372159090909 0.6955769230769231 0.021150568181818163 0.04296153846153852
0 0.4998153409090909 0.6477596153846155 0.019460227272727337 0.06186538461538465
0 0.8627201704545455 0.9938461538461537 0.01492897727272726 0.012307692307692264
0 0.5004616477272728 0.6136346153846155 0.024474431818181843 0.017384615384615425
0 0.868828125 0.971826923076923 0.01697443181818188 0.03538461538461534
0 0.479453125 0.6510576923076922 0.028423295454545524 0.10807692307692306
0 0.8552556818181819 0.9833173076923077 0.014943181818181793 0.02159615384615399
0 0.9694957386363636 0.8253557692307693 0.015639204545454533 0.030942307692307755
0 0.5000071022727273 0.5925480769230769 0.028082386363636337 0.03090384615384625
0 0.4298011363636364 0.6598846153846154 0.047982954545454586 0.08634615384615381
0 0.5078551136363636 0.5430576923076923 0.04789772727272723 0.08384615384615389
0 0.4713210227272727 0.5754807692307692 0.0441761363636364 0.04473076923076921
0 0.45108664772727275 0.5492115384615385 0.05160511363636369 0.024576923076923135
0 0.8452414772727272 0.9823557692307692 0.019346590909090914 0.03528846153846158
0 0.9859517045454546 0.9729326923076923 0.020369318181818065 0.054134615384615344
0 0.48389914772727266 0.5097596153846153 0.03916193181818181 0.09001923076923082
0 0.5797443181818182 0.5163846153846153 0.022840909090909068 0.01930769230769235
0 0.5177485795454545 0.5012019230769231 0.044048295454545444 0.06625000000000003
0 0.4054261363636363 0.2159230769230769 0.033636363636363645 0.050615384615384604
0 0.5151065340909091 0.4666923076923077 0.022428977272727222 0.03257692307692307
0 0.5281534090909091 0.4559230769230769 0.017528409090909136 0.027615384615384587
0 0.9873721590909091 0.9573557692307693 0.025255681818181778 0.041365384615384596
0 0.5764772727272728 0.46144230769230765 0.05710227272727271 0.060730769230769255
0 0.5479332386363637 0.49871153846153843 0.05708806818181818 0.13526923076923078
0 0.5414133522727272 0.45840384615384616 0.015497159090909126 0.024846153846153875
0 0.5426278409090909 0.43163461538461534 0.017130681818181823 0.037538461538461555
0 0.557919034090909 0.415625 0.014275568181818198 0.03644230769230767
0 0.5788920454545454 0.49615384615384617 0.062045454545454556 0.048000000000000015
0 0.627421875 0.4983173076923077 0.021491477272727266 0.018865384615384565
0 0.4600497159090909 0.2280096153846154 0.07725852272727271 0.037673076923076955
0 0.6460369318181818 0.4525769230769231 0.027414772727272663 0.03076923076923077
0 0.622606534090909 0.47806730769230765 0.023451704545454533 0.02905769230769228
0 0.6179048295454546 0.4665192307692308 0.03262784090909095 0.03753846153846151
0 0.6169247159090909 0.4565769230769231 0.022826704545454615 0.02119230769230771
0 0.9952414772727273 0.683875 0.00951704545454552 0.039557692307692294
0 0.9876917613636365 0.9091057692307692 0.02461647727272733 0.03217307692307696
0 0.8272514204545455 0.9924326923076924 0.01964488636363626 0.015134615384615394
0 0.5855184659090908 0.47250000000000003 0.08217329545454549 0.06019230769230771
0 0.6428338068181818 0.43397115384615387 0.035184659090909065 0.029403846153846138
0 0.8320383522727273 0.9488653846153845 0.024957386363636272 0.021038461538461534
0 0.39046875 0.1619326923076923 0.016193181818181787 0.034865384615384604
0 0.6648863636363637 0.43606730769230767 0.018494318181818157 0.025019230769230752
0 0.8263139204545454 0.9768365384615384 0.0355823863636363 0.03821153846153847
0 0.6765340909090909 0.4252980769230769 0.02107954545454542 0.04055769230769226
0 0.7964488636363637 0.9787788461538462 0.026590909090908967 0.04098076923076924
0 0.7449076704545454 0.9771153846153846 0.06504261363636359 0.044307692307692347
0 0.6669176136363636 0.41128846153846155 0.01812499999999999 0.02653846153846156
0 0.7027698863636364 0.9771153846153846 0.038863636363636385 0.04319230769230776
0 0.6016406249999999 0.4498365384615384 0.07396306818181818 0.06059615384615383
0 0.6005326704545454 0.4273076923076923 0.02958806818181816 0.02753846153846158
0 0.6493678977272727 0.4107211538461538 0.026093749999999926 0.02413461538461535
0 0.42515625 0.20129807692307694 0.05650568181818178 0.04948076923076924
0 0.58 0.41925961538461537 0.04045454545454548 0.03178846153846154
0 0.5915198863636364 0.39628846153846153 0.050454545454545426 0.04003846153846152
0 0.630234375 0.4015961538461538 0.04436079545454548 0.027076923076923103
0 0.6056036931818182 0.8549903846153847 0.02944602272727267 0.059250000000000004
0 0.5804403409090909 0.3805192307692308 0.037897727272727284 0.05276923076923076
0 0.6739346590909091 0.3801057692307692 0.04392045454545457 0.051211538461538454
0 0.6206960227272728 0.36235576923076923 0.06659090909090916 0.06748076923076923
0 0.5288068181818182 0.4295961538461538 0.01803977272727271 0.02861538461538466
0 0.5158380681818181 0.39762499999999995 0.05738636363636369 0.053750000000000034
0 0.5533735795454546 0.3898076923076923 0.016235795454545465 0.05961538461538462
0 0.41618607954545456 0.2056923076923077 0.029076704545454583 0.03150000000000002
0 0.5828977272727273 0.9092692307692308 0.03559659090909091 0.059269230769230755
0 0.6195170454545454 0.9256057692307692 0.023721590909090894 0.03432692307692312
0 0.6197727272727273 0.3482788461538462 0.059545454545454485 0.05863461538461535
0 0.5705468749999999 0.36024999999999996 0.02376420454545449 0.02988461538461537
0 0.6360795454545455 0.9006826923076924 0.021676136363636352 0.03655769230769229
0 0.5896448863636364 0.31802884615384613 0.04073863636363637 0.07871153846153847
0 0.5713991477272727 0.33066346153846154 0.02546875000000001 0.03159615384615386
0 0.9902840909090909 0.6928461538461538 0.012073863636363636 0.035346153846153944
0 0.5472088068181818 0.35393269230769236 0.03478693181818183 0.03448076923076919
0 0.5253480113636364 0.37346153846153846 0.023338068181818192 0.03792307692307692
0 0.8693536931818181 0.5567596153846154 0.027627840909090973 0.07001923076923082
0 0.5520880681818182 0.30365384615384616 0.029289772727272734 0.08446153846153849
0 0.18120028409090908 0.24615384615384617 0.024303977272727272 0.03973076923076925
0 0.17428267045454546 0.229125 0.023053977272727278 0.03178846153846154
0 0.18350142045454546 0.20273076923076921 0.04066761363636363 0.021000000000000005
0 0.21977272727272726 0.18570192307692307 0.06372159090909092 0.09478846153846153
0 0.18560369318181816 0.2773653846153846 0.06833806818181819 0.1157692307692308
0 0.23842329545454544 0.20472115384615383 0.03815340909090911 0.052211538461538476
0 0.244921875 0.22004807692307693 0.053650568181818195 0.043134615384615396
0 0.2987926136363636 0.20755769230769233 0.03647727272727274 0.03519230769230769
0 0.2652556818181818 0.1615769230769231 0.06832386363636363 0.06811538461538462
0 0.8349573863636363 0.571375 0.025113636363636293 0.0502884615384615
0 0.18774857954545457 0.46408653846153847 0.06223011363636366 0.12309615384615383
0 0.28496448863636364 0.15278846153846154 0.049048295454545456 0.03461538461538462
0 0.3134659090909091 0.17832692307692308 0.03227272727272727 0.06526923076923076
0 0.3215127840909091 0.19989423076923077 0.01819602272727273 0.015096153846153863
0 0.325625 0.2209423076923077 0.021704545454545456 0.03019230769230767
0 0.27063210227272727 0.28107692307692306 0.0836221590909091 0.13957692307692304
0 0.225390625 0.2927211538461538 0.04580965909090909 0.13801923076923076
0 0.24572443181818182 0.30783653846153847 0.11397727272727275 0.07521153846153843
0 0.18774857954545457 0.3713461538461539 0.06223011363636366 0.06784615384615385
0 0.16066761363636364 0.5374038461538463 0.03960227272727272 0.07057692307692305
0 0.29775568181818185 0.5697403846153846 0.06411931818181817 0.07221153846153848
0 0.8139630681818182 0.5505288461538461 0.03125 0.08125
0 0.18674005681818182 0.5458846153846154 0.024644886363636334 0.0612692307692308
0 0.215625 0.5893750000000001 0.03960227272727272 0.07825
0 0.20795454545454542 0.4211346153846154 0.034744318181818196 0.07003846153846151
0 0.25765625 0.45533653846153843 0.01616477272727276 0.02025
0 0.220078125 0.45369230769230773 0.07839488636363635 0.06292307692307691
0 0.23852982954545457 0.41028846153846155 0.025156250000000012 0.11046153846153846
0 0.35428977272727274 0.6161538461538462 0.060767045454545456 0.04115384615384622
0 0.39791903409090906 0.6343557692307692 0.03427556818181818 0.05221153846153842
0 0.47634943181818185 0.47709615384615384 0.09267045454545456 0.12034615384615381
0 0.35916193181818185 0.5992788461538462 0.05647727272727276 0.04851923076923081
0 0.968487215909091 0.8054615384615386 0.030383522727272707 0.03530769230769223
0 0.3406534090909091 0.6172115384615384 0.03661931818181818 0.02426923076923078
0 0.3165056818181818 0.621951923076923 0.024943181818181823 0.05275000000000001
0 0.23274857954545458 0.6325096153846154 0.017911931818181796 0.026365384615384575
0 0.23392045454545454 0.6090288461538461 0.023380681818181828 0.02690384615384617
0 0.29215198863636366 0.6066634615384616 0.027656249999999997 0.05590384615384614
0 0.2590411931818182 0.6119326923076924 0.03700284090909089 0.05486538461538467
0 0.6303551136363637 0.9383461538461538 0.04704545454545455 0.04984615384615377
0 0.6031534090909091 0.9480384615384616 0.02781250000000006 0.030461538461538415
0 0.6203338068181818 0.9798846153846154 0.031093750000000062 0.03876923076923082
0 0.26021306818181816 0.5671057692307692 0.016761363636363654 0.05590384615384614
0 0.9637784090909091 0.8466538461538461 0.03835227272727273 0.04153846153846158
0 0.5890411931818181 0.9694519230769231 0.033139204545454604 0.061096153846153814
0 0.2557315340909091 0.5576057692307693 0.023366477272727258 0.05590384615384614
0 0.23917613636363635 0.5591923076923077 0.017528409090909094 0.06857692307692312
0 0.5843323863636364 0.9854230769230768 0.020454545454545423 0.028807692307692232
0 0.570625 0.9618846153846153 0.03803977272727277 0.07588461538461534
0 0.5403551136363637 0.9718461538461539 0.02005681818181819 0.05261538461538453
0 0.22262073863636364 0.514625 0.045980113636363645 0.024788461538461513
0 0.5256321022727273 0.9722211538461538 0.03231534090909091 0.05555769230769228
0 0.2559303977272727 0.5172692307692308 0.042457386363636385 0.038499999999999965
0 0.5172372159090909 0.9685288461538462 0.03845170454545454 0.06259615384615376
0 0.8385440340909092 0.5396826923076923 0.01728693181818176 0.03286538461538468
0 0.27961647727272726 0.53825 0.032073863636363616 0.07938461538461533
0 0.2824715909090909 0.5095576923076922 0.0354261363636364 0.039384615384615365
0 0.5493607954545454 0.8724326923076923 0.014318181818181876 0.043211538461538405
0 0.2445667613636364 0.487076923076923 0.03893465909090909 0.034115384615384575
0 0.45156960227272724 0.5927115384615386 0.03879261363636364 0.07876923076923073
0 0.5221519886363637 0.8635673076923076 0.0220880681818182 0.029903846153846177
0 0.8107670454545454 0.847625 0.04755681818181821 0.03863461538461534
0 0.8306178977272727 0.8880288461538461 0.018821022727272728 0.05390384615384621
0 0.6155326704545455 0.9066057692307692 0.02953125000000003 0.022365384615384606
0 0.6590909090909091 0.873048076923077 0.026534090909090837 0.04067307692307688
0 0.791825284090909 0.5129326923076923 0.03580965909090898 0.06521153846153846
0 0.7056463068181817 0.786298076923077 0.024531250000000056 0.031173076923076994
0 0.8058167613636364 0.9468365384615385 0.04524147727272731 0.033326923076923046
0 0.7484446022727272 0.9116826923076923 0.058082386363636426 0.14640384615384613
0 0.9474431818181818 0.9150769230769231 0.03954545454545443 0.12742307692307703
0 0.6217897727272728 0.8744038461538463 0.022017045454545456 0.0393076923076923
0 0.6485724431818182 0.8252692307692308 0.032542613636363675 0.06303846153846149
0 0.6302982954545455 0.8489903846153847 0.02102272727272729 0.03998076923076927
0 0.6433167613636364 0.873048076923077 0.02001420454545451 0.03524999999999997
0 0.8508238636363636 0.8411923076923077 0.017528409090909136 0.023038461538461574
0 0.603515625 0.8947403846153846 0.03754261363636357 0.025749999999999974
0 0.8304829545454546 0.5144903846153845 0.01829545454545454 0.04294230769230766
0 0.6493252840909091 0.7893461538461539 0.028025568181818207 0.0982692307692307
0 0.784737215909091 0.8157788461538462 0.024531249999999973 0.04405769230769235
0 0.7053977272727273 0.9038846153846154 0.06607954545454552 0.08742307692307688
0 0.907393465909091 0.8225576923076924 0.015525568181818111 0.11453846153846155
0 0.9036363636363638 0.8998173076923076 0.020028409090909124 0.07659615384615381
0 0.9003835227272727 0.9672596153846155 0.021534090909091027 0.06371153846153835
0 0.9637144886363636 0.9333653846153847 0.032031250000000094 0.1328461538461538
0 0.9249147727272727 0.953701923076923 0.03755681818181826 0.05151923076923081
0 0.8559943181818181 0.7299615384615384 0.055653409090909184 0.11030769230769233
0 0.8082670454545454 0.9133846153846155 0.030539772727272728 0.03592307692307694
0 0.8014133522727271 0.5477884615384616 0.02032670454545463 0.048999999999999926
0 0.9476917613636363 0.9866826923076923 0.03404829545454533 0.026634615384615427
0 0.8503196022727273 0.6336153846153847 0.017656250000000092 0.056423076923076874
0 0.8453693181818182 0.60325 0.019772727272727376 0.03299999999999994
0 0.8527840909090908 0.5635576923076924 0.023607954545454553 0.06323076923076922
0 0.8372514204545454 0.6328942307692308 0.0183664772727272 0.031096153846153878
0 0.8306463068181817 0.667 0.020269886363636337 0.04953846153846163
0 0.8724289772727274 0.7192211538461538 0.05934659090909103 0.03882692307692307
0 0.7683309659090909 0.678375 0.01927556818181825 0.028134615384615376
0 0.7636363636363636 0.7108461538461538 0.01582386363636362 0.036807692307692284
0 0.8861008522727274 0.6482500000000001 0.036463068181818124 0.09526923076923081
0 0.8073082386363637 0.49742307692307686 0.03455965909090915 0.034115384615384575
0 0.8925355113636364 0.6520384615384616 0.04677556818181811 0.09934615384615378
0 0.6261576704545454 0.5953557692307692 0.02274147727272726 0.04686538461538462
0 0.6603977272727273 0.6627788461538461 0.042471590909090876 0.04763461538461535
0 0.8966335227272727 0.2614423076923077 0.025255681818181778 0.023653846153846123
0 0.7576988636363637 0.6435576923076922 0.01781250000000011 0.07230769230769224
0 0.9087855113636365 0.7264999999999999 0.02044034090909089 0.0368846153846154
0 0.6310014204545454 0.6444807692307692 0.02146306818181812 0.05519230769230778
0 0.7387571022727273 0.6044615384615385 0.04362215909090914 0.22684615384615386
0 0.7741051136363637 0.7536923076923077 0.02875000000000001 0.03426923076923075
0 0.37378551136363636 0.9471634615384615 0.0241335227272727 0.03940384615384617
0 0.6926491477272727 0.4663173076923077 0.05813920454545447 0.04017307692307695
0 0.391796875 0.9549711538461539 0.025525568181818222 0.052519230769230776
0 0.9296519886363637 0.6235673076923077 0.026605113636363663 0.06913461538461547
0 0.9543252840909091 0.7138942307692309 0.030468750000000065 0.06971153846153846
0 0.4607741477272727 0.9815576923076924 0.08492897727272722 0.03523076923076933
0 0.8747301136363635 0.5712884615384617 0.02144886363636367 0.03426923076923075
0 0.4197798295454545 0.969923076923077 0.027485795454545405 0.03588461538461554
0 0.41044744318181814 0.9310384615384615 0.02748579545454549 0.08973076923076928
0 0.49660511363636367 0.9220673076923077 0.026022727272727263 0.07444230769230765
0 0.6880539772727272 0.6624134615384616 0.032499999999999994 0.03382692307692303
0 0.6937357954545454 0.6991538461538461 0.03210227272727276 0.05188461538461542
0 0.9953125 0.8141153846153847 0.009375000000000033 0.05676923076923084
0 0.7454687499999999 0.7350769230769231 0.037755681818181876 0.08773076923076924
0 0.9446803977272729 0.6337307692307693 0.014588068181818318 0.08365384615384615
0 0.5816548295454546 0.5811634615384617 0.01973011363636362 0.026134615384615336
0 0.7224786931818182 0.7876826923076924 0.01964488636363634 0.03825000000000008
0 0.7377556818181819 0.7964807692307692 0.023664772727272763 0.03888461538461533
0 0.760575284090909 0.8025769230769232 0.024218750000000098 0.03584615384615393
0 0.7586008522727273 0.7766538461538461 0.03154829545454534 0.026692307692307682
0 0.912919034090909 0.6770096153846155 0.02401988636363632 0.059826923076923104
0 0.7042400568181818 0.7419423076923077 0.035497159090909024 0.05796153846153843
0 0.6710014204545455 0.6286826923076924 0.04563920454545454 0.0663653846153846
0 0.2578835227272727 0.44026923076923075 0.0608806818181818 0.09773076923076922
0 0.7068821022727273 0.4880673076923077 0.03538352272727276 0.030826923076923078
0 0.7295667613636364 0.7296923076923076 0.01947443181818187 0.06296153846153849
0 0.7186434659090909 0.6998365384615385 0.0214630681818182 0.024750000000000008
0 0.709296875 0.6774903846153847 0.027428977272727275 0.03174999999999998
0 0.6878338068181818 0.6207211538461538 0.04572443181818182 0.05275000000000001
0 0.7118465909090909 0.6056442307692308 0.05048295454545449 0.0550576923076923
0 0.7107244318181819 0.6472211538461539 0.024119318181818127 0.037211538461538504
0 0.13916903409090908 0.9321346153846154 0.013338068181818182 0.021846153846153873
0 0.7299360795454546 0.6718942307692307 0.025525568181818222 0.05848076923076917
0 0.2052059659090909 0.8743173076923076 0.04575284090909088 0.04978846153846151
0 0.18267755681818185 0.8442788461538461 0.04115056818181818 0.0681730769230769
0 0.9318181818181818 0.4894326923076923 0.03374999999999999 0.049480769230769266
0 0.7865482954545455 0.6035288461538463 0.021874999999999967 0.018596153846153877
0 0.20795454545454548 0.8244134615384615 0.05227272727272729 0.06132692307692305
0 0.6627556818181818 0.6973461538461538 0.02488636363636361 0.04473076923076921
0 0.14164772727272726 0.9581442307692308 0.02857954545454546 0.030365384615384655
0 0.18264204545454543 0.914028846153846 0.04380681818181819 0.03471153846153848
0 0.1520596590909091 0.9086153846153846 0.036051136363636355 0.03253846153846157
0 0.6486789772727272 0.6855673076923077 0.020852272727272737 0.04763461538461535
0 0.7885511363636365 0.6567596153846154 0.014772727272727241 0.03351923076923078
0 0.15833806818181817 0.882576923076923 0.02082386363636363 0.036153846153846064
0 0.1249502840909091 0.9010192307692307 0.04166193181818181 0.03253846153846157
0 0.9832173295454545 0.842153846153846 0.017911931818181837 0.0768461538461538
0 0.9549289772727273 0.6141153846153847 0.020852272727272816 0.028230769230769243
0 0.1669318181818182 0.9283461538461538 0.059573863636363654 0.037807692307692244
0 0.6855113636363637 0.8656826923076922 0.05491477272727276 0.1550192307692307
0 0.9509232954545456 0.7731826923076923 0.022130681818181876 0.0634038461538462
0 0.9213423295454546 0.8146826923076923 0.014048295454545596 0.0460961538461539
0 0.9349644886363635 0.8175576923076923 0.015752840909090956 0.031115384615384628
0 0.9453906249999999 0.8166923076923077 0.01703125000000001 0.08126923076923075
0 0.8762215909090909 0.7904711538461537 0.025113636363636452 0.04148076923076922
0 0.866640625 0.7884519230769231 0.018735795454545533 0.016711538461538458
0 0.8928196022727274 0.7633942307692309 0.022571022727272707 0.054173076923076956
0 0.8916548295454546 0.49106730769230766 0.11970170454545452 0.0842884615384615
0 0.8940980113636364 0.8642403846153845 0.023423295454545467 0.08413461538461539
0 0.8040127840909093 0.7895192307692308 0.025696022727272772 0.02157692307692313
0 0.8281178977272727 0.812076923076923 0.03447443181818179 0.037461538461538386
0 0.7978906250000001 0.8221153846153846 0.017116477272727207 0.023153846153846084
0 0.8132741477272728 0.8215384615384616 0.015525568181818111 0.02169230769230764
0 0.7869957386363636 0.9140576923076923 0.05007102272727273 0.08199999999999998
0 0.8405681818181818 0.8498076923076923 0.025710227272727145 0.03430769230769226
0 0.9815056818181819 0.8684711538461539 0.036988636363636314 0.07132692307692302
0 0.7028764204545456 0.4282596153846154 0.032940340909090905 0.05763461538461538
0 0.1191122159090909 0.23344230769230767 0.04450284090909091 0.11488461538461538
0 0.1122940340909091 0.1675576923076923 0.02492897727272727 0.018461538461538477
0 0.7153338068181818 0.392375 0.024900568181818225 0.042403846153846174
0 0.7257741477272728 0.45382692307692307 0.04015625000000005 0.07938461538461539
0 0.5385227272727273 0.87425 0.010937500000000065 0.014807692307692286
0 0.8409232954545455 0.47791346153846154 0.02755681818181831 0.03882692307692313
0 0.7577059659090909 0.5158173076923077 0.0301278409090908 0.15878846153846152
0 0.7725639204545455 0.484 0.024502840909090908 0.09842307692307688
0 0.7878267045454546 0.4470288461538462 0.034943181818181686 0.08209615384615385
0 0.8133380681818181 0.4831826923076923 0.03213068181818182 0.02936538461538458
0 0.817549715909091 0.45436538461538456 0.022883522727272745 0.054384615384615385
0 0.8773934659090908 0.4429519230769231 0.07430397727272736 0.1229038461538462
0 0.8004403409090909 0.44899038461538465 0.03093749999999996 0.06471153846153847
0 0.7599573863636363 0.42157692307692307 0.05230113636363627 0.032730769230769195
0 0.7309943181818181 0.3983557692307692 0.022499999999999964 0.06090384615384613
0 0.3990411931818182 0.534 0.05009943181818179 0.16265384615384623
0 0.7456107954545454 0.3831346153846154 0.019119318181818234 0.033499999999999974
0 0.8402485795454546 0.4243942307692308 0.07007102272727278 0.0895192307692308
0 0.32813210227272727 0.10525000000000001 0.04151988636363639 0.10423076923076924
0 0.3149502840909091 0.014 0.051406249999999994 0.028
0 0.2955681818181818 0.07341346153846154 0.0881818181818182 0.05040384615384615
0 0.37428267045454544 0.04333653846153847 0.04180397727272724 0.055711538461538465
0 0.35533380681818183 0.04311538461538462 0.03396306818181822 0.08623076923076924
0 0.435625 0.173375 0.07210227272727271 0.06751923076923076
0 0.11407670454545454 0.0510673076923077 0.02610795454545454 0.06828846153846155
0 0.39063210227272727 0.11502884615384615 0.04390624999999995 0.05944230769230768
