0 0.685106534090909 0.757778846153846 0.05455965909090905 0.04390384615384613
0 0.13323153409090907 0.20807692307692305 0.03282670454545455 0.047576923076923065
0 0.6007102272727273 0.5468461538461539 0.028125000000000015 0.03773076923076924
0 0.6047088068181818 0.511923076923077 0.08137784090909093 0.10680769230769235
0 0.5596093750000001 0.4984807692307693 0.11529829545454548 0.09261538461538467
0 0.8463139204545456 0.09640384615384616 0.04995738636363631 0.15765384615384617
0 0.9144318181818182 0.09991346153846153 0.07267045454545466 0.07071153846153846
0 0.8607386363636365 0.023201923076923075 0.027471590909090956 0.04640384615384615
0 0.9823011363636364 0.8129134615384616 0.03534090909090908 0.0807115384615384
0 0.9945312500000001 0.7735096153846154 0.010767045454545513 0.02544230769230762
0 0.9276349431818183 0.8484519230769231 0.023735795454545346 0.05144230769230769
0 0.908046875 0.8132403846153846 0.06387784090909095 0.03632692307692305
0 0.10055397727272726 0.24564423076923078 0.07454545454545455 0.05513461538461536
0 0.9475852272727271 0.8007019230769231 0.03988636363636369 0.04340384615384614
0 0.9543465909090908 0.8523076923076923 0.04914772727272731 0.06557692307692312
0 0.9767613636363636 0.7344903846153846 0.04647727272727276 0.11798076923076928
0 0.9164914772727273 0.7651826923076923 0.07176136363636361 0.07448076923076927
0 0.9388352272727274 0.7207692307692307 0.0215056818181818 0.04461538461538459
0 0.8969460227272728 0.7417403846153846 0.06786931818181831 0.08505769230769235
0 0.8133096590909091 0.647798076923077 0.06926136363636362 0.05671153846153848
0 0.8377982954545454 0.5777884615384615 0.1278409090909091 0.10692307692307697
0 0.5944744318181818 0.9111923076923077 0.06454545454545454 0.0631153846153846
0 0.6302698863636365 0.9779326923076923 0.043096590909090876 0.043596153846153875
0 0.4977627840909091 0.9045576923076923 0.014786931818181774 0.0428846153846153
0 0.64046875 0.9343269230769231 0.029659090909090902 0.08499999999999998
0 0.6707031250000001 0.8671923076923077 0.05259943181818178 0.059923076923076864
0 0.7117187500000001 0.8693846153846154 0.03590909090909095 0.07373076923076918
0 0.8337571022727271 0.7979326923076923 0.025071022727272695 0.059749999999999984
0 0.8299431818181818 0.7645384615384615 0.02017045454545461 0.03357692307692315
0 0.7751704545454546 0.7868653846153846 0.09210227272727277 0.09296153846153841
0 0.6920667613636364 0.8171153846153846 0.030525568181818116 0.04353846153846162
0 0.7016051136363637 0.7909230769230768 0.0653977272727273 0.04353846153846162
0 0.7190411931818181 0.7501538461538462 0.036519886363636254 0.059384615384615376
0 0.765909090909091 0.7265384615384615 0.05014204545454555 0.042423076923076924
0 0.5092542613636364 0.8878846153846154 0.02509943181818184 0.024769230769230762
0 0.7434303977272727 0.6693653846153846 0.04441761363636361 0.05569230769230776
0 0.742478693181818 0.6946346153846155 0.09973011363636353 0.07303846153846147
0 0.7439772727272728 0.6509230769230769 0.05750000000000002 0.07488461538461538
0 0.708409090909091 0.6324711538461538 0.05613636363636369 0.09925000000000003
0 0.7017400568181817 0.5743653846153847 0.04115056818181814 0.0833846153846154
0 0.6783025568181817 0.5483557692307692 0.03134943181818181 0.08817307692307685
0 0.7491548295454545 0.5948365384615385 0.08583806818181819 0.09701923076923086
0 0.6599076704545455 0.5267788461538462 0.022883522727272745 0.041326923076923094
0 0.6926065340909091 0.5245673076923076 0.05396306818181811 0.08117307692307694
0 0.64328125 0.5050096153846154 0.02670454545454539 0.07525000000000004
0 0.49053977272727267 0.8795096153846155 0.012073863636363636 0.016326923076922985
0 0.6740767045454545 0.4764134615384616 0.03869318181818183 0.04832692307692312
0 0.65078125 0.4274230769230769 0.03394886363636369 0.09038461538461538
0 0.7482528409090908 0.41194230769230766 0.04960227272727275 0.06146153846153848
0 0.31987926136363637 0.18103846153846154 0.08606534090909092 0.05415384615384615
0 0.33836647727272723 0.13510576923076922 0.04468750000000001 0.027250000000000003
0 0.34540482954545454 0.08804807692307692 0.056548295454545455 0.09748076923076923
0 0.3200284090909091 0.08767307692307692 0.033380681818181816 0.08626923076923076
0 0.30333096590909087 0.11064423076923076 0.028139204545454547 0.09932692307692308
0 0.37491477272727275 0.18178846153846154 0.08744318181818186 0.08030769230769229
0 0.30568181818181817 0.15209615384615385 0.051590909090909125 0.026884615384615392
0 0.5120525568181818 0.8735865384615384 0.017713068181818222 0.03294230769230768
0 0.5304971590909091 0.09514423076923077 0.12053977272727266 0.11613461538461539
0 0.5079900568181818 0.13973076923076921 0.05259943181818178 0.039846153846153844
0 0.5123508522727273 0.16002884615384616 0.059673295454545444 0.059749999999999984
0 0.46616477272727264 0.15855769230769232 0.03596590909090908 0.06050000000000001
0 0.4664275568181818 0.11150961538461539 0.057769886363636384 0.05275
0 0.4157528409090909 0.14600961538461538 0.06866477272727277 0.09148076923076921
0 0.3490411931818182 0.22521153846153844 0.061036931818181775 0.09865384615384615
0 0.34484374999999995 0.27428846153846154 0.025170454545454544 0.033576923076923094
0 0.4860014204545454 0.25595192307692305 0.024417613636363633 0.1766346153846154
0 0.21833096590909087 0.6457692307692308 0.06390624999999997 0.04788461538461534
0 0.49865767045454545 0.8594326923076923 0.0171732954545455 0.0354038461538462
0 0.17826704545454544 0.6073461538461539 0.09082386363636363 0.048307692307692315
0 0.09911931818181818 0.553875 0.0806534090909091 0.04021153846153851
0 0.12132102272727273 0.5891057692307693 0.08801136363636364 0.1734038461538462
0 0.11341619318181818 0.6586538461538461 0.05640625 0.16269230769230775
0 0.164921875 0.5588557692307693 0.05859374999999998 0.06344230769230771
0 0.1113778409090909 0.534875 0.08230113636363635 0.026557692307692313
0 0.30199573863636364 0.9893461538461539 0.07822443181818181 0.021307692307692278
0 0.32071732954545457 0.9632019230769231 0.0695596590909091 0.07359615384615381
0 0.26271306818181817 0.9750480769230769 0.047159090909090935 0.03286538461538468
0 0.2508522727272728 0.9619903846153847 0.026761363636363642 0.029134615384615342
0 0.50015625 0.840798076923077 0.03815340909090911 0.045365384615384564
0 0.25168323863636366 0.9322884615384615 0.023451704545454533 0.036230769230769184
0 0.2388565340909091 0.9897692307692308 0.01765625000000001 0.020461538461538434
0 0.2582954545454545 0.891403846153846 0.02178977272727273 0.05153846153846156
0 0.29691761363636365 0.8564903846153846 0.06923295454545456 0.11390384615384619
0 0.2762286931818182 0.9373365384615384 0.03723011363636361 0.050057692307692365
0 0.22009232954545455 0.9583942307692308 0.04302556818181817 0.08321153846153842
0 0.13444602272727274 0.9517115384615384 0.08357954545454543 0.0952307692307692
0 0.07099431818181819 0.9558269230769231 0.05434659090909091 0.08776923076923085
0 0.4701775568181818 0.8437596153846154 0.043593749999999994 0.06013461538461535
0 0.4846235795454545 0.9155 0.018536931818181834 0.07303846153846158
0 0.09335227272727273 0.16996153846153844 0.02204545454545455 0.0308076923076923
0 0.9528764204545456 0.025932692307692306 0.049247159090909036 0.04855769230769231
0 0.9227414772727273 0.06570192307692307 0.02599431818181812 0.015250000000000007
0 0.931044034090909 0.03861538461538462 0.043053977272727355 0.07600000000000001
0 0.907059659090909 0.050230769230769225 0.02071022727272733 0.04242307692307692
0 0.8860795454545454 0.05946153846153846 0.02071022727272733 0.023230769230769235
0 0.8943892045454547 0.026625000000000003 0.040596590909090964 0.05201923076923077
0 0.872450284090909 0.042855769230769225 0.019076704545454473 0.08301923076923076
0 0.8610085227272729 0.05946153846153846 0.0179829545454545 0.03134615384615385
0 0.9206605113636364 0.8938173076923076 0.03012784090909096 0.06244230769230764
0 0.9119673295454547 0.8610288461538462 0.013678977272727266 0.05898076923076926
0 0.1353693181818182 0.09492307692307692 0.04235795454545454 0.09157692307692308
0 0.9161434659090908 0.9112307692307693 0.028963068181818163 0.04453846153846159
0 0.9123153409090908 0.9587596153846154 0.00835227272727272 0.031057692307692265
0 0.9046164772727273 0.971951923076923 0.035965909090909 0.04794230769230771
0 0.9074786931818182 0.9514807692307692 0.03242897727272717 0.05423076923076921
0 0.9250568181818182 0.9632788461538461 0.03815340909090911 0.07194230769230774
0 0.8928977272727273 0.911076923076923 0.027244318181818272 0.03542307692307695
0 0.8646946022727273 0.8804615384615384 0.059673295454545444 0.11730769230769231
0 0.8777769886363637 0.9452019230769231 0.02589488636363639 0.035057692307692345
0 0.8514843750000001 0.9773076923076923 0.039786931818181805 0.045384615384615426
0 0.7947940340909092 0.6864326923076923 0.06151988636363645 0.047788461538461585
0 0.12223011363636363 0.11715384615384616 0.04105113636363637 0.041807692307692323
0 0.8019673295454546 0.7056634615384615 0.05876420454545455 0.04071153846153838
0 0.8323082386363635 0.7097788461538462 0.021235795454545358 0.02651923076923081
0 0.8350710227272728 0.7095865384615385 0.05985795454545453 0.04855769230769231
0 0.8808806818181818 0.6735673076923077 0.04897727272727275 0.06544230769230763
0 0.8489346590909093 0.6871826923076924 0.031136363636363577 0.04171153846153846
0 0.8291406249999999 0.7379038461538462 0.04995738636363631 0.030730769230769155
0 0.8709872159090909 0.7679903846153846 0.022059659090909213 0.03998076923076927
0 0.8726136363636363 0.7319711538461539 0.0226988636363635 0.033826923076923136
0 0.8541193181818181 0.7460288461538461 0.03502840909090905 0.03205769230769223
0 0.8611292613636364 0.8218461538461539 0.044502840909090804 0.13376923076923078
0 0.13865056818181817 0.12271153846153847 0.04301136363636364 0.09557692307692307
0 0.839346590909091 0.7515961538461539 0.022130681818181876 0.02015384615384619
0 0.8659019886363637 0.6323749999999999 0.051860795454545444 0.09448076923076922
0 0.8250994318181818 0.6777788461538461 0.035426136363636444 0.03432692307692312
0 0.7949928977272727 0.7203942307692308 0.04660511363636372 0.06271153846153849
0 0.554375 0.7806826923076924 0.028181818181818145 0.04001923076923077
0 0.5667897727272727 0.7896153846153846 0.01872159090909092 0.033346153846153796
0 0.568174715909091 0.7729519230769231 0.03211647727272729 0.08644230769230778
0 0.5941761363636364 0.8237692307692308 0.028181818181818228 0.13365384615384615
0 0.5260866477272728 0.7998173076923076 0.03393465909090907 0.03771153846153838
0 0.47656960227272727 0.8184903846153846 0.08220170454545456 0.04967307692307689
0 0.14620738636363637 0.15650961538461536 0.040397727272727287 0.060019230769230755
0 0.5442897727272726 0.7432403846153847 0.10786931818181818 0.09186538461538458
0 0.5153835227272728 0.8405961538461538 0.014801136363636386 0.04188461538461533
0 0.5156747159090909 0.9469038461538462 0.06294034090909091 0.09850000000000005
0 0.5320525568181819 0.8627788461538461 0.03813920454545458 0.1069038461538461
0 0.11486505681818181 0.8800096153846154 0.05228693181818181 0.03444230769230774
0 0.10257102272727271 0.9079519230769231 0.06670454545454546 0.0306346153846154
0 0.2073153409090909 0.888576923076923 0.09042613636363636 0.11296153846153847
0 0.0793252840909091 0.8669711538461539 0.0764630681818182 0.03824999999999997
0 0.08381392045454546 0.8230961538461539 0.07214488636363638 0.06030769230769233
0 0.15679687499999997 0.8869615384615385 0.03458806818181819 0.18084615384615388
0 0.13257102272727272 0.12226923076923077 0.048607954545454544 0.05557692307692307
0 0.09239346590909091 0.09965384615384616 0.022713068181818195 0.10715384615384617
0 0.11997869318181818 0.05746153846153845 0.039786931818181825 0.05903846153846153
0 0.5908380681818182 0.6128365384615385 0.07105113636363634 0.044980769230769206
0 0.6488210227272727 0.5880865384615385 0.04434659090909087 0.04667307692307689
0 0.6298792613636363 0.5695288461538461 0.03950284090909091 0.05955769230769225
0 0.6112926136363637 0.6219711538461538 0.02647727272727279 0.05374999999999998
0 0.6525568181818181 0.6726923076923076 0.027244318181818192 0.07034615384615382
0 0.6323153409090909 0.6402788461538461 0.02102272727272729 0.03821153846153847
0 0.6434090909090909 0.6132788461538461 0.05877840909090908 0.031096153846153878
0 0.5979545454545455 0.6297403846153847 0.016931818181818204 0.035557692307692214
0 0.09465198863636362 0.22608653846153845 0.022002840909090902 0.09248076923076927
0 0.5907599431818181 0.6958846153846154 0.015383522727272704 0.05034615384615386
0 0.6074928977272727 0.6579326923076924 0.02938920454545454 0.030826923076923026
0 0.5805255681818182 0.6419134615384615 0.028068181818181805 0.17817307692307688
0 0.5505468750000001 0.5898942307692308 0.03950284090909091 0.05275000000000001
0 0.49318892045454543 0.605576923076923 0.07901988636363635 0.11657692307692309
0 0.5328338068181818 0.6184903846153846 0.02424715909090908 0.14828846153846156
0 0.47164772727272725 0.8814423076923077 0.017528409090909056 0.044769230769230825
0 0.43618607954545463 0.8381826923076924 0.06953124999999999 0.12059615384615381
0 0.38243607954545455 0.9629519230769231 0.043565340909090894 0.07371153846153843
0 0.4613210227272727 0.9330865384615386 0.049431818181818195 0.07901923076923072
0 0.06098721590909091 0.183625 0.05975852272727273 0.08048076923076922
0 0.6534375 0.791875 0.02318181818181817 0.04159615384615384
0 0.6805255681818182 0.7871538461538462 0.03937499999999996 0.046500000000000014
0 0.6655894886363636 0.8274230769230769 0.027372159090909065 0.035538461538461574
0 0.6465056818181818 0.7753557692307691 0.04903409090909088 0.07367307692307692
0 0.6005326704545454 0.7334326923076923 0.040582386363636355 0.060980769230769304
0 0.6155397727272728 0.7653461538461539 0.041051136363636415 0.06638461538461535
0 0.6000213068181819 0.7033269230769231 0.022883522727272745 0.0631153846153846
0 0.6389133522727273 0.7009038461538462 0.04330965909090911 0.09261538461538467
0 0.6782244318181818 0.6865192307692308 0.04855113636363637 0.06684615384615383
0 0.6167116477272727 0.5653269230769231 0.02151988636363641 0.05303846153846151
