0 0.5801207386363636 0.42718269230769224 0.02723011363636366 0.038980769230769194
0 0.6190269886363635 0.44280769230769224 0.03450284090909094 0.051269230769230706
0 0.1921164772727273 0.6655865384615385 0.03690340909090912 0.06190384615384615
0 0.20267755681818178 0.6885769230769231 0.04734375000000006 0.04200000000000001
0 0.22299715909090911 0.65925 0.028607954545454527 0.04200000000000001
0 0.25887784090909094 0.6129807692307692 0.03409090909090909 0.046153846153846156
0 0.6768749999999999 0.7827692307692308 0.0202272727272727 0.029461538461538476
0 0.2324005681818182 0.8854038461538462 0.043693181818181805 0.057692307692307696
0 0.2925142045454545 0.026884615384615396 0.03099431818181817 0.037807692307692355
0 0.14035511363636355 0.9303269230769231 0.03125 0.03461538461538461
0 0.15340909090909094 0.9089423076923077 0.03125 0.04230769230769231
0 0.5577272727272726 0.923826923076923 0.026988636363636364 0.029423076923076916
0 0.050426136363636354 0.6336538461538461 0.032670454545454544 0.04423076923076923
0 0.5565411931818183 0.9042788461538461 0.020298295454545402 0.022634615384615378
0 0.3811363636363636 0.6175865384615384 0.026931818181818234 0.03367307692307696
0 0.43252840909090906 0.9201923076923078 0.018465909090909092 0.01730769230769231
0 0.11459517045454537 0.009663461538461537 0.026605113636363663 0.0193269230769231
0 0.359765625 0.6187019230769231 0.01953125 0.0336730769230769
0 0.3412571022727273 0.6167499999999999 0.01953125 0.02976923076923075
0 0.49481534090909096 0.43846153846153846 0.026988636363636364 0.03903846153846145
0 0.4878053977272727 0.4744615384615385 0.029133522727272713 0.04396153846153838
0 0.509865056818182 0.4826346153846154 0.029559659090909095 0.03492307692307697
0 0.52671875 0.47024038461538453 0.024545454545454506 0.03944230769230767
0 0.6070170454545455 0.5138461538461538 0.041505681818181775 0.10199999999999998
0 0.5463849431818182 0.4670000000000001 0.03558238636363638 0.07126923076923078
0 0.4468110795454545 0.4326249999999999 0.030383522727272707 0.03917307692307693
0 0.43953125000000004 0.41811538461538456 0.027471590909090956 0.03888461538461533
0 0.40102982954545463 0.42064423076923074 0.013735795454545478 0.024788461538461513
0 0.4146590909090908 0.414875 0.018522727272727302 0.026211538461538453
0 0.4192329545454545 0.42854807692307695 0.02434659090909089 0.04113461538461547
0 0.5761363636363637 0.4956346153846154 0.027414772727272742 0.0336538461538461
0 0.5754474431818182 0.40084615384615385 0.029303977272727266 0.03476923076923085
0 0.4789488636363637 0.34378846153846154 0.03409090909090909 0.051923076923076926
0 0.603203125 0.41874999999999996 0.02413352272727266 0.03196153846153847
0 0.6799005681818182 0.7614423076923077 0.02568181818181816 0.038192307692307664
0 0.2414772727272727 0.21442307692307694 0.036931818181818184 0.0673076923076923
0 0.6916761363636363 0.7405576923076923 0.02579545454545454 0.05753846153846154
0 0.6185298295454545 0.42030769230769227 0.008991477272727331 0.014346153846153916
0 0.580752840909091 0.5285865384615385 0.03715909090909095 0.03501923076923078
0 0.13467329545454543 0.03275961538461547 0.06380681818181812 0.06374999999999996
0 0.7117329545454545 0.7771057692307692 0.023835227272727275 0.035903846153846154
0 0.2707386363636364 0.057230769230769196 0.02690340909090909 0.03884615384615382
0 0.6118963068181817 0.39592307692307693 0.029048295454545438 0.035461538461538454
0 0.6948863636363636 0.7808461538461539 0.016903409090909097 0.04292307692307694
0 0.91546875 0.5804903846153846 0.017613636363636352 0.036442307692307725
0 0.9344034090909091 0.5782307692307693 0.026250000000000006 0.04003846153846152
0 0.2966122159090909 0.05914423076923081 0.02637784090909098 0.038519230769230715
0 0.9892684659090909 0.9437788461538461 0.02146306818181818 0.05490384615384615
0 0.9732883522727273 0.9167692307692308 0.03339488636363636 0.04523076923076923
0 0.96453125 0.9523365384615384 0.02690340909090909 0.036442307692307684
0 0.8202556818181819 0.9602788461538462 0.037755681818181834 0.046788461538461536
0 0.23934659090909094 0.03749999999999998 0.01278409090909091 0.01730769230769231
0 0.2868110795454545 0.009375000000000022 0.06015624999999995 0.01875
0 0.5917897727272727 0.45053846153846144 0.03397727272727267 0.03300000000000005
0 0.8241406250000001 0.9893846153846154 0.026775568181818175 0.02123076923076923
0 0.7824360795454546 0.9714038461538461 0.042286931818181835 0.040769230769230766
0 0.790625 0.797923076923077 0.019943181818181808 0.06261538461538461
0 0.7827840909090908 0.8011538461538461 0.02659090909090909 0.038153846153846135
0 0.19291903409090916 0.01245192307692311 0.03149147727272721 0.02490384615384613
0 0.011441761363636282 0.12516346153846147 0.02274147727272726 0.06728846153846156
0 0.6662997159090909 0.7592884615384615 0.03490056818181821 0.08357692307692309
0 0.08542613636363638 0.2300192307692308 0.030085227272727364 0.04153846153846158
0 0.31534090909090906 0.1413461538461539 0.017045454545454544 0.021153846153846155
0 0.9806818181818182 0.7988076923076923 0.028664772727272726 0.09046153846153844
0 0.634296875 0.4082307692307692 0.02981534090909088 0.10384615384615385
0 0.9513707386363637 0.4682788461538462 0.02958806818181818 0.07671153846153844
0 0.971328125 0.4367596153846154 0.02615056818181818 0.03125
0 0.9170809659090909 0.46760576923076913 0.04188920454545455 0.08078846153846157
0 0.9426207386363636 0.41739423076923077 0.033707386363636356 0.03678846153846153
0 0.8980752840909091 0.4753557692307693 0.023082386363636354 0.040942307692307625
0 0.4689204545454545 0.7190865384615385 0.025880681818181858 0.03598076923076925
0 0.48245028409090907 0.7012499999999999 0.02728693181818179 0.041461538461538466
0 0.502627840909091 0.6986730769230769 0.02065340909090912 0.03246153846153845
0 0.22798295454545459 0.9317307692307693 0.04971590909090909 0.04423076923076923
0 0.2805397727272727 0.9221153846153847 0.026988636363636364 0.04807692307692308
0 0.6580326704545454 0.3859903846153846 0.03208806818181819 0.06298076923076923
0 0.9247159090909091 0.5259615384615385 0.03125 0.04038461538461539
0 0.7073863636363636 0.4884615384615385 0.03125 0.05384615384615385
0 0.7279829545454546 0.5 0.032670454545454544 0.04230769230769231
0 0.7975852272727273 0.4701923076923077 0.026988636363636364 0.04038461538461539
0 0.4524147727272727 0.5182692307692307 0.029829545454545456 0.04038461538461539
0 0.8650568181818181 0.4673076923076923 0.028409090909090908 0.038461538461538464
0 0.22869318181818177 0.4673076923076923 0.03409090909090909 0.03461538461538462
0 0.234375 0.4884615384615385 0.028409090909090908 0.046153846153846156
0 0.18892045454545459 0.5538461538461539 0.028409090909090908 0.038461538461538464
0 0.8643465909090909 0.7125 0.026988636363636364 0.032692307692307694
0 0.29079545454545463 0.9906057692307693 0.025056818181818243 0.01878846153846154
0 0.8068181818181819 0.5971153846153846 0.028409090909090908 0.03653846153846154
0 0.44757812500000005 0.2562884615384615 0.03575284090909093 0.05565384615384615
0 0.3679119318181818 0.20622115384615392 0.0277272727272727 0.03194230769230772
0 0.46165482954545456 0.21969230769230774 0.03268465909090908 0.05623076923076925
0 0.6839417613636364 0.02003846153846145 0.027855113636363657 0.04007692307692303
0 0.7064488636363637 0.029971153846153897 0.02562500000000003 0.04044230769230764
0 0.717237215909091 0.07438461538461538 0.03308238636363639 0.051192307692307704
0 0.7779616477272727 0.2915000000000001 0.024019886363636358 0.030461538461538415
0 0.701875 0.16273076923076923 0.028068181818181805 0.04080769230769236
0 0.6848082386363636 0.1819519230769231 0.029332386363636373 0.040365384615384636
0 0.36142755681818184 0.5417115384615385 0.009985795454545416 0.016307692307692342
0 0.7019957386363636 0.2390096153846153 0.023309659090909086 0.0318653846153846
0 0.7409303977272728 0.24216346153846158 0.023934659090909083 0.035057692307692345
0 0.7579048295454546 0.2201923076923077 0.03569602272727272 0.04807692307692308
0 0.8095880681818182 0.20561538461538464 0.03551136363636365 0.038461538461538464
0 0.8505823863636364 0.1879615384615385 0.03409090909090909 0.04230769230769231
0 0.9179829545454545 0.100923076923077 0.022727272727272717 0.04230769230769231
0 0.11984375000000003 0.2793365384615385 0.023409090909090935 0.04344230769230775
0 0.06715909090909089 0.2584423076923077 0.02664772727272726 0.06830769230769228
0 0.060632102272727195 0.2971634615384615 0.03404829545454533 0.04055769230769226
0 0.0701207386363637 0.3283173076923077 0.026747159090908988 0.03425
0 0.36309659090909097 0.5621730769230768 0.03946022727272724 0.05584615384615383
0 0.12180397727272729 0.3274038461538461 0.046875 0.06153846153846154
0 0.046732954545454564 0.34923076923076923 0.015625 0.021153846153846155
0 0.06569602272727271 0.39384615384615385 0.014204545454545454 0.025
0 0.14559659090909094 0.4636634615384616 0.03346590909090901 0.051173076923076946
0 0.11967329545454541 0.4657403846153846 0.02349431818181813 0.0359807692307693
0 0.12532670454545458 0.4976538461538461 0.030198863636363624 0.03469230769230773
0 0.5205965909090908 0.7846153846153846 0.015625 0.023076923076923078
0 0.4694176136363637 0.8542596153846154 0.028863636363636355 0.032096153846153844
0 0.38129971590909095 0.8140576923076923 0.061832386363636326 0.05569230769230771
0 0.47240767045454546 0.8183750000000001 0.029786931818181858 0.04359615384615385
0 0.3610511363636364 0.5077884615384616 0.028409090909090908 0.039346153846153864
0 0.34267045454545453 0.8021730769230769 0.02846590909090904 0.0393076923076923
0 0.32508522727272726 0.7910192307692308 0.0279261363636364 0.035153846153846154
0 0.4674857954545455 0.7845961538461539 0.024687499999999994 0.04369230769230769
0 0.45146306818181814 0.7935961538461538 0.028238636363636358 0.034076923076923074
0 0.1806534090909092 0.8579038461538462 0.018749999999999902 0.02473076923076923
0 0.17524857954545459 0.8743365384615385 0.05117897727272724 0.044557692307692326
0 0.11575284090909088 0.8275576923076923 0.04261363636363636 0.05576923076923077
0 0.05306818181818185 0.8379038461538462 0.03411931818181815 0.041307692307692316
0 0.02935369318181813 0.8442596153846154 0.030411931818181772 0.04940384615384615
0 0.008125000000000049 0.6561250000000001 0.016250000000000077 0.06801923076923078
