0 0.20840198863636364 0.21750961538461536 0.030383522727272707 0.045288461538461534
0 0.14333806818181818 0.6274326923076923 0.08249999999999998 0.11386538461538458
0 0.016782670454545453 0.975375 0.033565340909090906 0.04925000000000002
0 0.5015553977272728 0.4306346153846154 0.047059659090909166 0.02465384615384614
0 0.8612997159090909 0.359625 0.08123579545454553 0.07428846153846153
0 0.3992897727272728 0.8262788461538461 0.055852272727272716 0.05898076923076926
0 0.5723224431818181 0.6828173076923076 0.036321022727272716 0.03467307692307687
0 0.6348011363636363 0.6730192307692309 0.06829545454545452 0.05826923076923079
0 0.8661931818181817 0.16309615384615386 0.03198863636363634 0.060307692307692305
0 0.40748579545454544 0.3383269230769231 0.06363636363636357 0.06407692307692306
0 0.42941761363636366 0.453 0.12125000000000002 0.11073076923076926
0 0.8931889204545456 0.5493750000000001 0.020667613636363734 0.026711538461538436
0 0.6591051136363636 0.6022884615384615 0.07039772727272728 0.03934615384615392
0 0.2540625 0.5360673076923077 0.07519886363636367 0.10936538461538463
0 0.8213423295454546 0.6356634615384615 0.04839488636363627 0.1009423076923077
0 0.121484375 0.2649903846153846 0.07680397727272727 0.11105769230769227
0 0.5746946022727273 0.8578173076923077 0.08904829545454546 0.09424999999999999
0 0.3905823863636364 0.45775 0.052357954545454485 0.050576923076923096
0 0.926924715909091 0.05326923076923077 0.04867897727272741 0.06719230769230769
0 0.622265625 0.5252692307692307 0.030298295454545432 0.028269230769230748
0 0.49372159090909096 0.5221057692307692 0.024062499999999997 0.06451923076923073
0 0.29727982954545457 0.40673076923076923 0.0650994318181818 0.08199999999999998
0 0.27321022727272726 0.14312500000000003 0.06363636363636366 0.11005769230769231
0 0.45384232954545456 0.2827211538461538 0.07177556818181814 0.05471153846153849
0 0.3218963068181818 0.9085192307692308 0.056377840909090905 0.0833846153846154
0 0.6916974431818183 0.9475673076923077 0.054389204545454574 0.07775000000000012
0 0.45267045454545457 0.04641346153846154 0.05221590909090908 0.09063461538461538
0 0.8714275568181816 0.0684423076923077 0.03461647727272728 0.07796153846153846
0 0.08387073863636364 0.7686346153846154 0.07893465909090908 0.13619230769230778
0 0.5461647727272727 0.6570096153846153 0.04954545454545454 0.07640384615384618
0 0.7199786931818182 0.1697596153846154 0.03649147727272735 0.06074999999999998
0 0.31198863636363633 0.5504903846153846 0.06687500000000002 0.08801923076923074
0 0.8323579545454546 0.4930480769230769 0.0269602272727273 0.025826923076923143
0 0.1842471590909091 0.889048076923077 0.046534090909090914 0.06128846153846155
0 0.3501065340909091 0.9904807692307691 0.03703124999999999 0.018346153846153995
0 0.10737926136363636 0.974576923076923 0.024218750000000015 0.05084615384615384
0 0.08157670454545456 0.4943653846153846 0.031960227272727286 0.0895384615384616
0 0.9036647727272729 0.4444903846153846 0.0519034090909092 0.028211538461538437
0 0.5947585227272727 0.09447115384615384 0.028778409090909077 0.05009615384615384
0 0.9731178977272728 0.017855769230769234 0.053678977272727385 0.03548076923076924
0 0.3530539772727273 0.6371634615384615 0.07107954545454544 0.03863461538461545
0 0.5044673295454545 0.7687980769230769 0.018678977272727323 0.039480769230769285
0 0.2621377840909091 0.8993269230769231 0.07046874999999998 0.07065384615384618
0 0.9794957386363637 0.7163461538461539 0.03970170454545445 0.06650000000000007
0 0.02965909090909091 0.5277115384615385 0.039943181818181815 0.04326923076923077
0 0.6689843750000001 0.0205 0.03643465909090914 0.041
0 0.265078125 0.04732692307692308 0.05387784090909092 0.09369230769230769
0 0.30734375 0.047644230769230765 0.06781250000000001 0.09432692307692307
0 0.27779119318181816 0.9577211538461539 0.12796875 0.08455769230769236
0 0.43436789772727274 0.14572115384615386 0.04686079545454547 0.06767307692307693
0 0.43118607954545457 0.9892788461538461 0.03819602272727271 0.02144230769230765
0 0.4810582386363636 0.7298269230769231 0.03955965909090904 0.03169230769230773
0 0.011924715909090909 0.6632788461538461 0.023451704545454543 0.0818269230769231
0 0.8831534090909091 0.3302980769230769 0.02750000000000002 0.03532692307692309
0 0.25625000000000003 0.8222307692307692 0.07403409090909091 0.06080769230769232
0 0.5561221590909091 0.7092211538461539 0.028238636363636358 0.039634615384615414
0 0.5659232954545454 0.28680769230769226 0.05499999999999996 0.06773076923076923
0 0.805546875 0.48484615384615387 0.03998579545454542 0.0455384615384615
0 0.03426136363636364 0.5526826923076923 0.06289772727272727 0.05109615384615383
0 0.6220667613636364 0.4329230769230769 0.04549715909090905 0.03580769230769232
0 0.006392045454545455 0.5247115384615385 0.01278409090909091 0.054076923076923085
0 0.3803977272727273 0.3193269230769231 0.01599431818181817 0.02519230769230768
0 0.5031463068181818 0.608875 0.03044034090909092 0.056903846153846215
0 0.36917613636363633 0.3599807692307692 0.03906249999999996 0.06207692307692308
0 0.8695454545454546 0.8196346153846155 0.07051136363636362 0.10492307692307692
0 0.3669318181818182 0.7733269230769231 0.038125000000000006 0.07696153846153843
0 0.33102982954545457 0.06117307692307692 0.04830965909090912 0.08992307692307693
0 0.8241193181818183 0.1822884615384615 0.032556818181818124 0.043615384615384604
0 0.37818892045454544 0.05442307692307693 0.05992897727272723 0.05950000000000001
0 0.6153551136363636 0.8212788461538462 0.06619318181818178 0.06351923076923072
0 0.4330681818181818 0.6381153846153846 0.03659090909090908 0.03584615384615382
0 0.8506889204545455 0.4950961538461538 0.02484375000000001 0.020923076923076916
0 0.23780539772727272 0.3865865384615384 0.04217329545454545 0.032403846153846144
0 0.9816974431818182 0.6793557692307692 0.03660511363636361 0.040134615384615394
0 0.38613636363636367 0.5084326923076923 0.09482954545454549 0.08798076923076924
0 0.19912642045454546 0.7994711538461539 0.062258522727272725 0.05617307692307688
0 0.062223011363636366 0.8834423076923077 0.06541193181818182 0.0946538461538462
0 0.8901917613636363 0.599423076923077 0.050696022727272645 0.055346153846153795
0 0.6428764204545455 0.2840673076923077 0.0536789772727273 0.06740384615384618
0 0.6544176136363636 0.033721153846153845 0.04809659090909093 0.06744230769230769
0 0.9687926136363636 0.14002884615384614 0.04238636363636368 0.041942307692307695
0 0.4826704545454545 0.76325 0.03278409090909089 0.03549999999999996
0 0.6373295454545455 0.9123365384615384 0.04718750000000004 0.0479038461538462
0 0.426328125 0.5462211538461538 0.037542613636363645 0.08928846153846155
0 0.19645596590909092 0.745596153846154 0.0741903409090909 0.11457692307692305
0 0.5900710227272726 0.9493365384615384 0.027954545454545465 0.06436538461538456
0 0.8462286931818181 0.01658653846153846 0.06100852272727279 0.03317307692307692
0 0.8435511363636362 0.11789423076923077 0.03778409090909094 0.03078846153846155
0 0.21735085227272724 0.7127019230769231 0.05643465909090908 0.10963461538461537
0 0.8507315340909091 0.24517307692307694 0.06089488636363637 0.1318461538461539
0 0.7421448863636364 0.05006730769230769 0.02011363636363632 0.04894230769230768
0 0.4098295454545454 0.19522115384615382 0.017954545454545435 0.044980769230769234
0 0.7281107954545455 0.7745288461538461 0.04147727272727279 0.07817307692307687
0 0.4992542613636364 0.31221153846153843 0.05436079545454551 0.04053846153846151
0 0.23720880681818182 0.25872115384615385 0.06316761363636364 0.05786538461538465
0 0.7354403409090909 0.018432692307692306 0.06090909090909098 0.03671153846153846
0 0.10208806818181819 0.9324711538461539 0.037414772727272734 0.05363461538461536
0 0.07053267045454546 0.16001923076923077 0.05893465909090911 0.042576923076923075
0 0.6921875000000001 0.6641730769230769 0.049005681818181816 0.07307692307692308
0 0.6474715909090909 0.9385192307692307 0.04576704545454549 0.05684615384615385
0 0.9028124999999999 0.3212884615384615 0.06093749999999997 0.11819230769230771
0 0.06381392045454545 0.9660384615384615 0.07822443181818181 0.06761538461538455
0 0.5135937500000001 0.156 0.018749999999999985 0.048346153846153844
0 0.8853835227272726 0.4724038461538461 0.04272727272727279 0.03323076923076923
0 0.6249928977272727 0.873048076923077 0.032769886363636355 0.03655769230769229
0 0.8442542613636363 0.8888557692307693 0.06296874999999989 0.0568269230769231
0 0.9002556818181818 0.9647692307692308 0.04093750000000007 0.07046153846153844
0 0.25546874999999997 0.32904807692307697 0.01872159090909092 0.03624999999999999
0 0.3853125 0.2060576923076923 0.047556818181818165 0.08276923076923075
0 0.13181107954545454 0.9148846153846154 0.05634943181818182 0.04350000000000001
0 0.30277698863636365 0.7116826923076923 0.050980113636363615 0.062326923076923016
0 0.5516335227272727 0.9569903846153845 0.0767329545454546 0.0860192307692308
0 0.10821022727272726 0.6379711538461539 0.06125 0.07271153846153847
0 0.34225142045454543 0.8174423076923077 0.05865056818181813 0.03042307692307691
0 0.7990980113636365 0.20387499999999997 0.038053977272727385 0.060788461538461534
0 0.33443892045454543 0.8648173076923077 0.03410511363636362 0.020942307692307666
0 0.12607954545454547 0.8496346153846154 0.07923295454545455 0.10249999999999991
0 0.23354403409090913 0.2977692307692308 0.044076704545454544 0.0416923076923077
0 0.8590269886363636 0.9202499999999999 0.050639204545454675 0.08323076923076929
0 0.8111576704545453 0.23916346153846152 0.03339488636363635 0.046365384615384586
0 0.48328125000000005 0.22690384615384615 0.08536931818181813 0.10188461538461537
0 0.17296164772727274 0.20708653846153846 0.03873579545454547 0.04471153846153846
0 0.4753977272727273 0.8240865384615385 0.06190340909090915 0.05478846153846156
0 0.9690553977272726 0.7696346153846154 0.061889204545454615 0.04919230769230766
0 0.131171875 0.11540384615384616 0.03538352272727272 0.04996153846153845
0 0.3598153409090909 0.6725192307692308 0.02659090909090913 0.059576923076923
0 0.9869460227272726 0.5205961538461539 0.02610795454545454 0.09261538461538467
0 0.2654190340909091 0.3138653846153846 0.023934659090909083 0.04715384615384617
0 0.6486718749999999 0.5621153846153846 0.03234375000000005 0.046538461538461515
0 0.6519602272727273 0.4172980769230769 0.0517045454545455 0.03644230769230767
0 0.6846306818181819 0.12105769230769231 0.052698863636363585 0.08019230769230769
0 0.10925426136363638 0.145375 0.06978693181818182 0.0664423076923077
0 0.012052556818181818 0.8480192307692308 0.024105113636363636 0.0958846153846153
0 0.9526065340909091 0.9796153846153846 0.03526988636363626 0.04038461538461539
0 0.9762357954545454 0.11319230769230769 0.04744318181818179 0.04815384615384614
0 0.17262073863636362 0.8803173076923076 0.03396306818181818 0.04044230769230764
0 0.03387073863636363 0.05027884615384616 0.035667613636363636 0.048288461538461544
0 0.6906178977272728 0.2597307692307692 0.039701704545454526 0.10046153846153848
0 0.43903409090909096 0.10476923076923078 0.05693181818181816 0.12634615384615386
0 0.20994318181818183 0.9144423076923077 0.05349431818181818 0.0667307692307692
0 0.7269176136363636 0.6201634615384616 0.06096590909090911 0.0586346153846154
0 0.9780397727272727 0.3191826923076923 0.043920454545454485 0.08651923076923079
0 0.2966619318181818 0.21072115384615386 0.05946022727272729 0.09559615384615386
0 0.5613565340909091 0.07833653846153846 0.05356534090909096 0.08278846153846153
0 0.6180042613636364 0.9752788461538462 0.06061079545454548 0.047788461538461585
0 0.49016335227272734 0.06152884615384616 0.0299005681818182 0.06767307692307693
0 0.09223721590909091 0.5547403846153846 0.056803977272727284 0.04205769230769232
0 0.5026775568181818 0.9569711538461538 0.05632102272727269 0.08574999999999995
0 0.2940553977272727 0.6070576923076924 0.05561079545454546 0.0661153846153846
0 0.48363636363636364 0.8765288461538462 0.04681818181818179 0.06971153846153846
0 0.5733735795454545 0.44890384615384615 0.045099431818181816 0.029923076923076927
0 0.9258380681818181 0.8253557692307693 0.05187499999999998 0.07375000000000004
0 0.21654119318181816 0.010615384615384615 0.07291193181818184 0.02123076923076923
0 0.8832386363636363 0.978548076923077 0.030312500000000044 0.04275000000000004
0 0.2579048295454545 0.6339134615384615 0.06296874999999998 0.08863461538461545
0 0.3405184659090909 0.715375 0.026747159090909068 0.042557692307692296
0 0.6391761363636363 0.34462499999999996 0.0478409090909091 0.034750000000000045
0 0.43932528409090904 0.7140384615384614 0.04910511363636363 0.05084615384615384
0 0.919921875 0.5202692307692307 0.04169034090909078 0.08169230769230762
0 0.14905539772727272 0.7347307692307692 0.049616477272727284 0.1404615384615384
0 0.470859375 0.709798076923077 0.05632102272727269 0.03713461538461539
0 0.7925142045454546 0.5519807692307692 0.034545454545454615 0.024192307692307662
0 0.3091974431818182 0.8527980769230769 0.02092329545454544 0.026480769230769197
0 0.5948721590909091 0.5917211538461539 0.07318181818181824 0.05217307692307691
0 0.18235085227272727 0.2660480769230769 0.06478693181818183 0.08771153846153847
0 0.5950497159090908 0.4232788461538462 0.04819602272727274 0.024903846153846186
0 0.1390625 0.03761538461538461 0.06906249999999999 0.06476923076923077
0 0.6113352272727273 0.07924038461538462 0.05079545454545453 0.06286538461538461
0 0.40188920454545457 0.18447115384615384 0.013607954545454604 0.02513461538461537
0 0.6597443181818182 0.6422115384615384 0.03840909090909094 0.06857692307692302
0 0.07225852272727273 0.44659615384615386 0.03727272727272728 0.10453846153846157
0 0.35502130681818184 0.9534038461538461 0.02836647727272731 0.06176923076923078
0 0.8849573863636363 0.7304519230769231 0.05517045454545443 0.04736538461538461
0 0.38061079545454546 0.6371634615384616 0.03917613636363638 0.04124999999999998
0 0.3296377840909091 0.12614423076923076 0.03251420454545453 0.06351923076923077
0 0.8553835227272728 0.5679134615384616 0.02454545454545467 0.03282692307692317
0 0.16196732954545456 0.37941346153846156 0.03251420454545455 0.07336538461538462
0 0.4239204545454545 0.670375 0.057755681818181775 0.04563461538461531
0 0.549921875 0.7266346153846154 0.040752840909090905 0.061115384615384676
0 0.15438210227272728 0.9883653846153847 0.028934659090909098 0.023269230769230813
0 0.19494318181818182 0.1836826923076923 0.05667613636363635 0.032711538461538445
0 0.5112713068181818 0.3885 0.047656249999999935 0.08426923076923076
0 0.7724360795454547 0.23168269230769228 0.08140625000000008 0.11021153846153847
0 0.7798579545454545 0.41465384615384615 0.023267045454545447 0.03096153846153845
0 0.9621377840909091 0.5818653846153846 0.02637784090909098 0.05884615384615389
0 0.6183167613636363 0.7302500000000001 0.09921875000000004 0.06761538461538466
0 0.4978409090909091 0.1791346153846154 0.01284090909090912 0.029192307692307677
0 0.5693394886363636 0.3887884615384616 0.07765624999999994 0.09030769230769232
0 0.985752840909091 0.2238942307692308 0.02803977272727274 0.14494230769230773
0 0.901200284090909 0.4178173076923077 0.09393465909090909 0.08974999999999998
0 0.7738352272727272 0.46442307692307694 0.057755681818181775 0.06461538461538466
0 0.5483096590909091 0.35014423076923074 0.06769886363636358 0.09740384615384616
0 0.8911292613636363 0.9009615384615385 0.024417613636363713 0.05569230769230776
0 0.44465198863636357 0.7443846153846154 0.05680397727272721 0.03207692307692309
0 0.9631321022727274 0.4648269230769231 0.05492897727272721 0.06615384615384622
0 0.47181818181818175 0.6723269230769231 0.04187499999999995 0.0482307692307692
0 0.14272727272727273 0.06995192307692308 0.06383522727272727 0.04301923076923077
0 0.039886363636363636 0.8290865384615385 0.06676136363636363 0.10321153846153838
0 0.5440056818181819 0.006269230769230769 0.02926136363636359 0.012538461538461538
0 0.4176917613636364 0.028884615384615384 0.049474431818181876 0.05776923076923077
0 0.6862286931818182 0.7058557692307692 0.04106534090909095 0.040788461538461496
0 0.3147798295454546 0.15978846153846155 0.02322443181818181 0.04276923076923076
0 0.9106321022727273 0.677951923076923 0.08373579545454536 0.03409615384615377
0 0.68703125 0.7448846153846155 0.04877840909090905 0.06680769230769222
0 0.04417613636363636 0.7506153846153847 0.060909090909090906 0.06596153846153849
0 0.07517755681818182 0.37525 0.020553977272727272 0.09192307692307694
0 0.032357954545454544 0.4637211538461538 0.06471590909090909 0.06790384615384622
0 0.8563494318181818 0.31490384615384615 0.053607954545454556 0.06915384615384612
0 0.011839488636363638 0.270625 0.023678977272727275 0.055134615384615386
0 0.63140625 0.30565384615384616 0.06417613636363638 0.054769230769230806
0 0.375390625 0.6732692307692308 0.05063920454545459 0.0827692307692308
0 0.05645596590909092 0.11610576923076923 0.04987215909090909 0.05917307692307693
0 0.7376988636363637 0.9678269230769231 0.05678977272727275 0.0643461538461538
0 0.28710227272727273 0.29697115384615386 0.03744318181818184 0.07155769230769232
0 0.8237997159090908 0.8262019230769231 0.07373579545454541 0.09909615384615379
0 0.9330681818181819 0.7413942307692307 0.06122159090909078 0.051019230769230824
0 0.96953125 0.0786923076923077 0.060852272727272776 0.050692307692307696
0 0.6620028409090909 0.4696923076923077 0.07329545454545458 0.06773076923076929
0 0.25937499999999997 0.2817788461538462 0.012329545454545465 0.04267307692307692
0 0.9095312499999999 0.1928942307692308 0.056704545454545396 0.07428846153846155
0 0.5254119318181818 0.5770673076923077 0.0716193181818182 0.057134615384615346
0 0.737137784090909 0.6568076923076922 0.03970170454545445 0.03638461538461542
0 0.9550994318181819 0.18652884615384616 0.07761363636363634 0.05694230769230769
0 0.3403338068181818 0.7725384615384616 0.037286931818181816 0.08015384615384617
0 0.22235085227272727 0.05771153846153846 0.05387784090909092 0.07796153846153846
0 0.610234375 0.038865384615384614 0.09865056818181817 0.07673076923076923
0 0.5130610795454545 0.8643173076923076 0.057514204545454556 0.10321153846153838
0 0.011207386363636364 0.9150096153846153 0.022414772727272728 0.03928846153846155
0 0.7879119318181819 0.013307692307692307 0.05741477272727267 0.025653846153846152
0 0.43620028409090905 0.5423173076923077 0.06498579545454546 0.07755769230769238
0 0.7726349431818181 0.2846153846153846 0.07620738636363633 0.09011538461538464
0 0.4031676136363637 0.7399423076923076 0.037897727272727284 0.11392307692307695
0 0.9530965909090909 0.4980769230769231 0.0386363636363637 0.04923076923076927
0 0.1988068181818182 0.6667307692307692 0.05275568181818182 0.07426923076923078
0 0.39067471590909086 0.8833269230769231 0.046803977272727254 0.06519230769230765
0 0.653018465909091 0.5329038461538462 0.03205965909090908 0.03292307692307693
0 0.4266690340909091 0.28012499999999996 0.05504261363636364 0.02971153846153844
0 0.10977982954545454 0.35492307692307695 0.019190340909090917 0.05765384615384619
0 0.7846377840909091 0.6375096153846154 0.023622159090909086 0.027903846153846137
0 0.7024573863636364 0.29655769230769224 0.07860795454545459 0.08469230769230768
0 0.9083451704545453 0.7690384615384614 0.05981534090909093 0.046538461538461515
0 0.9328764204545454 0.579951923076923 0.06998579545454543 0.13682692307692304
0 0.5873082386363637 0.5070192307692307 0.050099431818181876 0.02892307692307696
0 0.4436576704545454 0.34063461538461537 0.053963068181818195 0.10307692307692307
0 0.8661505681818181 0.6460673076923078 0.07588068181818192 0.05536538461538466
0 0.333203125 0.8367403846153847 0.07455965909090906 0.028942307692307715
0 0.22540482954545454 0.8562019230769231 0.041235795454545456 0.0759038461538461
0 0.4552982954545454 0.9661346153846153 0.038437500000000006 0.04692307692307699
0 0.6053409090909091 0.3254038461538461 0.02139204545454546 0.04369230769230769
0 0.3101846590909091 0.6620096153846154 0.042642045454545426 0.04859615384615381
0 0.46676136363636367 0.5279711538461539 0.03755681818181818 0.08798076923076928
0 0.37816761363636364 0.7261923076923077 0.03303977272727276 0.09392307692307698
0 0.7542329545454546 0.13896153846153844 0.08630681818181817 0.06849999999999998
0 0.1781178977272727 0.9535384615384616 0.03049715909090909 0.06938461538461535
0 0.5370738636363637 0.45274038461538463 0.04062499999999995 0.03275
0 0.931455965909091 0.026096153846153842 0.03526988636363626 0.05111538461538461
0 0.5247443181818181 0.2416826923076923 0.06863636363636362 0.09717307692307693
0 0.37818892045454544 0.5628461538461539 0.061605113636363645 0.049538461538461524
0 0.7659943181818182 0.7388076923076923 0.048664772727272716 0.06899999999999999
0 0.4462002840909091 0.23765384615384616 0.08924715909090915 0.09696153846153843
0 0.5740269886363637 0.48004807692307694 0.054446022727272704 0.030019230769230795
0 0.361953125 0.8989903846153846 0.02365056818181815 0.062211538461538395
0 0.5872301136363636 0.3371730769230769 0.02906249999999997 0.030076923076923105
0 0.9806676136363636 0.5625673076923077 0.026363636363636287 0.08201923076923083
0 0.09827414772727273 0.37309615384615386 0.04066761363636364 0.15007692307692305
0 0.2733877840909091 0.8520192307692308 0.05691761363636363 0.044269230769230734
0 0.23212357954545454 0.3349903846153846 0.03365056818181818 0.04298076923076922
0 0.8338920454545454 0.12853846153846155 0.041818181818181734 0.029230769230769223
0 0.32078124999999996 0.3101634615384616 0.06113636363636363 0.10498076923076924
0 0.9233593750000001 0.4614134615384615 0.04279829545454545 0.028211538461538493
0 0.7856960227272727 0.6994230769230769 0.07196022727272738 0.0363076923076923
0 0.21066051136363637 0.9690769230769231 0.05785511363636362 0.0613076923076923
0 0.9227769886363636 0.10271153846153847 0.11555397727272715 0.06450000000000002
0 0.8100852272727272 0.5195096153846154 0.030909090909090896 0.04101923076923074
0 0.9764559659090909 0.34051923076923074 0.04663352272727279 0.052076923076923104
0 0.315703125 0.2374423076923077 0.06410511363636363 0.09369230769230771
0 0.541455965909091 0.7945576923076922 0.07901988636363635 0.040769230769230745
0 0.3925071022727273 0.21979807692307693 0.02166193181818182 0.05725000000000002
0 0.30641335227272726 0.07898076923076923 0.04365056818181821 0.12261538461538463
0 0.42078125000000005 0.4035769230769231 0.07275568181818177 0.06980769230769228
0 0.5278977272727272 0.7208846153846155 0.03176136363636366 0.06842307692307689
0 0.9229403409090909 0.8472788461538462 0.05198863636363624 0.05836538461538455
0 0.02848721590909091 0.22992307692307692 0.05546875 0.07823076923076924
0 0.38133522727272723 0.2730192307692308 0.0701420454545454 0.07307692307692308
0 0.5109161931818181 0.07411538461538461 0.04910511363636371 0.047730769230769236
0 0.8536789772727272 0.7035865384615385 0.06392045454545454 0.061019230769230805
0 0.7000142045454546 0.5474326923076922 0.07079545454545459 0.09948076923076915
0 0.30305397727272726 0.77625 0.05590909090909093 0.09053846153846151
0 0.9318821022727272 0.4796153846153846 0.044701704545454586 0.03180769230769235
0 0.945362215909091 0.6522307692307692 0.08725852272727265 0.07342307692307694
0 0.13040482954545454 0.7102307692307692 0.024843749999999994 0.08542307692307684
0 0.830390625 0.5400192307692308 0.06666193181818175 0.08038461538461529
0 0.5127911931818182 0.11420192307692309 0.024815340909090947 0.03190384615384616
0 0.7088636363636364 0.803875 0.06940340909090911 0.08090384615384615
0 0.8433664772727273 0.9528557692307693 0.0488068181818182 0.07601923076923071
0 0.922166193181818 0.15618269230769233 0.06399147727272737 0.0653653846153846
0 0.6112144886363636 0.5454903846153846 0.04830965909090908 0.04986538461538463
0 0.42536221590909096 0.5856538461538461 0.04620738636363641 0.11338461538461535
0 0.7823650568181818 0.5125384615384615 0.03544034090909098 0.059076923076923075
0 0.6056178977272727 0.26609615384615387 0.05169034090909089 0.056538461538461524
0 0.9612926136363636 0.2597403846153846 0.05346590909090923 0.10771153846153844
0 0.9293323863636364 0.9768557692307692 0.025767045454545598 0.04590384615384616
0 0.165078125 0.4930576923076923 0.03830965909090907 0.08619230769230773
0 0.017727272727272727 0.9182115384615385 0.035454545454545454 0.07707692307692304
0 0.7679758522727272 0.6157692307692308 0.023025568181818234 0.032807692307692315
0 0.40558948863636357 0.14394230769230767 0.04044034090909087 0.05726923076923076
0 0.9404687499999999 0.7136057692307692 0.035653409090909124 0.048288461538461565
0 0.3377911931818182 0.27863461538461537 0.05745738636363631 0.05061538461538466
0 0.6259588068181818 0.4918942307692308 0.06495738636363639 0.05898076923076926
0 0.5223934659090909 0.28707692307692306 0.04901988636363635 0.04919230769230766
0 0.0843252840909091 0.9093942307692308 0.047372159090909104 0.08671153846153852
0 0.1388352272727273 0.6350769230769231 0.03343750000000001 0.022923076923076952
0 0.8740269886363637 0.22161538461538463 0.05811079545454541 0.07561538461538463
0 0.5004332386363636 0.024721153846153848 0.09686079545454546 0.049442307692307695
0 0.07727272727272728 0.01925 0.03701704545454547 0.0385
0 0.6446235795454546 0.12562500000000001 0.036946022727272716 0.09782692307692309
0 0.5043678977272728 0.4691153846153846 0.039730113636363674 0.058230769230769176
0 0.6843750000000001 0.46325 0.04122159090909088 0.07203846153846155
0 0.7824715909090909 0.10742307692307693 0.061022727272727326 0.07519230769230768
0 0.5269673295454546 0.5340288461538463 0.05833806818181817 0.04001923076923077
0 0.3058025568181818 0.6946153846153847 0.04714488636363636 0.07123076923076926
0 0.8938494318181818 0.06848076923076923 0.06116477272727265 0.06380769230769232
0 0.7106036931818182 0.1280673076923077 0.027798295454545444 0.08975000000000001
0 0.13644176136363637 0.5878076923076923 0.06768465909090908 0.11453846153846155
0 0.013586647727272727 0.35523076923076924 0.027173295454545453 0.021538461538461517
0 0.0032528409090909084 0.8782884615384615 0.006420454545454545 0.05096153846153846
0 0.2869815340909091 0.34718269230769233 0.04288352272727272 0.04298076923076922
0 0.45635653409090904 0.7639711538461538 0.05944602272727268 0.06890384615384612
0 0.12459517045454546 0.47441346153846153 0.08291193181818182 0.12255769230769228
0 0.22606534090909092 0.4138942307692308 0.10980113636363638 0.11375000000000002
0 0.8842755681818182 0.2752019230769231 0.05894886363636364 0.07790384615384618
0 0.7909090909090909 0.07077884615384615 0.08150568181818181 0.09613461538461537
0 0.7872727272727272 0.33754807692307687 0.09184659090909103 0.06244230769230769
0 0.726953125 0.7257403846153846 0.04171875000000009 0.07305769230769232
0 0.39509232954545453 0.9470096153846154 0.044389204545454544 0.08678846153846154
0 0.07436079545454545 0.04591346153846154 0.04536931818181817 0.02182692307692308
0 0.013863636363636363 0.08531730769230768 0.027727272727272725 0.09944230769230768
0 0.04208096590909091 0.41234615384615386 0.05680397727272726 0.05407692307692303
0 0.14919034090909092 0.8776442307692308 0.022443181818181834 0.04290384615384605
0 0.4371519886363636 0.8855865384615385 0.06487215909090903 0.11317307692307697
0 0.19843039772727272 0.33061538461538464 0.04876420454545456 0.07923076923076926
0 0.8779616477272728 0.5634038461538462 0.04484375000000007 0.032000000000000084
0 0.6572656250000001 0.24509615384615382 0.04356534090909093 0.10742307692307693
0 0.2684090909090909 0.47915384615384615 0.09113636363636363 0.06746153846153843
0 0.8187571022727272 0.3345673076923077 0.022457386363636287 0.029326923076923077
0 0.2722869318181818 0.25584615384615383 0.017301136363636373 0.06480769230769229
0 0.7549928977272727 0.5767211538461539 0.047315340909090835 0.0586346153846154
0 0.8326917613636362 0.15940384615384615 0.044218749999999994 0.03711538461538464
0 0.4825852272727273 0.35102884615384616 0.06724431818181822 0.07971153846153844
0 0.7297727272727272 0.0878846153846154 0.09639204545454555 0.08903846153846154
0 0.6049502840909091 0.4610865384615384 0.05484375000000002 0.04686538461538457
0 0.17047585227272724 0.8434423076923078 0.05007102272727271 0.06350000000000007
0 0.072265625 0.6085192307692306 0.06390625000000001 0.09553846153846156
0 0.5164346590909091 0.44666346153846154 0.018522727272727222 0.027134615384615358
0 0.2551136363636364 0.42819230769230776 0.05434659090909089 0.08046153846153847
0 0.5497585227272727 0.18352884615384615 0.04036931818181821 0.061519230769230784
0 0.3892613636363636 0.13446153846153847 0.012755681818181763 0.026538461538461518
0 0.8314914772727273 0.06148076923076923 0.05346590909090923 0.1058076923076923
0 0.9490625 0.38575961538461545 0.0629261363636363 0.05871153846153846
0 0.07598721590909091 0.07086538461538462 0.06734375000000001 0.06053846153846155
0 0.8832599431818182 0.4959903846153845 0.03848011363636368 0.022980769230769207
0 0.6106676136363636 0.15682692307692309 0.05792613636363641 0.0573076923076923
0 0.43364346590909086 0.7969134615384615 0.09106534090909085 0.07032692307692306
0 0.036285511363636364 0.021259615384615384 0.07194602272727273 0.04251923076923077
0 0.715284090909091 0.6595288461538462 0.017642045454545396 0.06244230769230764
0 0.24998579545454547 0.15726923076923077 0.03948863636363634 0.08299999999999999
0 0.6247514204545456 0.12507692307692306 0.03845170454545454 0.026846153846153836
0 0.31625 0.011932692307692307 0.039659090909090894 0.02378846153846154
0 0.33351562500000004 0.43776923076923074 0.05944602272727272 0.08584615384615388
0 0.9521093749999999 0.8235961538461538 0.0940482954545455 0.09307692307692314
0 0.9931463068181817 0.4658173076923077 0.013707386363636331 0.021673076923076944
0 0.3547230113636364 0.4045673076923077 0.04913352272727269 0.08867307692307695
0 0.4994318181818182 0.786125 0.028551136363636317 0.037403846153846135
0 0.9320312500000001 0.3566538461538461 0.056647727272727266 0.08346153846153848
0 0.023842329545454545 0.1605096153846154 0.04598011363636363 0.06225000000000001
0 0.9013920454545453 0.4016730769230769 0.05872159090909095 0.04000000000000002
0 0.6832883522727272 0.5694711538461539 0.04569602272727275 0.06025000000000008
0 0.742372159090909 0.07668269230769231 0.12477272727272724 0.15336538461538463
0 0.2462215909090909 0.3585096153846154 0.05806818181818181 0.05582692307692308
0 0.7373437499999999 0.054615384615384614 0.015738636363636423 0.027230769230769225
0 0.6769531249999999 0.6305576923076923 0.056946022727272776 0.05153846153846156
0 0.15088778409090908 0.15133653846153844 0.04651988636363636 0.06844230769230769
0 0.6797727272727273 0.06230769230769232 0.016619318181818245 0.03315384615384616
0 0.6728764204545454 0.8382499999999999 0.07583806818181817 0.1357307692307692
0 0.1729971590909091 0.35105769230769235 0.03386363636363637 0.06826923076923076
0 0.9697301136363637 0.9122788461538461 0.060539772727272734 0.07024999999999995
0 0.7160014204545454 0.23413461538461539 0.05600852272727266 0.09426923076923076
0 0.6217826704545455 0.8025673076923078 0.05205965909090906 0.0330576923076923
0 0.7718607954545454 0.8167307692307693 0.06028409090909099 0.09180769230769233
0 0.2578409090909091 0.7063365384615385 0.05068181818181819 0.08417307692307689
0 0.5161079545454546 0.17668269230769232 0.03389204545454539 0.10155769230769231
0 0.9895028409090909 0.13664423076923077 0.020909090909090947 0.030826923076923064
0 0.4466974431818182 0.18185576923076924 0.05191761363636365 0.033480769230769224
0 0.868565340909091 0.9835576923076923 0.028380681818181843 0.03288461538461543
0 0.16071732954545456 0.016096153846153843 0.04859374999999999 0.03219230769230769
0 0.5754829545454545 0.9117500000000001 0.0800568181818182 0.025538461538461486
0 0.48259232954545456 0.593 0.033196022727272734 0.058115384615384666
0 0.19336647727272727 0.38776923076923075 0.047329545454545444 0.08953846153846148
0 0.8184232954545455 0.5964903846153845 0.049999999999999906 0.04101923076923074
0 0.05161221590909091 0.2114423076923077 0.04419034090909091 0.04446153846153847
0 0.5580042613636363 0.021038461538461537 0.04419034090909093 0.03988461538461538
0 0.7734801136363636 0.8954134615384616 0.08610795454545456 0.16175000000000003
0 0.4036789772727273 0.35223076923076924 0.04676136363636358 0.04034615384615388
0 0.8089204545454546 0.956923076923077 0.09627840909090905 0.08615384615384618
0 0.6748153409090909 0.0053076923076923075 0.023607954545454553 0.010615384615384615
0 0.1013494318181818 0.18612499999999998 0.10312500000000001 0.06501923076923077
0 0.8779545454545453 0.1320096153846154 0.03494318181818185 0.05567307692307693
0 0.22245738636363638 0.5755480769230769 0.06809659090909094 0.0990576923076924
0 0.18213778409090908 0.04077884615384615 0.030156250000000006 0.04521153846153846
0 0.35433948863636366 0.33353846153846156 0.036093750000000036 0.05446153846153845
0 0.3507741477272727 0.20915384615384613 0.0515482954545454 0.1025
0 0.9179829545454545 0.875375 0.047897727272727314 0.07213461538461537
0 0.030113636363636363 0.08733653846153848 0.0334375 0.10186538461538462
0 0.7828267045454546 0.6553557692307692 0.06605113636363637 0.061134615384615426
0 0.12765625 0.9777211538461538 0.043380681818181825 0.04455769230769234
0 0.6589275568181818 0.09288461538461538 0.04313920454545455 0.055653846153846165
0 0.4026207386363637 0.06960576923076923 0.07376420454545456 0.032442307692307694
0 0.5683380681818182 0.5182019230769231 0.0519886363636364 0.048865384615384665
0 0.7932670454545455 0.036423076923076926 0.041477272727272634 0.04734615384615385
0 0.3558096590909091 0.8665865384615384 0.029005681818181802 0.02490384615384624
0 0.7335369318181818 0.4258653846153846 0.08622159090909089 0.08850000000000002
0 0.19843039772727272 0.11997115384615385 0.08220170454545453 0.09809615384615385
0 0.9122017045454546 0.2537307692307692 0.05136363636363632 0.07599999999999997
0 0.03970170454545455 0.9441346153846154 0.048295454545454544 0.041807692307692323
0 0.11248579545454546 0.026326923076923078 0.048835227272727266 0.05219230769230769
0 0.8847159090909091 0.026048076923076924 0.07099431818181821 0.05209615384615385
0 0.8326207386363635 0.4125384615384615 0.08231534090909082 0.0752692307692308
0 0.42671875 0.48503846153846153 0.041051136363636415 0.038615384615384586
0 0.9478906250000001 0.6091153846153846 0.03919034090909095 0.045846153846153904
0 0.26824573863636364 0.7844134615384615 0.08387784090909092 0.07717307692307691
0 0.8224644886363638 0.44413461538461535 0.062002840909090876 0.03619230769230773
0 0.49596590909090904 0.1324326923076923 0.03704545454545452 0.07251923076923077
0 0.15732244318181818 0.08695192307692308 0.04274147727272728 0.04967307692307693
0 0.9373579545454546 0.9278365384615385 0.04897727272727275 0.0634038461538461
0 0.6308025568181819 0.7590288461538462 0.07424715909090915 0.057557692307692324
0 0.20363636363636364 0.4923557692307692 0.06264204545454545 0.0834038461538461
0 0.7284659090909091 0.884798076923077 0.04306818181818181 0.10005769230769236
0 0.9741619318181818 0.8903365384615385 0.049943181818181775 0.06321153846153847
0 0.6789630681818182 0.1772403846153846 0.05758522727272722 0.057557692307692296
0 0.46830255681818184 0.9818173076923076 0.03714488636363633 0.03636538461538466
0 0.9817471590909093 0.5990961538461538 0.036051136363636355 0.06384615384615383
0 0.037286931818181816 0.3841057692307693 0.074375 0.07571153846153841
0 0.1298934659090909 0.33490384615384616 0.035980113636363636 0.07546153846153848
0 0.42151988636363635 0.10330769230769231 0.07775568181818183 0.04161538461538463
0 0.5853196022727273 0.39694230769230776 0.12992897727272731 0.09826923076923076
0 0.16051136363636365 0.9594230769230769 0.044971590909090926 0.08115384615384613
0 0.37136363636363634 0.14604807692307692 0.0441761363636364 0.10528846153846153
0 0.09875000000000002 0.10085576923076923 0.04045454545454546 0.04732692307692308
0 0.8829900568181818 0.17948076923076925 0.013934659090909013 0.03926923076923077
0 0.8085298295454545 0.37773076923076926 0.05174715909090902 0.060269230769230776
0 0.42904829545454537 0.9536730769230769 0.03681818181818184 0.04692307692307699
0 0.6915767045454545 0.04849038461538462 0.01749999999999999 0.035519230769230775
0 0.7064488636363637 0.9893076923076924 0.035397727272727296 0.020423076923076933
0 0.39114346590909094 0.4120576923076923 0.029872159090909053 0.06196153846153846
0 0.1942471590909091 0.057076923076923074 0.028323863636363633 0.04526923076923078
0 0.5004545454545455 0.6472403846153846 0.0259943181818182 0.029326923076923077
0 0.7990838068181819 0.2734807692307692 0.051917613636363734 0.09119230769230767
0 0.23534801136363637 0.2255 0.04458806818181816 0.061
0 0.8308025568181818 0.24675961538461538 0.018792613636363663 0.04786538461538459
0 0.8165980113636363 0.4735576923076923 0.031207386363636402 0.034461538461538495
0 0.13049005681818182 0.9520480769230769 0.02012784090909091 0.02724999999999992
0 0.5524289772727272 0.7605961538461539 0.10221590909090907 0.0798076923076923
0 0.6649289772727273 0.981 0.04670454545454545 0.035769230769230706
0 0.3504332386363636 0.593375 0.06794034090909093 0.04932692307692303
0 0.5849644886363636 0.12797115384615385 0.041605113636363586 0.029134615384615394
0 0.4698934659090909 0.6312788461538461 0.037059659090909136 0.05213461538461541
0 0.8929758522727272 0.6945480769230769 0.06083806818181824 0.05136538461538458
0 0.9163565340909091 0.573076923076923 0.033025568181818184 0.057576923076923185
0 0.1787002840909091 0.5847307692307693 0.02745738636363636 0.11711538461538457
0 0.9875923295454545 0.6396826923076923 0.024815340909090947 0.037403846153846135
0 0.5799857954545454 0.28942307692307695 0.03349431818181824 0.04757692307692309
0 0.8076704545454546 0.1611826923076923 0.02707386363636356 0.03201923076923078
0 0.12294744318181819 0.3958557692307692 0.04552556818181818 0.0639807692307692
0 0.527109375 0.6220961538461539 0.04688920454545453 0.07792307692307689
0 0.3514701704545455 0.14071153846153847 0.04458806818181816 0.05784615384615383
0 0.62546875 0.20488461538461536 0.0417613636363636 0.08788461538461537
0 0.6944105113636364 0.3625288461538461 0.07194602272727278 0.07055769230769236
0 0.022592329545454544 0.43187499999999995 0.04518465909090909 0.025826923076923036
0 0.7371448863636364 0.6929134615384616 0.03730113636363643 0.040173076923076895
0 0.03875710227272728 0.5102788461538461 0.06257102272727273 0.0660961538461538
0 0.021072443181818182 0.7310673076923077 0.042144886363636364 0.13436538461538453
0 0.3655539772727273 0.02118269230769231 0.09065340909090908 0.042288461538461546
0 0.8317897727272726 0.74 0.09261363636363627 0.06638461538461535
0 0.8365625000000001 0.29286538461538464 0.03536931818181815 0.05776923076923075
0 0.05435369318181818 0.2796153846153846 0.07938920454545453 0.12515384615384614
0 0.670546875 0.3953076923076923 0.04955965909090907 0.05957692307692311
0 0.4725355113636363 0.14844230769230768 0.051775568181818166 0.11057692307692307
0 0.33053267045454543 0.6877596153846154 0.030667613636363642 0.059749999999999984
0 0.910078125 0.013432692307692309 0.027457386363636423 0.026865384615384617
0 0.556825284090909 0.13333653846153848 0.06325284090909088 0.07725
0 0.3854332386363637 0.9626538461538462 0.05302556818181816 0.07469230769230764
0 0.032798295454545455 0.6037403846153846 0.06559659090909091 0.07878846153846158
0 0.7124786931818181 0.4570961538461538 0.026463068181818174 0.05430769230769233
0 0.06031960227272728 0.10463461538461538 0.0241903409090909 0.016846153846153844
0 0.8420525568181819 0.46884615384615386 0.02938920454545446 0.03076923076923077
0 0.38974431818181815 0.5980384615384615 0.04525568181818184 0.033884615384615395
0 0.838565340909091 0.6660384615384616 0.020340909090909 0.024192307692307662
0 0.5932102272727273 0.5482692307692308 0.04911931818181824 0.04211538461538468
0 0.7570667613636363 0.5162211538461539 0.05697443181818184 0.07055769230769225
0 0.5909375 0.22047115384615387 0.06616477272727271 0.10301923076923078
0 0.5693394886363636 0.5840384615384615 0.04779829545454542 0.06996153846153845
0 0.6123508522727273 0.623875 0.05495738636363636 0.07036538461538457
0 0.7515838068181818 0.36877884615384615 0.09103693181818179 0.0868653846153846
0 0.9071732954545456 0.9392211538461538 0.027585227272727216 0.05140384615384619
0 0.5064772727272727 0.6801442307692308 0.02744318181818189 0.04040384615384614
0 0.4556960227272727 0.6117211538461539 0.04332386363636364 0.06909615384615386
0 0.7910014204545455 0.5692115384615385 0.029076704545454583 0.02584615384615384
0 0.6125852272727272 0.934 0.03494318181818185 0.034461538461538384
0 0.46958806818181825 0.9263365384615385 0.04281250000000006 0.040749999999999995
0 0.3282457386363636 0.5033269230769231 0.06688920454545455 0.0716923076923077
0 0.37897727272727266 0.7024038461538461 0.13539772727272725 0.24119230769230762
0 0.9700142045454545 0.038134615384615385 0.05997159090909095 0.05746153846153847
0 0.15578835227272728 0.32687499999999997 0.03509943181818183 0.04159615384615384
0 0.8646306818181819 0.46576923076923077 0.03514204545454547 0.0401923076923077
0 0.3712144886363636 0.09255769230769231 0.041377840909090864 0.01853846153846154
0 0.9596164772727271 0.40004807692307687 0.08076704545454548 0.07636538461538463
0 0.7356392045454545 0.21123076923076925 0.02684659090909096 0.06846153846153845
0 0.21793323863636366 0.17771153846153845 0.06549715909090907 0.03457692307692308
0 0.991512784090909 0.4225192307692307 0.01697443181818188 0.07180769230769231
0 0.5376633522727272 0.48715384615384616 0.06339488636363635 0.05792307692307693
0 0.7844602272727272 0.6068557692307692 0.04451704545454534 0.0461346153846154
0 0.6650071022727273 0.1962307692307692 0.03836647727272726 0.05965384615384615
0 0.26565340909090907 0.21109615384615388 0.02488636363636365 0.03688461538461537
0 0.5904758522727274 0.6747596153846154 0.04643465909090909 0.045942307692307664
0 0.8721946022727273 0.5280576923076923 0.05328124999999999 0.05600000000000001
0 0.5851207386363636 0.634048076923077 0.03811079545454543 0.04675000000000001
0 0.8542116477272728 0.6031153846153846 0.04938920454545452 0.06330769230769223
