0 0.031150568181818182 0.08858653846153845 0.036534090909090905 0.0779423076923077
0 0.3204971590909091 0.5669230769230769 0.03730113636363635 0.05976923076923074
0 0.5286008522727272 0.7895 0.07634943181818182 0.07580769230769234
0 0.6152556818181818 0.686923076923077 0.05721590909090905 0.09630769230769227
0 0.5179403409090909 0.7177403846153847 0.08704545454545451 0.08798076923076924
0 0.19872869318181818 0.42596153846153845 0.05950284090909091 0.1378846153846154
0 0.23849431818181818 0.42762500000000003 0.040482954545454544 0.08128846153846156
0 0.18198863636363638 0.6933173076923076 0.05548295454545455 0.11774999999999992
0 0.07316051136363637 0.8216730769230769 0.0989346590909091 0.08965384615384617
0 0.12122869318181818 0.817125 0.05705965909090909 0.10067307692307685
0 0.5062571022727272 0.8855192307692308 0.05214488636363634 0.07623076923076931
0 0.34404829545454546 0.8101057692307693 0.07497159090909095 0.07624999999999996
0 0.3490340909090909 0.4159038461538461 0.057869318181818154 0.0907692307692308
0 0.33784801136363635 0.8525865384615385 0.03796875000000002 0.07048076923076929
0 0.3029545454545455 0.8084711538461538 0.049488636363636325 0.09124999999999998
0 0.2702201704545455 0.7198365384615385 0.07759943181818185 0.10451923076923081
0 0.3281534090909091 0.7483749999999999 0.056903409090909095 0.09751923076923073
0 0.2556178977272727 0.7585865384615386 0.06930397727272726 0.10013461538461538
0 0.2664488636363636 0.8260480769230768 0.044090909090909076 0.08863461538461534
0 0.3599005681818182 0.8783269230769231 0.038863636363636385 0.06953846153846159
0 0.24404829545454546 0.9758557692307692 0.08744318181818182 0.048288461538461565
0 0.2879190340909091 0.9327692307692307 0.0683096590909091 0.08453846153846149
0 0.3033380681818182 0.88175 0.07022727272727272 0.07476923076923075
0 0.34095880681818186 0.5000384615384615 0.05046875 0.11588461538461536
0 0.38717329545454543 0.9751923076923077 0.05414772727272728 0.049538461538461524
0 0.3159161931818182 0.95925 0.07606534090909092 0.08053846153846153
0 0.49858664772727274 0.9610576923076923 0.05424715909090909 0.07788461538461539
0 0.4495596590909091 0.8969807692307691 0.07414772727272725 0.03042307692307691
0 0.4547088068181818 0.9634134615384616 0.058792613636363615 0.07309615384615382
0 0.47799715909090906 0.8412884615384616 0.04985795454545458 0.08615384615384618
0 0.6623437499999999 0.9331057692307693 0.06352272727272723 0.08451923076923075
0 0.626171875 0.9310192307692308 0.07802556818181819 0.08838461538461545
0 0.7158948863636364 0.8050192307692308 0.04880681818181812 0.05600000000000001
0 0.7560582386363636 0.8325576923076922 0.05853693181818179 0.0618846153846154
0 0.33902698863636366 0.5466057692307693 0.04558238636363637 0.1803653846153846
0 0.7697656249999999 0.7729134615384616 0.1031107954545455 0.057711538461538446
0 0.02530539772727273 0.28925 0.05061079545454546 0.10200000000000001
0 0.025667613636363638 0.3792884615384615 0.051335227272727275 0.08088461538461539
0 0.23914062500000002 0.3685673076923077 0.06029829545454548 0.060403846153846204
0 0.15719460227272727 0.36222115384615383 0.09095170454545455 0.058288461538461546
0 0.09689630681818183 0.4476442307692307 0.06910511363636364 0.07459615384615383
0 0.08015625000000001 0.3207307692307692 0.09380681818181819 0.08284615384615382
0 0.019481534090909094 0.4386153846153846 0.038536931818181824 0.06446153846153849
0 0.20436079545454547 0.5169903846153847 0.05784090909090907 0.08159615384615386
0 0.12227272727272727 0.5489519230769232 0.09397727272727273 0.1455192307692308
0 0.26352982954545456 0.5314423076923077 0.08007102272727273 0.11103846153846161
0 0.15934659090909092 0.692326923076923 0.025909090909090902 0.08934615384615392
0 0.3509730113636364 0.7035961538461538 0.07481534090909094 0.08550000000000008
0 0.3904616477272727 0.8083942307692308 0.08041193181818179 0.10144230769230769
0 0.4679474431818181 0.759375 0.10271306818181819 0.09028846153846162
0 0.4277911931818182 0.7068557692307692 0.07117897727272729 0.06009615384615385
0 0.38999289772727275 0.7471057692307692 0.08884943181818179 0.06609615384615386
0 0.20656960227272728 0.7759326923076924 0.0904403409090909 0.11398076923076919
0 0.13870738636363636 0.7622019230769231 0.0662215909090909 0.11644230769230772
0 0.06615767045454546 0.654201923076923 0.04120738636363636 0.07671153846153844
0 0.06098011363636364 0.7410576923076924 0.0734375 0.10076923076923083
0 0.30454545454545456 0.604548076923077 0.044659090909090905 0.05790384615384618
0 0.025220170454545453 0.6886442307692309 0.05044034090909091 0.09994230769230764
0 0.04051846590909091 0.6210288461538461 0.08103693181818182 0.08163461538461547
0 0.1505752840909091 0.4801730769230769 0.05498579545454545 0.11165384615384621
0 0.043501420454545456 0.5346442307692307 0.06822443181818182 0.09755769230769229
0 0.1406747159090909 0.6238557692307691 0.045497159090909095 0.10001923076923086
0 0.12251420454545454 0.6381249999999999 0.058522727272727254 0.13390384615384615
0 0.08917613636363636 0.6692884615384614 0.06951704545454546 0.11019230769230771
0 0.018636363636363635 0.8983076923076924 0.03727272727272727 0.1249615384615385
0 0.02823863636363636 0.9335865384615385 0.05647727272727272 0.13282692307692306
0 0.5502272727272728 0.49306730769230767 0.11014204545454548 0.1354038461538462
0 0.6364488636363637 0.8183173076923076 0.08522727272727272 0.12390384615384617
0 0.629375 0.5735769230769231 0.06471590909090909 0.05734615384615383
0 0.7238352272727273 0.6597019230769231 0.05332386363636366 0.0836730769230769
0 0.9746448863636363 0.745576923076923 0.05071022727272734 0.07192307692307688
0 0.05029119318181818 0.037961538461538456 0.07024147727272728 0.07592307692307691
0 0.09918323863636364 0.04918269230769231 0.04146306818181819 0.09836538461538462
0 0.05046875 0.12471153846153846 0.06982954545454545 0.1466923076923077
0 0.019701704545454543 0.01945192307692308 0.039403409090909086 0.03890384615384616
0 0.7559446022727272 0.026500000000000003 0.04950284090909094 0.05219230769230769
0 0.5680255681818182 0.09333653846153846 0.08877840909090909 0.10471153846153847
0 0.7371946022727273 0.26043269230769234 0.08126420454545459 0.11548076923076919
0 0.6118252840909091 0.8177307692307693 0.044048295454545444 0.045461538461538546
0 0.9240553977272726 0.135875 0.08126420454545459 0.1298653846153846
0 0.9719105113636364 0.1198076923076923 0.05617897727272721 0.03680769230769232
0 0.946590909090909 0.16909615384615387 0.04616477272727273 0.0561153846153846
0 0.9783025568181819 0.1679807692307692 0.0433948863636363 0.06726923076923078
0 0.9727485795454546 0.082625 0.05450284090909092 0.05625000000000001
0 0.9179616477272727 0.19536538461538464 0.06132102272727283 0.06923076923076923
0 0.07415482954545455 0.24378846153846154 0.06498579545454546 0.09211538461538463
0 0.12852982954545455 0.26543269230769234 0.05950284090909091 0.07809615384615387
0 0.2928125 0.29024038461538465 0.03303977272727276 0.08367307692307696
0 0.8170099431818181 0.08896153846153847 0.1128835227272726 0.10711538461538463
0 0.6672798295454545 0.7977980769230769 0.053338068181818195 0.07498076923076925
0 0.5347230113636364 0.2519230769230769 0.05833806818181817 0.06776923076923079
0 0.4784232954545455 0.2875576923076923 0.07934659090909092 0.08726923076923077
0 0.13254261363636363 0.04386538461538461 0.07485795454545455 0.08773076923076922
0 0.1786505681818182 0.10279807692307692 0.07306818181818184 0.13582692307692307
0 0.02362215909090909 0.12240384615384617 0.04724431818181818 0.08576923076923078
0 0.025071022727272727 0.2142019230769231 0.05014204545454545 0.09321153846153846
0 0.10350142045454545 0.19399038461538462 0.06160511363636363 0.0949807692307692
0 0.07546874999999999 0.15246153846153845 0.04752840909090909 0.11200000000000002
0 0.12219460227272728 0.09706730769230769 0.06691761363636363 0.06548076923076923
0 0.25691051136363635 0.04752884615384616 0.08444602272727275 0.09501923076923077
0 0.6623011363636363 0.7411538461538462 0.07872159090909094 0.0595384615384615
0 0.21857954545454544 0.06741346153846153 0.052556818181818184 0.052903846153846155
0 0.24310369318181815 0.02014423076923077 0.052428977272727266 0.04013461538461539
0 0.18795454545454546 0.023730769230769225 0.07099431818181819 0.04734615384615384
0 0.2362286931818182 0.13322115384615385 0.08998579545454545 0.08582692307692308
0 0.32657670454545457 0.08241346153846153 0.14792613636363638 0.1521346153846154
0 0.17845170454545453 0.19380769230769232 0.09184659090909092 0.06930769230769229
0 0.21429687500000003 0.16198076923076923 0.07359375000000003 0.08542307692307691
0 0.17316051136363636 0.23734615384615385 0.10245738636363635 0.05342307692307693
0 0.24669034090909092 0.21885576923076924 0.07204545454545454 0.08021153846153845
0 0.3613849431818182 0.24908653846153847 0.06586647727272732 0.07040384615384618
0 0.012002840909090907 0.05849038461538461 0.024005681818181815 0.06398076923076923
0 0.8964204545454546 0.9395096153846153 0.08377840909090911 0.12098076923076928
0 0.2979616477272727 0.2381923076923077 0.07936079545454543 0.09515384615384613
0 0.28412642045454545 0.18296153846153845 0.06958806818181819 0.08084615384615383
0 0.33757102272727274 0.17175961538461537 0.12062500000000002 0.10221153846153846
0 0.4117826704545454 0.16260576923076925 0.08919034090909093 0.08267307692307692
0 0.04367897727272727 0.946548076923077 0.05426136363636364 0.1069038461538461
0 0.10011363636363635 0.939875 0.090625 0.12024999999999995
0 0.140546875 0.9730576923076923 0.05421875 0.053576923076922994
0 0.15296164772727272 0.9356923076923077 0.03992897727272727 0.06700000000000006
0 0.18888494318181817 0.9738173076923077 0.04666193181818183 0.05236538461538465
0 0.27262073863636366 0.5910192307692307 0.0602130681818182 0.16342307692307695
0 0.29576704545454546 0.4704519230769231 0.09048295454545453 0.08944230769230767
0 0.06269886363636364 0.3712884615384615 0.05014204545454545 0.052423076923076906
0 0.08014914772727272 0.4156730769230769 0.10913352272727272 0.05723076923076921
0 0.14262073863636363 0.38931730769230766 0.07330965909090909 0.05351923076923079
0 0.21414772727272727 0.33275 0.05903409090909091 0.0631153846153846
0 0.15953125 0.3136346153846154 0.06650568181818181 0.05530769230769229
0 0.17348011363636365 0.27313461538461536 0.0325284090909091 0.028961538461538466
0 0.5014559659090909 0.019932692307692308 0.08839488636363631 0.039865384615384615
0 0.7088565340909091 0.021115384615384616 0.06169034090909092 0.04223076923076923
0 0.680390625 0.06126923076923078 0.05930397727272727 0.08250000000000002
0 0.6580255681818182 0.12090384615384615 0.06426136363636364 0.06223076923076923
0 0.45608664772727275 0.2707307692307692 0.13004261363636366 0.12288461538461537
0 0.6111008522727274 0.07527884615384615 0.08089488636363634 0.1505576923076923
0 0.6786150568181818 0.11278846153846153 0.11663352272727266 0.14826923076923076
0 0.7522940340909091 0.08031730769230769 0.08146306818181813 0.08986538461538461
0 0.08762073863636363 0.37083653846153847 0.05901988636363636 0.04413461538461536
0 0.05430397727272728 0.44824038461538457 0.08923295454545455 0.1035961538461538
0 0.13833806818181818 0.31698076923076923 0.06900568181818184 0.0798076923076923
0 0.20040482954545452 0.28324038461538464 0.04720170454545453 0.05882692307692308
0 0.23453125000000002 0.2926730769230769 0.042017045454545474 0.05450000000000001
0 0.23208096590909089 0.2616826923076923 0.06473011363636362 0.06490384615384613
0 0.26422585227272727 0.3222403846153846 0.045838068181818195 0.1003653846153846
0 0.4041335227272727 0.21269230769230768 0.035397727272727296 0.046192307692307685
0 0.3352627840909091 0.2794423076923077 0.06865056818181815 0.08307692307692308
0 0.39063210227272727 0.2738461538461538 0.05421874999999998 0.09934615384615383
0 0.33252840909090914 0.35084615384615386 0.09500000000000003 0.09284615384615384
0 0.46245028409090916 0.4176730769230769 0.059218749999999994 0.0678846153846154
0 0.4747727272727273 0.46943269230769236 0.052130681818181805 0.07336538461538462
0 0.36122159090909095 0.37001923076923077 0.052784090909090906 0.09807692307692308
0 0.4085724431818182 0.37451923076923077 0.10055397727272722 0.1262307692307692
0 0.4039488636363636 0.4785 0.09548295454545454 0.08361538461538459
0 0.4203906250000001 0.4368076923076923 0.0767755681818182 0.08088461538461533
0 0.5375923295454546 0.42191346153846154 0.10049715909090909 0.1313653846153846
0 0.7745028409090909 0.6791923076923077 0.10107954545454549 0.0821538461538462
0 0.5104048295454545 0.3266826923076923 0.15487215909090904 0.12309615384615383
0 0.604375 0.33068269230769226 0.06218750000000004 0.10109615384615389
0 0.5398508522727273 0.8635673076923077 0.060014204545454544 0.08140384615384623
0 0.6576633522727273 0.977875 0.1108664772727272 0.044249999999999984
0 0.5915838068181819 0.9638653846153847 0.06274147727272729 0.07169230769230775
0 0.5436292613636364 0.9591826923076923 0.08234374999999995 0.08148076923076934
0 0.5484375 0.9289615384615385 0.05624999999999995 0.08188461538461546
0 0.586356534090909 0.8606153846153846 0.04450284090909089 0.05588461538461539
0 0.5726349431818182 0.8287403846153846 0.06089488636363637 0.05763461538461544
0 0.5762571022727273 0.9016442307692308 0.05248579545454552 0.06309615384615386
0 0.7198011363636364 0.7504807692307692 0.0817329545454545 0.10503846153846155
0 0.5913139204545454 0.5929038461538462 0.05555397727272721 0.07461538461538453
0 0.5500568181818182 0.6277884615384615 0.052301136363636355 0.13238461538461543
0 0.5256392045454545 0.6128365384615385 0.0441761363636364 0.12359615384615381
0 0.9472017045454545 0.6034230769230768 0.05843749999999998 0.10534615384615391
0 0.8850639204545455 0.6527884615384616 0.0570880681818181 0.06696153846153845
0 0.8813849431818181 0.6905769230769231 0.06427556818181818 0.05442307692307694
0 0.6889204545454546 0.8704519230769231 0.07278409090909092 0.10117307692307695
0 0.6284161931818182 0.8687980769230769 0.05248579545454544 0.06109615384615392
0 0.7273934659090909 0.9785192307692309 0.09811079545454544 0.041846153846153936
0 0.7464346590909091 0.9212307692307692 0.06758522727272726 0.09719230769230773
0 0.8383238636363637 0.6865673076923077 0.06937500000000005 0.07086538461538466
0 0.6987215909090909 0.9279711538461538 0.05801136363636368 0.06598076923076923
0 0.9292897727272728 0.944923076923077 0.03517045454545453 0.04734615384615386
0 0.9162713068181817 0.9818269230769231 0.07811079545454547 0.036346153846153806
0 0.9496448863636363 0.9324711538461539 0.04159090909090921 0.06805769230769228
0 0.973828125 0.9549903846153847 0.05234375000000003 0.09001923076923077
0 0.6884943181818183 0.5734807692307692 0.06491477272727271 0.09180769230769233
0 0.6875568181818182 0.6793942307692307 0.06374999999999999 0.10009615384615386
0 0.638955965909091 0.656673076923077 0.06276988636363635 0.12803846153846152
0 0.6627769886363637 0.6045288461538462 0.034218749999999964 0.0747115384615384
0 0.7095738636363637 0.6204999999999999 0.06693181818181819 0.08446153846153849
0 0.5936931818181819 0.7641826923076923 0.07250000000000002 0.10909615384615388
0 0.7589914772727272 0.5559711538461539 0.08008522727272727 0.13236538461538458
0 0.8747301136363635 0.409375 0.059488636363636355 0.12321153846153844
0 0.8634446022727272 0.5254903846153846 0.08856534090909078 0.13113461538461543
0 0.8368039772727272 0.5189807692307692 0.05025568181818181 0.09699999999999995
0 0.7881889204545455 0.6012211538461538 0.0668323863636363 0.09309615384615379
0 0.823359375 0.6200576923076923 0.10024147727272718 0.08449999999999999
0 0.8730113636363637 0.5891826923076923 0.03406250000000002 0.06901923076923075
0 0.9037357954545455 0.599326923076923 0.04403409090909091 0.0791538461538462
0 0.4833522727272727 0.6323269230769231 0.08522727272727272 0.17046153846153844
0 0.4414275568181818 0.6473076923076924 0.08319602272727272 0.06769230769230768
0 0.5758664772727272 0.6758557692307692 0.06636363636363632 0.15194230769230768
0 0.41775568181818185 0.6743557692307691 0.10306818181818182 0.07913461538461546
0 0.3570454545454545 0.6438461538461537 0.04519886363636363 0.05303846153846151
0 0.3198366477272727 0.6577307692307692 0.034161931818181834 0.1041153846153846
0 0.28806107954545457 0.6536634615384614 0.04532670454545454 0.05894230769230776
0 0.4005326704545455 0.5467692307692308 0.08870738636363634 0.09542307692307693
0 0.3995454545454545 0.6155096153846153 0.0892897727272727 0.061134615384615315
0 0.49332386363636355 0.5346346153846153 0.04997159090909092 0.09396153846153843
0 0.44192471590909094 0.547875 0.06492897727272733 0.08167307692307686
0 0.5367116477272728 0.5385576923076923 0.06174715909090905 0.0600769230769231
0 0.22968039772727272 0.6607500000000001 0.06961647727272725 0.11896153846153838
0 0.4888068181818182 0.18426923076923077 0.10082386363636366 0.07942307692307692
0 0.1891690340909091 0.613951923076923 0.07194602272727274 0.0729038461538461
0 0.18389204545454543 0.5608173076923076 0.055369318181818165 0.08932692307692316
0 0.2332670454545455 0.5583365384615385 0.045767045454545456 0.13371153846153852
0 0.07063210227272727 0.8588557692307692 0.11288352272727273 0.10555769230769228
0 0.5726349431818182 0.20847115384615386 0.08916193181818179 0.14513461538461536
0 0.6146235795454545 0.24485576923076924 0.07529829545454544 0.11144230769230773
0 0.6668963068181818 0.4993076923076923 0.07169034090909095 0.12819230769230774
0 0.6474715909090909 0.4405384615384615 0.060426136363636314 0.1827307692307692
0 0.19032670454545456 0.8470480769230769 0.053750000000000006 0.07401923076923067
0 0.2401775568181818 0.8459134615384616 0.0832528409090909 0.08944230769230767
0 0.21799005681818182 0.9205865384615386 0.0913778409090909 0.08567307692307695
0 0.26034801136363633 0.45171153846153844 0.06487215909090911 0.07488461538461544
0 0.29126420454545454 0.39961538461538465 0.0674431818181818 0.07615384615384614
0 0.9703693181818182 0.406625 0.059261363636363674 0.14559615384615388
0 0.021186079545454543 0.7760384615384615 0.042372159090909085 0.11169230769230766
0 0.9701633522727273 0.45998076923076925 0.05938920454545447 0.0750384615384615
0 0.9442400568181818 0.31975 0.07703125000000002 0.09776923076923077
0 0.9657173295454545 0.5847884615384616 0.03515625 0.05942307692307699
0 0.9464701704545455 0.6520961538461539 0.05311079545454544 0.09330769230769238
0 0.9294318181818181 0.6797211538461538 0.053210227272727166 0.1466346153846154
0 0.8876065340909091 0.8451538461538461 0.047542613636363674 0.07153846153846152
0 0.9201349431818181 0.8322692307692308 0.04927556818181826 0.09611538461538455
0 0.9671590909090909 0.8252307692307692 0.06568181818181819 0.16661538461538458
0 0.8309659090909091 0.8251442307692307 0.08434659090909107 0.08828846153846148
0 0.8195099431818181 0.9787788461538462 0.10842329545454552 0.04244230769230768
0 0.15982244318181818 0.8729615384615385 0.07390625 0.11892307692307698
0 0.7988920454545455 0.9147692307692308 0.10241477272727276 0.10207692307692316
0 0.5740696022727273 0.12771153846153846 0.16666193181818179 0.18361538461538462
0 0.5031676136363636 0.0768653846153846 0.08761363636363638 0.1292307692307692
0 0.6776065340909091 0.28068269230769227 0.04771306818181815 0.06113461538461537
0 0.6241761363636363 0.3630480769230769 0.07798295454545451 0.1294038461538462
0 0.7413494318181819 0.1756153846153846 0.12303977272727273 0.10776923076923078
0 0.6815767045454546 0.15856730769230773 0.052471590909090905 0.03548076923076924
0 0.9094034090909091 0.5486634615384616 0.08894886363636365 0.07932692307692307
0 0.9334943181818183 0.4790865384615385 0.07321022727272739 0.07213461538461537
0 0.9188920454545454 0.40900000000000003 0.05531250000000008 0.0881153846153846
0 0.8747514204545456 0.91525 0.11683238636363637 0.12876923076923083
0 0.9246803977272727 0.37501923076923077 0.060269886363636456 0.08515384615384615
0 0.8077556818181819 0.39066346153846154 0.07659090909090903 0.0794423076923077
0 0.7742542613636364 0.3818653846153846 0.11498579545454536 0.1318846153846154
0 0.89859375 0.2923846153846154 0.06786931818181814 0.08861538461538464
0 0.6394957386363637 0.04571153846153846 0.08671875000000001 0.09142307692307693
0 0.9742826704545454 0.2273269230769231 0.05143465909090914 0.06742307692307693
0 0.82625 0.23970192307692306 0.14110795454545458 0.09355769230769231
0 0.9688139204545455 0.5198846153846155 0.06208806818181807 0.0731923076923077
0 0.7346164772727274 0.4511153846153846 0.11667613636363634 0.06711538461538463
0 0.823046875 0.2940576923076923 0.09848011363636369 0.07930769230769233
0 0.3517613636363636 0.9473076923076924 0.08045454545454543 0.10538461538461541
0 0.7091761363636363 0.3718461538461539 0.10292613636363641 0.1205384615384615
0 0.8626775568181819 0.3493269230769231 0.08589488636363624 0.1041153846153846
0 0.6008025568181818 0.49060576923076926 0.03643465909090914 0.1312115384615385
0 0.7182741477272727 0.29754807692307694 0.08436079545454543 0.06809615384615383
0 0.6509232954545454 0.26608653846153846 0.039261363636363615 0.03551923076923077
0 0.6681605113636363 0.2363076923076923 0.05393465909090913 0.061692307692307664
0 0.7027911931818182 0.2155576923076923 0.05828124999999996 0.08053846153846153
0 0.6578267045454546 0.18808653846153847 0.06264204545454549 0.051480769230769226
0 0.6672798295454545 0.34028846153846154 0.062088068181818154 0.08738461538461538
0 0.6331960227272727 0.28675 0.05193181818181818 0.05930769230769231
0 0.4043892045454545 0.9231826923076922 0.03835227272727273 0.06455769230769229
0 0.8051491477272728 0.824923076923077 0.03924715909090908 0.03842307692307685
0 0.7660227272727272 0.8178269230769231 0.0445170454545455 0.046653846153846136
0 0.87109375 0.7648173076923078 0.1600284090909092 0.11786538461538465
0 0.7894673295454545 0.723576923076923 0.08768465909090911 0.0577692307692307
0 0.7074928977272728 0.5202307692307692 0.06700284090909085 0.09661538461538458
0 0.7901633522727273 0.4948269230769231 0.13876420454545454 0.12696153846153843
0 0.8192400568181818 0.4277692307692308 0.05333806818181812 0.06180769230769228
0 0.7709943181818182 0.42785576923076923 0.046789772727272805 0.03917307692307688
0 0.9742897727272727 0.28892307692307695 0.05142045454545461 0.09400000000000001
0 0.9316761363636364 0.24365384615384617 0.07724431818181818 0.10603846153846157
0 0.38550426136363636 0.8903557692307693 0.06419034090909091 0.08867307692307695
0 0.5470170454545454 0.024913461538461537 0.06795454545454542 0.049826923076923074
0 0.49894886363636365 0.11364423076923076 0.06588068181818181 0.10440384615384614
0 0.4332315340909091 0.06395192307692309 0.07759943181818181 0.12790384615384617
0 0.9761576704545454 0.675923076923077 0.04768465909090916 0.10288461538461538
0 0.9708948863636363 0.6321153846153846 0.058210227272727295 0.1666538461538461
0 0.4148650568181818 0.9686346153846154 0.026036931818181876 0.06273076923076924
0 0.4828053977272727 0.9255192307692307 0.03299715909090912 0.02888461538461535
0 0.4388352272727273 0.9362403846153846 0.06741477272727278 0.053326923076923
0 0.4449076704545455 0.9592115384615384 0.04339488636363638 0.05030769230769236
0 0.44884232954545455 0.8404326923076922 0.08745738636363636 0.11482692307692303
