0 0.9361363636363635 0.02218269230769231 0.08042613636363637 0.04436538461538462
0 0.43707386363636364 0.7281538461538462 0.07298295454545455 0.0988076923076923
0 0.2765909090909091 0.271 0.08588068181818179 0.19142307692307692
0 0.1364346590909091 0.8370480769230769 0.055369318181818186 0.08455769230769236
0 0.5343110795454545 0.2594423076923077 0.10311079545454542 0.10857692307692304
0 0.4516335227272728 0.5893557692307693 0.0653977272727273 0.08440384615384623
0 0.1670525568181818 0.3682980769230769 0.057258522727272713 0.09332692307692309
0 0.5441264204545454 0.35206730769230765 0.07052556818181815 0.08163461538461542
0 0.9082315340909091 0.37677884615384616 0.052031249999999994 0.1255192307692308
0 0.8759446022727272 0.8255865384615385 0.07990056818181818 0.10459615384615382
0 0.37477272727272726 0.9026153846153846 0.11377840909090908 0.13776923076923075
0 0.11716619318181819 0.6318653846153846 0.018536931818181834 0.08626923076923079
0 0.7802627840909092 0.17663461538461536 0.08373579545454536 0.05188461538461539
0 0.08533380681818181 0.9557307692307693 0.035497159090909086 0.05861538461538465
0 0.35212357954545453 0.5655384615384617 0.050667613636363656 0.12242307692307697
0 0.29686079545454547 0.8557884615384616 0.08517045454545456 0.12780769230769237
0 0.9694673295454546 0.8608365384615384 0.05586647727272717 0.06332692307692309
0 0.6424573863636364 0.8364711538461539 0.07332386363636365 0.11448076923076929
0 0.7308664772727272 0.0315 0.07803977272727272 0.063
0 0.07240056818181818 0.36117307692307693 0.04440340909090908 0.10915384615384614
0 0.3913352272727273 0.7941346153846154 0.09710227272727275 0.09546153846153843
0 0.5155326704545454 0.2318653846153846 0.09737215909090903 0.11719230769230769
0 0.01896306818181818 0.3671057692307692 0.03792613636363636 0.04667307692307694
0 0.8583877840909092 0.9682307692307692 0.07404829545454544 0.06353846153846157
0 0.7803835227272727 0.33952884615384615 0.12417613636363639 0.14148076923076922
0 0.2177130681818182 0.9144134615384616 0.0887215909090909 0.14701923076923085
0 0.9560085227272727 0.26598076923076924 0.08798295454545463 0.18573076923076923
0 0.03813210227272727 0.9305384615384615 0.07595170454545454 0.13892307692307693
0 0.26658380681818183 0.9725673076923077 0.11936079545454546 0.054865384615384566
0 0.15361505681818183 0.0768173076923077 0.10399147727272727 0.07040384615384615
0 0.10628551136363637 0.514625 0.05492897727272727 0.09332692307692309
0 0.3655397727272728 0.3180192307692308 0.08346590909090912 0.1008846153846154
0 0.7729190340909091 0.094625 0.038792613636363556 0.10628846153846154
0 0.903721590909091 0.8715288461538462 0.061306818181818136 0.13421153846153838
0 0.22868607954545456 0.36197115384615386 0.11742897727272729 0.12498076923076924
0 0.2549928977272727 0.4595961538461539 0.08901988636363635 0.09123076923076917
0 0.7038636363636364 0.5806923076923077 0.110596590909091 0.11580769230769225
0 0.9262713068181818 0.9848365384615385 0.06950284090909084 0.029903846153846177
0 0.03737215909090909 0.37224999999999997 0.07474431818181818 0.06961538461538459
0 0.791612215909091 0.1631826923076923 0.08657670454545445 0.058288461538461546
0 0.06839488636363636 0.04560576923076923 0.02863636363636363 0.042019230769230774
0 0.055795454545454544 0.848576923076923 0.11159090909090909 0.07303846153846158
0 0.5124431818181818 0.4375 0.06846590909090908 0.16119230769230775
0 0.897869318181818 0.654201923076923 0.030681818181818213 0.07459615384615377
0 0.6463565340909091 0.23599038461538463 0.10853693181818186 0.13259615384615386
0 0.3693465909090909 0.8490288461538462 0.031164772727272725 0.03401923076923077
0 0.6415625 0.30899038461538464 0.10883522727272728 0.0922115384615385
0 0.8385866477272728 0.24773076923076923 0.05887784090909098 0.09996153846153846
0 0.31287642045454545 0.602201923076923 0.06856534090909093 0.07063461538461542
0 0.47602982954545453 0.5232692307692308 0.08549715909090917 0.09192307692307694
0 0.8301775568181817 0.4201538461538462 0.13552556818181813 0.12084615384615385
0 0.5126988636363636 0.7453653846153847 0.03627840909090904 0.17642307692307682
0 0.13608664772727275 0.28405769230769234 0.09464488636363635 0.11153846153846157
0 0.2732244318181818 0.5942596153846154 0.09838068181818181 0.08201923076923072
0 0.37443892045454547 0.40410576923076924 0.06839488636363637 0.04698076923076924
0 0.3331747159090909 0.18145192307692307 0.13112215909090905 0.08013461538461539
0 0.31292613636363636 0.680326923076923 0.07875 0.09849999999999995
0 0.9814062500000001 0.7524807692307691 0.03718749999999993 0.046038461538461535
0 0.6965340909090909 0.8590673076923078 0.04460227272727269 0.08851923076923082
0 0.8105397727272727 0.08215384615384615 0.056306818181818326 0.1216923076923077
0 0.9770596590909091 0.1609423076923077 0.04116477272727275 0.06403846153846153
0 0.65609375 0.09507692307692307 0.08085227272727274 0.19015384615384615
0 0.9446164772727272 0.7031153846153846 0.06801136363636363 0.1278461538461539
0 0.02627130681818182 0.023576923076923075 0.05254261363636364 0.04715384615384615
0 0.43692471590909093 0.022471153846153846 0.07129261363636363 0.04309615384615385
0 0.20874289772727275 0.025451923076923077 0.08720170454545455 0.050903846153846154
0 0.6754545454545454 0.8069423076923077 0.06232954545454545 0.07030769230769231
0 0.5255681818181818 0.29414423076923074 0.1574147727272728 0.0803269230769231
0 0.2177130681818182 0.7577692307692308 0.0887215909090909 0.11242307692307689
0 0.08408380681818182 0.1733173076923077 0.05140625000000001 0.17798076923076925
0 0.14280539772727271 0.18834615384615383 0.09171874999999999 0.09253846153846154
0 0.4385582386363636 0.5889615384615384 0.11115056818181818 0.1375384615384615
0 0.1422159090909091 0.42723076923076925 0.11159090909090909 0.09096153846153848
0 0.33667613636363636 0.04961538461538461 0.069375 0.09392307692307691
0 0.9168821022727273 0.7580865384615384 0.07197443181818192 0.14659615384615388
0 0.18358664772727273 0.5063173076923076 0.08916193181818181 0.2665576923076923
0 0.036718749999999994 0.10173076923076924 0.07235795454545454 0.11865384615384617
0 0.15348011363636366 0.9187403846153847 0.051107954545454554 0.10186538461538466
0 0.14659801136363637 0.3129230769230769 0.06660511363636364 0.06961538461538459
0 0.16377130681818183 0.7126057692307691 0.07311079545454545 0.16624999999999998
0 0.06480113636363637 0.4335480769230769 0.08178977272727272 0.08463461538461536
0 0.9576633522727271 0.39375 0.08467329545454548 0.1351538461538461
0 0.38062500000000005 0.7258461538461538 0.08176136363636365 0.17457692307692302
0 0.3496306818181818 0.8666826923076923 0.02289772727272724 0.03575000000000006
0 0.013217329545454544 0.1943076923076923 0.02643465909090909 0.06384615384615386
0 0.8584446022727273 0.7621153846153846 0.0726278409090909 0.143923076923077
0 0.31207386363636364 0.5457307692307691 0.03821022727272728 0.05242307692307702
0 0.6464275568181818 0.670451923076923 0.05683238636363635 0.0752884615384615
0 0.28361505681818183 0.7680576923076923 0.054843749999999976 0.09411538461538461
0 0.030596590909090907 0.6160192307692307 0.06119318181818181 0.06919230769230773
0 0.010625 0.2763653846153846 0.02125 0.059384615384615376
0 0.4176917613636364 0.37755769230769226 0.04828125000000001 0.0592307692307692
0 0.6039630681818182 0.7540000000000001 0.10019886363636359 0.05542307692307691
0 0.7487784090909091 0.8156346153846153 0.09286931818181826 0.13234615384615384
0 0.4782883522727273 0.36359615384615385 0.07393465909090911 0.0708076923076923
0 0.03947443181818182 0.7500865384615384 0.07894886363636364 0.11244230769230763
0 0.4730965909090909 0.7702692307692307 0.047017045454545485 0.12938461538461543
0 0.04727982954545454 0.12703846153846154 0.08180397727272727 0.10915384615384616
0 0.30715909090909094 0.34054807692307687 0.06110795454545456 0.1190576923076923
0 0.2228409090909091 0.40310576923076924 0.08471590909090908 0.07751923076923077
0 0.2696448863636363 0.6650865384615385 0.04471590909090908 0.11971153846153847
0 0.45897727272727273 0.11202884615384615 0.12448863636363634 0.1370576923076923
0 0.35313920454545455 0.5832692307692307 0.07389204545454547 0.12396153846153843
0 0.038806818181818185 0.33942307692307694 0.027471590909090914 0.04034615384615388
0 0.25760653409090906 0.11953846153846154 0.13086647727272727 0.10203846153846152
0 0.4477485795454546 0.20040384615384615 0.11711647727272725 0.1301153846153846
0 0.9685440340909092 0.056865384615384616 0.06291193181818176 0.11207692307692307
0 0.8815767045454546 0.25975961538461534 0.04767045454545447 0.10248076923076921
0 0.18115767045454545 0.9651346153846154 0.0567755681818182 0.06973076923076921
0 0.785078125 0.25500961538461536 0.06401988636363644 0.12463461538461536
0 0.36021306818181814 0.9795288461538461 0.07440340909090905 0.04067307692307688
0 0.8950923295454545 0.8366538461538462 0.02274147727272726 0.07123076923076917
0 0.11762784090909091 0.7106826923076922 0.043295454545454554 0.1681730769230769
0 0.8713920454545455 0.6445961538461539 0.05411931818181821 0.14588461538461542
0 0.10911221590909091 0.8966346153846154 0.07311079545454545 0.05380769230769234
0 0.37837357954545453 0.05690384615384615 0.07129261363636367 0.1138076923076923
0 0.7975284090909092 0.019625 0.06622159090909091 0.03925
0 0.5737713068181818 0.20989423076923078 0.0547301136363636 0.1525192307692308
0 0.925731534090909 0.23139423076923077 0.06907670454545455 0.14859615384615388
0 0.7263636363636364 0.2206153846153846 0.06562500000000006 0.09499999999999999
0 0.5582528409090909 0.5222403846153846 0.04576704545454549 0.058557692307692394
0 0.12439630681818183 0.37067307692307694 0.06427556818181818 0.0601153846153846
0 0.13842329545454543 0.5150288461538461 0.06426136363636363 0.10836538461538466
0 0.10591619318181818 0.9877211538461539 0.028394886363636376 0.024557692307692273
0 0.9063494318181817 0.6086153846153847 0.03687499999999989 0.06353846153846157
0 0.8914346590909091 0.11194230769230767 0.13389204545454544 0.2171153846153846
0 0.08058238636363636 0.20614423076923075 0.10517045454545454 0.07117307692307694
0 0.503984375 0.9072692307692307 0.02438920454545449 0.03649999999999993
0 0.04487215909090909 0.5857403846153846 0.08943181818181818 0.035557692307692325
0 0.8325071022727273 0.1911153846153846 0.03458806818181821 0.04365384615384616
0 0.3075497159090909 0.4245288461538461 0.0663778409090909 0.14094230769230762
0 0.9597230113636364 0.8902980769230769 0.08055397727272733 0.0800192307692308
0 0.23511363636363639 0.21207692307692308 0.12562500000000001 0.1827307692307692
0 0.3689985795454545 0.7746538461538462 0.08404829545454548 0.13230769230769232
0 0.10944602272727272 0.06564423076923077 0.06508522727272727 0.036403846153846155
0 0.62921875 0.09950961538461538 0.07196022727272731 0.19901923076923075
0 0.966200284090909 0.812625 0.06759943181818186 0.07509615384615376
0 0.2872727272727273 0.9440480769230769 0.07798295454545455 0.08617307692307682
0 0.48828125 0.9202788461538461 0.023267045454545447 0.03751923076923075
0 0.23115056818181817 0.6909807692307692 0.06508522727272727 0.12711538461538466
0 0.29397017045454543 0.5229230769230769 0.04526988636363633 0.10076923076923078
0 0.07590909090909091 0.27653846153846157 0.060767045454545456 0.0854230769230769
0 0.42214488636363645 0.478125 0.04536931818181818 0.14975000000000002
0 0.2873508522727273 0.036682692307692305 0.09166193181818182 0.07325
0 0.9784801136363637 0.5180096153846154 0.03170454545454537 0.11209615384615383
0 0.5461860795454545 0.5433461538461539 0.08098011363636362 0.17023076923076924
0 0.17347301136363635 0.009740384615384616 0.05024147727272728 0.019480769230769232
0 0.9706818181818182 0.2051346153846154 0.031221590909090935 0.04099999999999999
0 0.8554829545454545 0.06134615384615384 0.08184659090909091 0.12103846153846154
0 0.20848721590909092 0.826 0.09441761363636361 0.05669230769230773
0 0.8413494318181818 0.6299134615384615 0.06292613636363646 0.09678846153846161
0 0.026910511363636366 0.24410576923076924 0.04811079545454546 0.07917307692307696
0 0.4324644886363636 0.9834711538461538 0.054360795454545426 0.0330576923076923
0 0.8743039772727272 0.9034903846153846 0.030539772727272728 0.06771153846153853
0 0.9089914772727272 0.9295576923076924 0.05363636363636362 0.04926923076923078
0 0.12933948863636366 0.9685 0.06245738636363638 0.06299999999999999
0 0.6943963068181819 0.6617596153846154 0.14174715909090913 0.137326923076923
0 0.34828125 0.23626923076923076 0.09857954545454542 0.07219230769230768
0 0.3702485795454545 0.42833653846153846 0.07799715909090912 0.08205769230769229
0 0.44183238636363636 0.4333846153846154 0.06940340909090911 0.11507692307692308
0 0.5534019886363637 0.30553846153846154 0.07509943181818174 0.04396153846153849
0 0.4431534090909091 0.6560096153846153 0.12213068181818185 0.14163461538461533
0 0.06296875 0.9148846153846154 0.05749999999999999 0.06534615384615389
0 0.8591832386363637 0.8536826923076922 0.044275568181818284 0.06428846153846156
0 0.4665198863636364 0.020278846153846154 0.08846590909090905 0.04055769230769231
0 0.6519318181818182 0.7337307692307693 0.050710227272727254 0.08438461538461538
0 0.3924005681818182 0.9383653846153845 0.07440340909090909 0.12299999999999985
0 0.5121946022727273 0.8446346153846155 0.06387784090909086 0.1618846153846154
0 0.40066051136363634 0.4845865384615385 0.04535511363636357 0.08509615384615385
0 0.9635369318181819 0.3536730769230769 0.06465909090909089 0.07715384615384616
0 0.012535511363636363 0.32875 0.025071022727272727 0.05696153846153847
0 0.15390625 0.11280769230769232 0.05784090909090911 0.14553846153846156
0 0.7119389204545454 0.07564423076923076 0.11029829545454542 0.15059615384615382
0 0.07397017045454546 0.020913461538461537 0.05728693181818181 0.041826923076923074
0 0.09420454545454544 0.8034134615384615 0.0575 0.09994230769230764
0 0.8321164772727272 0.5401730769230769 0.13463068181818194 0.128
0 0.5688494318181818 0.08995192307692307 0.08190340909090912 0.17990384615384614
0 0.978565340909091 0.9637307692307692 0.04286931818181811 0.07034615384615371
0 0.9552982954545454 0.43025961538461543 0.06954545454545459 0.12617307692307694
0 0.17931818181818182 0.46676923076923077 0.0794602272727273 0.07515384615384613
0 0.7520170454545454 0.9702788461538461 0.1597727272727272 0.05944230769230774
0 0.45665482954545455 0.2671923076923077 0.12220170454545451 0.053423076923076955
0 0.6116832386363636 0.5784134615384615 0.08421874999999995 0.14367307692307688
0 0.7014204545454544 0.1566346153846154 0.07991477272727264 0.08730769230769232
0 0.6420667613636364 0.3655 0.10600852272727272 0.15103846153846157
0 0.09306107954545455 0.027923076923076922 0.022286931818181813 0.055846153846153844
0 0.08532670454545455 0.6602307692307692 0.062471590909090914 0.14607692307692316
0 0.20969460227272727 0.6930576923076923 0.09251420454545455 0.15615384615384614
0 0.5672443181818182 0.5157788461538463 0.11855113636363633 0.13736538461538464
0 0.4078835227272727 0.3006153846153846 0.10610795454545453 0.10961538461538461
0 0.3497301136363636 0.12242307692307693 0.11965909090909088 0.07238461538461538
0 0.7054190340909091 0.3255192307692308 0.0580539772727272 0.16265384615384615
0 0.06275568181818182 0.3164903846153846 0.030965909090909086 0.04825000000000001
0 0.8025994318181818 0.4097115384615384 0.11215909090909096 0.17588461538461533
0 0.7069247159090909 0.7453173076923076 0.062940340909091 0.08932692307692316
0 0.6266477272727272 0.01789423076923077 0.04159090909090913 0.03578846153846154
0 0.8994318181818183 0.49058653846153844 0.06511363636363642 0.08648076923076918
0 0.9775781249999999 0.6321538461538462 0.04484375000000007 0.039000000000000055
0 0.77078125 0.5186538461538461 0.08065340909090905 0.10588461538461544
0 0.9208735795454547 0.5766346153846155 0.049133522727272776 0.128
0 0.3374715909090909 0.4878653846153846 0.08198863636363636 0.07557692307692304
0 0.46221590909090904 0.8903653846153846 0.063125 0.14434615384615385
0 0.42597301136363636 0.07159615384615385 0.1263778409090909 0.0783076923076923
0 0.2504616477272727 0.5252980769230768 0.06890625000000003 0.07421153846153841
0 0.9924360795454544 0.13148076923076923 0.015127840909090877 0.08838461538461537
0 0.13161221590909092 0.026278846153846153 0.059417613636363636 0.052557692307692305
0 0.5351917613636363 0.08419230769230768 0.08242897727272731 0.16599999999999998
0 0.970440340909091 0.11450961538461539 0.046846590909090775 0.08775000000000001
0 0.3613068181818182 0.36846153846153845 0.0640909090909091 0.06457692307692305
0 0.5078693181818181 0.969173076923077 0.14215909090909087 0.05973076923076923
