0 0.7771093750000001 0.2623365384615384 0.06242897727272718 0.0736730769230769
0 0.33509232954545454 0.9784230769230768 0.09421874999999998 0.04315384615384615
0 0.4207954545454546 0.9670769230769231 0.14994318181818178 0.06584615384615386
0 0.5028125 0.9548461538461538 0.0556534090909091 0.09015384615384625
0 0.4103196022727273 0.9301923076923078 0.1391051136363636 0.10296153846153851
0 0.5151491477272727 0.8455192307692307 0.07052556818181822 0.1554615384615384
0 0.47539062499999996 0.924326923076923 0.043082386363636344 0.05130769230769232
0 0.48651988636363636 0.9355576923076924 0.02215909090909094 0.02876923076923084
0 0.609609375 0.9829230769230769 0.04563920454545454 0.03415384615384614
0 0.5667045454545454 0.9874615384615385 0.05059659090909092 0.024846153846153986
0 0.6559517045454545 0.8871538461538462 0.059062499999999976 0.08780769230769225
0 0.7093039772727273 0.9406346153846153 0.13650568181818176 0.11873076923076925
0 0.1893252840909091 0.1789903846153846 0.0341903409090909 0.04275000000000001
0 0.6394886363636364 0.9622019230769231 0.06661931818181815 0.07548076923076923
0 0.6263139204545455 0.8361442307692307 0.08606534090909096 0.09628846153846153
0 0.6144247159090909 0.8921826923076923 0.0449005681818182 0.052480769230769164
0 0.6111789772727273 0.9212115384615384 0.03741477272727269 0.05965384615384623
0 0.7158593750000001 0.8719134615384615 0.056491477272727325 0.07832692307692311
0 0.7715909090909091 0.8980865384615384 0.06221590909090919 0.1020576923076923
0 0.5570951704545455 0.7312596153846154 0.06336647727272729 0.10194230769230768
0 0.4324928977272728 0.7503557692307692 0.03958806818181819 0.08440384615384612
0 0.375546875 0.7968557692307693 0.03339488636363635 0.0924807692307693
0 0.41620738636363636 0.7126442307692308 0.03374999999999999 0.050673076923076966
0 0.1599715909090909 0.1134326923076923 0.061420454545454556 0.06713461538461538
0 0.40237215909090907 0.7664230769230769 0.029886363636363666 0.09315384615384614
0 0.38955255681818185 0.8357403846153847 0.06231534090909092 0.0943269230769231
0 0.5382457386363636 0.6207788461538462 0.0625426136363636 0.07598076923076921
0 0.46639914772727276 0.7078557692307692 0.06677556818181825 0.07209615384615387
0 0.5073792613636363 0.7508269230769231 0.09856534090909089 0.14488461538461544
0 0.5687713068181818 0.7870673076923076 0.056434659090909035 0.13321153846153855
0 0.5745596590909091 0.8571826923076923 0.06622159090909091 0.08528846153846158
0 0.6072159090909092 0.7903076923076924 0.07377840909090909 0.07592307692307684
0 0.3877840909090909 0.5365769230769231 0.07681818181818184 0.06396153846153844
0 0.36313210227272724 0.5795576923076923 0.03776988636363637 0.08400000000000002
0 0.11905539772727272 0.9818942307692309 0.08234375 0.036211538461538434
0 0.39180397727272726 0.5808749999999999 0.06852272727272725 0.04413461538461536
0 0.44056818181818175 0.6667019230769231 0.048920454545454545 0.08278846153846145
0 0.9633522727272728 0.9837115384615384 0.024801136363636254 0.03253846153846157
0 0.18978693181818185 0.8655865384615385 0.09678977272727272 0.14013461538461539
0 0.8686079545454546 0.9534615384615384 0.06244318181818187 0.0595
0 0.8337500000000001 0.9457884615384615 0.048607954545454586 0.0714999999999999
0 0.8319247159090909 0.9834807692307692 0.036463068181818124 0.03303846153846155
0 0.9112855113636364 0.9714519230769231 0.08444602272727263 0.057096153846153845
0 0.859659090909091 0.9901153846153846 0.03045454545454537 0.019769230769230716
0 0.7897230113636364 0.9637211538461539 0.06041193181818178 0.07255769230769234
0 0.10631392045454545 0.1481826923076923 0.055099431818181804 0.05498076923076922
0 0.9454616477272727 0.9473942307692307 0.03899147727272734 0.04467307692307696
0 0.8152769886363636 0.8055576923076923 0.060440340909091006 0.09480769230769233
0 0.8993536931818181 0.8063846153846154 0.07890624999999994 0.0898461538461539
0 0.9677911931818183 0.8945865384615383 0.04848011363636363 0.07440384615384615
0 0.9848508522727273 0.970576923076923 0.030269886363636447 0.05884615384615389
0 0.9778338068181818 0.9465192307692307 0.035071022727272805 0.04973076923076926
0 0.49705255681818183 0.6600576923076923 0.03964488636363632 0.060499999999999964
0 0.5732741477272728 0.6590769230769231 0.05992897727272727 0.054692307692307686
0 0.6285085227272728 0.116625 0.07102272727272728 0.23325
0 0.5686931818181818 0.10362500000000001 0.05869318181818181 0.1061346153846154
0 0.1741903409090909 0.25346153846153846 0.06985795454545453 0.06542307692307692
0 0.5157741477272727 0.027192307692307693 0.06978693181818181 0.054384615384615385
0 0.4329900568181818 0.11344230769230768 0.05592329545454546 0.10696153846153846
0 0.4014133522727273 0.08657692307692307 0.017002840909090867 0.07457692307692308
0 0.41678977272727274 0.14875 0.029829545454545456 0.05853846153846152
0 0.4558096590909091 0.1758076923076923 0.05573863636363638 0.06146153846153848
0 0.4818039772727273 0.18557692307692308 0.03860795454545447 0.04607692307692309
0 0.47469460227272725 0.1285769230769231 0.06816761363636364 0.1083846153846154
0 0.423671875 0.04941346153846153 0.06640625 0.09874999999999999
0 0.3734090909090909 0.03870192307692308 0.04017045454545451 0.07740384615384616
0 0.46622159090909093 0.04035576923076923 0.11764204545454544 0.08071153846153846
0 0.1874786931818182 0.34492307692307694 0.04379261363636366 0.046307692307692334
0 0.48120738636363636 0.122 0.04184659090909088 0.07653846153846154
0 0.5120667613636364 0.08714423076923077 0.09291193181818178 0.09213461538461538
0 0.5328977272727272 0.20169230769230767 0.0635511363636363 0.06915384615384614
0 0.5090198863636364 0.17121153846153847 0.024431818181818166 0.044538461538461534
0 0.532528409090909 0.13999999999999999 0.09420454545454544 0.08276923076923075
0 0.49155539772727275 0.2339423076923077 0.0703551136363636 0.07153846153846155
0 0.4767471590909091 0.3457115384615384 0.05176136363636363 0.06542307692307694
0 0.41563920454545455 0.35157692307692306 0.09607954545454543 0.09403846153846154
0 0.39946732954545455 0.44919230769230767 0.046406250000000024 0.05238461538461535
0 0.37106534090909093 0.39425961538461535 0.07014204545454548 0.08355769230769235
0 0.32211647727272724 0.9248461538461538 0.07576704545454546 0.15030769230769236
0 0.37551846590909094 0.47825961538461537 0.04069602272727273 0.07309615384615382
0 0.34339488636363635 0.4727884615384616 0.06880681818181822 0.08292307692307699
0 0.3420383522727273 0.4304230769230769 0.06791193181818182 0.09946153846153846
0 0.28324573863636365 0.4504903846153846 0.06333806818181814 0.0782115384615385
0 0.355703125 0.28925 0.07774147727272722 0.14680769230769233
0 0.4110440340909091 0.27139423076923075 0.05853693181818187 0.10582692307692305
0 0.9670454545454544 0.1340576923076923 0.046676136363636385 0.045538461538461535
0 0.5003409090909091 0.3302115384615385 0.06914772727272728 0.07369230769230768
0 0.9774076704545455 0.05209615384615385 0.045156249999999946 0.1041923076923077
0 0.9863991477272727 0.04491346153846154 0.02720170454545451 0.08955769230769231
0 0.08691051136363637 0.9157788461538462 0.0857244318181818 0.07971153846153844
0 0.9690553977272726 0.6535576923076923 0.0336505681818181 0.046500000000000014
0 0.9832883522727273 0.6356057692307692 0.033423295454545414 0.05213461538461541
0 0.7780681818181818 0.7017115384615384 0.07937499999999999 0.18596153846153843
0 0.9051917613636363 0.7763076923076923 0.1053835227272728 0.10973076923076923
0 0.817549715909091 0.7186634615384615 0.09742897727272731 0.13105769230769226
0 0.857421875 0.8223461538461538 0.0688210227272728 0.12073076923076918
0 0.9534517045454546 0.7943846153846154 0.052954545454545414 0.11153846153846154
0 0.7376207386363638 0.7616346153846153 0.05444602272727279 0.08476923076923074
0 0.7242045454545455 0.674625 0.032613636363636414 0.046711538461538395
0 0.730078125 0.7175961538461538 0.031008522727272704 0.04423076923076923
0 0.06339488636363635 0.01994230769230769 0.06494318181818182 0.039846153846153844
0 0.8338494318181818 0.8737692307692307 0.0723863636363637 0.056499999999999995
0 0.7897585227272728 0.8395192307692307 0.06900568181818172 0.09638461538461539
0 0.7348011363636363 0.8227307692307693 0.04434659090909087 0.09446153846153847
0 0.774034090909091 0.8690769230769231 0.05136363636363632 0.08723076923076925
0 0.8142897727272728 0.9246634615384616 0.0586363636363636 0.05901923076923077
0 0.6286079545454545 0.6671634615384615 0.07803977272727272 0.10840384615384616
0 0.8954545454545454 0.8665096153846155 0.061136363636363586 0.06355769230769233
0 0.6628053977272728 0.65875 0.07044034090909096 0.10134615384615382
0 0.5457883522727273 0.5200769230769231 0.08151988636363634 0.0842692307692308
0 0.6125426136363636 0.7058557692307692 0.09539772727272731 0.07563461538461536
0 0.43350852272727275 0.26176923076923075 0.10926136363636357 0.12238461538461538
0 0.13007102272727272 0.03392307692307693 0.030369318181818195 0.06780769230769232
0 0.6676420454545454 0.7699999999999999 0.12892045454545453 0.14773076923076922
0 0.75640625 0.6624807692307693 0.05107954545454551 0.07573076923076923
0 0.7535511363636364 0.7053173076923077 0.03312499999999991 0.05648076923076924
0 0.9703196022727273 0.7119423076923077 0.0593607954545454 0.12650000000000006
0 0.9723579545454545 0.5569711538461538 0.05528409090909085 0.1210576923076924
0 0.9106321022727273 0.7066442307692308 0.060326704545454586 0.09375
0 0.9507315340909092 0.7040961538461539 0.041207386363636515 0.07657692307692307
0 0.9855610795454546 0.7769999999999999 0.028764204545454544 0.06146153846153842
0 0.958700284090909 0.8525480769230769 0.08259943181818179 0.10005769230769225
0 0.9394673295454545 0.907625 0.03853693181818181 0.0490576923076924
0 0.10656250000000002 0.019721153846153847 0.03088068181818181 0.03944230769230769
0 0.9033167613636363 0.9336634615384616 0.047485795454545385 0.059250000000000004
0 0.8757244318181818 0.9085384615384615 0.06926136363636362 0.03884615384615393
0 0.9175284090909092 0.8860288461538461 0.042528409090909006 0.04567307692307692
0 0.276796875 0.4977788461538462 0.1405255681818182 0.11375000000000002
0 0.3280752840909091 0.5772211538461538 0.05450284090909092 0.11967307692307685
0 0.28124289772727273 0.5888846153846155 0.1195028409090909 0.11030769230769222
0 0.5202627840909091 0.6123076923076922 0.08765624999999998 0.05215384615384616
0 0.5375 0.5733365384615384 0.10911931818181818 0.05598076923076926
0 0.023089488636363634 0.961798076923077 0.045951704545454546 0.07640384615384618
0 0.05821022727272728 0.967576923076923 0.05974431818181818 0.0648461538461539
0 0.15776988636363634 0.07865384615384616 0.05590909090909091 0.05573076923076923
0 0.014495738636363636 0.5760576923076923 0.028991477272727273 0.08888461538461544
0 0.025717329545454547 0.5040576923076924 0.05120738636363637 0.09599999999999997
0 0.9727627840909091 0.20095192307692308 0.05447443181818185 0.09421153846153849
0 0.7487428977272728 0.14335576923076923 0.03720170454545462 0.04101923076923075
0 0.7213423295454546 0.1065096153846154 0.0876846590909092 0.12340384615384616
0 0.7368181818181818 0.1723173076923077 0.04039772727272735 0.0683653846153846
0 0.7659872159090909 0.143875 0.06313920454545462 0.09601923076923077
0 0.7578409090909091 0.04324038461538461 0.044971590909090864 0.08648076923076922
0 0.8075 0.027798076923076922 0.05849431818181827 0.055596153846153844
0 0.7960795454545455 0.03625961538461538 0.03568181818181819 0.07251923076923077
0 0.03243607954545455 0.01903846153846154 0.0648721590909091 0.03807692307692308
0 0.7371377840909091 0.022509615384615385 0.03799715909090917 0.04501923076923077
0 0.9405823863636363 0.03907692307692308 0.04897727272727275 0.07815384615384616
0 0.9196875000000001 0.10371153846153845 0.048664772727272716 0.1001153846153846
0 0.86609375 0.09283653846153844 0.12596590909090918 0.09632692307692306
0 0.8983167613636364 0.03733653846153846 0.09072443181818182 0.07467307692307693
0 0.9679829545454546 0.10969230769230769 0.06403409090909097 0.08453846153846152
0 0.9084374999999999 0.23691346153846152 0.05502840909090911 0.11082692307692307
0 0.8664985795454545 0.27716346153846155 0.04271306818181809 0.03813461538461536
0 0.8613778409090909 0.03304807692307692 0.09482954545454544 0.06609615384615385
0 0.8544318181818181 0.06687500000000002 0.08031249999999995 0.07044230769230769
0 0.062045454545454536 0.8792788461538462 0.08761363636363635 0.10509615384615391
0 0.9649076704545455 0.24803846153846157 0.07018465909090904 0.09511538461538463
0 0.9316619318181818 0.18208653846153847 0.03667613636363627 0.07875
0 0.9015411931818181 0.1508076923076923 0.03242897727272733 0.09376923076923077
0 0.9156036931818182 0.1286826923076923 0.0363210227272728 0.10428846153846155
0 0.9402982954545455 0.3138653846153846 0.09150568181818176 0.13526923076923078
0 0.9576562500000001 0.2939519230769231 0.05832386363636372 0.0901346153846154
0 0.9912784090909091 0.3178076923076923 0.017386363636363648 0.08976923076923078
0 0.8475710227272728 0.24225961538461538 0.09119318181818171 0.08724999999999998
0 0.8527627840909091 0.13666346153846154 0.10279829545454545 0.13401923076923075
0 0.9087073863636363 0.5679519230769231 0.04136363636363637 0.0871346153846154
0 0.05259943181818182 0.06360576923076923 0.10519886363636365 0.1094423076923077
0 0.9587571022727271 0.5756538461538462 0.06765624999999999 0.08011538461538466
0 0.9177272727272726 0.5171057692307692 0.048352272727272834 0.05294230769230775
0 0.902762784090909 0.4761346153846154 0.05615056818181814 0.06065384615384619
0 0.8708877840909092 0.4184519230769231 0.08123579545454553 0.07571153846153847
0 0.9117329545454546 0.43517307692307694 0.04940340909090905 0.04780769230769228
0 0.9370951704545455 0.39814423076923083 0.05683238636363635 0.06736538461538462
0 0.8834375000000001 0.3727307692307692 0.05571022727272715 0.07546153846153848
0 0.9426704545454547 0.48074038461538465 0.04423295454545453 0.11005769230769234
0 0.8689772727272728 0.5990384615384615 0.10261363636363638 0.0673076923076923
0 0.9419318181818181 0.6590384615384615 0.05954545454545465 0.1011923076923077
0 0.019382102272727273 0.16230769230769232 0.038764204545454546 0.0896923076923077
0 0.8016903409090909 0.09095192307692308 0.06014204545454534 0.07217307692307692
0 0.749708806818182 0.09861538461538462 0.04393465909090902 0.04180769230769231
0 0.7928480113636364 0.14873076923076925 0.02771306818181817 0.08
0 0.7948508522727273 0.2105576923076923 0.07737215909090897 0.046807692307692314
0 0.7525 0.23332692307692307 0.029943181818181716 0.0365769230769231
0 0.6992542613636363 0.024875 0.0673721590909091 0.04975
0 0.8887713068181817 0.5297596153846155 0.039957386363636355 0.07155769230769227
0 0.8437713068181819 0.4698557692307692 0.07265624999999996 0.07013461538461538
0 0.8310511363636363 0.44026923076923075 0.0644318181818182 0.06473076923076923
0 0.7844318181818182 0.4593653846153846 0.04616477272727273 0.0672692307692308
0 0.021995738636363636 0.4507980769230769 0.04396306818181818 0.09240384615384617
0 0.7804332386363636 0.5294326923076923 0.07140624999999998 0.11321153846153847
0 0.7455255681818183 0.5413173076923077 0.04505681818181822 0.06767307692307692
0 0.7393252840909091 0.46055769230769233 0.06705965909090915 0.1226153846153846
0 0.74296875 0.2596538461538461 0.025056818181818163 0.03503846153846154
0 0.7366477272727273 0.28093269230769224 0.044744318181818184 0.054250000000000013
0 0.6818465909090908 0.20982692307692308 0.03639204545454546 0.06315384615384616
0 0.7129971590909091 0.21577884615384615 0.02815340909090908 0.051326923076923076
0 0.7193678977272727 0.23914423076923075 0.03848011363636368 0.037865384615384585
0 0.6967471590909091 0.255 0.0449431818181818 0.06961538461538459
0 0.7045880681818182 0.15887500000000002 0.06329545454545447 0.07236538461538464
0 0.02332386363636364 0.35713461538461533 0.046619318181818185 0.1528076923076923
0 0.6796448863636364 0.18434615384615385 0.046193181818181876 0.09453846153846153
0 0.6327698863636364 0.23526923076923079 0.057301136363636325 0.10919230769230767
0 0.6653125 0.23461538461538461 0.03934659090909098 0.07015384615384616
0 0.6535440340909091 0.1841153846153846 0.023622159090909166 0.030461538461538467
0 0.669375 0.12053846153846152 0.10144886363636366 0.14757692307692308
0 0.6080184659090909 0.2843461538461538 0.07296875000000001 0.11007692307692307
0 0.6865696022727273 0.2775769230769231 0.056264204545454485 0.05838461538461541
0 0.7198366477272727 0.32929807692307694 0.07041193181818173 0.08128846153846156
0 0.724609375 0.39379807692307695 0.040355113636363675 0.10086538461538459
0 0.6543892045454546 0.3395192307692308 0.0743181818181819 0.12219230769230768
0 0.32201704545454546 0.8785384615384616 0.07553977272727269 0.047615384615384705
0 0.6694460227272727 0.4155480769230769 0.04758522727272727 0.09636538461538459
0 0.6738707386363636 0.509625 0.04762784090909095 0.09605769230769234
0 0.6505113636363636 0.4548076923076923 0.05426136363636362 0.061038461538461555
0 0.6084161931818183 0.39615384615384613 0.04819602272727274 0.07688461538461543
0 0.56359375 0.4288173076923077 0.09241477272727273 0.09267307692307697
0 0.6075852272727272 0.45234615384615384 0.06451704545454548 0.05930769230769226
0 0.5884943181818182 0.34010576923076924 0.05784090909090913 0.0928653846153846
0 0.6331178977272727 0.38487499999999997 0.040838068181818184 0.08959615384615385
0 0.530809659090909 0.40044230769230765 0.0519886363636364 0.04457692307692309
0 0.746768465909091 0.20714423076923077 0.04447443181818182 0.03163461538461539
0 0.4248863636363636 0.2176346153846154 0.11062499999999999 0.17203846153846156
0 0.22242897727272729 0.7332596153846153 0.10576704545454545 0.22032692307692306
0 0.6459446022727273 0.20841346153846155 0.021946022727272793 0.031326923076923065
0 0.9767471590909093 0.39734615384615385 0.04633522727272728 0.07453846153846153
0 0.8012286931818182 0.5576153846153847 0.04208806818181818 0.05930769230769226
0 0.9805113636363636 0.47102884615384616 0.038977272727272805 0.09628846153846159
0 0.7733309659090909 0.5992211538461539 0.043053977272727355 0.06259615384615387
0 0.8285298295454545 0.6387211538461538 0.07251420454545449 0.1324807692307692
0 0.8454758522727274 0.532826923076923 0.09873579545454544 0.12323076923076925
0 0.8680326704545455 0.5026153846153847 0.03714488636363633 0.08046153846153842
0 0.8922585227272727 0.6697307692307692 0.07284090909090905 0.1125384615384615
0 0.8100781250000001 0.38177884615384616 0.1425994318181818 0.11805769230769228
0 0.06793323863636364 0.6461442307692308 0.08174715909090909 0.11805769230769228
0 0.8680894886363636 0.3156057692307693 0.08782670454545444 0.06559615384615382
0 0.9034659090909091 0.2870384615384615 0.035482954545454574 0.03684615384615384
0 0.47460227272727273 0.41310576923076925 0.057869318181818195 0.08948076923076924
0 0.4816690340909091 0.48323076923076924 0.07345170454545452 0.06815384615384615
0 0.5178551136363636 0.43530769230769234 0.04082386363636365 0.06203846153846158
0 0.5490767045454545 0.46649999999999997 0.05801136363636368 0.061923076923076956
0 0.6834659090909091 0.6563173076923077 0.07053977272727276 0.12840384615384623
0 0.7127627840909091 0.557548076923077 0.03228693181818176 0.08390384615384615
0 0.7344602272727272 0.6151346153846154 0.06900568181818188 0.08907692307692307
0 0.6990980113636364 0.36823076923076925 0.028849431818181823 0.13576923076923075
0 0.20186079545454544 0.49183653846153846 0.07357954545454545 0.12624999999999995
0 0.6847869318181818 0.5006923076923078 0.05815340909090909 0.21023076923076922
0 0.5887642045454545 0.4982788461538462 0.04406249999999998 0.05940384615384618
0 0.6344957386363637 0.5513269230769231 0.059730113636363574 0.14376923076923076
0 0.6116690340909091 0.5588846153846154 0.06552556818181818 0.069076923076923
0 0.5959090909090908 0.6119519230769231 0.08644886363636366 0.06363461538461533
0 0.5330326704545455 0.5124134615384615 0.026633522727272728 0.06855769230769226
0 0.49473721590909087 0.518298076923077 0.06953124999999999 0.0889423076923077
0 0.4699431818181818 0.6550576923076923 0.06161931818181818 0.07753846153846153
0 0.43453835227272725 0.609875 0.06879261363636364 0.040134615384615394
0 0.46533380681818187 0.5817307692307693 0.047173295454545426 0.08496153846153837
0 0.03486505681818182 0.28683653846153845 0.06973011363636364 0.07351923076923081
0 0.4371164772727273 0.5747403846153847 0.04468749999999997 0.049096153846153796
0 0.4512642045454545 0.4660576923076923 0.03718749999999993 0.0595384615384615
0 0.4305113636363636 0.47215384615384615 0.028977272727272695 0.04673076923076925
0 0.4233451704545454 0.41275 0.051775568181818166 0.08034615384615384
0 0.4433167613636364 0.42292307692307696 0.03586647727272727 0.05457692307692312
0 0.532890625 0.33358653846153846 0.11299715909090911 0.14867307692307694
0 0.5721732954545454 0.19939423076923077 0.09474431818181825 0.1376730769230769
0 0.6778338068181818 0.042576923076923075 0.044161931818181864 0.08515384615384615
0 0.6516903409090908 0.12388461538461538 0.055312499999999994 0.10323076923076924
0 0.5740411931818182 0.03159615384615384 0.07058238636363644 0.06319230769230769
0 0.1597301136363636 0.5982019230769231 0.12855113636363635 0.11225
0 0.6165269886363636 0.03860576923076923 0.06848011363636361 0.07721153846153846
0 0.028295454545454544 0.2264423076923077 0.0565340909090909 0.07461538461538464
0 0.08791193181818181 0.5619519230769231 0.06292613636363636 0.05948076923076925
0 0.16086647727272727 0.30136538461538465 0.057698863636363645 0.0636923076923077
0 0.31552556818181815 0.38582692307692307 0.06866477272727273 0.072
0 0.24056107954545453 0.3307980769230769 0.04447443181818182 0.045250000000000005
0 0.5187499999999999 0.28411538461538466 0.08065340909090905 0.09180769230769233
0 0.012066761363636363 0.869798076923077 0.024105113636363636 0.1312884615384615
0 0.12674715909090908 0.10794230769230768 0.04809659090909091 0.05215384615384615
0 0.2841690340909091 0.34379807692307696 0.05973011363636365 0.03375000000000002
0 0.29840198863636364 0.3268653846153846 0.11887784090909091 0.06626923076923073
0 0.28919744318181817 0.25436538461538466 0.10714488636363638 0.06157692307692307
0 0.28811079545454543 0.20210576923076923 0.10985795454545455 0.07401923076923078
0 0.31272727272727274 0.7275961538461538 0.052897727272727284 0.09323076923076916
0 0.36502130681818185 0.7509807692307692 0.05544034090909091 0.08430769230769238
0 0.2877698863636363 0.808951923076923 0.08190340909090908 0.09986538461538463
0 0.3243607954545455 0.8168653846153846 0.07676136363636363 0.09315384615384614
0 0.2667329545454545 0.9386538461538462 0.0827840909090909 0.12269230769230771
0 0.2718678977272727 0.6641153846153847 0.12578124999999998 0.07650000000000005
0 0.11839488636363636 0.532298076923077 0.09573863636363637 0.07428846153846153
0 0.14834517045454546 0.5550576923076923 0.05825284090909089 0.10276923076923077
0 0.1253835227272727 0.06209615384615384 0.08869318181818181 0.061
0 0.16952414772727273 0.15025 0.05336647727272726 0.041000000000000016
0 0.20487926136363638 0.04494230769230769 0.06078124999999999 0.08988461538461538
0 0.10925426136363635 0.5971730769230769 0.0304403409090909 0.044384615384615356
0 0.2585369318181818 0.023903846153846154 0.05909090909090908 0.04773076923076923
0 0.2507599431818182 0.07965384615384616 0.07390625 0.08203846153846153
0 0.3017258522727273 0.09846153846153846 0.06407670454545453 0.13334615384615386
0 0.2552201704545455 0.8731538461538461 0.06299715909090908 0.07392307692307692
0 0.32850852272727277 0.04300961538461538 0.08988636363636368 0.08601923076923076
0 0.34607954545454545 0.12815384615384615 0.06443181818181816 0.14934615384615385
0 0.3825071022727272 0.1068173076923077 0.045184659090909095 0.07851923076923076
0 0.4167897727272727 0.4865576923076923 0.06383522727272727 0.045961538461538415
0 0.3845809659090909 0.6045192307692309 0.06302556818181819 0.03969230769230778
0 0.425234375 0.5265096153846153 0.08586647727272725 0.058673076923077015
0 0.3102911931818182 0.6925 0.07626420454545454 0.1071538461538461
0 0.37082386363636366 0.6750576923076923 0.054062499999999965 0.10926923076923076
0 0.3957954545454545 0.6699999999999999 0.04965909090909088 0.11003846153846149
0 0.19065340909090908 0.3167884615384616 0.028096590909090932 0.03511538461538465
0 0.15794744318181816 0.02935576923076923 0.05467329545454545 0.05871153846153846
0 0.22614346590909087 0.24251923076923076 0.09592329545454546 0.13765384615384618
0 0.23883522727272724 0.4016442307692308 0.0896306818181818 0.07671153846153848
0 0.24266335227272728 0.37546153846153846 0.08779829545454546 0.1003076923076923
0 0.24498579545454546 0.15763461538461537 0.08184659090909091 0.114
0 0.23073863636363637 0.10707692307692307 0.030511363636363663 0.03161538461538461
0 0.20414772727272726 0.14550961538461538 0.05210227272727274 0.05778846153846153
0 0.17962357954545452 0.864576923076923 0.11007102272727272 0.05884615384615389
0 0.200703125 0.09482692307692309 0.057485795454545456 0.05823076923076923
0 0.10323863636363638 0.18600961538461538 0.054801136363636364 0.06798076923076925
0 0.05740056818181818 0.14161538461538462 0.11480113636363636 0.09103846153846154
0 0.16746448863636362 0.9567788461538461 0.11592329545454544 0.08644230769230767
0 0.09261363636363634 0.32822115384615386 0.09397727272727273 0.1536730769230769
0 0.05154119318181818 0.37714423076923076 0.06177556818181818 0.0815576923076923
0 0.09263494318181818 0.4210576923076923 0.12163352272727272 0.09134615384615384
0 0.06665482954545456 0.4937403846153846 0.058963068181818186 0.03663461538461535
0 0.04244318181818182 0.5726634615384615 0.03303977272727272 0.07317307692307695
0 0.02811789772727273 0.6353749999999999 0.05623579545454546 0.08271153846153845
0 0.05663352272727273 0.5232500000000001 0.040568181818181816 0.03361538461538454
0 0.15302556818181817 0.20319230769230767 0.13127840909090907 0.12350000000000003
0 0.06767045454545456 0.21320192307692307 0.09133522727272729 0.09913461538461535
0 0.08612215909090909 0.4616923076923077 0.03769886363636365 0.051500000000000004
0 0.14574573863636361 0.3540673076923077 0.058139204545454536 0.08309615384615386
0 0.12829545454545455 0.44923076923076927 0.05477272727272726 0.0616153846153846
0 0.1863494318181818 0.4103076923076923 0.0846306818181818 0.11803846153846158
0 0.14381392045454547 0.4895288461538462 0.10544034090909093 0.047134615384615365
0 0.7502414772727272 0.9764423076923077 0.06525568181818181 0.047115384615384615
0 0.567080965909091 0.9466730769230769 0.08609374999999994 0.0720384615384615
0 0.5628338068181818 0.9723557692307693 0.09649147727272728 0.055211538461538534
0 0.4435227272727273 0.8815192307692308 0.08397727272727273 0.11830769230769227
0 0.5247230113636363 0.9247884615384615 0.046406250000000024 0.11084615384615382
0 0.11688920454545454 0.8430192307692308 0.04133522727272729 0.0898076923076924
0 0.5607883522727273 0.9203461538461539 0.08063920454545452 0.09434615384615386
