0 0.8268323863636364 0.8605576923076923 0.11465909090909095 0.09111538461538461
0 0.7618394886363636 0.8168461538461538 0.03143465909090908 0.07553846153846148
0 0.7271164772727272 0.49314423076923075 0.05068181818181819 0.0642884615384615
0 0.5902059659090909 0.28625 0.03762784090909092 0.04796153846153846
0 0.6822940340909092 0.4591826923076923 0.07203124999999998 0.06717307692307693
0 0.8502982954545453 0.7874230769230769 0.09784090909090909 0.09830769230769232
0 0.5767045454545454 0.3357019230769231 0.04073863636363629 0.056942307692307716
0 0.6092400568181818 0.3054230769230769 0.027002840909090976 0.05153846153846156
0 0.7987215909090909 0.39751923076923074 0.04249999999999994 0.06773076923076923
0 0.8489701704545454 0.7613461538461538 0.061548295454545515 0.06653846153846148
0 0.6220809659090909 0.2793557692307692 0.03143465909090908 0.04017307692307695
0 0.6076917613636363 0.35487500000000005 0.035411931818181745 0.06651923076923077
0 0.28919034090909085 0.4638076923076923 0.045937500000000006 0.060153846153846155
0 0.7543323863636363 0.3821538461538462 0.054545454545454515 0.07888461538461534
0 0.7106321022727272 0.39138461538461533 0.04649147727272722 0.0688076923076923
0 0.6787144886363636 0.3725 0.04586647727272722 0.04446153846153847
0 0.7934019886363637 0.814701923076923 0.049588068181818136 0.07971153846153844
0 0.7354190340909091 0.27666346153846155 0.059872159090908976 0.05051923076923079
0 0.720234375 0.33129807692307695 0.08677556818181822 0.08928846153846155
0 0.6590625 0.3013461538461538 0.04946022727272726 0.0646153846153846
0 0.6942045454545455 0.2801923076923077 0.036448863636363675 0.04111538461538461
0 0.8250568181818182 0.7559519230769232 0.09696022727272725 0.07013461538461532
0 0.6785866477272727 0.24083653846153844 0.10413352272727273 0.07751923076923074
0 0.8589275568181818 0.640875 0.06728693181818182 0.04855769230769231
0 0.7420454545454546 0.740375 0.042500000000000024 0.08571153846153845
0 0.7028835227272727 0.19384615384615386 0.05553977272727276 0.11276923076923077
0 0.5926704545454545 0.20911538461538462 0.1353693181818182 0.11984615384615387
0 0.6174786931818183 0.13025 0.06325284090909095 0.07350000000000001
0 0.5610014204545455 0.15507692307692308 0.08242897727272723 0.044653846153846155
0 0.7454048295454545 0.24201923076923076 0.05379261363636372 0.0798846153846154
0 0.7419318181818181 0.18973076923076923 0.05553977272727276 0.07165384615384617
0 0.3990056818181818 0.11990384615384615 0.047954545454545444 0.04996153846153847
0 0.38134943181818176 0.12418269230769231 0.0358522727272727 0.07421153846153847
0 0.3631676136363637 0.13596153846153847 0.027926136363636358 0.047807692307692294
0 0.826171875 0.7131057692307692 0.07526988636363638 0.061134615384615315
0 0.3497230113636363 0.11170192307692306 0.033735795454545414 0.05636538461538461
0 0.472578125 0.39742307692307693 0.06197443181818181 0.060423076923076954
0 0.3265411931818182 0.09421153846153846 0.044275568181818166 0.057076923076923074
0 0.2891122159090909 0.04640384615384616 0.03268465909090908 0.04138461538461539
0 0.6892329545454546 0.5372019230769232 0.07843750000000003 0.09174999999999996
0 0.31836647727272727 0.04105769230769231 0.05113636363636364 0.0735
0 0.8753125 0.6726442307692307 0.03275568181818174 0.028173076923076988
0 0.3152059659090909 0.022144230769230767 0.032144886363636355 0.04425
0 0.34867187499999996 0.026769230769230767 0.049531249999999964 0.053538461538461535
0 0.6825568181818181 0.596798076923077 0.07042613636363634 0.08090384615384615
0 0.9700568181818183 0.8054038461538462 0.03985795454545463 0.07073076923076918
0 0.24531960227272728 0.3684423076923076 0.05007102272727273 0.0735
0 0.8642471590909092 0.6975096153846154 0.020369318181818228 0.045557692307692306
0 0.38029829545454547 0.03248076923076923 0.07167613636363633 0.06496153846153846
0 0.37397017045454545 0.07923076923076923 0.06535511363636358 0.03711538461538462
0 0.2666619318181818 0.3331153846153846 0.026363636363636367 0.049961538461538495
0 0.4063849431818182 0.0824423076923077 0.05640624999999997 0.04496153846153847
0 0.4032173295454546 0.03320192307692309 0.08063920454545456 0.06636538461538463
0 0.28563920454545455 0.35737499999999994 0.032670454545454544 0.05136538461538463
0 0.7503267045454546 0.5487596153846154 0.07789772727272724 0.06863461538461538
0 0.2505894886363636 0.3149134615384615 0.04901988636363635 0.052096153846153855
0 0.9871022727272727 0.7511634615384616 0.025227272727272713 0.040173076923076895
0 0.44591619318181813 0.017865384615384613 0.042684659090909106 0.03569230769230769
0 0.9122798295454545 0.7964134615384615 0.06507102272727265 0.06951923076923072
0 0.5392045454545454 0.14059615384615384 0.08485795454545456 0.057076923076923074
0 0.45909090909090916 0.04354807692307693 0.061676136363636384 0.08705769230769231
0 0.5439488636363636 0.07423076923076924 0.03215909090909089 0.06565384615384616
0 0.5247088068181818 0.06567307692307692 0.033735795454545456 0.05992307692307692
0 0.3947372159090909 0.24176923076923076 0.06535511363636362 0.06707692307692306
0 0.49651278409090904 0.06246153846153847 0.040582386363636355 0.05923076923076924
0 0.5687215909090909 0.07424038461538462 0.028977272727272695 0.07705769230769231
0 0.5948082386363637 0.033192307692307695 0.05481534090909095 0.06638461538461539
0 0.7556392045454546 0.7760865384615384 0.04559659090909094 0.07071153846153842
0 0.5851846590909091 0.48338461538461536 0.16059659090909092 0.08957692307692304
0 0.6230113636363637 0.0456923076923077 0.03636363636363631 0.06565384615384616
0 0.6233380681818183 0.5462307692307692 0.06721590909090908 0.050576923076923096
0 0.8897017045454544 0.7035096153846154 0.033210227272727266 0.05394230769230771
0 0.6040340909090909 0.04711538461538461 0.05323863636363639 0.06707692307692306
0 0.308828125 0.34310576923076924 0.02214488636363637 0.04567307692307692
0 0.595078125 0.09563461538461539 0.07009943181818185 0.0685
0 0.6375071022727272 0.06032692307692308 0.026349431818181834 0.07492307692307693
0 0.5841193181818182 0.5480384615384616 0.04107954545454548 0.05561538461538464
0 0.654112215909091 0.08815384615384617 0.030042613636363603 0.050653846153846147
0 0.7523224431818182 0.8471153846153846 0.044275568181818284 0.0773076923076924
0 0.6609588068181819 0.10991346153846154 0.03953125000000006 0.06705769230769232
0 0.6591122159090909 0.05069230769230769 0.028451704545454506 0.05138461538461538
0 0.3367613636363636 0.3024230769230769 0.0569318181818182 0.08134615384615382
0 0.643828125 0.018211538461538463 0.057968750000000006 0.036423076923076926
0 0.6786150568181818 0.11134615384615386 0.036889204545454586 0.03996153846153848
0 0.6999573863636364 0.152375 0.08696022727272723 0.12344230769230768
0 0.32358664772727275 0.2674711538461539 0.023196022727272746 0.021403846153846145
0 0.5665198863636364 0.6032884615384616 0.06349431818181817 0.10257692307692302
0 0.66859375 0.1537980769230769 0.04954545454545454 0.06351923076923076
0 0.7265767045454545 0.08707692307692308 0.041107954545454545 0.05138461538461538
0 0.7807883522727272 0.6708461538461539 0.057116477272727166 0.059346153846153764
0 0.7052272727272727 0.06567307692307692 0.05428977272727276 0.06138461538461538
0 0.6278764204545454 0.614125 0.07950284090909086 0.12424999999999992
0 0.026782670454545455 0.14775 0.05356534090909091 0.06534615384615383
0 0.025454545454545455 0.31408653846153844 0.049147727272727273 0.044365384615384654
0 0.6870454545454545 0.04498076923076924 0.03161931818181817 0.06423076923076924
0 0.5984659090909091 0.8728557692307692 0.08258522727272725 0.13436538461538464
0 0.038473011363636365 0.962076923076923 0.04833806818181818 0.07584615384615384
0 0.7417471590909092 0.04000961538461539 0.048465909090909094 0.0784423076923077
0 0.29196732954545457 0.3117115384615385 0.035838068181818165 0.05565384615384615
0 0.9401704545454546 0.8341826923076923 0.06420454545454551 0.11628846153846148
0 0.8299360795454546 0.6732403846153847 0.063309659090909 0.028173076923076988
0 0.6999573863636364 0.024990384615384612 0.05428977272727269 0.049980769230769224
0 0.01877840909090909 0.9737788461538461 0.023693181818181818 0.052442307692307656
0 0.8927414772727272 0.02168269230769231 0.061363636363636426 0.043173076923076925
0 0.7628835227272727 0.02205769230769231 0.03099431818181825 0.04411538461538462
0 0.733515625 0.6101634615384615 0.06029829545454544 0.054173076923076956
0 0.029879261363636365 0.5310673076923076 0.05975852272727273 0.06713461538461543
0 0.7776349431818183 0.02121153846153846 0.038678977272727295 0.04242307692307692
0 0.7703196022727273 0.10914423076923076 0.08058238636363622 0.06628846153846152
0 0.7700142045454546 0.05963461538461538 0.051448863636363674 0.073
0 0.2970028409090909 0.8921923076923077 0.05630681818181816 0.049576923076923025
0 0.7813707386363636 0.7502596153846154 0.0534801136363636 0.03944230769230767
0 0.7648508522727272 0.6183942307692308 0.04561079545454547 0.05155769230769231
0 0.30566761363636363 0.2738942307692308 0.043210227272727296 0.07278846153846152
0 0.005390625 0.98375 0.01078125 0.03249999999999996
0 0.2716690340909091 0.25853846153846155 0.04586647727272726 0.06065384615384617
0 0.00453125 0.9484230769230769 0.008636363636363636 0.04334615384615378
0 0.8186647727272728 0.03338461538461538 0.0508238636363636 0.06676923076923076
0 0.8657741477272729 0.04974038461538461 0.06197443181818181 0.09948076923076922
0 0.8059588068181818 0.07389423076923077 0.05887784090909098 0.057903846153846146
0 0.5912855113636364 0.922048076923077 0.04958806818181822 0.07732692307692304
0 0.28091619318181815 0.9132211538461539 0.05353693181818186 0.04882692307692305
0 0.28438210227272726 0.8580096153846153 0.05882102272727272 0.04055769230769226
0 0.26114346590909093 0.46431730769230767 0.06137784090909088 0.06117307692307698
0 0.18365056818181816 0.9824423076923077 0.05505681818181817 0.0351153846153846
0 0.17244318181818183 0.9427884615384615 0.06147727272727271 0.05634615384615376
0 0.8347798295454545 0.08102884615384616 0.0483380681818183 0.06378846153846154
0 0.8663920454545455 0.12214423076923077 0.07065340909090895 0.08559615384615384
0 0.8264133522727274 0.13431730769230768 0.05143465909090898 0.054557692307692314
0 0.1900497159090909 0.9440961538461539 0.026889204545454536 0.033807692307692386
0 0.7566832386363637 0.1427019230769231 0.07066761363636372 0.04782692307692307
0 0.17196022727272728 0.9791923076923076 0.046420454545454556 0.040730769230769244
0 0.7907670454545456 0.17291346153846152 0.040909090909091006 0.05621153846153847
0 0.7839559659090909 0.21109615384615388 0.03720170454545462 0.0771923076923077
0 0.704502840909091 0.8252403846153846 0.07349431818181819 0.059942307692307614
0 0.8164914772727272 0.203125 0.030369318181818174 0.056211538461538445
0 0.892578125 0.9381730769230769 0.048707386363636314 0.0869230769230769
0 0.6808238636363636 0.9244326923076923 0.04559659090909094 0.0449423076923077
0 0.6496093749999999 0.9638653846153847 0.05223011363636361 0.07226923076923074
0 0.8512073863636364 0.20900000000000002 0.0477272727272726 0.051192307692307676
0 0.8755326704545454 0.9013173076923077 0.05444602272727262 0.11028846153846159
0 0.8415980113636362 0.17921153846153845 0.06197443181818181 0.04530769230769231
0 0.054098011363636365 0.05039423076923077 0.033650568181818184 0.10078846153846154
0 0.27675426136363634 0.8210192307692308 0.028565340909090887 0.037923076923076976
0 0.2589985795454545 0.8320961538461539 0.029673295454545476 0.03530769230769233
0 0.7864133522727272 0.8722884615384616 0.058451704545454675 0.07253846153846148
0 0.7948011363636364 0.2555673076923077 0.051448863636363674 0.052019230769230734
0 0.2526136363636364 0.8608269230769231 0.03911931818181821 0.04846153846153855
0 0.7824076704545455 0.28746153846153844 0.04029829545454546 0.04699999999999999
0 0.6377485795454546 0.7232019230769231 0.06723011363636361 0.1271346153846154
0 0.12874289772727274 0.8788653846153845 0.052826704545454545 0.06976923076923072
0 0.7817897727272727 0.34452884615384616 0.0960795454545456 0.05705769230769234
0 0.1172159090909091 0.936721153846154 0.05474431818181819 0.06240384615384613
0 0.8106107954545455 0.3017211538461539 0.048352272727272834 0.04363461538461538
0 0.8425284090909091 0.3516538461538462 0.06880681818181826 0.10657692307692306
0 0.851825284090909 0.3902596153846154 0.0625994318181819 0.07132692307692308
0 0.23968750000000003 0.5183461538461539 0.0884659090909091 0.11007692307692316
0 0.3591619318181818 0.2653173076923077 0.03741477272727269 0.059942307692307725
0 0.330703125 0.23892307692307693 0.042684659090909106 0.0313846153846154
0 0.690028409090909 0.7051442307692307 0.03840909090909094 0.06067307692307695
0 0.8598863636363636 0.4145865384615385 0.06011363636363627 0.052865384615384634
0 0.25358664772727274 0.8844903846153847 0.030525568181818195 0.025903846153846208
0 0.1255397727272727 0.9716153846153847 0.05857954545454545 0.05676923076923073
0 0.8425284090909091 0.4779423076923077 0.03409090909090909 0.0788846153846154
0 0.8589559659090908 0.4662019230769231 0.03098011363636372 0.06378846153846152
0 0.344140625 0.16684615384615387 0.0716903409090909 0.039961538461538465
0 0.6937713068181818 0.6639807692307692 0.06188920454545454 0.07946153846153844
0 0.211640625 0.5988846153846155 0.05723011363636363 0.030576923076923033
0 0.8812642045454545 0.4531923076923077 0.027272727272727337 0.0646153846153846
0 0.2502627840909091 0.9104038461538461 0.027741477272727275 0.04619230769230777
0 0.12378551136363637 0.8056153846153845 0.03904829545454545 0.0827692307692308
0 0.34361505681818183 0.2003942307692308 0.054815340909090876 0.0599423076923077
0 0.10629261363636364 0.77525 0.027215909090909086 0.038384615384615454
0 0.8620525568181818 0.5832596153846153 0.06322443181818181 0.06963461538461535
0 0.13083806818181817 0.7575 0.03392045454545454 0.05676923076923084
0 0.08738636363636364 0.7466634615384615 0.03696022727272728 0.06809615384615389
0 0.26326704545454543 0.5601442307692307 0.08232954545454542 0.0872115384615384
0 0.9103977272727274 0.5652211538461538 0.04463068181818176 0.11578846153846149
0 0.20354403409090907 0.5721153846153846 0.05157670454545453 0.03415384615384614
0 0.7311150568181819 0.6773365384615385 0.05441761363636364 0.05851923076923078
0 0.8673224431818182 0.5429807692307693 0.05515625000000006 0.07469230769230764
0 0.8803409090909091 0.5240961538461538 0.061363636363636426 0.06880769230769236
0 0.9051349431818181 0.5060576923076923 0.042769886363636385 0.05453846153846151
0 0.021455965909090907 0.4453461538461539 0.030866477272727268 0.04230769230769231
0 0.9128764204545454 0.48004807692307694 0.04339488636363646 0.05621153846153849
0 0.9203196022727272 0.4586442307692308 0.05950284090909089 0.06544230769230769
0 0.9392258522727274 0.5610192307692308 0.03160511363636364 0.11411538461538456
0 0.9668039772727273 0.7108076923076924 0.04710227272727285 0.0612692307692308
0 0.9537926136363637 0.6470384615384616 0.03346590909090901 0.0696538461538461
0 0.11658380681818183 0.5784903846153846 0.04555397727272726 0.02855769230769235
0 0.23556107954545452 0.8628942307692309 0.027741477272727275 0.03228846153846158
0 0.70203125 0.7492115384615385 0.058153409090909165 0.09534615384615382
0 0.9799928977272727 0.6705288461538462 0.040014204545454485 0.03774999999999999
0 0.675625 0.7647403846153845 0.07468749999999998 0.09751923076923073
0 0.9899076704545454 0.7053557692307691 0.020184659090909142 0.038596153846153836
0 0.9818536931818183 0.6277307692307692 0.036292613636363574 0.0780384615384615
0 0.6449431818181818 0.7640192307692307 0.046420454545454556 0.09030769230769227
0 0.9714559659090909 0.5736057692307692 0.04896306818181822 0.09398076923076924
0 0.9534730113636364 0.5152884615384615 0.03904829545454547 0.04784615384615384
0 0.9858806818181818 0.5119326923076922 0.028238636363636358 0.059596153846153806
0 0.13973011363636365 0.5642211538461538 0.028607954545454548 0.02548076923076923
0 0.9787571022727274 0.5559903846153846 0.04248579545454541 0.06713461538461532
0 0.010823863636363637 0.19406730769230768 0.021647727272727273 0.03713461538461536
0 0.9685298295454546 0.45990384615384616 0.06294034090909083 0.11161538461538466
0 0.9846448863636365 0.38271153846153844 0.030710227272727278 0.11496153846153846
0 0.9723863636363635 0.37347115384615387 0.03718749999999993 0.04278846153846154
0 0.6566832386363636 0.82325 0.0517471590909091 0.05126923076923082
0 0.9466619318181819 0.3877307692307692 0.05019886363636368 0.04111538461538461
0 0.22945312500000004 0.8948173076923076 0.03884943181818181 0.0443269230769231
0 0.9187713068181819 0.41836538461538464 0.060127840909090964 0.05873076923076922
0 0.8942826704545456 0.33990384615384617 0.05330965909090921 0.08642307692307692
0 0.7467897727272728 0.9292307692307693 0.050909090909090876 0.0881153846153846
0 0.30513494318181816 0.1986153846153846 0.03478693181818183 0.06065384615384614
0 0.2893252840909091 0.22786538461538464 0.04322443181818183 0.052076923076923076
0 0.9166051136363635 0.3751538461538461 0.054545454545454515 0.06796153846153846
0 0.7633948863636365 0.9478557692307692 0.058153409090909006 0.10255769230769217
0 0.9478977272727274 0.3386442307692308 0.03656250000000001 0.062096153846153884
0 0.27482954545454547 0.13616346153846154 0.036363636363636355 0.0599423076923077
0 0.3220525568181818 0.12811538461538463 0.05007102272727273 0.06349999999999999
0 0.9029616477272726 0.3143173076923077 0.04339488636363646 0.058750000000000024
0 0.873828125 0.26731730769230766 0.024786931818181722 0.05875
0 0.8394318181818182 0.25725 0.051448863636363674 0.06376923076923076
0 0.44520596590909084 0.2218173076923077 0.03984375000000002 0.07132692307692305
0 0.1887286931818182 0.5137211538461538 0.06419034090909093 0.09471153846153846
0 0.4463920454545454 0.12011538461538462 0.05693181818181816 0.08061538461538462
0 0.4737997159090909 0.10726923076923077 0.05376420454545458 0.07492307692307694
0 0.4657599431818182 0.4523846153846154 0.04461647727272731 0.07973076923076924
0 0.43879971590909095 0.45113461538461536 0.04029829545454546 0.09230769230769226
0 0.4295028409090909 0.4947596153846153 0.06508522727272727 0.05201923076923079
0 0.4865269886363636 0.48721153846153853 0.08242897727272723 0.0705
0 0.4880752840909091 0.5279134615384615 0.04461647727272731 0.05790384615384618
0 0.5199928977272728 0.5459519230769231 0.04524147727272731 0.08728846153846151
0 0.5512997159090909 0.5300096153846154 0.034701704545454556 0.05201923076923079
0 0.43693892045454547 0.5371442307692308 0.08242897727272731 0.047826923076923086
0 0.12674715909090908 0.530201923076923 0.06508522727272728 0.0773269230769231
0 0.4601846590909091 0.5824615384615385 0.07437499999999994 0.07803846153846161
0 0.47568181818181815 0.6328076923076923 0.06073863636363635 0.05957692307692311
0 0.5153409090909091 0.6013365384615386 0.0508238636363636 0.058750000000000024
0 0.5326988636363637 0.6470673076923077 0.05701704545454544 0.09148076923076921
0 0.48714488636363645 0.678125 0.07252840909090909 0.07132692307692313
0 0.44623579545454545 0.7192403846153846 0.04772727272727268 0.08644230769230778
0 0.4387926136363637 0.6546249999999999 0.030369318181818174 0.08140384615384612
0 0.46669034090909095 0.33003846153846156 0.04897727272727275 0.04446153846153847
0 0.4561576704545454 0.36527884615384615 0.056406250000000054 0.029365384615384633
0 0.46115056818181815 0.30528846153846156 0.042500000000000024 0.03188461538461535
0 0.17080255681818182 0.46967307692307697 0.04427556818181821 0.05334615384615386
0 0.43016335227272734 0.31164423076923076 0.02745738636363634 0.05275000000000001
0 0.06662642045454546 0.2580480769230769 0.04561079545454545 0.04975000000000001
0 0.20170454545454544 0.8931346153846154 0.03661931818181814 0.04619230769230766
0 0.21350142045454545 0.9147211538461538 0.05410511363636364 0.036057692307692304
0 0.38179687500000004 0.011125 0.04191761363636366 0.02225
0 0.5747727272727272 0.8768365384615385 0.03948863636363638 0.05128846153846157
0 0.4235227272727272 0.3374134615384616 0.06642045454545462 0.05155769230769231
0 0.4173224431818182 0.3751730769230769 0.05578124999999998 0.02638461538461538
0 0.42131392045454547 0.3943557692307692 0.05046875000000004 0.029980769230769238
0 0.3850071022727273 0.3619807692307693 0.04958806818181818 0.07792307692307694
0 0.21397017045454544 0.4471923076923077 0.05180397727272727 0.07073076923076924
0 0.3553480113636364 0.3386057692307692 0.05490056818181819 0.06113461538461537
0 0.3845596590909091 0.40844230769230766 0.03275568181818182 0.07373076923076924
0 0.49743607954545455 0.009673076923076923 0.017883522727272772 0.019230769230769232
0 0.4219744318181818 0.4183269230769231 0.04826704545454548 0.05153846153846156
0 0.4005042613636364 0.4566826923076924 0.04870738636363639 0.06832692307692308
0 0.3863352272727273 0.5130288461538461 0.05048295454545453 0.061134615384615426
0 0.21128551136363638 0.9425096153846154 0.057428977272727284 0.05032692307692311
0 0.4923508522727273 0.02926923076923077 0.03237215909090904 0.05853846153846154
0 0.36685369318181815 0.5492980769230769 0.06376420454545452 0.02698076923076918
0 0.4022727272727273 0.576875 0.04781249999999995 0.055750000000000015
0 0.24142045454545455 0.4112211538461538 0.03940340909090911 0.0815192307692308
0 0.5277556818181818 0.021134615384615384 0.05687500000000003 0.04226923076923077
0 0.028771306818181817 0.26942307692307693 0.057542613636363635 0.053346153846153835
0 0.5563352272727272 0.02783653846153846 0.03477272727272722 0.05567307692307692
0 0.02288352272727272 0.04020192307692308 0.0455965909090909 0.08040384615384616
0 0.029879261363636365 0.23226923076923078 0.03762784090909091 0.04734615384615386
0 0.27397727272727274 0.9650480769230769 0.034687500000000024 0.031557692307692245
0 0.5130113636363636 0.8006346153846153 0.050312500000000024 0.059846153846153854
0 0.3639701704545455 0.4393076923076923 0.031434659090909124 0.08273076923076919
0 0.5515625 0.844326923076923 0.059232954545454526 0.07584615384615384
0 0.36574573863636367 0.5058365384615385 0.046491477272727295 0.07671153846153848
0 0.7224431818181819 0.8887692307692308 0.05446022727272724 0.12226923076923074
0 0.3336434659090909 0.5112403846153847 0.04515624999999999 0.059942307692307725
0 0.3460440340909091 0.4399134615384615 0.030099431818181813 0.09709615384615386
0 0.32102982954545456 0.43062500000000004 0.04029829545454546 0.0857115384615385
0 0.3413991477272727 0.3709807692307692 0.04825284090909087 0.05873076923076927
0 0.310625 0.38386538461538466 0.043380681818181804 0.06292307692307691
0 0.2858309659090909 0.41892307692307695 0.04339488636363638 0.05034615384615386
0 0.2683451704545455 0.4123365384615385 0.04382102272727272 0.0791346153846154
0 0.2842471590909091 0.9534134615384615 0.04355113636363636 0.043557692307692374
0 0.2520667613636363 0.9462788461538463 0.03467329545454545 0.0330576923076923
0 0.32457386363636365 0.5588846153846154 0.033210227272727266 0.0821153846153847
0 0.8088991477272728 0.6258846153846155 0.07171875000000001 0.08092307692307689
0 0.34360795454545456 0.5594903846153846 0.027897727272727255 0.03536538461538459
0 0.24207386363636363 0.9708846153846155 0.07963068181818182 0.058230769230769176
0 0.3739417613636364 0.5894615384615385 0.06464488636363636 0.059346153846153875
0 0.33874289772727273 0.6011442307692308 0.027002840909090896 0.044365384615384605
0 0.3166051136363636 0.6200192307692307 0.05002840909090909 0.06653846153846148
0 0.37238636363636357 0.6497019230769231 0.04471590909090908 0.07551923076923084
0 0.3852272727272727 0.7180288461538461 0.04028409090909093 0.08751923076923075
0 0.3967400568181818 0.6362019230769231 0.03231534090909091 0.07732692307692304
0 0.4155539772727272 0.6493942307692308 0.03985795454545455 0.07371153846153854
0 0.28368607954545455 0.9840288461538461 0.04521306818181816 0.03194230769230772
0 0.8478622159090908 0.6103076923076923 0.0761505681818182 0.060538461538461576
0 0.012833806818181819 0.23255769230769233 0.025667613636363638 0.05034615384615386
0 0.5938636363636364 0.8091057692307693 0.06534090909090909 0.09213461538461543
0 0.19047585227272726 0.8871153846153846 0.04521306818181816 0.0589615384615384
0 0.22140625 0.8536923076923078 0.03772727272727273 0.0386923076923077
0 0.41134943181818184 0.724326923076923 0.03232954545454552 0.09530769230769232
0 0.3261221590909091 0.6775673076923078 0.038068181818181834 0.06294230769230762
0 0.31040482954545456 0.6877596153846154 0.04561079545454547 0.058134615384615417
0 0.030759943181818183 0.1915096153846154 0.03231534090909091 0.042557692307692324
0 0.17813210227272727 0.8411153846153846 0.07268465909090911 0.07661538461538468
0 0.3535724431818182 0.746201923076923 0.05401988636363637 0.061134615384615426
0 0.08313920454545455 0.4606826923076923 0.05843749999999999 0.055750000000000015
0 0.25205965909090905 0.81125 0.055198863636363615 0.052192307692307774
0 0.3024360795454546 0.7093269230769231 0.08367897727272727 0.07492307692307688
0 0.619715909090909 0.8863846153846154 0.032073863636363616 0.03461538461538462
0 0.4195383522727273 0.7593846153846153 0.03365056818181818 0.09111538461538461
0 0.39208806818181813 0.7824615384615384 0.03275568181818182 0.05334615384615386
0 0.059105113636363636 0.21158653846153846 0.05002840909090909 0.0623269230769231
0 0.08787642045454545 0.17922115384615384 0.05711647727272728 0.08032692307692307
0 0.42973721590909086 0.8677115384615385 0.036207386363636296 0.0392307692307693
0 0.5581889204545455 0.9785384615384616 0.0587926136363637 0.04292307692307691
0 0.20961647727272725 0.803548076923077 0.035227272727272746 0.07059615384615381
0 0.09841619318181817 0.437 0.042940340909090914 0.053961538461538464
0 0.189921875 0.780826923076923 0.03024147727272726 0.06273076923076913
0 0.21808238636363636 0.7438365384615385 0.042727272727272704 0.05482692307692306
0 0.3690625 0.78875 0.05312499999999997 0.04796153846153846
0 0.3960724431818182 0.8253173076923076 0.034531250000000006 0.045557692307692306
0 0.43946022727272727 0.8109326923076923 0.06374999999999999 0.08390384615384615
0 0.22751420454545457 0.7627980769230769 0.032187499999999994 0.05521153846153842
0 0.33165482954545455 0.7674807692307691 0.04737215909090908 0.04734615384615386
0 0.23361505681818182 0.7785673076923078 0.01552556818181819 0.019903846153846088
0 0.26287642045454546 0.7860865384615384 0.04910511363636363 0.03644230769230767
0 0.2659303977272727 0.7500384615384615 0.05353693181818182 0.055961538461538396
0 0.420859375 0.19213461538461538 0.04072443181818184 0.04315384615384615
0 0.12696732954545453 0.47866346153846157 0.05666193181818182 0.07732692307692304
0 0.241796875 0.7177307692307693 0.04521306818181816 0.047692307692307714
0 0.15869318181818182 0.8332499999999999 0.0606818181818182 0.05369230769230772
0 0.1646377840909091 0.7816923076923077 0.0495880681818182 0.05907692307692302
0 0.2864914772727273 0.7315096153846153 0.05002840909090909 0.06413461538461543
0 0.17118607954545453 0.729326923076923 0.06822443181818182 0.07034615384615392
0 0.2926917613636364 0.7971442307692307 0.053565340909090924 0.08871153846153845
0 0.39408380681818184 0.8498846153846153 0.046491477272727295 0.07792307692307689
0 0.3394034090909091 0.8384999999999999 0.07349431818181819 0.09350000000000001
0 0.8722798295454546 0.2249423076923077 0.06384943181818171 0.046153846153846156
0 0.3883309659090909 0.8993461538461539 0.052684659090909094 0.05215384615384616
0 0.18540482954545456 0.4253173076923077 0.05490056818181817 0.041365384615384596
0 0.5613920454545455 0.6765961538461539 0.040284090909090846 0.05273076923076926
0 0.5901704545454546 0.682298076923077 0.049147727272727225 0.06413461538461543
0 0.5864133522727273 0.7152596153846154 0.04072443181818184 0.05213461538461541
0 0.2796022727272727 0.09660576923076923 0.06596590909090909 0.06951923076923078
0 0.9313139204545454 0.9001153846153847 0.06242897727272734 0.11388461538461543
0 0.19259943181818182 0.09510576923076923 0.053124999999999985 0.04375
0 0.19548295454545456 0.13317307692307692 0.05534090909090908 0.04434615384615385
0 0.14987926136363636 0.12148076923076924 0.054446022727272746 0.07011538461538463
0 0.13613636363636364 0.17292307692307693 0.07039772727272728 0.07253846153846154
0 0.073046875 0.13816346153846154 0.08146306818181817 0.08571153846153845
0 0.8173153409090909 0.5614615384615386 0.05224431818181814 0.05034615384615386
0 0.5925142045454546 0.9446923076923077 0.05136363636363632 0.08373076923076916
0 0.18198153409090911 0.06753846153846155 0.03896306818181819 0.03176923076923077
0 0.6172088068181818 0.956625 0.06819602272727271 0.08675000000000002
0 0.10669744318181819 0.11627884615384615 0.10183238636363635 0.08032692307692307
0 0.14323863636363637 0.083125 0.05534090909090908 0.05694230769230769
0 0.13881392045454544 0.042067307692307696 0.038508522727272725 0.04436538461538461
0 0.12287642045454544 0.04325961538461538 0.03586647727272727 0.06951923076923076
0 0.014296875000000002 0.6276153846153847 0.02822443181818182 0.03873076923076921
0 0.16553267045454545 0.04559615384615384 0.055724431818181826 0.06065384615384615
0 0.18624289772727273 0.009923076923076923 0.08583806818181819 0.019846153846153847
0 0.8011505681818182 0.5323846153846153 0.08102272727272722 0.040153846153846144
0 0.026200284090909087 0.06600961538461539 0.05223011363636363 0.061134615384615384
0 0.020042613636363636 0.6482596153846154 0.04008522727272727 0.03313461538461531
0 0.07392755681818182 0.5154807692307692 0.06464488636363636 0.05753846153846152
0 0.006548295454545455 0.5877788461538461 0.01309659090909091 0.04855769230769231
0 0.4640127840909091 0.9186826923076924 0.041889204545454556 0.065173076923077
0 0.4996732954545454 0.9473461538461538 0.07130681818181817 0.10438461538461533
0 0.01765625 0.5607884615384615 0.020170454545454547 0.029038461538461582
0 0.21974431818181817 0.03005769230769231 0.0730397727272727 0.06011538461538462
0 0.07083096590909091 0.07492307692307693 0.04072443181818182 0.056346153846153844
0 0.2334872159090909 0.060875 0.06663352272727276 0.04740384615384615
0 0.17545454545454545 0.4157211538461539 0.05002840909090909 0.07371153846153848
0 0.07548295454545455 0.563125 0.04383522727272726 0.058134615384615417
0 0.5286434659090908 0.9277403846153846 0.07933238636363632 0.09051923076923075
0 0.0787997159090909 0.032971153846153844 0.03896306818181818 0.058750000000000004
0 0.5154900568181818 0.881875 0.08512784090909092 0.12067307692307692
0 0.5528409090909091 0.884125 0.059943181818181805 0.10240384615384615
0 0.45938210227272724 0.8534326923076923 0.03350852272727269 0.04451923076923083
0 0.47921164772727276 0.833798076923077 0.024815340909090947 0.047134615384615365
0 0.023906249999999997 0.35874038461538466 0.047812499999999994 0.03655769230769235
0 0.230859375 0.09911538461538462 0.05458806818181819 0.05657692307692308
0 0.033423295454545456 0.4156730769230769 0.06684659090909091 0.08092307692307689
0 0.7810085227272726 0.4886346153846154 0.06019886363636363 0.08092307692307689
0 0.022301136363636363 0.6028365384615385 0.02625 0.05851923076923078
0 0.2790411931818182 0.031336538461538464 0.04555397727272726 0.06267307692307693
0 0.461328125 0.8165673076923077 0.07251420454545456 0.06898076923076923
0 0.4325497159090909 0.8976538461538461 0.05947443181818182 0.05246153846153852
0 0.43293323863636357 0.9405096153846154 0.050269886363636426 0.08413461538461539
0 0.0503125 0.6138846153846155 0.03298295454545455 0.04507692307692307
0 0.4795525568181818 0.9751923076923077 0.05677556818181814 0.04961538461538464
0 0.5098650568181818 0.9938846153846153 0.03836647727272726 0.012230769230769257
0 0.046796875 0.5746634615384615 0.04001420454545455 0.05071153846153847
0 0.2628480113636364 0.012730769230769231 0.04404829545454548 0.025461538461538463
0 0.6945454545454545 0.8839807692307692 0.03852272727272728 0.07073076923076929
0 0.034630681818181824 0.5412884615384616 0.03681818181818182 0.05938461538461549
0 0.43620028409090916 0.9844038461538461 0.03990056818181815 0.03065384615384615
0 0.09982954545454546 0.05274038461538461 0.02701704545454546 0.05994230769230769
0 0.06375710227272728 0.5779134615384615 0.03296875 0.05459615384615382
0 0.017230113636363637 0.6804134615384616 0.034460227272727274 0.04290384615384616
0 0.37787642045454545 0.9233653846153845 0.03683238636363637 0.041538461538461476
0 0.39073153409090916 0.9472596153846153 0.037201704545454545 0.04882692307692305
0 0.06600142045454545 0.6929807692307692 0.09444602272727272 0.12957692307692306
0 0.20449573863636364 0.16078846153846155 0.048565340909090905 0.04638461538461539
0 0.23652698863636362 0.12758653846153845 0.03012784090909092 0.05351923076923078
0 0.21108664772727276 0.38335576923076925 0.028338068181818207 0.07251923076923072
0 0.29828835227272726 0.13474038461538462 0.037940340909090924 0.07421153846153845
0 0.02036221590909091 0.10099999999999999 0.039843750000000004 0.06773076923076923
0 0.2790127840909091 0.18400961538461538 0.03603693181818182 0.06444230769230767
0 0.2502414772727273 0.1530673076923077 0.023125000000000003 0.04478846153846152
0 0.2423082386363636 0.17945192307692306 0.04867897727272729 0.05751923076923076
0 0.25225852272727267 0.22041346153846153 0.03306818181818182 0.03894230769230769
0 0.22805397727272728 0.20458653846153843 0.035767045454545426 0.05825000000000001
0 0.10009232954545455 0.6650288461538463 0.046093749999999996 0.07367307692307692
0 0.40972301136363637 0.9798653846153845 0.029161931818181778 0.040269230769230765
0 0.08264204545454547 0.6147499999999999 0.05602272727272728 0.06242307692307689
0 0.49985085227272724 0.36469230769230765 0.042144886363636384 0.09230769230769231
0 0.03526278409090909 0.7066442307692308 0.05666193181818182 0.05721153846153846
0 0.39303267045454554 0.9845384615384616 0.05103693181818183 0.030923076923076893
0 0.3398934659090909 0.8984326923076923 0.05294034090909092 0.07063461538461542
0 0.06071732954545455 0.7261442307692308 0.050582386363636364 0.07974999999999995
0 0.048551136363636366 0.76775 0.04928977272727273 0.04507692307692307
0 0.018352272727272727 0.7352403846153845 0.036704545454545455 0.06848076923076926
0 0.05767045454545456 0.797653846153846 0.08931818181818184 0.0494230769230769
0 0.00762784090909091 0.8054519230769231 0.01525568181818182 0.040749999999999995
0 0.21581676136363637 0.21950000000000003 0.04140624999999997 0.07573076923076925
0 0.23154829545454544 0.25190384615384614 0.03630681818181818 0.04003846153846155
0 0.12940340909090908 0.4178173076923077 0.04383522727272727 0.04794230769230765
0 0.35658380681818186 0.9475192307692307 0.04796875000000001 0.07426923076923078
0 0.042713068181818185 0.474125 0.08102272727272729 0.06113461538461537
0 0.012748579545454546 0.7824903846153846 0.02549715909090909 0.03640384615384617
0 0.3268536931818182 0.9832403846153845 0.04910511363636363 0.03351923076923078
0 0.008693181818181819 0.8496634615384615 0.016960227272727273 0.06848076923076926
0 0.2432528409090909 0.2755769230769231 0.03872159090909089 0.042230769230769245
0 0.01002840909090909 0.9200865384615384 0.02005681818181818 0.07671153846153844
0 0.023579545454545457 0.9003653846153846 0.02946022727272727 0.07453846153846153
0 0.19793323863636364 0.255 0.032542613636363654 0.04769230769230769
0 0.21742897727272725 0.2828461538461538 0.047869318181818166 0.033499999999999974
0 0.42727982954545457 0.14807692307692308 0.07924715909090904 0.060538461538461534
0 0.15308948863636365 0.38634615384615384 0.032769886363636376 0.040153846153846144
0 0.20560369318181818 0.3194423076923077 0.0489346590909091 0.046961538461538437
0 0.18718039772727274 0.2986826923076923 0.037372159090909095 0.04332692307692308
0 0.17064630681818183 0.28175961538461536 0.04086647727272729 0.058980769230769205
0 0.1561221590909091 0.26046153846153847 0.052159090909090926 0.04988461538461538
0 0.3083877840909091 0.4923557692307692 0.06174715909090909 0.05605769230769237
0 0.04598721590909091 0.8663461538461539 0.02688920454545455 0.05849999999999992
0 0.042144886363636364 0.8379519230769231 0.060823863636363634 0.05894230769230765
0 0.086484375 0.8162884615384616 0.062428977272727275 0.055461538461538416
0 0.3572017045454545 0.9898365384615385 0.027471590909090873 0.02028846153846156
0 0.29690340909090907 0.5609134615384614 0.04630681818181817 0.08205769230769233
0 0.20688210227272724 0.35339423076923077 0.03762784090909088 0.05694230769230767
0 0.04727272727272727 0.9213846153846154 0.028806818181818183 0.061115384615384565
0 0.06441051136363636 0.40069230769230774 0.07569602272727272 0.06892307692307693
0 0.2733806818181818 0.6264038461538461 0.04292613636363636 0.06115384615384618
0 0.06472301136363635 0.912076923076923 0.03745738636363636 0.08061538461538464
0 0.29201704545454543 0.6539230769230769 0.05232954545454546 0.05503846153846155
0 0.31822443181818183 0.9541538461538461 0.03883522727272724 0.03980769230769229
0 0.08392755681818181 0.8507403846153846 0.05217329545454546 0.06978846153846147
0 0.09209517045454546 0.9090384615384616 0.03393465909090909 0.06934615384615385
0 0.07752840909090909 0.9665769230769231 0.04897727272727271 0.06576923076923086
0 0.25248579545454547 0.648826923076923 0.028977272727272695 0.05096153846153846
0 0.17058238636363637 0.3947403846153846 0.0509090909090909 0.09051923076923081
0 0.23102272727272724 0.6253846153846154 0.0553409090909091 0.05707692307692309
0 0.23252840909090908 0.6709999999999999 0.07039772727272728 0.05657692307692311
0 0.10713778409090909 0.013788461538461538 0.08765625 0.027576923076923075
0 0.023238636363636364 0.33026923076923076 0.04647727272727273 0.06592307692307693
0 0.07400568181818182 0.9941442307692306 0.025284090909090905 0.011711538461538523
0 0.32280539772727274 0.9167884615384616 0.03856534090909092 0.0619615384615384
0 0.058955965909090906 0.9534038461538461 0.03296875 0.036846153846153896
0 0.9094673295454545 0.2543173076923077 0.056406250000000054 0.06798076923076922
0 0.935809659090909 0.3021442307692308 0.040909090909091006 0.07636538461538463
0 0.9778267045454545 0.32774038461538463 0.04434659090909095 0.05874999999999997
0 0.1187784090909091 0.2838557692307693 0.08102272727272727 0.0833269230769231
0 0.1613849431818182 0.5820576923076922 0.04555397727272728 0.028538461538461492
0 0.9714559659090909 0.29375961538461537 0.03532670454545455 0.047826923076923086
0 0.9246519886363637 0.22703846153846155 0.08305397727272731 0.11076923076923079
0 0.9620170454545455 0.24844230769230768 0.07596590909090911 0.09984615384615385
0 0.9719389204545454 0.21697115384615384 0.05612215909090908 0.07551923076923078
0 0.16786221590909092 0.6120769230769231 0.048394886363636376 0.04903846153846154
0 0.14461647727272728 0.6130865384615385 0.06363636363636363 0.04901923076923079
0 0.7465909090909091 0.9767499999999999 0.03948863636363638 0.044769230769230714
0 0.1505184659090909 0.6853269230769231 0.04725852272727272 0.09546153846153843
0 0.9798224431818183 0.17375 0.039673295454545385 0.046153846153846156
0 0.05730113636363637 0.3454711538461538 0.04167613636363636 0.05824999999999998
0 0.5157528409090909 0.1095576923076923 0.07167613636363633 0.04638461538461539
0 0.17167613636363635 0.6894615384615385 0.03696022727272729 0.045923076923076914
0 0.19740056818181817 0.6324423076923077 0.0869034090909091 0.07534615384615385
0 0.9877414772727273 0.15151923076923077 0.02451704545454544 0.03357692307692307
0 0.2134090909090909 0.6977211538461539 0.06326704545454544 0.06655769230769233
0 0.7055042613636364 0.9880096153846154 0.044815340909091006 0.023980769230769285
0 0.7124431818181819 0.9615865384615384 0.03093750000000004 0.03755769230769236
0 0.9036434659090908 0.7385769230769231 0.049588068181818136 0.06292307692307697
0 0.9326491477272728 0.7226923076923077 0.051803977272727314 0.09230769230769231
0 0.6849573863636365 0.9702403846153845 0.03681818181818184 0.05778846153846145
0 0.8201917613636364 0.48773076923076925 0.022571022727272707 0.05873076923076922
0 0.49575994318181815 0.752673076923077 0.07188920454545457 0.09650000000000002
0 0.9333380681818181 0.18340384615384617 0.048352272727272834 0.040269230769230765
0 0.5440838068181818 0.7528365384615385 0.05578125000000005 0.11498076923076928
0 0.8604758522727274 0.8575576923076923 0.07481534090909085 0.05873076923076916
0 0.8905681818181819 0.17459615384615385 0.040909090909091006 0.06965384615384615
0 0.9277556818181819 0.1460576923076923 0.054545454545454515 0.05453846153846152
0 0.5699502840909091 0.7788557692307693 0.07223011363636367 0.08474999999999999
0 0.8197514204545455 0.8578557692307692 0.03055397727272726 0.030557692307692282
0 0.8378977272727273 0.8329807692307691 0.04383522727272713 0.04676923076923076
0 0.930546875 0.12341346153846153 0.04524147727272731 0.05286538461538462
0 0.05191761363636363 0.2992307692307693 0.06426136363636364 0.05461538461538463
0 0.9244531250000001 0.9429711538461539 0.06109375000000015 0.10490384615384618
0 0.9100923295454546 0.10494230769230768 0.04896306818181822 0.07469230769230768
0 0.9715269886363636 0.8794326923076923 0.056946022727272776 0.10609615384615377
0 0.9720738636363637 0.12340384615384616 0.04153409090909092 0.08307692307692306
0 0.946974431818182 0.08144230769230767 0.04710227272727268 0.05119230769230769
0 0.9857102272727274 0.12173076923076924 0.027897727272727255 0.05957692307692308
0 0.9846448863636365 0.05333653846153847 0.030710227272727278 0.06882692307692309
0 0.5418181818181819 0.6935384615384615 0.03613636363636363 0.05657692307692311
0 0.9355042613636364 0.03757692307692308 0.06879261363636356 0.07515384615384615
0 0.9747230113636363 0.030865384615384617 0.05055397727272732 0.061730769230769235
0 0.49334517045454546 0.4452596153846154 0.03160511363636364 0.062096153846153884
0 0.9246732954545455 0.6483653846153846 0.033210227272727266 0.06592307692307697
0 0.3641903409090909 0.22121153846153846 0.06642045454545453 0.07973076923076922
0 0.9892329545454547 0.9028076923076924 0.021534090909090864 0.10850000000000003
0 0.5687428977272727 0.7292211538461538 0.04419034090909093 0.05898076923076915
0 0.9016548295454545 0.6492596153846154 0.027002840909090896 0.06294230769230773
0 0.41355113636363633 0.2508846153846154 0.05446022727272724 0.04915384615384616
0 0.9843607954545455 0.9773269230769231 0.031278409090909065 0.045346153846153814
0 0.881953125 0.7946153846153847 0.05490056818181815 0.05873076923076927
0 0.3969531250000001 0.1882403846153846 0.04160511363636366 0.05094230769230768
0 0.9890127840909091 0.7316826923076923 0.021974431818181858 0.026365384615384575
0 0.5395241477272728 0.44693269230769234 0.06569602272727272 0.08224999999999996
0 0.4410014204545455 0.1780576923076923 0.04825284090909087 0.04734615384615386
0 0.09494318181818183 0.37023076923076925 0.06534090909090909 0.06261538461538461
0 0.12371448863636364 0.379875 0.04705965909090908 0.06005769230769234
0 0.5478835227272728 0.40749038461538456 0.0712784090909091 0.06378846153846152
0 0.9629758522727272 0.7613557692307692 0.04072443181818176 0.044942307692307594
0 0.09346590909090909 0.31525000000000003 0.044090909090909076 0.07426923076923078
0 0.6515980113636364 0.8668942307692307 0.05711647727272724 0.07851923076923074
0 0.16862926136363637 0.3427403846153846 0.0449005681818182 0.04913461538461541
0 0.13985795454545455 0.3358269230769231 0.06588068181818184 0.05861538461538465
0 0.584453125 0.3844134615384615 0.03904829545454547 0.07467307692307695
0 0.621953125 0.402875 0.0458664772727273 0.04278846153846154
0 0.7744602272727273 0.7152403846153846 0.034545454545454615 0.03655769230769229
0 0.6387286931818181 0.3385096153846154 0.045241477272727225 0.09901923076923079
0 0.09494318181818183 0.20639423076923077 0.027159090909090914 0.05024999999999999
0 0.11026988636363635 0.23279807692307694 0.058892045454545454 0.03021153846153845
0 0.12277698863636365 0.21677884615384616 0.04572443181818182 0.040403846153846165
0 0.1848934659090909 0.18600961538461538 0.03765624999999999 0.06844230769230768
0 0.17803977272727273 0.21276923076923074 0.03792613636363637 0.05934615384615385
0 0.13676136363636363 0.22186538461538463 0.03548295454545453 0.02657692307692309
0 0.16002130681818183 0.22624038461538462 0.04223011363636362 0.0440576923076923
0 0.6604261363636363 0.38593269230769234 0.03409090909090909 0.09482692307692309
0 0.6337357954545454 0.4599423076923077 0.07934659090909085 0.09649999999999996
0 0.9794957386363637 0.8138076923076923 0.041008522727272734 0.08511538461538459
0 0.6732244318181819 0.4082596153846154 0.04534090909090911 0.052019230769230734
0 0.5012144886363636 0.19064423076923076 0.033196022727272734 0.0629423076923077
0 0.4815127840909091 0.1612692307692308 0.03365056818181818 0.05934615384615385
0 0.8184161931818181 0.42928846153846156 0.03143465909090908 0.0389615384615385
0 0.8077911931818181 0.4562596153846154 0.037627840909090764 0.04975000000000001
0 0.6431889204545455 0.9184423076923076 0.050923295454545485 0.05215384615384616
0 0.4542897727272727 0.2724615384615385 0.03409090909090909 0.0671153846153846
0 0.47000710227272724 0.2104230769230769 0.03541193181818183 0.06415384615384616
0 0.4981178977272727 0.23889423076923075 0.052684659090909136 0.05632692307692309
0 0.4879332386363636 0.27995192307692307 0.047372159090909124 0.055749999999999966
0 0.5366335227272727 0.21073076923076925 0.06684659090909091 0.08511538461538462
0 0.5266761363636363 0.26226923076923075 0.05843750000000006 0.06234615384615385
0 0.68015625 0.43282692307692305 0.038948863636363656 0.04334615384615383
0 0.5430539772727273 0.36236538461538464 0.05579545454545451 0.055153846153846164
0 0.5483664772727272 0.28744230769230766 0.05579545454545451 0.07192307692307688
0 0.7071022727272728 0.4425673076923077 0.03093749999999996 0.038288461538461535
0 0.7393892045454545 0.4371538461538461 0.038948863636363656 0.050576923076923096
0 0.7697230113636363 0.47633653846153845 0.057116477272727326 0.08871153846153845
0 0.7728196022727274 0.4259903846153846 0.036747159090909094 0.06474999999999997
0 0.4989204545454546 0.32525 0.05019886363636368 0.06376923076923076
0 0.5492542613636364 0.3114230769230769 0.06109374999999999 0.05873076923076927
