0 0.9419957386363635 0.9726442307692307 0.09319602272727275 0.05444230769230759
0 0.6089914772727273 0.49692307692307686 0.021590909090909074 0.04053846153846151
0 0.9159517045454545 0.44487499999999996 0.05196022727272733 0.058480769230769225
0 0.9218536931818181 0.46428846153846154 0.03813920454545458 0.05434615384615383
0 0.9149360795454545 0.5378365384615384 0.037116477272727266 0.05071153846153847
0 0.9958664772727271 0.6294134615384614 0.008267045454545525 0.06267307692307687
0 0.8948934659090909 0.7010480769230768 0.058565340909090935 0.07290384615384621
0 0.779893465909091 0.7200769230769231 0.0479971590909092 0.06634615384615385
0 0.9758664772727272 0.8941538461538461 0.04826704545454548 0.12665384615384617
0 0.5248579545454546 0.4796923076923077 0.02323863636363638 0.04211538461538457
0 0.7968892045454545 0.8252980769230769 0.043806818181818065 0.06271153846153837
0 0.5878053977272727 0.49910576923076927 0.04169034090909094 0.04309615384615384
0 0.5745099431818183 0.5312596153846154 0.035042613636363656 0.051326923076923076
0 0.5747443181818181 0.6776730769230769 0.08747159090909097 0.06407692307692306
0 0.5199360795454545 0.6465384615384616 0.0767755681818182 0.10396153846153847
0 0.5509872159090908 0.7174711538461538 0.07481534090909094 0.07425000000000002
0 0.5739275568181817 0.8116923076923078 0.13007102272727272 0.17899999999999996
0 0.5022727272727273 0.7760961538461538 0.06295454545454544 0.09038461538461538
0 0.49608664772727273 0.011057692307692308 0.024332386363636358 0.022115384615384617
0 0.4002485795454545 0.00939423076923077 0.05725852272727273 0.01798076923076923
0 0.8058522727272727 0.8505384615384615 0.04269886363636372 0.04792307692307696
0 0.3246164772727273 0.01945192307692308 0.07443181818181815 0.03890384615384616
0 0.33415482954545456 0.14493269230769232 0.021605113636363648 0.03548076923076924
0 0.3152556818181818 0.13752884615384617 0.034744318181818154 0.04201923076923076
0 0.27313920454545454 0.22501923076923075 0.04928977272727271 0.08726923076923077
0 0.2939914772727273 0.2685192307692308 0.05602272727272727 0.0846923076923077
0 0.38487215909090905 0.37235576923076924 0.024119318181818207 0.02321153846153845
0 0.40373579545454547 0.36635576923076923 0.027357954545454533 0.03078846153846152
0 0.37057528409090906 0.330625 0.08501420454545454 0.06340384615384616
0 0.39582386363636357 0.4770769230769231 0.05653409090909092 0.07150000000000001
0 0.3942897727272728 0.49291346153846155 0.03400568181818182 0.04628846153846158
0 0.8483451704545455 0.834201923076923 0.03441761363636366 0.04836538461538468
0 0.30274147727272727 0.6721538461538461 0.02911931818181818 0.05265384615384615
0 0.3039204545454545 0.708 0.015482954545454553 0.023653846153846175
0 0.29365056818181823 0.7271346153846154 0.03431818181818181 0.05130769230769232
0 0.3241477272727273 0.6743461538461538 0.032670454545454544 0.060499999999999964
0 0.2947088068181818 0.7442115384615384 0.053792613636363645 0.06876923076923075
0 0.33232244318181814 0.6178750000000001 0.04183238636363639 0.054057692307692334
0 0.2653409090909091 0.6702403846153846 0.07454545454545453 0.1324038461538461
0 0.44237215909090905 0.8741442307692308 0.03238636363636365 0.04163461538461534
0 0.4424715909090909 0.8858173076923077 0.07295454545454548 0.046519230769230875
0 0.21922585227272728 0.8560384615384615 0.02850852272727272 0.03538461538461534
0 0.6875355113636363 0.8809615384615385 0.05362215909090909 0.054192307692307706
0 0.22302556818181818 0.8759038461538462 0.04821022727272727 0.05438461538461544
0 0.022997159090909092 0.971125 0.045994318181818185 0.05774999999999995
0 0.023870738636363634 0.8590961538461539 0.04774147727272727 0.04434615384615385
0 0.041271306818181815 0.5652403846153846 0.045838068181818174 0.07063461538461542
0 0.06012073863636363 0.5205288461538462 0.08095170454545454 0.12594230769230771
0 0.12732244318181818 0.4796442307692308 0.07041193181818182 0.09636538461538464
0 0.11833096590909092 0.4768653846153846 0.0483096590909091 0.04419230769230767
0 0.12163352272727272 0.17024038461538463 0.13482954545454545 0.14575
0 0.1813778409090909 0.148375 0.06642045454545453 0.07540384615384617
0 0.16373579545454545 0.21473076923076923 0.07008522727272727 0.0685
0 0.7304403409090909 0.9023461538461539 0.058011363636363604 0.13776923076923087
0 0.00705965909090909 0.008480769230769231 0.01411931818181818 0.016961538461538462
0 0.013536931818181818 0.032375 0.027073863636363635 0.046634615384615385
0 0.09321022727272728 0.076 0.06042613636363636 0.06349999999999999
0 0.02598721590909091 0.20112500000000003 0.05197443181818182 0.10121153846153848
0 0.11724431818181817 0.27416346153846155 0.04678977272727274 0.06367307692307692
0 0.5461292613636364 0.48065384615384615 0.04049715909090908 0.03823076923076922
0 0.9818607954545455 0.033990384615384624 0.03627840909090904 0.05928846153846155
0 0.8839914772727272 0.3998173076923077 0.02139204545454554 0.045365384615384564
0 0.814715909090909 0.33526923076923076 0.1463352272727274 0.08861538461538458
0 0.8170170454545456 0.3692403846153846 0.040767045454545354 0.03463461538461537
0 0.7026278409090909 0.975701923076923 0.04522727272727269 0.04859615384615381
0 0.8238707386363636 0.34304807692307693 0.032173295454545586 0.03090384615384614
0 0.855 0.37270192307692307 0.03017045454545456 0.03794230769230767
0 0.8379545454545455 0.388625 0.035710227272727255 0.04328846153846152
0 0.870390625 0.39524038461538463 0.033309659090909154 0.03836538461538459
0 0.7779048295454545 0.3880480769230769 0.09589488636363636 0.07667307692307693
0 0.7345383522727272 0.3282788461538461 0.04711647727272738 0.06859615384615382
0 0.8432954545454546 0.15470192307692307 0.04130681818181824 0.04048076923076922
0 0.8343465909090909 0.17179807692307694 0.03823863636363647 0.039211538461538464
0 0.8540980113636365 0.1895096153846154 0.019644886363636423 0.04128846153846154
0 0.8344460227272728 0.2058846153846154 0.028437499999999973 0.0616153846153846
0 0.6386931818181818 0.9883653846153847 0.038238636363636384 0.023269230769230813
0 0.8059161931818182 0.18460576923076924 0.04370738636363634 0.04428846153846154
0 0.734083806818182 0.1212596153846154 0.018991477272727278 0.02759615384615385
0 0.7226704545454545 0.14695192307692306 0.03957386363636373 0.051365384615384604
0 0.7252982954545455 0.16263461538461538 0.05178977272727278 0.05526923076923076
0 0.5121448863636364 0.5764519230769231 0.07755681818181821 0.04648076923076915
0 0.7579119318181818 0.07149038461538461 0.040142045454545444 0.07217307692307692
0 0.782627840909091 0.08799999999999998 0.06590909090909088 0.09253846153846151
0 0.8003196022727272 0.11710576923076922 0.08083806818181814 0.06151923076923077
0 0.9755894886363637 0.3759903846153846 0.048821022727272734 0.06809615384615383
0 0.9550994318181819 0.40331730769230767 0.02357954545454549 0.022980769230769207
0 0.601796875 0.9760480769230768 0.03194602272727274 0.0479038461538462
0 0.9661363636363638 0.3857788461538461 0.0336079545454545 0.039057692307692314
0 0.6359446022727272 0.08286538461538462 0.046491477272727295 0.030346153846153835
0 0.6456747159090909 0.042567307692307696 0.07728693181818178 0.07086538461538462
0 0.6276633522727273 0.11973076923076924 0.061661931818181775 0.05788461538461539
0 0.6131605113636364 0.41225961538461536 0.07049715909090909 0.0955961538461538
0 0.6135724431818183 0.46095192307692306 0.04569602272727275 0.0315576923076923
0 0.5537997159090909 0.4180865384615385 0.052798295454545396 0.06378846153846157
0 0.5773579545454545 0.3252403846153846 0.10687500000000001 0.12725000000000003
0 0.5417329545454546 0.1782403846153846 0.12738636363636366 0.13617307692307692
0 0.4958948863636364 0.2520096153846154 0.035568181818181846 0.04236538461538462
0 0.5834517045454546 0.9791826923076923 0.031448863636363615 0.04163461538461534
0 0.5191619318181818 0.22992307692307692 0.03556818181818177 0.05103846153846155
0 0.8604616477272728 0.2687980769230769 0.031747159090909124 0.04067307692307694
0 0.8520312499999999 0.2791153846153846 0.04210227272727271 0.04311538461538459
0 0.7593252840909092 0.2601153846153846 0.03859374999999994 0.05042307692307692
0 0.6893252840909091 0.22400961538461542 0.02632102272727277 0.11132692307692307
0 0.6749502840909091 0.4299326923076923 0.06089488636363637 0.09236538461538461
0 0.7312997159090909 0.47641346153846154 0.06839488636363633 0.09628846153846153
0 0.7791974431818182 0.4855673076923077 0.05007102272727273 0.0922115384615385
0 0.7968039772727273 0.49534615384615394 0.044914772727272734 0.09123076923076923
0 0.7652982954545454 0.5424326923076923 0.029289772727272734 0.04698076923076913
