0 0.11139914772727275 0.8535288461538463 0.029673295454545456 0.028980769230769216
0 0.5807244318181818 0.014903846153846155 0.08451704545454546 0.02796153846153846
0 0.7494318181818183 0.20734615384615385 0.05619318181818182 0.11769230769230767
0 0.8265696022727272 0.40375 0.04382102272727276 0.07557692307692304
0 0.03363636363636364 0.9533942307692307 0.06673295454545455 0.09228846153846156
0 0.03403409090909091 0.7729230769230769 0.06696022727272727 0.09257692307692306
0 0.42316761363636357 0.6017307692307692 0.11573863636363631 0.07411538461538465
0 0.9570241477272727 0.5327019230769231 0.08595170454545453 0.060942307692307685
0 0.06250000000000001 0.9435480769230769 0.1009659090909091 0.11198076923076927
0 0.09364346590909091 0.2171057692307692 0.03819602272727274 0.10740384615384614
0 0.14823153409090908 0.08544230769230768 0.12774147727272725 0.10376923076923075
0 0.03800426136363636 0.2541153846153846 0.07600852272727272 0.07115384615384612
0 0.7300284090909092 0.5720769230769231 0.1152556818181818 0.053961538461538464
0 0.8289275568181819 0.8120192307692308 0.08171875000000012 0.09311538461538453
0 0.2590056818181818 0.5375192307692308 0.03306818181818182 0.06661538461538459
0 0.1646661931818182 0.29064423076923074 0.08174715909090907 0.06809615384615383
0 0.30318892045454543 0.49615384615384617 0.07867897727272725 0.0714230769230769
0 0.44171875000000005 0.4282211538461539 0.061335227272727284 0.060634615384615384
0 0.08436079545454546 0.05121153846153846 0.14198863636363637 0.1023076923076923
0 0.35651988636363635 0.7116250000000001 0.09076704545454546 0.07021153846153845
0 0.8534943181818182 0.9088557692307693 0.07539772727272717 0.05786538461538457
0 0.9694744318181818 0.969 0.06051136363636351 0.061115384615384565
0 0.9644744318181818 0.48880769230769233 0.07082386363636366 0.051192307692307704
0 0.9716477272727272 0.3502019230769231 0.056647727272727266 0.08144230769230767
0 0.7303053977272728 0.9301826923076923 0.03356534090909098 0.09332692307692303
0 0.22655539772727273 0.245375 0.09330965909090909 0.12232692307692307
0 0.6121803977272727 0.8871538461538462 0.049957386363636384 0.06892307692307699
0 0.6868039772727272 0.7291730769230769 0.043210227272727296 0.08696153846153841
0 0.18621448863636364 0.9609326923076923 0.060497159090909074 0.07801923076923087
0 0.2964346590909091 0.9859807692307693 0.085 0.027307692307692175
0 0.23598011363636362 0.02733653846153846 0.07480113636363636 0.05336538461538461
0 0.21996448863636361 0.18789423076923079 0.08404829545454545 0.1406346153846154
0 0.3203622159090909 0.07471153846153847 0.03654829545454548 0.06315384615384616
0 0.08267755681818181 0.6405 0.05441761363636364 0.13523076923076932
0 0.18311079545454545 0.1924423076923077 0.03872159090909089 0.049230769230769245
0 0.3641690340909091 0.17511538461538462 0.1307528409090909 0.10161538461538462
0 0.27193892045454543 0.7821538461538462 0.04657670454545453 0.1761923076923076
0 0.9711576704545454 0.27106730769230764 0.0566619318181818 0.09817307692307689
0 0.5722514204545455 0.35882692307692304 0.05569602272727278 0.0676153846153846
0 0.15700284090909092 0.2097403846153846 0.05727272727272726 0.10159615384615382
0 0.07121448863636365 0.4634230769230769 0.08808238636363637 0.09173076923076921
0 0.9047372159090908 0.05155769230769231 0.06098011363636357 0.10142307692307692
0 0.7979829545454545 0.01606730769230769 0.04937499999999999 0.03148076923076923
0 0.5580397727272728 0.2431057692307692 0.10795454545454546 0.09674999999999997
0 0.060731534090909096 0.414125 0.12123579545454546 0.07028846153846156
0 0.5454332386363636 0.03375 0.06291193181818185 0.06565384615384616
0 0.22847301136363637 0.09234615384615384 0.04705965909090908 0.08626923076923076
0 0.677734375 0.1745096153846154 0.06339488636363635 0.04940384615384615
0 0.46938210227272736 0.0923846153846154 0.0986221590909091 0.1501923076923077
0 0.7585440340909091 0.6431634615384616 0.12737215909090913 0.13282692307692306
0 0.07266335227272727 0.14627884615384615 0.07367897727272728 0.10048076923076923
0 0.5190127840909091 0.8920865384615384 0.05876420454545455 0.12048076923076918
0 0.9483877840909091 0.4014423076923077 0.07251420454545464 0.17750000000000002
0 0.9076207386363635 0.1757403846153846 0.07731534090909084 0.09948076923076923
0 0.7684943181818181 0.8981346153846154 0.06579545454545445 0.07280769230769223
0 0.4407386363636363 0.9479423076923076 0.11332386363636368 0.08126923076923065
0 0.2658096590909091 0.0989423076923077 0.10463068181818182 0.12230769230769231
0 0.5057670454545454 0.5363846153846155 0.10997159090909085 0.11442307692307697
0 0.988828125 0.377875 0.022002840909090923 0.057596153846153825
0 0.9850213068181817 0.7734711538461538 0.028934659090909098 0.08940384615384617
0 0.6631818181818182 0.5338557692307693 0.05139204545454546 0.0871346153846154
0 0.13566761363636362 0.5725 0.0662215909090909 0.13561538461538458
0 0.9287002840909092 0.06527884615384616 0.04342329545454553 0.13055769230769232
0 0.6426065340909091 0.06922115384615385 0.037769886363636325 0.07990384615384616
0 0.47848011363636367 0.20751923076923076 0.06420454545454544 0.09557692307692306
0 0.6018323863636363 0.1680096153846154 0.1263920454545455 0.06878846153846153
0 0.2596946022727273 0.9092596153846154 0.07203125 0.05071153846153847
0 0.3895241477272728 0.4310673076923077 0.08487215909090913 0.11428846153846155
0 0.6092471590909091 0.7347884615384616 0.0907670454545455 0.1352307692307692
0 0.6584730113636363 0.7227500000000001 0.04225852272727273 0.06696153846153845
0 0.454140625 0.5019326923076923 0.08356534090909089 0.06305769230769223
0 0.3751846590909091 0.0775673076923077 0.09312500000000004 0.07136538461538461
0 0.9605255681818182 0.7056826923076924 0.07863636363636366 0.09751923076923073
0 0.6105823863636364 0.2978846153846154 0.08343750000000001 0.08126923076923075
0 0.16703835227272726 0.37358653846153844 0.06958806818181819 0.11467307692307697
0 0.9368821022727274 0.6716346153846153 0.07683238636363642 0.08257692307692319
0 0.29252130681818184 0.03730769230769231 0.05882102272727272 0.07361538461538462
0 0.7031321022727273 0.6200384615384614 0.07299715909090915 0.10207692307692305
0 0.11357244318181818 0.37254807692307695 0.08776988636363635 0.10701923076923078
0 0.8377698863636364 0.26376923076923076 0.05568181818181808 0.09134615384615384
0 0.95328125 0.9527499999999999 0.09343749999999997 0.09361538461538463
0 0.5411079545454546 0.11242307692307693 0.06866477272727277 0.05915384615384616
0 0.5651207386363637 0.061057692307692306 0.10325284090909091 0.06176923076923078
0 0.7623508522727271 0.021528846153846155 0.044559659090909094 0.04213461538461538
0 0.06380681818181819 0.7777692307692308 0.08414772727272729 0.11973076923076921
0 0.47406960227272726 0.5988076923076923 0.07348011363636366 0.13719230769230775
0 0.8592755681818183 0.7681923076923077 0.13017045454545453 0.0827307692307693
0 0.7254616477272727 0.7546153846153846 0.041775568181818136 0.10076923076923083
0 0.3965553977272727 0.9699038461538462 0.09220170454545454 0.06019230769230771
0 0.3604545454545454 0.049644230769230774 0.07394886363636367 0.09928846153846155
0 0.29591619318181817 0.1925769230769231 0.06313920454545457 0.10557692307692308
0 0.38873579545454545 0.3699326923076923 0.07315340909090913 0.07682692307692311
0 0.6162642045454546 0.0886923076923077 0.060511363636363585 0.07280769230769231
0 0.4381676136363637 0.7236538461538461 0.07923295454545459 0.09557692307692306
0 0.7676775568181817 0.21676923076923077 0.033139204545454604 0.07023076923076922
0 0.02143465909090909 0.11548076923076922 0.04275568181818182 0.04442307692307691
0 0.8833522727272727 0.23927884615384615 0.07744318181818179 0.09021153846153845
0 0.030170454545454542 0.6468942307692308 0.060340909090909084 0.16140384615384618
0 0.6603053977272727 0.48216346153846157 0.08211647727272728 0.08582692307692312
0 0.8468110795454545 0.5630192307692308 0.08740056818181814 0.10142307692307694
0 0.8538352272727271 0.06815384615384615 0.1071022727272727 0.13588461538461538
0 0.122109375 0.9522788461538462 0.08771306818181818 0.09451923076923073
0 0.5986789772727273 0.693173076923077 0.0811647727272728 0.08842307692307695
0 0.1930752840909091 0.7264038461538462 0.03495738636363634 0.08430769230769226
0 0.011782670454545452 0.19565384615384618 0.023480113636363632 0.09384615384615384
0 0.7319034090909091 0.18003846153846154 0.060511363636363585 0.10923076923076923
0 0.7105752840909091 0.8466153846153847 0.07924715909090904 0.09492307692307694
0 0.9649147727272727 0.17060576923076923 0.04034090909090906 0.13782692307692304
0 0.04238636363636364 0.12476923076923076 0.08477272727272728 0.09357692307692307
0 0.42724431818181813 0.5591442307692308 0.10085227272727272 0.05398076923076922
0 0.49716619318181815 0.013086538461538462 0.03842329545454539 0.02505769230769231
0 0.12179687500000001 0.7295673076923077 0.022656250000000003 0.026596153846153926
0 0.6560014204545456 0.22671153846153846 0.09720170454545456 0.07853846153846154
0 0.7045738636363637 0.9810961538461538 0.07068181818181817 0.037461538461538386
0 0.808877840909091 0.6475384615384616 0.10181818181818175 0.11442307692307692
0 0.20784801136363634 0.9904230769230769 0.04725852272727274 0.0190000000000001
0 0.8706889204545455 0.3757115384615385 0.07203125000000005 0.11215384615384615
0 0.4510582386363636 0.8634134615384615 0.12245738636363633 0.10013461538461538
0 0.20590909090909093 0.8013269230769231 0.11045454545454546 0.14303846153846153
0 0.17512784090909092 0.030278846153846153 0.04221590909090909 0.06044230769230769
0 0.9135724431818182 0.45702884615384615 0.10180397727272722 0.06371153846153846
0 0.018430397727272726 0.023000000000000003 0.03686079545454545 0.046000000000000006
0 0.647862215909091 0.38971153846153844 0.0595596590909091 0.09296153846153847
0 0.035333806818181816 0.04110576923076923 0.07066761363636363 0.08151923076923077
0 0.6726988636363637 0.658875 0.05701704545454544 0.08940384615384617
0 0.46495028409090916 0.3452307692307692 0.08262784090909094 0.09011538461538458
0 0.6381178977272728 0.9472884615384615 0.07779829545454543 0.10469230769230758
0 0.6073792613636364 0.9333076923076923 0.03362215909090911 0.07280769230769234
0 0.15307528409090912 0.8660192307692308 0.05762784090909092 0.044846153846153834
0 0.7540411931818182 0.5190865384615385 0.07876420454545462 0.09232692307692311
0 0.3610227272727272 0.47309615384615383 0.08343749999999997 0.08465384615384612
0 0.08083806818181817 0.8676923076923078 0.16167613636363634 0.1279615384615385
0 0.9086079545454546 0.8418942307692308 0.059545454545454485 0.07867307692307697
0 0.17563920454545454 0.10736538461538461 0.08874999999999998 0.07646153846153844
0 0.243359375 0.9725096153846154 0.05762784090909094 0.05498076923076918
0 0.5258096590909092 0.6897596153846153 0.12749999999999997 0.16986538461538458
0 0.6815198863636364 0.7786634615384614 0.06531249999999994 0.07151923076923077
0 0.26887784090909095 0.2917307692307692 0.05019886363636364 0.111
0 0.9214914772727273 0.3942980769230769 0.05715909090909092 0.09686538461538463
0 0.14139914772727272 0.6722884615384616 0.0604403409090909 0.11719230769230769
0 0.3929900568181818 0.5191826923076923 0.07731534090909092 0.05371153846153848
0 0.42 0.037625000000000006 0.06051136363636367 0.07525000000000001
0 0.20350142045454545 0.593326923076923 0.0766903409090909 0.09215384615384618
0 0.2558948863636364 0.14826923076923076 0.03428977272727271 0.026846153846153836
0 0.4712286931818182 0.9589903846153846 0.09268465909090909 0.08128846153846139
0 0.25725852272727273 0.5880192307692307 0.04088068181818182 0.07280769230769234
0 0.3875 0.29548076923076927 0.05056818181818185 0.07465384615384614
0 0.1484659090909091 0.46733653846153844 0.05713068181818182 0.11286538461538466
0 0.7955042613636363 0.2728557692307692 0.07356534090909085 0.11171153846153847
0 0.8321732954545453 0.6423269230769231 0.05906250000000006 0.09492307692307694
0 0.6819602272727273 0.3172211538461538 0.09028409090909091 0.1053269230769231
0 0.29267045454545454 0.546798076923077 0.06417613636363638 0.07151923076923077
0 0.039240056818181816 0.35898076923076927 0.07848011363636363 0.0735384615384615
0 0.5870667613636363 0.503625 0.10373579545454549 0.10336538461538461
0 0.928515625 0.89525 0.07737215909090897 0.05076923076923084
0 0.052244318181818176 0.525125 0.10383522727272726 0.08967307692307691
0 0.8244389204545454 0.9881826923076923 0.0922017045454545 0.022749999999999968
0 0.3275213068181818 0.3791153846153846 0.10609375000000004 0.10523076923076922
0 0.44865767045454547 0.3205 0.10044034090909087 0.16065384615384617
0 0.03975142045454545 0.013788461538461538 0.040071022727272726 0.027230769230769232
0 0.3073011363636363 0.2884326923076923 0.06051136363636363 0.0833653846153846
0 0.6752769886363637 0.8238557692307692 0.04419034090909093 0.05201923076923079
0 0.644453125 0.5813173076923076 0.04850852272727269 0.09882692307692316
0 0.6126846590909092 0.3230769230769231 0.10181818181818182 0.10142307692307694
0 0.737137784090909 0.47078846153846154 0.0936505681818181 0.0669615384615385
0 0.624375 0.780625 0.09701704545454538 0.09882692307692305
0 0.5731676136363636 0.6110096153846154 0.06568181818181819 0.05590384615384614
0 0.8936363636363637 0.5828461538461539 0.08596590909090907 0.12157692307692303
0 0.8068181818181818 0.1888173076923077 0.1066193181818181 0.08582692307692306
0 0.31884232954545455 0.8773557692307693 0.04916193181818184 0.07528846153846161
0 0.26842329545454546 0.17120192307692308 0.030255681818181834 0.028442307692307704
0 0.19845880681818182 0.9137980769230768 0.05907670454545453 0.07801923076923076
0 0.6228764204545455 0.6109230769230769 0.05822443181818183 0.1113461538461538
0 0.9371803977272727 0.8496923076923077 0.05714488636363639 0.10207692307692305
0 0.5225639204545455 0.794923076923077 0.08453124999999999 0.07088461538461541
0 0.4052840909090909 0.20717307692307693 0.16170454545454546 0.07373076923076924
0 0.5674715909090909 0.4434230769230769 0.20747159090909084 0.10923076923076926
0 0.9714630681818183 0.6115 0.05667613636363633 0.10142307692307694
0 0.8509517045454544 0.16567307692307692 0.08693181818181808 0.06630769230769232
0 0.35656960227272727 0.14133653846153846 0.11723011363636368 0.08078846153846153
0 0.5903267045454546 0.09519230769230769 0.06434659090909092 0.0741153846153846
0 0.44796875 0.05671153846153846 0.07039772727272728 0.11342307692307692
0 0.8793821022727273 0.6975673076923077 0.09484374999999998 0.13328846153846155
0 0.9661150568181818 0.05618269230769231 0.06771306818181828 0.11182692307692307
0 0.6683664772727272 0.9008076923076923 0.07204545454545451 0.05461538461538457
0 0.14323863636363637 0.891048076923077 0.06099431818181818 0.07021153846153855
0 0.07323153409090909 0.15807692307692306 0.12095170454545454 0.15219230769230765
0 0.03232244318181818 0.8417596153846153 0.06464488636363636 0.08967307692307691
0 0.5302982954545455 0.29511538461538456 0.09028409090909091 0.07865384615384617
0 0.4942329545454545 0.4590192307692308 0.12053977272727275 0.05657692307692311
0 0.1737286931818182 0.7489903846153847 0.048991477272727284 0.09686538461538463
0 0.4370170454545454 0.14740384615384616 0.060511363636363585 0.07169230769230771
0 0.2700142045454545 0.9372115384615385 0.09556818181818182 0.0702307692307693
0 0.7885227272727273 0.07270192307692308 0.08306818181818185 0.09817307692307692
0 0.8061576704545456 0.3789711538461538 0.06302556818181819 0.10890384615384614
0 0.46217329545454544 0.7600576923076924 0.06747159090909091 0.06826923076923076
0 0.25609375 0.6721730769230768 0.09917613636363636 0.09557692307692306
0 0.6570880681818182 0.12867307692307692 0.09028409090909091 0.06826923076923076
0 0.9299573863636365 0.6021826923076923 0.07863636363636366 0.09101923076923074
0 0.09656250000000001 0.01364423076923077 0.06823863636363636 0.02728846153846154
0 0.8037571022727273 0.4618653846153846 0.06544034090909098 0.09426923076923079
0 0.9796732954545455 0.8685480769230769 0.04034090909090906 0.10467307692307694
0 0.3682741477272727 0.29792307692307696 0.0755255681818182 0.08538461538461539
0 0.9416193181818181 0.7784326923076923 0.06963068181818179 0.08451923076923075
0 0.5090482954545454 0.1986153846153846 0.013125000000000013 0.01892307692307693
0 0.5386576704545455 0.5666249999999999 0.0595596590909091 0.10598076923076925
0 0.9820028409090908 0.554923076923077 0.03596590909090916 0.07226923076923085
0 0.5913636363636363 0.124125 0.06894886363636359 0.06917307692307692
0 0.920390625 0.9386346153846155 0.04401988636363638 0.09915384615384616
0 0.22340909090909092 0.41811538461538467 0.07099431818181821 0.10376923076923078
0 0.288828125 0.2789230769230769 0.03791193181818182 0.07353846153846152
0 0.8452485795454546 0.48197115384615385 0.06078125000000011 0.10971153846153843
0 0.7794886363636363 0.7880961538461538 0.07588068181818192 0.0422692307692308
0 0.13379261363636363 0.2528846153846154 0.0800284090909091 0.10980769230769233
0 0.06876420454545454 0.8970096153846153 0.06409090909090909 0.0848269230769231
0 0.7890980113636363 0.9558653846153845 0.12217329545454544 0.08738461538461538
0 0.2936576704545455 0.4014326923076923 0.07936079545454543 0.11998076923076921
0 0.8600994318181818 0.8464423076923077 0.049943181818181935 0.06826923076923076
0 0.08464488636363637 0.7415576923076923 0.10491477272727273 0.11342307692307696
0 0.08482244318181818 0.6114134615384615 0.07663352272727272 0.15463461538461531
0 0.35933948863636367 0.23467307692307693 0.03549715909090914 0.0410769230769231
0 0.6696164772727272 0.07528846153846154 0.06590909090909096 0.14830769230769228
0 0.5385511363636364 0.9298461538461538 0.09051136363636368 0.14030769230769227
0 0.3523721590909091 0.9835576923076923 0.035539772727272705 0.03288461538461543
0 0.37639204545454547 0.788326923076923 0.1258238636363636 0.09361538461538463
0 0.599453125 0.9861634615384617 0.07251420454545456 0.027673076923076897
0 0.2076846590909091 0.5285961538461539 0.05539772727272729 0.09246153846153848
0 0.5603125000000001 0.9035865384615385 0.09028409090909091 0.19282692307692303
0 0.4083238636363636 0.8481346153846153 0.15127840909090906 0.11507692307692304
0 0.8972443181818183 0.49214423076923075 0.049943181818181775 0.0806346153846154
0 0.29678977272727275 0.5361346153846153 0.04517045454545456 0.03169230769230762
0 0.9228906249999999 0.24440384615384617 0.0686789772727273 0.09688461538461537
0 0.20928267045454546 0.6469711538461539 0.0823721590909091 0.11298076923076923
0 0.23759943181818183 0.8676442307692307 0.11428977272727271 0.07151923076923077
0 0.11666193181818181 0.31157692307692303 0.10301136363636365 0.04150000000000002
0 0.2536221590909091 0.46925 0.045454545454545456 0.2191923076923077
0 0.8907173295454546 0.9861249999999999 0.051860795454545604 0.027750000000000014
0 0.7068821022727273 0.5107788461538462 0.04274147727272732 0.10401923076923072
0 0.011910511363636363 0.75475 0.023821022727272725 0.08530769230769222
0 0.22954545454545458 0.3309134615384615 0.053125000000000006 0.08055769230769233
0 0.6940056818181818 0.9342884615384615 0.05877840909090908 0.09153846153846158
0 0.2986292613636364 0.7827980769230768 0.043650568181818165 0.17605769230769233
0 0.7449360795454545 0.4025384615384615 0.0762357954545454 0.09184615384615383
0 0.11658380681818183 0.5837692307692308 0.07126420454545454 0.1149230769230769
0 0.7441903409090909 0.6752980769230769 0.08980113636363632 0.06567307692307699
0 0.8425710227272728 0.8574999999999999 0.05426136363636354 0.06696153846153845
0 0.3912713068181818 0.9011250000000001 0.06146306818181815 0.07736538461538454
0 0.9140553977272727 0.3134423076923077 0.0722301136363635 0.07749999999999997
0 0.6267329545454546 0.4137692307692308 0.07221590909090905 0.0494230769230769
0 0.72421875 0.4114807692307692 0.10803977272727273 0.10484615384615381
0 0.7530752840909091 0.8459615384615384 0.0749289772727272 0.08580769230769232
0 0.82 0.8765096153846154 0.06002840909090908 0.07801923076923076
0 0.9841335227272726 0.2320480769230769 0.03173295454545459 0.10078846153846156
0 0.3821235795454545 0.25262500000000004 0.04302556818181821 0.04136538461538462
0 0.21132102272727274 0.7380096153846154 0.04917613636363637 0.09394230769230774
0 0.37549005681818187 0.6456346153846154 0.0576278409090909 0.11376923076923082
0 0.7689417613636365 0.3293942307692308 0.05223011363636361 0.12109615384615384
0 0.5875426136363636 0.5468653846153846 0.06051136363636367 0.08126923076923075
0 0.18607244318181818 0.5771346153846154 0.06299715909090908 0.09753846153846159
0 0.28180397727272727 0.6065096153846153 0.06255681818181817 0.05482692307692306
0 0.8443750000000001 0.9631442307692308 0.05426136363636354 0.05721153846153857
0 0.897869318181818 0.9502596153846153 0.05696022727272731 0.06651923076923083
0 0.48492897727272727 0.39447115384615383 0.12005681818181815 0.044211538461538476
0 0.29344460227272723 0.447625 0.04151988636363635 0.10428846153846152
0 0.01752840909090909 0.4454423076923077 0.03505681818181818 0.09315384615384614
0 0.11014914772727273 0.8848173076923077 0.029417613636363648 0.03632692307692305
0 0.3120809659090909 0.024471153846153844 0.034218750000000006 0.048596153846153844
0 0.4666761363636363 0.8875480769230769 0.05653409090909092 0.052288461538461534
0 0.32908380681818183 0.9411057692307693 0.10901988636363637 0.09232692307692306
0 0.17365056818181818 0.15997115384615385 0.08045454545454543 0.046019230769230784
0 0.6116051136363637 0.8414423076923078 0.11832386363636366 0.09207692307692307
0 0.9560298295454547 0.146875 0.08788352272727273 0.11117307692307693
0 0.8085511363636364 0.5499615384615385 0.05042613636363636 0.09557692307692306
0 0.33365056818181815 0.2520673076923077 0.05323863636363635 0.06175
0 0.7177343749999999 0.29747115384615386 0.05882102272727276 0.1259807692307692
0 0.13075284090909092 0.7684903846153847 0.06963068181818181 0.11378846153846157
0 0.3490127840909091 0.8361153846153846 0.05762784090909094 0.06176923076923067
0 0.17287642045454546 0.4926442307692308 0.03981534090909091 0.13371153846153847
0 0.34037642045454547 0.5599230769230769 0.0917755681818182 0.1142307692307693
