0 0.14924715909090908 0.9497211538461539 0.03039772727272726 0.043557692307692374
0 0.7878764204545454 0.6414711538461538 0.04575284090909096 0.07163461538461538
0 0.17026988636363635 0.1970576923076923 0.04977272727272726 0.057884615384615375
0 0.6721946022727273 0.9336057692307693 0.01728693181818184 0.02451923076923077
0 0.9064275568181818 0.2871057692307692 0.0547301136363636 0.06875
0 0.6842826704545455 0.910201923076923 0.0247869318181818 0.03413461538461538
0 0.4318892045454545 0.10512499999999998 0.060113636363636355 0.10113461538461536
0 0.46786931818181815 0.11176923076923076 0.0308238636363637 0.10088461538461538
0 0.30995738636363634 0.9652596153846154 0.029517045454545456 0.06374999999999996
0 0.487734375 0.09106730769230768 0.03808238636363637 0.14090384615384616
0 0.33340909090909093 0.029442307692307695 0.05306818181818184 0.05888461538461539
0 0.825390625 0.37190384615384614 0.07941761363636358 0.09276923076923073
0 0.17128551136363634 0.9473269230769231 0.04052556818181818 0.0655
0 0.8516974431818182 0.27345192307692306 0.04248579545454541 0.06386538461538463
0 0.35159801136363633 0.936 0.03407670454545452 0.06519230769230776
0 0.45262784090909086 0.9509903846153845 0.06113636363636366 0.06471153846153842
0 0.20640625 0.3584230769230769 0.039346590909090894 0.06088461538461538
0 0.023686079545454545 0.7197596153846153 0.041775568181818185 0.0722884615384615
0 0.6020383522727273 0.12422115384615384 0.02916193181818186 0.0345576923076923
0 0.992265625 0.4480769230769231 0.013451704545454423 0.020807692307692294
0 0.05925426136363637 0.6223653846153846 0.10390625 0.10450000000000007
0 0.42910511363636367 0.18767307692307694 0.04113636363636361 0.05200000000000001
0 0.8093963068181819 0.4185384615384615 0.031974431818181964 0.03569230769230764
0 0.37845880681818184 0.11435576923076922 0.06035511363636365 0.07540384615384614
0 0.9177201704545456 0.13635576923076922 0.0641335227272727 0.08990384615384615
0 0.6801207386363637 0.5886250000000001 0.021093750000000033 0.025903846153846097
0 0.8664488636363636 0.14384615384615387 0.07551136363636358 0.04407692307692308
0 0.43900568181818184 0.046057692307692306 0.07647727272727277 0.09211538461538461
0 0.9644318181818182 0.6109038461538462 0.07113636363636369 0.16423076923076918
0 0.5554190340909091 0.5918076923076924 0.0527130681818182 0.05276923076923076
0 0.8488139204545455 0.6176153846153846 0.05802556818181821 0.10184615384615381
0 0.5971235795454546 0.4803365384615384 0.04228693181818179 0.06344230769230766
0 0.7653125 0.0985576923076923 0.07482954545454538 0.08411538461538463
0 0.7744318181818183 0.9458557692307693 0.030000000000000006 0.06382692307692307
0 0.7607812500000001 0.031134615384615386 0.03335227272727275 0.06226923076923077
0 0.7353835227272728 0.17643269230769232 0.04681818181818187 0.05509615384615383
0 0.71515625 0.028067307692307693 0.04082386363636365 0.05613461538461539
0 0.5829332386363636 0.01476923076923077 0.019758522727272684 0.024923076923076926
0 0.6110795454545456 0.3843173076923077 0.031874999999999994 0.04625000000000002
0 0.6599431818181819 0.2595576923076923 0.04428977272727274 0.05265384615384615
0 0.5687926136363637 0.011451923076923077 0.026676136363636326 0.022903846153846153
0 0.7578622159090909 0.9454615384615385 0.033423295454545414 0.046038461538461535
0 0.39913352272727276 0.03889423076923077 0.04997159090909092 0.07778846153846154
0 0.09377840909090908 0.2773076923076923 0.03409090909090908 0.046153846153846156
0 0.21892045454545456 0.23058653846153845 0.05019886363636364 0.07078846153846154
0 0.2697514204545455 0.26881730769230766 0.05981534090909093 0.05890384615384615
0 0.6829829545454545 0.21275 0.0414204545454545 0.046807692307692314
0 0.9476775568181818 0.41187500000000005 0.08714488636363639 0.09751923076923079
0 0.6074502840909091 0.029326923076923077 0.04095170454545452 0.047538461538461536
0 0.6596377840909091 0.059086538461538454 0.040838068181818184 0.048365384615384616
0 0.8641619318181817 0.8913076923076924 0.053437500000000006 0.053000000000000005
0 0.5402840909090909 0.6213653846153846 0.02329545454545451 0.02757692307692303
0 0.09707386363636364 0.05964423076923077 0.05977272727272727 0.11928846153846154
0 0.01078125 0.5074711538461538 0.0215625 0.03467307692307687
0 0.4731818181818182 0.29274038461538465 0.016619318181818245 0.018942307692307682
0 0.13772017045454546 0.9200576923076922 0.03217329545454546 0.03019230769230767
0 0.08544034090909092 0.7876634615384616 0.057187499999999995 0.06667307692307696
0 0.012890625 0.35485576923076917 0.02578125 0.07278846153846152
0 0.47390625 0.2972788461538461 0.07289772727272727 0.09355769230769231
0 0.12832386363636364 0.7591634615384615 0.08102272727272727 0.06128846153846155
0 0.4608664772727273 0.48002884615384617 0.044914772727272734 0.05309615384615387
0 0.6815767045454546 0.846875 0.051022727272727296 0.09198076923076931
0 0.41634943181818185 0.5281923076923076 0.04190340909090909 0.05438461538461544
0 0.5933664772727273 0.8780576923076924 0.059488636363636355 0.05092307692307685
0 0.6780113636363636 0.5835576923076924 0.04593750000000005 0.04238461538461542
0 0.18777698863636363 0.5800288461538462 0.03964488636363638 0.07905769230769233
0 0.5572727272727273 0.5971923076923076 0.017414772727272713 0.022538461538461483
0 0.008529829545454545 0.7998365384615383 0.01705965909090909 0.046519230769230764
0 0.2845525568181818 0.5477019230769231 0.03776988636363637 0.04521153846153844
0 0.7226065340909091 0.4863365384615384 0.062201704545454574 0.08944230769230767
0 0.748203125 0.7995096153846154 0.0693892045454545 0.07301923076923082
