0 0.5278125 0.5519711538461538 0.05599431818181821 0.09063461538461537
0 0.5383664772727272 0.29982692307692305 0.047073863636363615 0.09503846153846157
0 0.6565482954545455 0.6726634615384616 0.038948863636363656 0.1098653846153846
0 0.6936789772727273 0.6675192307692308 0.03752840909090911 0.10507692307692305
0 0.9850568181818182 0.7190192307692307 0.029886363636363586 0.05973076923076923
0 0.8837642045454547 0.7200288461538461 0.05485795454545455 0.0645961538461538
0 0.9152485795454546 0.6741057692307691 0.047713068181818225 0.044826923076923084
0 0.7162997159090909 0.6478365384615384 0.05478693181818173 0.06263461538461548
0 0.6418394886363636 0.6341057692307692 0.06654829545454541 0.09340384615384614
0 0.7380042613636365 0.6074615384615385 0.03813920454545458 0.08076923076923077
0 0.7201491477272728 0.5800000000000001 0.06330965909090908 0.06976923076923082
0 0.6690269886363637 0.5703846153846154 0.04382102272727276 0.10876923076923077
0 0.9694318181818182 0.5067980769230769 0.061136363636363586 0.11124999999999993
0 0.6830255681818183 0.5319326923076924 0.02312500000000004 0.049442307692307653
0 0.713046875 0.5319230769230769 0.07345170454545459 0.046153846153846156
0 0.7852769886363636 0.5871346153846154 0.08399147727272727 0.06757692307692305
0 0.7712784090909092 0.5206634615384615 0.04869318181818178 0.08844230769230771
0 0.6221590909090909 0.5420865384615384 0.0742613636363636 0.0895576923076923
0 0.6594886363636363 0.4866057692307692 0.07102272727272728 0.06098076923076919
0 0.6507599431818182 0.42259615384615384 0.07546874999999999 0.08130769230769226
0 0.6081605113636364 0.42177884615384614 0.07546874999999999 0.10821153846153848
0 0.5943607954545455 0.4819326923076923 0.06411931818181817 0.08351923076923078
0 0.5426278409090909 0.4151923076923077 0.06613636363636365 0.09503846153846157
0 0.9543394886363636 0.43777884615384616 0.06441761363636367 0.08859615384615384
0 0.5371448863636363 0.4912692307692308 0.06491477272727271 0.09888461538461542
0 0.7225852272727272 0.47671153846153846 0.09008522727272722 0.0642692307692308
0 0.18269886363636365 0.7362788461538462 0.057215909090909074 0.06701923076923082
0 0.7520028409090909 0.4322115384615385 0.034488636363636326 0.03130769230769226
0 0.1644460227272727 0.8016634615384616 0.08156249999999998 0.07690384615384617
0 0.2159730113636364 0.8206057692307693 0.043423295454545485 0.06536538461538452
0 0.7215696022727273 0.4401826923076923 0.06776988636363641 0.07582692307692308
0 0.8206889204545456 0.5414711538461539 0.06086647727272731 0.09955769230769228
0 0.7960866477272728 0.4724615384615385 0.05325284090909092 0.05630769230769231
0 0.18432528409090906 0.8582403846153845 0.10427556818181817 0.11536538461538452
0 0.625 0.2792211538461538 0.10184659090909097 0.05494230769230768
0 0.7851775568181819 0.43228846153846157 0.03853693181818181 0.03638461538461536
0 0.7760440340909092 0.38627884615384617 0.04768465909090916 0.07209615384615387
0 0.2468181818181818 0.9145480769230769 0.09130681818181818 0.08186538461538471
0 0.22003551136363636 0.9483365384615384 0.09859375000000002 0.10109615384615372
0 0.7484019886363636 0.32825 0.08063920454545452 0.09200000000000001
0 0.7369886363636362 0.2774326923076923 0.06696022727272725 0.061788461538461584
0 0.7899928977272727 0.2880769230769231 0.04717329545454551 0.08173076923076923
0 0.8148508522727272 0.3770096153846154 0.06137784090909096 0.08651923076923074
0 0.13279119318181817 0.9499903846153847 0.06938920454545454 0.09998076923076925
0 0.8222017045454546 0.30626923076923074 0.04869318181818178 0.07003846153846151
0 0.9892116477272727 0.42026923076923073 0.021576704545454625 0.07826923076923074
0 0.8605042613636364 0.32103846153846155 0.040071022727272615 0.09407692307692311
0 0.8462926136363635 0.24756730769230773 0.041079545454545396 0.08309615384615386
0 0.8871306818181818 0.3066153846153846 0.04971590909090909 0.08034615384615384
0 0.8374147727272727 0.43159615384615385 0.07303977272727268 0.11330769230769229
0 0.8896590909090908 0.3794038461538462 0.07607954545454554 0.10369230769230767
0 0.850859375 0.4803557692307692 0.12427556818181819 0.12567307692307686
0 0.8767258522727274 0.5503942307692308 0.08876420454545456 0.1050576923076923
0 0.19102272727272726 0.9747211538461539 0.056818181818181795 0.050557692307692345
0 0.2543252840909091 0.9771923076923077 0.06654829545454545 0.04561538461538467
0 0.5056960227272728 0.6324519230769231 0.060454545454545455 0.08459615384615386
0 0.9800852272727273 0.34507692307692306 0.0398295454545454 0.1421538461538462
0 0.8531463068181818 0.613576923076923 0.10853693181818193 0.08857692307692308
0 0.8911860795454545 0.5387211538461538 0.047684659090909 0.06248076923076925
0 0.9061505681818182 0.47692307692307695 0.03196022727272727 0.07484615384615383
0 0.48622159090909095 0.7033173076923077 0.048295454545454544 0.0747115384615384
0 0.5363352272727272 0.6706346153846154 0.06980113636363634 0.08403846153846152
0 0.51625 0.7277788461538461 0.07102272727272728 0.04559615384615392
0 0.9244105113636365 0.5174326923076923 0.0441335227272728 0.1050576923076923
0 0.5758948863636364 0.6904134615384615 0.07588068181818176 0.11701923076923082
0 0.8260085227272728 0.6499711538461539 0.1263068181818183 0.0693653846153846
0 0.8645525568181818 0.7189807692307693 0.05731534090909094 0.07553846153846148
0 0.9742471590909091 0.33202884615384615 0.051505681818181805 0.14351923076923076
0 0.47526278409090905 0.5745 0.05964488636363638 0.10823076923076917
0 0.8744460227272728 0.678125 0.09636363636363625 0.04325000000000002
0 0.9632173295454546 0.6798365384615385 0.06086647727272731 0.1098653846153846
0 0.9137571022727274 0.6060192307692308 0.06544034090909098 0.07211538461538461
0 0.9178196022727273 0.6231826923076923 0.03600852272727276 0.04463461538461545
0 0.9221306818181819 0.6221538461538462 0.07303977272727268 0.07965384615384619
0 0.4300355113636364 0.15520192307692307 0.10473011363636366 0.09851923076923075
0 0.50828125 0.1710769230769231 0.06874999999999996 0.08211538461538462
0 0.481796875 0.23923076923076925 0.06430397727272724 0.09361538461538463
0 0.4073934659090909 0.24114423076923078 0.09098011363636362 0.13905769230769233
0 0.5903053977272728 0.3380096153846154 0.056803977272727284 0.08240384615384615
0 0.08166193181818182 0.7574326923076923 0.09860795454545455 0.1038269230769231
0 0.3463423295454545 0.22144230769230772 0.10473011363636363 0.23430769230769233
0 0.34107954545454544 0.3121730769230769 0.05357954545454549 0.09442307692307692
0 0.3039346590909091 0.3255192307692307 0.05105113636363636 0.08826923076923078
0 0.2326633522727273 0.35802884615384617 0.057116477272727284 0.08759615384615381
0 0.2407528409090909 0.4134519230769231 0.06519886363636364 0.047903846153846144
0 0.31075284090909094 0.37136538461538465 0.10210227272727272 0.0663846153846154
0 0.11088068181818182 0.761 0.10835227272727273 0.06811538461538465
0 0.5612997159090909 0.05236538461538462 0.08927556818181813 0.10473076923076924
0 0.39794744318181813 0.33647115384615384 0.030838068181818154 0.06090384615384618
0 0.9292258522727272 0.34404807692307693 0.05072443181818171 0.11125000000000004
0 0.37267045454545455 0.34673076923076923 0.05002840909090913 0.08553846153846152
0 0.10467329545454546 0.055375 0.040028409090909094 0.11075
0 0.2175 0.47161538461538466 0.07934659090909092 0.09030769230769238
0 0.30595880681818177 0.4257692307692308 0.06217329545454547 0.06023076923076922
0 0.2986221590909091 0.449375 0.0657102272727273 0.06636538461538466
0 0.25237926136363636 0.45416346153846154 0.036889204545454544 0.03078846153846152
0 0.25818892045454545 0.5294423076923077 0.07580965909090906 0.1402692307692307
0 0.2220525568181818 0.5503173076923076 0.057116477272727284 0.12317307692307694
0 0.21269886363636364 0.5810961538461538 0.07582386363636365 0.08211538461538459
0 0.33703835227272727 0.449375 0.033366477272727284 0.10332692307692311
0 0.9155326704545456 0.2640480769230769 0.04768465909090916 0.11467307692307695
0 0.3231392045454546 0.5078846153846154 0.056107954545454544 0.05884615384615378
0 0.3039346590909091 0.5704903846153846 0.03690340909090912 0.10605769230769237
0 0.13540482954545452 0.03923076923076923 0.03194602272727272 0.07846153846153846
0 0.2715838068181818 0.5975288461538462 0.04700284090909091 0.06978846153846158
0 0.21674005681818184 0.632076923076923 0.08390625000000002 0.04173076923076921
0 0.2660227272727273 0.6659519230769231 0.08440340909090911 0.07117307692307691
0 0.302421875 0.6413173076923078 0.05711647727272724 0.06432692307692306
0 0.13034801136363636 0.09679807692307692 0.06549715909090909 0.0793653846153846
0 0.3238991477272727 0.6095 0.03032670454545454 0.10196153846153842
0 0.27512073863636366 0.673826923076923 0.04194602272727273 0.05542307692307691
0 0.5712286931818181 0.5357692307692308 0.06654829545454541 0.19665384615384618
0 0.6181036931818181 0.3627211538461539 0.0693892045454545 0.05275000000000001
0 0.26450994318181814 0.7059807692307692 0.04194602272727273 0.06500000000000002
0 0.2923082386363637 0.7107692307692308 0.02578125000000001 0.039000000000000055
0 0.06262073863636364 0.12718269230769233 0.06509943181818181 0.054750000000000014
0 0.3496803977272727 0.6084711538461538 0.042457386363636385 0.0807499999999999
0 0.07306107954545454 0.15290384615384614 0.1461221590909091 0.042692307692307696
0 0.34335937499999997 0.5540769230769231 0.05407670454545454 0.049961538461538495
0 0.3716619318181818 0.5438076923076922 0.04701704545454544 0.0691153846153846
0 0.38379261363636363 0.6098365384615385 0.028806818181818142 0.06978846153846147
0 0.36230823863636363 0.6645865384615385 0.044474431818181864 0.08759615384615387
0 0.33451704545454547 0.7374615384615385 0.06065340909090911 0.0691153846153846
0 0.862784090909091 0.22290384615384615 0.07019886363636357 0.11261538461538462
0 0.35978693181818183 0.7610673076923077 0.05761363636363637 0.07663461538461543
0 0.3777272727272727 0.7138461538461538 0.03488636363636364 0.039692307692307666
0 0.4050213068181818 0.6885384615384614 0.07126420454545457 0.08211538461538459
0 0.3077272727272727 0.7769423076923077 0.1649715909090909 0.08703846153846152
0 0.32147017045454546 0.835798076923077 0.10595170454545455 0.07117307692307691
0 0.3900071022727273 0.7594326923076923 0.06995738636363637 0.08813461538461535
0 0.09173295454545455 0.15674038461538461 0.048920454545454545 0.08978846153846154
0 0.41689630681818185 0.6734807692307692 0.04367897727272727 0.03776923076923074
0 0.408203125 0.6392692307692308 0.040838068181818184 0.04926923076923078
0 0.44196732954545453 0.6548653846153846 0.04367897727272727 0.06403846153846156
0 0.8779971590909091 0.20698076923076922 0.07465909090909083 0.08076923076923077
0 0.0874786931818182 0.18958653846153847 0.08572443181818183 0.07117307692307694
0 0.04401278409090909 0.2136730769230769 0.04973011363636364 0.08538461538461539
0 0.48300426136363633 0.6559615384615385 0.1103835227272727 0.16696153846153844
0 0.4263991477272727 0.6009519230769231 0.06106534090909092 0.06240384615384624
0 0.41973011363636364 0.5609807692307693 0.05417613636363634 0.035038461538461484
0 0.3881889204545454 0.5352500000000001 0.020213068181818127 0.02626923076923082
0 0.4245809659090909 0.5399134615384615 0.054985795454545426 0.038865384615384684
0 0.4017329545454546 0.4980288461538462 0.06914772727272728 0.0645961538461538
0 0.36857954545454547 0.4528653846153846 0.061875000000000006 0.09907692307692309
0 0.3651349431818182 0.40934615384615386 0.04933238636363639 0.061307692307692355
0 0.968075284090909 0.250375 0.06248579545454547 0.08074999999999999
0 0.06178267045454546 0.9411923076923078 0.03691761363636364 0.07911538461538459
0 0.39587357954545455 0.43781730769230776 0.026690340909090858 0.04598076923076922
0 0.38859375 0.39621153846153845 0.03639204545454546 0.05803846153846155
0 0.4156889204545454 0.42002884615384617 0.026690340909090938 0.07171153846153845
0 0.014829545454545455 0.22817307692307692 0.02965909090909091 0.12426923076923078
0 0.6222727272727272 0.025432692307692305 0.046903409090909065 0.05086538461538461
0 0.4209446022727273 0.37513461538461534 0.04447443181818182 0.14288461538461542
0 0.015035511363636365 0.31330769230769234 0.03007102272727273 0.0580384615384615
0 0.4308451704545455 0.31190384615384614 0.04731534090909091 0.07226923076923074
0 0.6690198863636364 0.04514423076923077 0.06210227272727276 0.09028846153846154
0 0.9400781250000001 0.2132980769230769 0.021093750000000033 0.08571153846153845
0 0.44884232954545455 0.38032692307692306 0.03799715909090909 0.06569230769230769
0 0.02332386363636364 0.3696923076923077 0.04664772727272728 0.07553846153846154
0 0.04806107954545455 0.30017307692307693 0.05296875 0.12919230769230772
0 0.19122869318181818 0.6329999999999999 0.09373579545454547 0.1219615384615385
0 0.05311079545454545 0.3171346153846154 0.05338068181818181 0.14123076923076922
0 0.07110795454545454 0.305375 0.06025568181818181 0.07390384615384611
0 0.08591619318181819 0.34984615384615386 0.04115056818181818 0.04296153846153847
0 0.04125 0.4141346153846154 0.0825 0.05911538461538463
0 0.10009232954545455 0.3971634615384615 0.09098011363636363 0.05475
0 0.7607315340909092 0.018701923076923078 0.1269744318181818 0.037403846153846156
0 0.6473153409090909 0.3476153846153846 0.08156250000000002 0.06646153846153846
0 0.029723011363636365 0.4612115384615385 0.05944602272727273 0.0755384615384616
0 0.24458096590909092 0.8170384615384616 0.0576278409090909 0.09449999999999997
0 0.23687499999999997 0.8277499999999999 0.07059659090909093 0.128
0 0.11230113636363637 0.8398365384615385 0.06573863636363636 0.1257884615384616
0 0.04084517045454546 0.4946057692307692 0.037201704545454545 0.07775000000000007
0 0.7004758522727272 0.06423076923076923 0.11160511363636355 0.07007692307692308
0 0.01578125 0.5110288461538461 0.03153409090909091 0.07005769230769227
0 0.017187499999999998 0.5611153846153846 0.034374999999999996 0.06623076923076923
0 0.23281960227272727 0.7458942307692308 0.05112215909090911 0.047788461538461585
0 0.048735795454545455 0.5570192307692308 0.03923295454545454 0.05146153846153845
0 0.6629332386363637 0.39348076923076925 0.06086647727272731 0.056038461538461565
0 0.6048579545454545 0.07626923076923076 0.09017045454545457 0.08211538461538462
0 0.06874999999999999 0.47983653846153845 0.05014204545454545 0.11386538461538463
0 0.05136363636363636 0.5975192307692309 0.03153409090909091 0.04269230769230767
0 0.10459517045454544 0.6066346153846155 0.07629261363636362 0.09888461538461542
0 0.5822088068181818 0.09817307692307692 0.06186079545454539 0.06569230769230769
0 0.19041193181818183 0.6656923076923076 0.12701704545454542 0.13238461538461532
0 0.10845170454545454 0.637951923076923 0.0815625 0.06921153846153848
0 0.031953125 0.6448750000000001 0.06308238636363638 0.13521153846153847
0 0.5021519886363636 0.061403846153846156 0.10311079545454542 0.12280769230769231
0 0.09058948863636364 0.47106730769230765 0.033963068181818185 0.07444230769230771
0 0.6671946022727272 0.3319615384615385 0.10103693181818181 0.11096153846153844
0 0.088359375 0.5299134615384614 0.05944602272727272 0.07390384615384617
0 0.460703125 0.02116346153846154 0.09461647727272729 0.04232692307692308
0 0.4809161931818183 0.09296153846153847 0.11887784090909091 0.07938461538461539
0 0.09485795454545455 0.970875 0.05599431818181817 0.05825000000000004
0 0.09847301136363637 0.2570192307692308 0.07157670454545453 0.053653846153846135
0 0.7008877840909091 0.12389423076923077 0.18438920454545463 0.19817307692307692
0 0.11524857954545453 0.33475961538461535 0.042855113636363636 0.04598076923076922
0 0.08977982954545455 0.6829903846153845 0.11157670454545456 0.08459615384615375
0 0.007862215909090909 0.6769519230769231 0.015724431818181818 0.07909615384615384
0 0.12960227272727273 0.38375000000000004 0.06428977272727274 0.05419230769230765
0 0.9258735795454546 0.1015 0.07223011363636367 0.13238461538461538
0 0.14012073863636362 0.3670576923076923 0.040838068181818184 0.04707692307692311
0 0.18136363636363637 0.3842980769230769 0.06105113636363635 0.07936538461538463
0 0.5617897727272727 0.24952884615384616 0.1714488636363637 0.26332692307692307
0 0.04052556818181818 0.7472788461538462 0.08105113636363637 0.09009615384615378
0 0.018011363636363634 0.7634711538461538 0.03602272727272727 0.04340384615384614
0 0.024296875 0.8305 0.04859375 0.08076923076923077
0 0.11706676136363635 0.47489423076923076 0.03921875 0.09524999999999995
0 0.6016193181818181 0.2240673076923077 0.05943181818181815 0.11386538461538463
0 0.12050426136363637 0.4385 0.038821022727272725 0.04434615384615385
0 0.06056818181818182 0.8252884615384615 0.10914772727272727 0.14723076923076925
0 0.9700426136363638 0.14352884615384615 0.05991477272727266 0.1274423076923077
0 0.15042613636363636 0.4784615384615385 0.033153409090909074 0.12865384615384617
0 0.10332386363636364 0.5269038461538462 0.04488636363636365 0.05146153846153845
0 0.08004261363636364 0.87775 0.0896875 0.06426923076923069
0 0.12859375 0.5422403846153847 0.032357954545454544 0.045980769230769276
0 0.16175426136363635 0.5613942307692307 0.06549715909090911 0.07994230769230767
0 0.1696377840909091 0.4973461538461539 0.040042613636363654 0.08976923076923073
0 0.18924715909090908 0.44890384615384615 0.05014204545454545 0.075
0 0.16741477272727273 0.31724038461538456 0.07116477272727272 0.06351923076923077
0 0.190390625 0.007298076923076923 0.023053977272727278 0.013134615384615385
0 0.14921875 0.28850000000000003 0.06713068181818183 0.06515384615384615
0 0.9337855113636363 0.6534038461538462 0.053764204545454414 0.11742307692307692
0 0.9649715909090908 0.14024038461538463 0.07005681818181825 0.18128846153846156
0 0.1201065340909091 0.22033653846153844 0.06711647727272728 0.08101923076923073
0 0.19813920454545456 0.2548365384615384 0.03639204545454546 0.09198076923076925
0 0.18561079545454542 0.2197980769230769 0.04286931818181817 0.07882692307692307
0 0.16316761363636365 0.21459615384615385 0.031931818181818186 0.08923076923076921
0 0.1655965909090909 0.10702884615384614 0.06590909090909092 0.14232692307692307
0 0.1947088068181818 0.12975 0.05134943181818183 0.11003846153846153
0 0.22361505681818183 0.1746346153846154 0.046093750000000024 0.08376923076923078
0 0.2122940340909091 0.3290096153846154 0.04447443181818182 0.09909615384615385
0 0.025262784090909093 0.9068557692307693 0.048281250000000005 0.09175000000000007
0 0.1675497159090909 0.03676923076923077 0.025071022727272737 0.07353846153846154
0 0.7274573863636363 0.3781057692307693 0.05113636363636364 0.08678846153846154
0 0.19894886363636363 0.31285576923076924 0.05741477272727275 0.09963461538461539
0 0.018011363636363634 0.9318557692307692 0.03602272727272727 0.0889807692307692
0 0.2500994318181818 0.27179807692307695 0.0812784090909091 0.1138653846153846
0 0.22725852272727273 0.23156730769230768 0.02991477272727273 0.06513461538461536
0 0.024701704545454548 0.9791153846153846 0.049403409090909095 0.04176923076923082
0 0.25515625 0.2255480769230769 0.030738636363636343 0.041057692307692295
0 0.024133522727272726 0.014596153846153846 0.04826704545454545 0.02919230769230769
0 0.050419034090909094 0.9865288461538462 0.04504261363636364 0.026942307692307675
0 0.2727485795454545 0.18558653846153844 0.06995738636363637 0.0629423076923077
0 0.05122159090909091 0.045884615384615385 0.10244318181818182 0.08376923076923078
0 0.6517826704545455 0.2240096153846154 0.06532670454545456 0.0785576923076923
0 0.2935653409090909 0.28110576923076924 0.07116477272727272 0.06021153846153847
0 0.28123579545454547 0.22007692307692306 0.061875000000000006 0.11003846153846156
0 0.04401988636363636 0.06503846153846154 0.040028409090909094 0.04215384615384616
0 0.3089346590909091 0.20583653846153846 0.053380681818181834 0.0903269230769231
0 0.03289772727272727 0.10528846153846154 0.042045454545454546 0.0635
0 0.3281463068181818 0.24881730769230767 0.05296874999999999 0.04598076923076922
0 0.2533380681818182 0.12865384615384617 0.07883522727272728 0.04434615384615386
0 0.28790482954545454 0.13659615384615384 0.05095170454545455 0.04488461538461539
0 0.2691122159090909 0.06651923076923077 0.10311079545454546 0.09526923076923077
0 0.009573863636363637 0.112125 0.019147727272727275 0.0870576923076923
0 0.9779545454545455 0.061134615384615384 0.04409090909090904 0.07361538461538462
0 0.2363494318181818 0.012182692307692308 0.07642045454545453 0.024365384615384615
0 0.3281463068181818 0.12920192307692308 0.057826704545454556 0.09909615384615385
0 0.36473721590909086 0.16477884615384616 0.03154829545454547 0.1461730769230769
0 0.3170241477272727 0.0505 0.09947443181818182 0.101
0 0.08283380681818181 0.03329807692307692 0.06671875 0.06405769230769232
0 0.3857670454545455 0.057076923076923074 0.05741477272727275 0.11415384615384615
0 0.9540127840909091 0.024048076923076925 0.09197443181818182 0.04559615384615385
0 0.6913423295454545 0.20313461538461539 0.03975852272727274 0.07088461538461538
0 0.7307031249999999 0.15946153846153846 0.06816761363636357 0.12196153846153845
0 0.7175142045454546 0.2448846153846154 0.07749999999999992 0.08076923076923077
0 0.9183735795454545 0.05590384615384615 0.07669034090909092 0.09723076923076923
0 0.7562642045454545 0.20121153846153844 0.05113636363636364 0.05384615384615385
0 0.6006463068181819 0.6140576923076922 0.07669034090909092 0.11261538461538462
0 0.9094460227272727 0.150125 0.06045454545454538 0.08790384615384615
0 0.9007173295454546 0.17786538461538462 0.06086647727272731 0.06096153846153847
0 0.8516264204545454 0.1306153846153846 0.07384943181818183 0.07746153846153847
0 0.8540553977272729 0.027817307692307693 0.06410511363636363 0.055634615384615387
0 0.8512144886363636 0.05507692307692308 0.0706107954545455 0.10876923076923077
0 0.7940056818181819 0.24735576923076924 0.05843749999999998 0.060442307692307705
0 0.7942045454545454 0.14490384615384613 0.06451704545454556 0.1203076923076923
0 0.7917755681818183 0.054259615384615385 0.12051136363636368 0.08736538461538461
0 0.9458948863636365 0.9636442307692308 0.10821022727272721 0.07271153846153847
0 0.9857102272727274 0.7930480769230769 0.02857954545454546 0.08859615384615384
0 0.4653267045454546 0.47534615384615386 0.12579545454545454 0.10438461538461538
0 0.9689772727272729 0.9176826923076924 0.06204545454545447 0.10301923076923075
0 0.9683877840909091 0.843173076923077 0.06086647727272714 0.05561538461538464
0 0.9125852272727273 0.8414519230769231 0.06289772727272723 0.08651923076923079
0 0.9194389204545456 0.9139038461538462 0.043110795454545485 0.06523076923076926
0 0.8902698863636364 0.9187115384615385 0.05173295454545465 0.07211538461538461
0 0.9004190340909091 0.9633076923076922 0.07203125000000005 0.07338461538461544
0 0.8228125 0.8459230769230769 0.13187499999999988 0.12430769230769229
0 0.9640767045454546 0.7748461538461537 0.03499999999999998 0.0892692307692308
0 0.9252769886363637 0.7748461538461537 0.06086647727272731 0.0892692307692308
0 0.8945880681818181 0.7439519230769231 0.08369318181818176 0.1098653846153846
0 0.47181818181818175 0.44073076923076926 0.09494318181818179 0.06703846153846156
0 0.8017613636363637 0.9046346153846153 0.08977272727272717 0.06592307692307697
0 0.8212926136363637 0.9461826923076923 0.09332386363636354 0.06659615384615383
0 0.8474076704545456 0.9894038461538461 0.05021306818181821 0.021192307692307656
0 0.7890838068181819 0.9729230769230769 0.07759943181818181 0.054153846153846205
0 0.734559659090909 0.9708557692307693 0.06289772727272723 0.058288461538461546
0 0.7444460227272728 0.9317596153846154 0.05832386363636364 0.05836538461538466
0 0.654921875 0.9742884615384615 0.10651988636363638 0.05142307692307694
0 0.6686150568181818 0.9375961538461538 0.08521306818181819 0.08788461538461537
0 0.6044602272727272 0.9602115384615385 0.08673295454545454 0.07957692307692307
0 0.7744247159090908 0.7841923076923076 0.12132102272727269 0.08569230769230769
0 0.5095525568181819 0.3517403846153846 0.11686079545454552 0.061519230769230784
0 0.7902485795454546 0.770451923076923 0.1318892045454545 0.16809615384615378
0 0.7527130681818182 0.7163461538461539 0.10713068181818185 0.14338461538461528
0 0.7293892045454545 0.8797788461538462 0.06451704545454556 0.10548076923076928
0 0.5824928977272728 0.9064230769230769 0.0888778409090909 0.07307692307692308
0 0.5699147727272728 0.8696153846153846 0.08400568181818188 0.05438461538461533
0 0.6360582386363636 0.8036923076923076 0.04259943181818175 0.14007692307692302
0 0.6699360795454545 0.8278653846153846 0.06899147727272727 0.15326923076923074
0 0.7048295454545456 0.7852884615384615 0.038948863636363656 0.14392307692307688
0 0.6782599431818181 0.769625 0.045042613636363686 0.12909615384615383
0 0.5983238636363637 0.8036923076923077 0.08156250000000002 0.1653461538461539
0 0.9756392045454544 0.6101442307692307 0.048181818181818124 0.10644230769230763
0 0.5250710227272727 0.7690865384615385 0.07465909090909091 0.0961346153846154
0 0.5173650568181819 0.8100096153846155 0.09007102272727276 0.10109615384615384
0 0.48186079545454547 0.8995480769230769 0.09778409090909088 0.10217307692307691
0 0.49484375 0.9154807692307693 0.0840056818181818 0.058230769230769176
0 0.5175710227272727 0.9473461538461538 0.0620738636363637 0.07580769230769234
0 0.5329900568181819 0.9868557692307691 0.08481534090909087 0.02628846153846157
0 0.4806463068181818 0.9646538461538462 0.04910511363636371 0.05107692307692308
0 0.4558877840909091 0.9673557692307692 0.05964488636363638 0.06528846153846152
0 0.4021235795454546 0.9720288461538462 0.05274147727272735 0.055942307692307645
0 0.46623579545454547 0.8050673076923077 0.05599431818181821 0.12744230769230766
0 0.9543323863636364 0.5740961538461538 0.03701704545454538 0.056307692307692364
0 0.4489914772727273 0.8902115384615384 0.04340909090909091 0.07580769230769234
0 0.3702698863636364 0.8948846153846155 0.049914772727272745 0.11919230769230761
0 0.4226207386363636 0.9234519230769231 0.05234374999999995 0.06428846153846156
0 0.3954261363636364 0.8808749999999999 0.08318181818181823 0.10109615384615384
0 0.35465198863636366 0.9604903846153847 0.056803977272727284 0.07901923076923072
0 0.30311079545454545 0.8913173076923078 0.0730397727272727 0.049442307692307653
0 0.3142755681818182 0.9489519230769231 0.06534090909090909 0.1020961538461538
0 0.4441264204545455 0.7808846153846154 0.05964488636363638 0.09119230769230761
0 0.41409090909090907 0.8119326923076923 0.07019886363636366 0.08075000000000002
0 0.6313920454545454 0.7366634615384615 0.07303977272727268 0.11371153846153845
