0 0.3439488636363636 0.21465384615384614 0.1278409090909091 0.09634615384615383
0 0.2759801136363636 0.4344423076923077 0.0728693181818182 0.14249999999999993
0 0.6137357954545455 0.937625 0.1359375 0.12344230769230757
0 0.16738636363636364 0.6917403846153846 0.08042613636363637 0.08509615384615385
0 0.42045454545454547 0.09895192307692308 0.09894886363636358 0.11448076923076923
0 0.3706249999999999 0.048740384615384616 0.08673295454545454 0.09748076923076923
0 0.091484375 0.7368076923076923 0.07990056818181818 0.13484615384615387
0 0.6718536931818182 0.697298076923077 0.07100852272727275 0.10221153846153852
0 0.5287144886363637 0.934923076923077 0.054616477272727254 0.09615384615384616
0 0.4991051136363636 0.8337884615384615 0.06605113636363637 0.06634615384615385
0 0.48184659090909093 0.9542884615384616 0.06988636363636362 0.04903846153846154
0 0.30606534090909093 0.051826923076923076 0.06178977272727273 0.1026923076923077
0 0.0861434659090909 0.16241346153846153 0.08259943181818181 0.07801923076923076
0 0.44392045454545453 0.7285 0.07840909090909089 0.08538461538461534
0 0.8933735795454545 0.5076634615384615 0.04436079545454532 0.0755576923076923
0 0.8654900568181819 0.06674038461538462 0.05177556818181808 0.060980769230769234
0 0.35000000000000003 0.7349038461538461 0.06681818181818185 0.07292307692307695
0 0.5899147727272727 0.5144038461538462 0.06681818181818185 0.04707692307692311
0 0.22510653409090908 0.15690384615384617 0.0745596590909091 0.12403846153846154
0 0.8570099431818182 0.11903846153846152 0.10950284090909096 0.1281153846153846
0 0.6140980113636364 0.8294519230769231 0.0380539772727273 0.1914423076923076
0 0.7565482954545455 0.7284615384615384 0.05463068181818187 0.09269230769230767
0 0.6488423295454546 0.43410576923076927 0.04651988636363636 0.12305769230769233
0 0.4821803977272727 0.45823076923076916 0.10566761363636362 0.09346153846153846
0 0.9501704545454547 0.6778365384615385 0.09917613636363644 0.07794230769230776
0 0.8868678977272727 0.602951923076923 0.10842329545454535 0.09044230769230775
0 0.015383522727272727 0.7480673076923077 0.030767045454545453 0.05625
0 0.47225852272727276 0.9179519230769231 0.09588068181818182 0.07382692307692305
0 0.3495525568181818 0.32929807692307694 0.054332386363636326 0.04832692307692312
0 0.5084801136363637 0.6592115384615385 0.06860795454545456 0.08942307692307692
0 0.35626420454545454 0.44496153846153846 0.03707386363636367 0.10269230769230765
0 0.31961647727272724 0.547653846153846 0.04985795454545454 0.07038461538461532
0 0.812109375 0.7658461538461538 0.05109375000000004 0.1137692307692307
0 0.025788352272727275 0.7970961538461538 0.04302556818181818 0.06576923076923075
0 0.9318963068181819 0.21296153846153848 0.07009943181818185 0.08465384615384615
0 0.7829616477272726 0.3318269230769231 0.05924715909090898 0.13142307692307692
0 0.05625 0.8210384615384615 0.05965909090909091 0.06346153846153846
0 0.8598721590909091 0.3644326923076923 0.05323863636363639 0.054980769230769236
0 0.7277059659090909 0.5968461538461539 0.02629261363636354 0.10623076923076925
0 0.19561079545454546 0.8280288461538461 0.03568181818181819 0.07067307692307692
0 0.7960298295454545 0.6126153846153847 0.07720170454545458 0.09030769230769238
0 0.6277982954545455 0.571701923076923 0.10034090909090915 0.07974999999999995
0 0.8513565340909092 0.321375 0.0682812499999999 0.09259615384615386
0 0.033025568181818184 0.9292115384615385 0.043039772727272725 0.08134615384615376
0 0.28396306818181816 0.1374230769230769 0.0687215909090909 0.08003846153846153
0 0.7015198863636364 0.04080769230769231 0.0924431818181818 0.08146153846153846
0 0.030596590909090907 0.3193846153846154 0.06119318181818181 0.14061538461538456
0 0.22464488636363636 0.8143173076923077 0.04261363636363636 0.07355769230769231
0 0.072890625 0.09219230769230768 0.05302556818181819 0.07073076923076924
0 0.22996448863636362 0.49718269230769235 0.07967329545454546 0.09951923076923082
0 0.6808096590909091 0.11383653846153846 0.0689204545454546 0.0614423076923077
0 0.06786221590909092 0.94025 0.06072443181818183 0.11753846153846155
0 0.3865198863636364 0.29915384615384616 0.04517045454545456 0.10500000000000004
0 0.6390340909090909 0.6679423076923078 0.06553977272727271 0.0756538461538461
0 0.8759232954545456 0.9702596153846154 0.049886363636363645 0.05917307692307689
0 0.7147301136363636 0.4717884615384615 0.08255681818181819 0.052807692307692326
0 0.16446732954545454 0.5607115384615384 0.08436079545454543 0.07211538461538461
0 0.3087784090909091 0.8995 0.08863636363636364 0.06576923076923075
0 0.056754261363636364 0.2258653846153846 0.051860795454545465 0.05265384615384612
0 0.9713991477272728 0.9685192307692307 0.056406250000000054 0.06265384615384613
0 0.24742897727272728 0.6597307692307692 0.06349431818181817 0.06750000000000005
0 0.027215909090909093 0.050278846153846146 0.054431818181818185 0.05871153846153845
0 0.6527627840909092 0.5168076923076923 0.06890624999999999 0.07646153846153844
0 0.19610795454545454 0.05409615384615384 0.046875 0.10096153846153846
0 0.31088068181818185 0.663326923076923 0.06732954545454546 0.07730769230769229
0 0.6404048295454546 0.5124807692307692 0.08319602272727272 0.12561538461538455
0 0.8320170454545455 0.9692115384615385 0.04261363636363636 0.06115384615384618
0 0.7781818181818182 0.24896153846153848 0.05755681818181815 0.06096153846153847
0 0.7246164772727273 0.13505769230769232 0.05755681818181815 0.06257692307692307
0 0.8053053977272726 0.5351826923076923 0.05808238636363634 0.07717307692307691
0 0.7964772727272728 0.16901923076923078 0.04897727272727275 0.09273076923076923
0 0.7675852272727273 0.7534423076923076 0.06093750000000013 0.10980769230769225
0 0.10399857954545455 0.9280769230769231 0.036747159090909094 0.14384615384615387
0 0.9396448863636363 0.41042307692307695 0.06252840909090907 0.09557692307692311
0 0.9405681818181818 0.4990096153846154 0.06883522727272733 0.12198076923076918
0 0.23609375000000002 0.7775480769230769 0.06019886363636363 0.060557692307692326
0 0.6600710227272728 0.8511634615384616 0.04767045454545455 0.0782884615384615
0 0.05603693181818182 0.7174807692307693 0.054119318181818185 0.047307692307692245
0 0.5159375 0.8179230769230769 0.09034090909090904 0.05019230769230774
0 0.43603693181818187 0.7812884615384615 0.08394886363636359 0.05538461538461541
0 0.08691761363636363 0.5659038461538461 0.046875 0.08653846153846154
0 0.5270738636363637 0.3330192307692308 0.05244318181818176 0.14996153846153845
0 0.9221519886363635 0.6375961538461538 0.07072443181818193 0.05780769230769231
0 0.8042542613636363 0.21201923076923077 0.04464488636363629 0.10169230769230768
0 0.5403267045454545 0.21415384615384614 0.11866477272727276 0.13973076923076921
0 0.010660511363636363 0.8152692307692307 0.021292613636363637 0.07788461538461539
0 0.4229545454545454 0.21261538461538462 0.040482954545454544 0.10673076923076923
0 0.9897727272727272 0.672375 0.020369318181818228 0.06271153846153849
0 0.11669744318181818 0.32525 0.10680397727272727 0.13803846153846155
0 0.700546875 0.4238076923076923 0.06933238636363645 0.06257692307692306
0 0.009786931818181818 0.4846153846153846 0.019431818181818182 0.061384615384615364
0 0.5552130681818181 0.019086538461538464 0.03488636363636364 0.03817307692307693
0 0.9763139204545456 0.6137596153846153 0.04694602272727282 0.07736538461538454
0 0.6569389204545455 0.6238461538461538 0.07933238636363639 0.06826923076923076
0 0.6212215909090909 0.7012499999999999 0.05005681818181811 0.08284615384615382
0 0.5466619318181819 0.9684807692307693 0.05446022727272724 0.06288461538461547
0 0.25207386363636364 0.8197307692307693 0.05380681818181818 0.05842307692307691
0 0.9656463068181819 0.27498076923076925 0.04217329545454537 0.11799999999999997
0 0.8922727272727274 0.41227884615384613 0.10463068181818178 0.09786538461538465
0 0.023934659090909093 0.09763461538461538 0.047869318181818186 0.03965384615384615
0 0.5906178977272727 0.08922115384615384 0.06828124999999999 0.05332692307692307
0 0.44669034090909093 0.9683461538461537 0.0907670454545455 0.06330769230769234
0 0.3507244318181818 0.5652499999999999 0.04218749999999998 0.08711538461538464
0 0.28960227272727274 0.8455576923076923 0.07414772727272725 0.08019230769230778
0 0.8952272727272728 0.9487596153846154 0.036136363636363716 0.10182692307692316
0 0.1727130681818182 0.7717788461538462 0.08255681818181819 0.10671153846153848
0 0.9802130681818181 0.4261923076923077 0.03957386363636366 0.10349999999999998
0 0.2619318181818182 0.7079615384615384 0.05965909090909091 0.07284615384615384
0 0.7715909090909091 0.3033076923076923 0.0686363636363637 0.0798076923076923
0 0.2546590909090909 0.8842115384615385 0.062215909090909106 0.08942307692307692
0 0.015944602272727273 0.1656923076923077 0.03188920454545455 0.0694230769230769
0 0.8061931818181818 0.8381634615384616 0.05579545454545467 0.09467307692307685
0 0.9360582386363636 0.3238461538461538 0.05404829545454539 0.056807692307692295
0 0.8419886363636363 0.6767884615384615 0.07463068181818176 0.13096153846153852
0 0.22419034090909093 0.9468076923076924 0.040482954545454544 0.08192307692307686
0 0.7291761363636362 0.18671153846153846 0.07196022727272723 0.06969230769230768
0 0.39056818181818187 0.7531346153846153 0.057954545454545474 0.08446153846153838
0 0.7509090909090909 0.6278365384615385 0.04974431818181815 0.12305769230769233
0 0.7747443181818183 0.026384615384615385 0.04875000000000007 0.052153846153846155
0 0.075 0.20246153846153847 0.07394886363636365 0.0741153846153846
0 0.38088778409090907 0.18733653846153844 0.047911931818181805 0.06940384615384614
0 0.31444602272727273 0.7595192307692308 0.049005681818181816 0.06634615384615385
0 0.2882386363636364 0.6946153846153846 0.06477272727272726 0.06750000000000005
0 0.04362926136363637 0.9485384615384616 0.042088068181818185 0.10096153846153846
0 0.7531463068181818 0.37666346153846153 0.05512784090909091 0.09694230769230769
0 0.9786079545454546 0.8253942307692308 0.042017045454545515 0.07782692307692302
0 0.3897159090909091 0.42867307692307693 0.08309659090909091 0.12057692307692305
0 0.6254545454545455 0.9740384615384615 0.08778409090909092 0.05119230769230759
0 0.21193892045454543 0.6342884615384616 0.10089488636363636 0.09415384615384612
0 0.014318181818181818 0.9695961538461538 0.028636363636363637 0.05942307692307688
0 0.11225852272727273 0.8720192307692307 0.08522727272727272 0.1088846153846154
0 0.30813920454545457 0.9638269230769231 0.053267045454545456 0.07096153846153842
0 0.9350781250000001 0.937923076923077 0.049588068181818136 0.06815384615384615
0 0.98484375 0.3867307692307692 0.02985795454545452 0.06115384615384618
0 0.47588778409090904 0.2167980769230769 0.050014204545454514 0.11548076923076922
0 0.3675568181818182 0.6624615384615385 0.09034090909090908 0.11134615384615391
0 0.604765625 0.9174615384615384 0.07143465909090904 0.0898846153846154
0 0.42524147727272726 0.17032692307692307 0.06340909090909089 0.04799999999999999
0 0.4983664772727273 0.3851153846153846 0.07713068181818183 0.10269230769230771
0 0.03944602272727273 0.51 0.07875 0.14538461538461536
0 0.9665056818181817 0.5818173076923077 0.06607954545454543 0.04005769230769228
0 0.7073792613636364 0.31374038461538456 0.06765624999999992 0.12117307692307697
0 0.5905113636363637 0.4593076923076923 0.07244318181818182 0.10326923076923075
0 0.4281463068181818 0.03854807692307692 0.06546874999999996 0.07675
0 0.051122159090909086 0.4926346153846154 0.056249999999999994 0.08711538461538458
0 0.9350284090909091 0.18035576923076924 0.06980113636363634 0.09148076923076921
0 0.5437855113636364 0.87 0.10589488636363638 0.06484615384615379
0 0.48636363636363633 0.9092884615384615 0.06477272727272722 0.05792307692307693
0 0.9717755681818183 0.028923076923076923 0.05556818181818182 0.057692307692307696
0 0.986044034090909 0.5043653846153846 0.027911931818181787 0.0714615384615385
0 0.7036079545454546 0.16107692307692306 0.05965909090909099 0.041192307692307695
0 0.619325284090909 0.38021153846153843 0.05731534090909094 0.1693076923076923
0 0.7268465909090909 0.7843461538461539 0.035710227272727255 0.05696153846153847
0 0.13609375 0.07283653846153847 0.09255681818181817 0.1000576923076923
0 0.10686079545454544 0.3985480769230769 0.07926136363636363 0.08478846153846155
0 0.12103693181818183 0.9542115384615385 0.11664772727272728 0.09157692307692308
0 0.2574857954545454 0.23413461538461539 0.0796875 0.14423076923076922
0 0.5776207386363637 0.7723557692307692 0.04955965909090907 0.060980769230769304
0 0.8169105113636363 0.9008076923076922 0.08907670454545459 0.07292307692307695
0 0.8355610795454546 0.37660576923076927 0.03274147727272721 0.05024999999999999
0 0.5229119318181819 0.2212980769230769 0.08806818181818182 0.10467307692307691
0 0.29191761363636365 0.5147692307692308 0.05838068181818181 0.10615384615384607
0 0.8366548295454546 0.5513557692307693 0.06791193181818174 0.09055769230769226
0 0.03825284090909092 0.417125 0.07585227272727274 0.09886538461538466
0 0.24572443181818182 0.2910865384615385 0.05752840909090909 0.05882692307692308
0 0.34049715909090905 0.4937115384615385 0.05838068181818181 0.09288461538461536
0 0.4225213068181818 0.6390961538461539 0.12867897727272729 0.10615384615384613
0 0.548153409090909 0.45625 0.04806818181818178 0.11769230769230772
0 0.3696875 0.35973076923076924 0.08053977272727275 0.057692307692307696
0 0.8566974431818182 0.8211153846153847 0.05776988636363647 0.13342307692307692
0 0.9068110795454545 0.09068269230769231 0.0914346590909091 0.12625
0 0.9689559659090908 0.5404230769230769 0.061889204545454456 0.056999999999999974
0 0.02550426136363636 0.7073173076923077 0.05100852272727272 0.039673076923076915
0 0.5985937499999999 0.16292307692307692 0.06176136363636358 0.08192307692307692
0 0.4378693181818182 0.014211538461538463 0.055880681818181864 0.02730769230769231
0 0.5052201704545455 0.059557692307692305 0.10032670454545455 0.11734615384615384
0 0.10353693181818181 0.5448461538461539 0.05880681818181819 0.07326923076923081
0 0.4994318181818182 0.5123173076923077 0.08948863636363637 0.05767307692307688
0 0.25977272727272727 0.9499807692307692 0.05965909090909091 0.05596153846153851
0 0.9095951704545455 0.539625 0.05714488636363639 0.0830576923076923
0 0.4715909090909091 0.13807692307692307 0.05835227272727279 0.06519230769230769
0 0.13064630681818182 0.6261923076923077 0.0783096590909091 0.09157692307692308
0 0.3409090909090909 0.8193076923076923 0.040056818181818166 0.04846153846153844
0 0.5307244318181819 0.2768269230769231 0.07647727272727277 0.10580769230769232
0 0.294296875 0.014730769230769231 0.027002840909090896 0.029423076923076923
0 0.05720170454545455 0.66225 0.1144034090909091 0.11465384615384616
0 0.7377272727272728 0.911826923076923 0.08778409090909092 0.08246153846153845
0 0.7226846590909091 0.5298557692307692 0.05431818181818183 0.09248076923076924
0 0.07931107954545455 0.3099230769230769 0.09509943181818183 0.14742307692307693
0 0.9636789772727273 0.9145865384615385 0.07227272727272727 0.06940384615384611
0 0.674375 0.8360576923076923 0.05298295454545456 0.06700000000000006
0 0.5987571022727273 0.8464711538461538 0.02626420454545456 0.09101923076923074
0 0.6824005681818182 0.36483653846153846 0.09411931818181817 0.09386538461538461
0 0.14742897727272727 0.5232115384615385 0.053693181818181814 0.08019230769230773
0 0.6924289772727273 0.5981826923076922 0.05647727272727279 0.13690384615384615
0 0.29767045454545454 0.6131346153846154 0.0758522727272727 0.04961538461538464
0 0.22780539772727273 0.0595 0.06870738636363637 0.10023076923076922
0 0.739666193181818 0.05196153846153846 0.05311079545454544 0.035500000000000004
0 0.17806107954545453 0.9020192307692307 0.07711647727272729 0.06519230769230765
0 0.5613352272727273 0.7166346153846154 0.08403409090909086 0.10876923076923077
0 0.9467826704545456 0.9204903846153846 0.07058238636363628 0.08282692307692306
0 0.8863920454545454 0.8066442307692309 0.0382954545454546 0.08982692307692304
0 0.2002627840909091 0.5289807692307692 0.05367897727272726 0.09288461538461545
0 0.44766335227272724 0.3712692307692308 0.08649147727272734 0.08769230769230774
0 0.697840909090909 0.21158653846153846 0.04235795454545454 0.09148076923076924
0 0.931796875 0.8334230769230769 0.0581676136363637 0.07873076923076923
0 0.6839133522727273 0.7503557692307692 0.09848011363636361 0.06917307692307698
0 0.4365838068181818 0.40861538461538466 0.06475852272727269 0.07961538461538463
0 0.2965482954545455 0.37133653846153847 0.06659090909090909 0.09375
0 0.9820241477272728 0.18495192307692307 0.03595170454545447 0.12109615384615384
0 0.8175426136363636 0.4417884615384616 0.02232954545454533 0.11469230769230772
0 0.9403053977272726 0.6039807692307693 0.05765625000000005 0.05319230769230763
0 0.6756178977272728 0.5092980769230769 0.04464488636363637 0.054980769230769236
0 0.7931392045454545 0.6710576923076923 0.06176136363636366 0.09330769230769227
0 0.5727485795454546 0.6390480769230769 0.08930397727272728 0.09386538461538461
0 0.7753693181818182 0.4060673076923077 0.035767045454545544 0.06690384615384619
0 0.7770738636363635 0.5141730769230769 0.07292613636363642 0.07338461538461538
0 0.042400568181818185 0.7647884615384616 0.03792613636363637 0.055384615384615296
0 0.844453125 0.03889423076923077 0.10058238636363628 0.07682692307692308
0 0.05120028409090909 0.11340384615384615 0.05859375 0.08923076923076922
0 0.021001420454545453 0.5665961538461538 0.042002840909090906 0.14503846153846145
0 0.7047372159090909 0.8183653846153846 0.057656249999999964 0.07892307692307696
0 0.7460653409090909 0.2591057692307693 0.07025568181818187 0.10121153846153848
0 0.6404545454545455 0.13604807692307694 0.07196022727272723 0.07109615384615386
0 0.8501420454545454 0.7573557692307692 0.036136363636363716 0.06371153846153846
0 0.8827201704545454 0.5688076923076922 0.06117897727272734 0.0482307692307692
0 0.6066832386363636 0.061153846153846156 0.08740056818181823 0.08053846153846154
0 0.34480113636363635 0.2521538461538462 0.07414772727272725 0.06865384615384616
0 0.8879829545454545 0.7351346153846153 0.04286931818181827 0.04096153846153849
0 0.11411931818181818 0.7544711538461538 0.08255681818181819 0.14709615384615388
0 0.45129971590909096 0.22933653846153848 0.05336647727272726 0.0994423076923077
0 0.6255965909090908 0.21003846153846153 0.1025284090909091 0.10353846153846152
0 0.29063920454545455 0.5814038461538462 0.07627840909090912 0.09000000000000002
0 0.8128480113636364 0.3393269230769231 0.02285511363636352 0.10303846153846156
0 0.35045454545454546 0.8643076923076923 0.04568181818181822 0.04292307692307702
0 0.5008096590909091 0.9825576923076922 0.059232954545454526 0.03403846153846152
0 0.7120099431818182 0.6940096153846154 0.056803977272727284 0.08782692307692311
0 0.4730184659090909 0.29772115384615383 0.08947443181818183 0.0761346153846154
0 0.3575426136363636 0.19732692307692304 0.09801136363636359 0.11019230769230769
0 0.9828693181818182 0.8762307692307693 0.02017045454545445 0.0464230769230769
0 0.3495525568181818 0.28371153846153846 0.05859374999999996 0.057692307692307696
0 0.9327485795454545 0.9661538461538461 0.04169034090909094 0.06769230769230768
0 0.3377485795454545 0.9525769230769231 0.09799715909090906 0.0934615384615384
0 0.9960156250000001 0.8718076923076924 0.007457386363636364 0.10111538461538458
0 0.02768465909090909 0.6409038461538461 0.05454545454545454 0.0755769230769231
0 0.6426846590909091 0.8845673076923077 0.038068181818181834 0.08251923076923082
0 0.4316832386363636 0.5467884615384615 0.1239914772727273 0.08365384615384615
0 0.039637784090909095 0.8576730769230769 0.07350852272727272 0.07211538461538461
0 0.6472372159090909 0.23705769230769233 0.10546875 0.13596153846153847
0 0.4270454545454545 0.9236538461538462 0.1506818181818182 0.06830769230769228
0 0.04088068181818182 0.17966346153846152 0.02196022727272727 0.07390384615384617
0 0.5643678977272727 0.9097788461538462 0.06302556818181819 0.07224999999999998
0 0.614659090909091 0.020846153846153848 0.09380681818181821 0.041692307692307695
0 0.4336931818181819 0.8427307692307693 0.08267045454545453 0.09115384615384622
0 0.7297159090909091 0.074125 0.08471590909090908 0.06325
0 0.6869176136363637 0.9680576923076922 0.06093750000000005 0.06346153846153846
0 0.8524715909090909 0.2765192307692308 0.09869318181818185 0.04369230769230769
0 0.15345170454545454 0.9765192307692308 0.04218749999999998 0.04557692307692306
0 0.22391335227272727 0.01975 0.07242897727272729 0.0375
0 0.8683877840909091 0.4809038461538461 0.07691761363636361 0.10457692307692307
0 0.019943181818181818 0.2387019230769231 0.039886363636363636 0.14151923076923076
0 0.021313920454545457 0.8948846153846155 0.04174715909090909 0.08192307692307686
0 0.6393323863636364 0.31693269230769233 0.08613636363636369 0.06178846153846153
0 0.8687002840909092 0.921701923076923 0.033622159090909036 0.07324999999999995
0 0.2546590909090909 0.9782500000000001 0.08267045454545453 0.04326923076923088
0 0.7598295454545455 0.5618557692307692 0.05480113636363642 0.06963461538461535
0 0.8964985795454545 0.8756346153846155 0.049417613636363586 0.056423076923076874
0 0.31112215909090907 0.8178653846153845 0.04389204545454542 0.08826923076923084
0 0.1377556818181818 0.019653846153846154 0.09855113636363635 0.035153846153846154
0 0.1911647727272727 0.9502692307692308 0.037500000000000006 0.04846153846153844
0 0.9720312499999999 0.34689423076923076 0.05514204545454553 0.053019230769230756
0 0.6380042613636363 0.7867980769230769 0.057826704545454514 0.12378846153846154
0 0.5735653409090908 0.3543846153846154 0.04664772727272724 0.15223076923076928
0 0.9025 0.6858173076923076 0.10548295454545453 0.11321153846153847
0 0.08862215909090909 0.486 0.05369318181818183 0.09000000000000002
0 0.164453125 0.8355961538461538 0.03941761363636364 0.08292307692307693
0 0.6618110795454545 0.7899903846153846 0.03541193181818183 0.05167307692307693
0 0.20786221590909093 0.7176923076923076 0.07296875000000001 0.08796153846153848
0 0.7384019886363636 0.6751923076923078 0.04115056818181822 0.052423076923076906
0 0.5068181818181817 0.12774999999999997 0.07960227272727276 0.060384615384615384
0 0.34904829545454547 0.9681538461538463 0.04389204545454546 0.06346153846153857
0 0.9633025568181818 0.10765384615384616 0.07339488636363631 0.07500000000000001
0 0.0068607954545454545 0.93775 0.013721590909090909 0.029884615384615315
0 0.35084517045454544 0.11252884615384616 0.08782670454545456 0.12117307692307691
0 0.23805397727272723 0.41742307692307695 0.05411931818181817 0.10153846153846156
0 0.19474431818181817 0.27192307692307693 0.05218749999999999 0.12330769230769231
0 0.9022159090909092 0.7519134615384615 0.0566193181818182 0.04409615384615386
0 0.25701704545454546 0.33476923076923076 0.08778409090909092 0.06607692307692305
0 0.7539133522727273 0.4511153846153846 0.07941761363636367 0.07396153846153848
0 0.6815340909090909 0.9194326923076923 0.0709375 0.06098076923076919
0 0.02057528409090909 0.127375 0.03995738636363636 0.052288461538461534
0 0.08249289772727274 0.044000000000000004 0.07723011363636365 0.08384615384615385
0 0.3980255681818182 0.5228461538461538 0.06349431818181817 0.11423076923076919
0 0.12743607954545455 0.007942307692307693 0.1191903409090909 0.015307692307692305
0 0.2973508522727273 0.30373076923076925 0.07225852272727273 0.07338461538461538
0 0.7845028409090908 0.9628653846153846 0.10184659090909082 0.0738461538461538
0 0.9458309659090909 0.8600192307692308 0.05592329545454546 0.04915384615384616
0 0.6149715909090909 0.5910384615384616 0.07463068181818176 0.0655384615384615
0 0.4893039772727273 0.7299423076923078 0.07798295454545459 0.1292307692307692
0 0.7814133522727272 0.13259615384615386 0.06345170454545465 0.1695
0 0.4118892045454546 0.24257692307692308 0.035454545454545426 0.1716923076923077
0 0.9651988636363636 0.7465865384615386 0.06883522727272733 0.08055769230769239
0 0.35511363636363635 0.8050480769230769 0.0934090909090909 0.06828846153846152
0 0.9519673295454545 0.7799230769230769 0.09345170454545465 0.07599999999999997
0 0.16681107954545454 0.4571634615384616 0.08734375000000001 0.10555769230769234
0 0.5366051136363637 0.7792403846153846 0.07289772727272727 0.07067307692307692
0 0.14170454545454544 0.726326923076923 0.020454545454545444 0.042461538461538544
0 0.03421875 0.019663461538461536 0.06724431818181818 0.036942307692307684
0 0.45852982954545446 0.6079423076923077 0.13592329545454546 0.09057692307692312
0 0.756640625 0.8532211538461537 0.07259943181818183 0.10467307692307694
0 0.20661221590909087 0.8777884615384615 0.049843750000000006 0.06634615384615385
0 0.32728693181818186 0.41756730769230765 0.0481534090909091 0.07932692307692307
0 0.19715198863636366 0.3856923076923077 0.06433238636363635 0.1326923076923077
0 0.2262571022727273 0.5685192307692307 0.07975852272727274 0.09923076923076928
0 0.44529829545454547 0.31157692307692303 0.07227272727272727 0.08123076923076919
0 0.28859375000000004 0.10721153846153846 0.05241477272727273 0.05942307692307693
0 0.16890625 0.1807019230769231 0.05911931818181819 0.17451923076923076
0 0.92828125 0.25102884615384613 0.07647727272727262 0.10217307692307691
0 0.2718465909090909 0.015596153846153845 0.027272727272727258 0.031153846153846153
0 0.8794034090909091 0.327 0.09119318181818188 0.08476923076923079
0 0.25727272727272726 0.075125 0.07329545454545454 0.09632692307692309
0 0.058792613636363636 0.5990769230769231 0.04176136363636364 0.06346153846153846
0 0.5553338068181818 0.09759615384615385 0.09748579545454544 0.11696153846153845
0 0.5544602272727274 0.5591730769230769 0.06750000000000006 0.09692307692307699
0 0.5818963068181818 0.05913461538461538 0.06177556818181811 0.04380769230769231
0 0.36943181818181814 0.8761153846153847 0.09477272727272727 0.10200000000000004
0 0.1952130681818182 0.9834423076923077 0.044744318181818184 0.03288461538461554
0 0.39107954545454543 0.9920000000000001 0.02471590909090906 0.015999999999999986
0 0.5663281250000001 0.8240192307692308 0.054048295454545474 0.05834615384615391
0 0.854921875 0.2171153846153846 0.08404829545454556 0.11376923076923076
0 0.2645880681818182 0.7717788461538462 0.06178977272727273 0.06921153846153848
0 0.6634943181818183 0.058875 0.04974431818181824 0.07736538461538461
0 0.9863849431818181 0.28827884615384614 0.026889204545454473 0.09671153846153847
0 0.8379971590909091 0.4146923076923077 0.0414204545454545 0.06807692307692309
0 0.14244318181818183 0.35644230769230767 0.07968750000000001 0.11538461538461539
0 0.12975142045454546 0.2066826923076923 0.053792613636363645 0.14109615384615382
0 0.7052982954545454 0.8808461538461538 0.04329545454545449 0.0600769230769231
0 0.14707386363636363 0.042192307692307696 0.08255681818181816 0.07842307692307693
