0 0.17612215909090911 0.7021538461538461 0.01707386363636363 0.02676923076923069
0 0.082890625 0.03298076923076923 0.10205965909090908 0.06569230769230769
0 0.7415696022727272 0.5137884615384615 0.07987215909090904 0.11384615384615382
0 0.7587144886363636 0.5554423076923077 0.10007102272727271 0.05342307692307698
0 0.8026420454545454 0.5424134615384616 0.06764204545454545 0.05024999999999999
0 0.8021732954545455 0.48410576923076926 0.06576704545454538 0.07186538461538462
0 0.7885511363636364 0.4249519230769231 0.033835227272727184 0.07186538461538462
0 0.8324715909090908 0.45876923076923076 0.05684659090909105 0.09157692307692308
0 0.6985866477272727 0.5406153846153846 0.036178977272727314 0.05215384615384616
0 0.6562997159090909 0.5834326923076922 0.06811079545454544 0.14628846153846153
0 0.7133806818181818 0.6445 0.0667045454545455 0.15392307692307697
0 0.6060298295454545 0.8270384615384615 0.05214488636363634 0.07630769230769222
0 0.04091619318181818 0.21736538461538463 0.07586647727272727 0.06257692307692309
0 0.7643536931818182 0.6238173076923077 0.05779829545454553 0.08586538461538457
0 0.7667045454545455 0.7119134615384617 0.04931818181818186 0.08905769230769231
0 0.7627059659090908 0.7542115384615384 0.03288352272727269 0.07950000000000006
0 0.6776775568181818 0.8520480769230769 0.10992897727272725 0.0788653846153846
0 0.6640482954545455 0.8927596153846155 0.0667045454545455 0.04578846153846154
0 0.6144886363636364 0.921701923076923 0.04650568181818183 0.07567307692307686
0 0.6739204545454546 0.9417403846153847 0.06576704545454538 0.07125000000000002
0 0.7171377840909091 0.9054807692307693 0.04228693181818179 0.06742307692307693
0 0.7265411931818182 0.4737115384615384 0.08174715909090911 0.11384615384615387
0 0.6555894886363637 0.5042403846153846 0.0836221590909091 0.06551923076923082
0 0.1121590909090909 0.20225 0.07971590909090909 0.07819230769230769
0 0.6447869318181817 0.5131442307692308 0.05920454545454546 0.07059615384615386
0 0.8355326704545454 0.3719519230769231 0.07893465909090916 0.08586538461538462
0 0.8681818181818183 0.4123365384615385 0.07187500000000004 0.11448076923076923
0 0.8463352272727271 0.5293749999999999 0.05073863636363624 0.05725000000000007
0 0.8855610795454545 0.4784903846153846 0.06342329545454542 0.0788653846153846
0 0.9407670454545454 0.4918461538461538 0.053551136363636266 0.05469230769230774
0 0.8775781250000001 0.5707115384615384 0.024900568181818305 0.03815384615384611
0 0.8937855113636363 0.525875 0.044161931818181864 0.055326923076923044
0 0.9804616477272727 0.5296826923076923 0.03899147727272734 0.08586538461538457
0 0.9839843749999999 0.4708557692307692 0.03007102272727267 0.06232692307692313
0 0.013622159090909091 0.24499038461538464 0.027244318181818182 0.04171153846153849
0 0.9893892045454545 0.9619615384615385 0.02113636363636363 0.07607692307692308
0 0.974609375 0.9428846153846154 0.05078125 0.11423076923076919
0 0.9015411931818181 0.9591057692307693 0.11228693181818192 0.08178846153846149
0 0.9064701704545454 0.5585192307692308 0.03475852272727276 0.07569230769230773
0 0.9318394886363638 0.5547115384615384 0.05450284090909092 0.07950000000000006
0 0.8656036931818182 0.5555576923076923 0.03194602272727274 0.05661538461538461
0 0.8634872159090908 0.6019807692307692 0.04839488636363627 0.047692307692307714
0 0.830362215909091 0.5867211538461539 0.03853693181818181 0.05151923076923081
0 0.7995880681818183 0.5895865384615385 0.029602272727272772 0.04578846153846154
0 0.8997017045454545 0.42228846153846156 0.03840909090909086 0.09196153846153844
0 0.07421875 0.2590769230769231 0.09011363636363635 0.055269230769230786
0 0.9348792613636363 0.4168173076923077 0.052968749999999946 0.10728846153846153
0 0.9796732954545455 0.40586538461538463 0.040653409090909094 0.12153846153846157
0 0.9779474431818183 0.33488461538461534 0.03234374999999998 0.0580384615384615
0 0.9952414772727273 0.32995192307692306 0.00951704545454552 0.028480769230769237
0 0.8606818181818183 0.28944230769230767 0.03153409090909081 0.08538461538461539
0 0.9637855113636363 0.028846153846153848 0.046093750000000065 0.057692307692307696
0 0.9571164772727272 0.3217403846153846 0.04730113636363646 0.08978846153846154
0 0.9670241477272726 0.09683653846153846 0.052571022727272716 0.05309615384615385
0 0.9403409090909091 0.0705673076923077 0.025880681818181858 0.055288461538461536
0 0.9480184659090909 0.1844326923076923 0.05822443181818183 0.10017307692307693
0 0.12352272727272728 0.11361538461538462 0.09088068181818182 0.07715384615384614
0 0.9670241477272729 0.14419230769230768 0.04205965909090911 0.032846153846153844
0 0.9577272727272728 0.16335576923076922 0.02911931818181818 0.04378846153846153
0 0.9855326704545455 0.1838846153846154 0.028934659090909098 0.05857692307692307
0 0.9152698863636364 0.19126923076923077 0.04366477272727274 0.09307692307692306
0 0.9395312499999999 0.120375 0.04366477272727274 0.04763461538461539
0 0.8812997159090908 0.206875 0.05095170454545455 0.08813461538461541
0 0.9760298295454546 0.044451923076923076 0.04794034090909091 0.08890384615384615
0 0.981171875 0.12941346153846153 0.03720170454545462 0.0788269230769231
0 0.9664204545454544 0.2722019230769231 0.06590909090909088 0.03448076923076919
0 0.9721875000000001 0.23361538461538459 0.05562499999999995 0.04926923076923075
0 0.11716619318181819 0.058173076923076925 0.0689346590909091 0.04484615384615384
0 0.9415553977272727 0.3053269230769231 0.020213068181818207 0.03065384615384615
0 0.9401349431818182 0.2579615384615384 0.03274147727272721 0.04434615384615382
0 0.9247727272727272 0.34747115384615385 0.027897727272727255 0.05913461538461538
0 0.9298295454545453 0.30258653846153843 0.019403409090909044 0.045980769230769276
0 0.9132457386363636 0.23470192307692306 0.04123579545454558 0.058019230769230774
0 0.9081889204545455 0.34911538461538466 0.028707386363636414 0.05584615384615383
0 0.9122372159090908 0.2875288461538461 0.030326704545454577 0.06732692307692312
0 0.8859517045454546 0.3384423076923077 0.027897727272727255 0.034499999999999996
0 0.8956605113636364 0.29300000000000004 0.01819602272727281 0.05857692307692309
0 0.8774644886363636 0.2847980769230769 0.01819602272727265 0.07171153846153851
0 0.12871448863636364 0.239 0.05507102272727272 0.03596153846153844
0 0.8857528409090908 0.2587884615384615 0.018607954545454577 0.02626923076923079
0 0.9019815340909091 0.10021153846153846 0.06751420454545451 0.10511538461538461
0 0.30122869318181816 0.19726923076923078 0.019928977272727275 0.035307692307692304
0 0.31083806818181814 0.18427884615384613 0.026079545454545435 0.05051923076923076
0 0.3200710227272727 0.16318269230769228 0.04238636363636364 0.030903846153846167
0 0.34 0.19603846153846152 0.053267045454545456 0.06523076923076923
0 0.3360085227272727 0.295125 0.03948863636363634 0.07798076923076926
0 0.36155539772727274 0.3314134615384615 0.05507102272727274 0.04071153846153844
0 0.26899147727272726 0.479875 0.04627840909090907 0.05855769230769228
0 0.2371306818181818 0.49146153846153845 0.04559659090909094 0.046307692307692334
0 0.06421164772727272 0.32936538461538456 0.04850852272727273 0.09957692307692308
0 0.24668323863636363 0.4544423076923077 0.01978693181818183 0.034961538461538474
0 0.19688920454545455 0.45434615384615384 0.03616477272727274 0.11823076923076921
0 0.1508096590909091 0.4807211538461539 0.06110795454545456 0.06686538461538463
0 0.16709517045454544 0.5096730769230768 0.058565340909090914 0.0655
0 0.11362926136363637 0.5427692307692308 0.02953125000000001 0.09926923076923078
0 0.12890625 0.5506923076923077 0.015795454545454553 0.08342307692307692
0 0.1434161931818182 0.5713846153846154 0.022400568181818178 0.1089230769230769
0 0.13998579545454545 0.6239423076923076 0.04252840909090909 0.06446153846153843
0 0.09491477272727272 0.5882692307692308 0.031818181818181815 0.033769230769230774
0 0.1346377840909091 0.6491057692307691 0.026235795454545453 0.04032692307692302
0 0.028785511363636364 0.2970480769230769 0.03080965909090909 0.06413461538461537
0 0.11745028409090909 0.6363557692307692 0.01274147727272727 0.090673076923077
0 0.10485085227272727 0.638076923076923 0.017059659090909077 0.07342307692307694
0 0.024012784090909088 0.6020288461538462 0.04759943181818182 0.0551346153846153
0 0.020149147727272727 0.5520288461538461 0.040298295454545455 0.05732692307692308
0 0.0740127840909091 0.6478269230769231 0.01407670454545455 0.08269230769230769
0 0.06428267045454544 0.5955384615384616 0.02515625 0.017038461538461565
0 0.052457386363636366 0.5987884615384615 0.029034090909090905 0.030807692307692272
0 0.057251420454545454 0.6222980769230769 0.022457386363636367 0.03648076923076917
0 0.031051136363636364 0.6241249999999999 0.030539772727272728 0.04986538461538463
0 0.05290482954545454 0.6705384615384615 0.034730113636363635 0.07215384615384612
0 0.015163352272727275 0.04481730769230769 0.03032670454545455 0.08963461538461538
0 0.036484375 0.3246826923076923 0.030042613636363635 0.09124999999999998
0 0.007741477272727273 0.8476826923076923 0.015482954545454546 0.06324999999999997
0 0.03449573863636363 0.843423076923077 0.05958806818181817 0.058769230769230775
0 0.01806818181818182 0.8243749999999999 0.03613636363636364 0.052288461538461534
0 0.029744318181818184 0.7542403846153846 0.05948863636363637 0.032019230769230723
0 0.020149147727272727 0.5855576923076923 0.040298295454545455 0.029038461538461582
0 0.027606534090909088 0.7445096153846154 0.05478693181818182 0.03932692307692306
0 0.043025568181818186 0.7840384615384615 0.051505681818181825 0.030807692307692272
0 0.18405539772727272 0.7360000000000001 0.027542613636363657 0.04419230769230762
0 0.16024857954545454 0.7197788461538461 0.02365056818181819 0.03040384615384616
0 0.1575568181818182 0.739048076923077 0.039829545454545444 0.034865384615384604
0 0.01703835227272727 0.28166346153846156 0.03350852272727273 0.05213461538461541
0 0.06952414772727274 0.7457307692307692 0.05779829545454546 0.05392307692307696
0 0.11085227272727272 0.7546538461538462 0.03383522727272728 0.04499999999999996
0 0.12267045454545454 0.7250576923076922 0.02875000000000001 0.046615384615384524
0 0.1367471590909091 0.7058076923076922 0.028749999999999994 0.041346153846153845
0 0.2656747159090909 0.43386538461538465 0.03143465909090908 0.05107692307692303
0 0.2255539772727273 0.426375 0.06616477272727274 0.0985192307692308
0 0.20084517045454542 0.4419807692307692 0.026349431818181793 0.09080769230769231
0 0.24801136363636364 0.39191346153846157 0.04821022727272727 0.04255769230769235
0 0.23737926136363638 0.36050000000000004 0.052088068181818166 0.03161538461538461
0 0.2979190340909091 0.48027884615384614 0.031491477272727254 0.06998076923076921
0 0.10233664772727273 0.365076923076923 0.05776988636363636 0.05630769230769231
0 0.2880752840909091 0.43825961538461533 0.02424715909090908 0.04021153846153846
0 0.2707954545454545 0.39127884615384617 0.035767045454545426 0.05048076923076923
0 0.2938352272727273 0.4337596153846154 0.032727272727272716 0.07386538461538461
0 0.32672585227272727 0.4618557692307692 0.03424715909090907 0.08740384615384614
0 0.3076278409090909 0.5591153846153847 0.04213068181818181 0.05130769230769232
0 0.34430397727272727 0.5232115384615386 0.07911931818181821 0.05661538461538461
0 0.3753693181818182 0.47888461538461535 0.024857954545454544 0.024615384615384584
0 0.3640056818181818 0.4733557692307693 0.020312500000000015 0.043096153846153895
0 0.35991477272727274 0.43476923076923074 0.028494318181818225 0.05703846153846153
0 0.34703125 0.4729423076923077 0.01727272727272727 0.04392307692307698
0 0.10791903409090908 0.3199903846153846 0.03657670454545454 0.03494230769230767
0 0.3455184659090909 0.44196153846153846 0.02819602272727272 0.0369230769230769
0 0.31308238636363633 0.42144230769230767 0.031221590909090935 0.054999999999999986
0 0.2762571022727273 0.3765 0.04788352272727274 0.0791923076923077
0 0.29717329545454546 0.3728173076923077 0.03576704545454546 0.04882692307692311
0 0.25094460227272725 0.3276730769230769 0.044559659090909094 0.03323076923076923
0 0.26352272727272724 0.29341346153846154 0.026676136363636364 0.04021153846153846
0 0.29626420454545455 0.30509615384615385 0.05880681818181819 0.0595
0 0.324453125 0.3408076923076923 0.027883522727272722 0.057038461538461586
0 0.37264914772727276 0.28745192307692313 0.03151988636363636 0.06278846153846154
0 0.33127130681818184 0.3818365384615385 0.019701704545454553 0.058673076923076904
0 0.10714488636363638 0.2814038461538461 0.04505681818181819 0.04534615384615387
0 0.3412713068181818 0.3888173076923077 0.023338068181818192 0.07017307692307694
0 0.3612784090909091 0.3859423076923077 0.026988636363636322 0.06030769230769233
0 0.3876491477272727 0.35782692307692304 0.042144886363636384 0.05826923076923079
0 0.5931818181818183 0.5926634615384615 0.04821022727272727 0.05959615384615386
0 0.5713920454545455 0.5889807692307691 0.018863636363636326 0.044269230769230734
0 0.5848011363636364 0.5265576923076923 0.04653409090909089 0.0488076923076923
0 0.6107954545454546 0.5197403846153846 0.05323863636363639 0.08740384615384619
0 0.5789346590909091 0.5537980769230769 0.04400568181818185 0.052211538461538524
0 0.5493821022727272 0.5835865384615385 0.02515624999999997 0.06867307692307688
0 0.5684517045454546 0.48653846153846153 0.03647727272727266 0.08115384615384619
0 0.13564630681818182 0.3038269230769231 0.03274147727272727 0.08603846153846155
0 0.6910653409090909 0.44596153846153846 0.07545454545454554 0.09534615384615382
0 0.6208522727272727 0.4575961538461538 0.08508522727272724 0.04142307692307691
0 0.5980042613636364 0.4155961538461539 0.0175994318181818 0.03915384615384612
0 0.5915127840909091 0.42580769230769233 0.033963068181818136 0.032346153846153886
0 0.4415269886363637 0.32892307692307693 0.02850852272727272 0.08115384615384613
0 0.41009232954545455 0.29912500000000003 0.04191761363636362 0.07036538461538462
0 0.524112215909091 0.5301153846153845 0.06288352272727278 0.06811538461538465
0 0.48470880681818185 0.5003173076923078 0.04779829545454542 0.05959615384615392
0 0.5983096590909092 0.35418269230769234 0.04025568181818178 0.0794423076923077
0 0.5859446022727273 0.3819903846153846 0.028934659090909098 0.034057692307692324
0 0.28737926136363634 0.021009615384615387 0.1097585227272727 0.042019230769230774
0 0.5695951704545454 0.33687500000000004 0.03899147727272734 0.05278846153846157
0 0.5433948863636363 0.4827211538461538 0.03437499999999998 0.0550576923076923
0 0.5201278409090909 0.4705192307692308 0.05323863636363639 0.06469230769230772
0 0.5624715909090909 0.44072115384615385 0.03394886363636369 0.02667307692307693
0 0.5327059659090909 0.44100961538461536 0.04987215909090903 0.028365384615384615
0 0.4201491477272727 0.5167788461538462 0.06958806818181812 0.06071153846153845
0 0.4448792613636364 0.48641346153846154 0.06791193181818182 0.04767307692307691
0 0.4807315340909091 0.44725 0.054076704545454615 0.05107692307692308
0 0.4752769886363637 0.43675 0.08174715909090911 0.07434615384615384
0 0.4249715909090909 0.3689326923076923 0.0817329545454545 0.0919423076923077
0 0.15874999999999997 0.32293269230769234 0.03889204545454547 0.07559615384615385
0 0.4421590909090909 0.19839423076923077 0.02809659090909095 0.04598076923076925
0 0.40505681818181816 0.22024038461538462 0.04107954545454548 0.040865384615384616
0 0.4239275568181818 0.2114423076923077 0.026832386363636343 0.0788846153846154
0 0.45180397727272736 0.27444230769230765 0.03647727272727274 0.10273076923076921
0 0.5704332386363636 0.4021346153846154 0.03478693181818183 0.04823076923076926
0 0.4568323863636364 0.2375576923076923 0.0339488636363636 0.06299999999999999
0 0.489112215909091 0.24493269230769232 0.03646306818181821 0.042557692307692324
0 0.5220170454545454 0.2735961538461538 0.08383522727272724 0.1418846153846154
0 0.5195028409090909 0.35105769230769235 0.08383522727272724 0.04369230769230769
0 0.4744318181818182 0.3538942307692307 0.051562499999999935 0.0868269230769231
0 0.007791193181818182 0.33258653846153846 0.015014204545454546 0.05628846153846156
0 0.5197088068181818 0.39447115384615383 0.049048295454545414 0.06924999999999998
0 0.5691761363636364 0.36609615384615385 0.029772727272727242 0.03403846153846152
0 0.5477982954545454 0.3964615384615385 0.039829545454545486 0.06299999999999999
0 0.2959446022727273 0.7495384615384615 0.0683380681818182 0.06469230769230766
0 0.3053764204545455 0.8298461538461538 0.049474431818181834 0.09249999999999993
0 0.30328125 0.8809230769230769 0.05281250000000001 0.03461538461538462
0 0.32172585227272726 0.7983461538461538 0.04612215909090909 0.07150000000000001
0 0.4461008522727273 0.9763557692307693 0.06654829545454549 0.04728846153846149
0 0.3506534090909091 0.8931250000000001 0.04443181818181818 0.06128846153846155
0 0.3296946022727273 0.9351153846153846 0.03521306818181817 0.05561538461538464
0 0.01458096590909091 0.37350961538461536 0.02916193181818182 0.09228846153846156
0 0.346875 0.9101442307692307 0.0494602272727273 0.040865384615384616
0 0.3607102272727273 0.9566826923076923 0.04696022727272731 0.0544807692307692
0 0.33744318181818184 0.9898846153846154 0.042329545454545474 0.01873076923076925
0 0.3093394886363636 0.9692307692307692 0.07492897727272728 0.061423076923077025
0 0.39906960227272736 0.9816634615384616 0.042343750000000006 0.03405769230769238
0 0.09578835227272728 0.6561153846153847 0.03225852272727274 0.054000000000000076
0 0.088359375 0.6210673076923078 0.03183238636363636 0.037903846153846114
0 0.10851562500000002 0.695173076923077 0.051775568181818186 0.037923076923076976
0 0.3602840909090909 0.34270192307692304 0.038039772727272686 0.022057692307692306
0 0.5885369318181819 0.9454423076923076 0.040227272727272716 0.07061538461538466
0 0.11485085227272726 0.05808653846153847 0.09279829545454545 0.09125000000000001
0 0.008231534090909091 0.45536538461538467 0.016463068181818183 0.10165384615384618
0 0.5841832386363636 0.9866442307692309 0.03151988636363636 0.026480769230769304
0 0.5465127840909091 0.9856634615384614 0.044559659090909094 0.026480769230769086
0 0.5251349431818182 0.9778173076923078 0.08731534090909095 0.04413461538461547
0 0.47223721590909096 0.938326923076923 0.07498579545454548 0.0416923076923077
0 0.6283451704545455 0.9711826923076923 0.05731534090909086 0.05763461538461544
0 0.3764843749999999 0.5397211538461538 0.07825284090909088 0.04128846153846148
0 0.7825142045454545 0.2835769230769231 0.06752840909090904 0.10565384615384618
0 0.8292258522727273 0.29179807692307697 0.02830965909090918 0.08813461538461541
0 0.6729474431818182 0.2123173076923077 0.05822443181818183 0.06294230769230767
0 0.6523295454545455 0.2793846153846154 0.09704545454545453 0.09853846153846156
0 0.023586647727272727 0.4764807692307692 0.02041193181818182 0.1073846153846154
0 0.8438991477272727 0.2880673076923077 0.03436079545454553 0.08813461538461541
0 0.7059019886363637 0.2837596153846154 0.03680397727272731 0.07336538461538462
0 0.8045667613636364 0.2996346153846154 0.0230539772727273 0.08538461538461534
0 0.7774786931818182 0.3633173076923077 0.0683380681818182 0.06824999999999996
0 0.6367542613636363 0.13093269230769233 0.03921874999999994 0.09359615384615384
0 0.6778053977272728 0.1927980769230769 0.05822443181818183 0.09798076923076923
0 0.6482883522727273 0.043894230769230776 0.04933238636363639 0.08705769230769231
0 0.6883167613636364 0.32317307692307695 0.08410511363636353 0.0646153846153846
0 0.6907457386363636 0.3738076923076923 0.025071022727272775 0.0673461538461538
0 0.7331960227272727 0.3830192307692307 0.08088068181818181 0.11934615384615385
0 0.047265625 0.4032307692307692 0.051605113636363636 0.08603846153846155
0 0.6315056818181818 0.37563461538461534 0.05701704545454544 0.09361538461538457
0 0.6403977272727274 0.4333942307692308 0.06752840909090913 0.03613461538461537
0 0.37367897727272725 0.577173076923077 0.04017045454545451 0.04119230769230761
0 0.39477982954545454 0.6200192307692307 0.06126420454545454 0.047807692307692225
0 0.4110085227272728 0.5867788461538461 0.04991477272727279 0.06482692307692314
0 0.3850426136363636 0.4080576923076923 0.03125 0.10326923076923075
0 0.4373863636363636 0.4517403846153846 0.08480113636363634 0.04559615384615381
0 0.4124289772727273 0.413 0.06411931818181825 0.038461538461538464
0 0.35338778409090915 0.5607788461538462 0.055582386363636396 0.0955961538461538
0 0.3391832386363636 0.6014326923076924 0.0693892045454545 0.08459615384615386
0 0.07826704545454545 0.4558846153846154 0.04275568181818183 0.033884615384615395
0 0.0912215909090909 0.5324519230769231 0.06161931818181818 0.1146346153846154
0 0.06397727272727272 0.5043653846153846 0.11443181818181816 0.1322307692307692
0 0.06377130681818181 0.5656442307692308 0.015923295454545457 0.031211538461538495
0 0.045532670454545454 0.5639519230769231 0.028082386363636358 0.05051923076923073
0 0.02855823863636364 0.5344423076923076 0.025980113636363635 0.045961538461538526
0 0.006974431818181818 0.5128653846153846 0.013835227272727273 0.04142307692307691
0 0.018473011363636365 0.9716730769230769 0.03694602272727273 0.05665384615384612
0 0.033565340909090906 0.922625 0.06713068181818181 0.1027115384615385
0 0.04365056818181818 0.9708173076923077 0.04696022727272728 0.05836538461538466
0 0.13126420454545454 0.8979423076923077 0.09053977272727273 0.20203846153846164
0 0.08885653409090909 0.4113173076923077 0.0408096590909091 0.08028846153846154
0 0.07529829545454546 0.9484423076923078 0.038977272727272735 0.08173076923076934
0 0.16227982954545456 0.967173076923077 0.06791193181818182 0.06469230769230766
0 0.10568892045454546 0.98075 0.07796874999999999 0.038499999999999965
0 0.168359375 0.8738173076923077 0.07921874999999999 0.15605769230769226
0 0.1989559659090909 0.8823365384615385 0.02473011363636363 0.11294230769230773
0 0.96015625 0.7558173076923076 0.07968750000000004 0.11067307692307694
0 0.9809090909090908 0.7864615384615385 0.03818181818181818 0.09365384615384613
0 0.9645383522727274 0.8707403846153845 0.06916193181818174 0.11236538461538463
0 0.9259801136363636 0.8843557692307692 0.051562499999999935 0.1430192307692308
0 0.9255539772727274 0.7736923076923077 0.04150568181818186 0.07830769230769236
0 0.115234375 0.4537980769230769 0.026576704545454556 0.026596153846153815
0 0.8955823863636364 0.7969615384615384 0.03940340909090911 0.06242307692307689
0 0.8614204545454546 0.854 0.0842613636363637 0.10838461538461541
0 0.976299715909091 0.6777788461538461 0.04740056818181819 0.07378846153846155
0 0.920731534090909 0.7101346153846153 0.07126420454545448 0.05561538461538464
0 0.8936931818181819 0.7589423076923076 0.05491477272727268 0.07492307692307688
0 0.8700142045454545 0.7470192307692308 0.05281250000000009 0.07150000000000001
0 0.9821448863636365 0.6045769230769231 0.0339488636363636 0.09307692307692303
0 0.9521732954545453 0.6511153846153845 0.06372159090909092 0.06469230769230766
0 0.91046875 0.6048557692307692 0.04150568181818186 0.045980769230769276
0 0.9071164772727273 0.6610384615384616 0.06664772727272737 0.08342307692307692
0 0.10368607954545456 0.4902980769230769 0.028877840909090905 0.0526730769230769
0 0.9584659090909091 0.5631442307692308 0.049460227272727184 0.08851923076923082
0 0.9331036931818182 0.6227403846153847 0.06666193181818175 0.0544807692307692
0 0.8513565340909092 0.6661442307692307 0.05910511363636366 0.05959615384615386
0 0.8398295454545455 0.6315288461538461 0.08048295454545466 0.05959615384615386
0 0.798125 0.6576346153846154 0.06999999999999997 0.05619230769230764
0 0.8088139204545454 0.6942403846153846 0.036889204545454586 0.0306346153846154
0 0.8578551136363637 0.6993461538461538 0.08215909090909096 0.07830769230769224
0 0.8027627840909091 0.8963846153846154 0.03143465909090908 0.12088461538461541
0 0.8090553977272728 0.9639423076923077 0.07419034090909093 0.07211538461538461
0 0.8651278409090909 0.9767211538461538 0.059204545454545385 0.04578846153846143
0 0.11600142045454544 0.418875 0.0342755681818182 0.06413461538461543
0 0.7092826704545455 0.9539807692307691 0.10521306818181818 0.09080769230769226
0 0.6916761363636363 0.9852211538461539 0.058267045454545426 0.029557692307692316
0 0.814502840909091 0.747125 0.06664772727272722 0.08682692307692304
0 0.8268678977272728 0.8438846153846153 0.09640625000000001 0.10784615384615392
0 0.7828551136363636 0.8152307692307692 0.06454545454545463 0.10726923076923083
0 0.7652485795454546 0.8935480769230769 0.058678977272727195 0.08909615384615381
0 0.7740482954545456 0.965625 0.08718749999999999 0.06867307692307699
0 0.7524786931818181 0.12232692307692307 0.047713068181818065 0.07853846153846154
0 0.6968039772727272 0.14860576923076924 0.07673295454545444 0.10071153846153845
0 0.796924715909091 0.049798076923076924 0.047713068181818225 0.09690384615384616
0 0.1679971590909091 0.21110576923076924 0.04582386363636364 0.04378846153846153
0 0.8041690340909091 0.09857692307692309 0.044446022727272674 0.052576923076923084
0 0.7412499999999999 0.04347115384615385 0.07298295454545455 0.08678846153846154
0 0.7400852272727273 0.08526923076923078 0.037897727272727284 0.07284615384615385
0 0.7917755681818183 0.11947115384615385 0.04772727272727276 0.06271153846153847
0 0.8334161931818183 0.10934615384615384 0.03649147727272735 0.07030769230769231
0 0.8259303977272726 0.048846153846153845 0.04024147727272733 0.057
0 0.8554048295454545 0.06342307692307692 0.029019886363636293 0.07346153846153845
0 0.8619531250000001 0.1251826923076923 0.047713068181818225 0.05763461538461538
0 0.8579829545454545 0.18472115384615387 0.0687784090909092 0.06271153846153846
0 0.8582173295454545 0.2432980769230769 0.0355539772727274 0.030403846153846132
0 0.19206676136363637 0.19233653846153848 0.03234375 0.04378846153846156
0 0.835987215909091 0.22747115384615385 0.046321022727272745 0.03040384615384616
0 0.8371590909090909 0.16540384615384612 0.05988636363636375 0.041807692307692296
0 0.7817187499999999 0.164125 0.08934659090909088 0.06586538461538462
0 0.8083877840909092 0.2072019230769231 0.047258522727272705 0.05701923076923075
0 0.7543465909090908 0.25026923076923074 0.09917613636363644 0.15961538461538458
0 0.7225355113636364 0.0545576923076923 0.03086647727272722 0.04053846153846154
0 0.687684659090909 0.0630673076923077 0.06690340909090912 0.1261346153846154
0 0.8053480113636364 0.008942307692307694 0.03274147727272721 0.01773076923076923
0 0.9122514204545454 0.031394230769230765 0.04163352272727265 0.06278846153846153
0 0.9382173295454546 0.02098076923076923 0.03742897727272714 0.04180769230769231
0 0.12120738636363634 0.14828846153846154 0.12400568181818179 0.08915384615384617
0 0.20573153409090905 0.2066826923076923 0.026576704545454556 0.04744230769230769
0 0.8823082386363637 0.09477884615384614 0.04069602272727269 0.05890384615384615
0 0.8832457386363636 0.04504807692307693 0.02947443181818182 0.050673076923076925
0 0.8659303977272728 0.02316346153846154 0.08748579545454534 0.04632692307692308
0 0.19379261363636366 0.7753461538461539 0.036676136363636376 0.061000000000000054
0 0.24487926136363633 0.7671923076923077 0.1032244318181818 0.04896153846153853
0 0.2205184659090909 0.7207307692307692 0.09223011363636364 0.08938461538461531
0 0.22890625 0.6891538461538462 0.03772727272727273 0.04184615384615383
0 0.3407741477272727 0.7366923076923078 0.10112215909090909 0.16388461538461532
0 0.29990056818181815 0.681 0.09065340909090908 0.12342307692307694
0 0.38793323863636364 0.694125 0.08856534090909086 0.11563461538461538
0 0.2232599431818182 0.23274038461538463 0.02311079545454547 0.10167307692307694
0 0.4199005681818182 0.7239230769230769 0.06130681818181822 0.10996153846153836
0 0.4007741477272727 0.8033653846153846 0.034588068181818137 0.0702307692307692
0 0.4439985795454545 0.9034038461538462 0.0738778409090909 0.04469230769230771
0 0.42015624999999995 0.9317788461538461 0.1048011363636364 0.07874999999999997
0 0.2826065340909091 0.9285769230769231 0.0759801136363636 0.07519230769230774
0 0.20112926136363637 0.9667788461538462 0.05029829545454547 0.06644230769230772
0 0.25745738636363635 0.9784807692307692 0.07284090909090905 0.04303846153846153
0 0.24225852272727275 0.9179423076923078 0.06130681818181818 0.07946153846153844
0 0.24017045454545452 0.8409711538461538 0.06235795454545456 0.07024999999999995
0 0.23257102272727276 0.8413269230769231 0.047159090909090935 0.10784615384615381
0 0.2095880681818182 0.24916346153846153 0.029659090909090902 0.05944230769230771
0 0.2692471590909091 0.8530288461538462 0.026193181818181813 0.04751923076923073
0 0.2509090909090909 0.7966346153846153 0.044005681818181805 0.052499999999999915
0 0.2834019886363636 0.8275 0.024105113636363636 0.08442307692307688
0 0.43352272727272734 0.8562211538461538 0.05710227272727271 0.07094230769230767
0 0.48330255681818185 0.8530288461538461 0.0581676136363637 0.10144230769230769
0 0.5097585227272727 0.9282307692307692 0.057642045454545515 0.07450000000000001
0 0.5603267045454546 0.9214807692307693 0.04872159090909092 0.08938461538461542
0 0.6285014204545454 0.04489423076923077 0.04990056818181818 0.08978846153846154
0 0.5949928977272727 0.02559615384615385 0.0199573863636363 0.0511923076923077
0 0.5705113636363636 0.011442307692307693 0.03278409090909089 0.022884615384615385
0 0.21574573863636362 0.18608653846153847 0.01964488636363638 0.06255769230769231
0 0.5574431818181819 0.04957692307692308 0.02471590909090906 0.057269230769230774
0 0.5417613636363636 0.04347115384615384 0.026619318181818195 0.08494230769230768
0 0.15829545454545454 0.5939807692307693 0.01909090909090909 0.05803846153846155
0 0.22936789772727273 0.6416634615384614 0.08487215909090909 0.07755769230769227
0 0.20730823863636363 0.5577788461538462 0.07893465909090908 0.1235192307692308
0 0.1767471590909091 0.5365288461538462 0.04838068181818182 0.060326923076923084
0 0.1652911931818182 0.6393653846153846 0.03819602272727273 0.038500000000000076
0 0.17441761363636363 0.6677980769230769 0.05051136363636362 0.07813461538461537
0 0.14132102272727273 0.6726923076923077 0.034375 0.029307692307692326
0 0.6083309659090909 0.2071730769230769 0.07447443181818182 0.07753846153846156
0 0.24655539772727272 0.20954807692307692 0.038906250000000024 0.08132692307692312
0 0.5840056818181818 0.24771153846153846 0.08420454545454542 0.13426923076923075
0 0.6189985795454546 0.1524519230769231 0.05464488636363632 0.1170576923076923
0 0.5899928977272727 0.06503846153846154 0.05950284090909089 0.0911923076923077
0 0.563984375 0.12609615384615383 0.07112215909090908 0.13023076923076923
0 0.5768963068181818 0.29128846153846155 0.04529829545454544 0.050153846153846125
0 0.549012784090909 0.22389423076923076 0.024701704545454527 0.0886730769230769
0 0.5233664772727273 0.1891826923076923 0.025823863636363645 0.042557692307692296
0 0.5158806818181818 0.2165480769230769 0.02357954545454549 0.08209615384615382
0 0.5276775568181818 0.165875 0.020213068181818207 0.026365384615384603
0 0.4969886363636364 0.17954807692307692 0.04940340909090905 0.07398076923076922
0 0.25984375 0.24108653846153846 0.036193181818181805 0.03178846153846154
0 0.5179474431818182 0.12051923076923077 0.0531392045454545 0.06434615384615386
0 0.48295454545454547 0.1387596153846154 0.025823863636363565 0.039019230769230764
0 0.4756534090909091 0.1238173076923077 0.03369318181818186 0.03040384615384617
0 0.4584375 0.16359615384615384 0.030681818181818213 0.05015384615384615
0 0.47209517045454547 0.19728846153846155 0.028082386363636337 0.035461538461538454
0 0.48632102272727273 0.2170576923076923 0.028068181818181805 0.03446153846153847
0 0.48875710227272734 0.10126923076923076 0.05688920454545456 0.03192307692307693
0 0.4758380681818182 0.0673173076923077 0.027329545454545467 0.03801923076923077
0 0.46348721590909087 0.0853076923076923 0.029559659090909095 0.042576923076923075
0 0.4490838068181818 0.1458653846153846 0.022457386363636367 0.08157692307692307
0 0.23038352272727272 0.28383653846153845 0.022727272727272728 0.0766346153846154
0 0.5113991477272727 0.08049038461538462 0.039303977272727296 0.03698076923076923
0 0.5104616477272728 0.05566346153846154 0.03669034090909089 0.05017307692307693
0 0.479765625 0.018163461538461538 0.043423295454545444 0.03598076923076923
0 0.4943678977272727 0.008192307692307691 0.016463068181818145 0.016384615384615383
0 0.5319815340909091 0.016048076923076925 0.04004261363636363 0.03209615384615385
0 0.5173863636363637 0.03707692307692308 0.03630681818181818 0.07415384615384615
0 0.48182528409090913 0.053884615384615385 0.039303977272727296 0.04965384615384615
0 0.4670383522727273 0.029567307692307695 0.024701704545454527 0.03548076923076924
0 0.44701704545454546 0.015288461538461539 0.030312500000000044 0.030576923076923078
0 0.4152059659090909 0.014528846153846153 0.04453125000000003 0.029057692307692305
0 0.24135653409090907 0.30365384615384616 0.02617897727272728 0.040153846153846144
0 0.3828551136363636 0.02758653846153846 0.03991477272727272 0.05163461538461538
0 0.4522585227272727 0.04780769230769231 0.024318181818181826 0.036500000000000005
0 0.42699573863636364 0.27912499999999996 0.023196022727272704 0.07144230769230771
0 0.3985511363636363 0.24669230769230768 0.031448863636363615 0.04915384615384616
0 0.3568181818181818 0.23528846153846153 0.03855113636363634 0.03242307692307692
0 0.3854545454545455 0.2542980769230769 0.023210227272727237 0.04205769230769229
0 0.4488920454545454 0.2922980769230769 0.020596590909090908 0.06132692307692305
0 0.3665482954545455 0.2170576923076923 0.030312500000000044 0.04053846153846154
0 0.3757244318181818 0.17879807692307692 0.04267045454545449 0.04105769230769232
0 0.3541974431818182 0.1572596153846154 0.019076704545454556 0.01824999999999999
0 0.2717826704545454 0.20172115384615383 0.03234375000000001 0.053173076923076934
0 0.3908806818181818 0.19576923076923075 0.01684659090909093 0.035461538461538454
0 0.4039772727272727 0.18741346153846153 0.013096590909090867 0.02482692307692307
0 0.37871448863636364 0.1509326923076923 0.041178977272727284 0.03598076923076925
0 0.40678977272727274 0.15852884615384616 0.025454545454545396 0.04813461538461539
0 0.3871377840909091 0.11140384615384614 0.04228693181818179 0.043076923076923075
0 0.38115056818181814 0.07567307692307693 0.02357954545454549 0.043576923076923076
0 0.43575994318181815 0.07500961538461538 0.03481534090909089 0.048134615384615394
0 0.4271519886363636 0.03448076923076923 0.024332386363636358 0.03496153846153846
0 0.4005752840909091 0.04309615384615385 0.030326704545454577 0.04003846153846154
0 0.4058167613636364 0.08641346153846154 0.03629261363636365 0.06182692307692307
0 0.27852272727272726 0.2431730769230769 0.07278409090909088 0.07976923076923077
0 0.42715198863636367 0.13505769230769232 0.045298295454545515 0.08311538461538463
0 0.47318892045454547 0.3012596153846154 0.026576704545454598 0.08513461538461535
0 0.14694602272727272 0.3734711538461538 0.03772727272727273 0.05917307692307694
0 0.1731463068181818 0.39374038461538463 0.016463068181818186 0.0705192307692308
0 0.18213068181818182 0.33071153846153845 0.02124999999999999 0.054730769230769194
0 0.20308948863636364 0.31125 0.03683238636363637 0.06365384615384614
0 0.22525568181818179 0.3418557692307692 0.0266477272727273 0.048634615384615366
0 0.14830255681818183 0.4134038461538462 0.03862215909090909 0.06930769230769235
0 0.15907670454545456 0.4350865384615385 0.044005681818181826 0.053519230769230736
0 0.2703338068181818 0.3434423076923077 0.08183238636363638 0.029961538461538432
0 0.03249289772727273 0.13238461538461538 0.06498579545454546 0.08238461538461539
0 0.1568252840909091 0.29270192307692305 0.033508522727272734 0.06932692307692305
0 0.19740056818181817 0.36961538461538457 0.03383522727272726 0.05715384615384615
0 0.3090696022727273 0.38203846153846155 0.02850852272727272 0.06538461538461539
0 0.2215411931818182 0.5779423076923076 0.05600852272727274 0.053115384615384516
0 0.23797585227272727 0.5745384615384616 0.03521306818181821 0.06265384615384613
0 0.27787642045454547 0.6169807692307693 0.04862215909090912 0.03950000000000004
0 0.29967329545454546 0.5927019230769232 0.027159090909090914 0.04267307692307692
0 0.27737215909090907 0.5829326923076923 0.020795454545454565 0.03132692307692301
0 0.28089488636363635 0.5581923076923077 0.0519886363636364 0.09261538461538456
0 0.24870028409090905 0.5586538461538462 0.04595170454545454 0.06992307692307695
0 0.2606036931818182 0.5180192307692307 0.028167613636363612 0.036769230769230776
0 0.186484375 0.2700192307692308 0.028110795454545465 0.0917692307692308
0 0.009240056818181817 0.6352692307692307 0.018480113636363635 0.01946153846153847
0 0.36678977272727276 0.9881826923076923 0.03647727272727274 0.022134615384615367
0 0.08327414772727272 0.6983365384615384 0.02419034090909091 0.024711538461538507
0 0.08623579545454545 0.7190192307692307 0.04539772727272728 0.028153846153846127
0 0.02009943181818182 0.7230384615384615 0.04019886363636364 0.018961538461538488
0 0.038075284090909094 0.6994903846153846 0.04836647727272727 0.039634615384615414
0 0.009083806818181817 0.784048076923077 0.018167613636363635 0.035673076923076946
0 0.007578125 0.7014903846153846 0.01515625 0.024134615384615407
0 0.023856534090909095 0.6750673076923076 0.025042613636363634 0.056288461538461614
0 0.009275568181818182 0.6704711538461539 0.018551136363636363 0.04824999999999995
0 0.18994318181818182 0.1292596153846154 0.043522727272727255 0.07924999999999999
0 0.004183238636363636 0.6440480769230769 0.008366477272727272 0.019519230769230834
0 0.09288352272727272 0.8010673076923077 0.057187499999999995 0.055942307692307756
0 0.07697443181818181 0.8758076923076922 0.030596590909090896 0.07946153846153844
0 0.04301846590909091 0.8647307692307692 0.08257102272727274 0.0743461538461539
0 0.11218749999999998 0.8772211538461538 0.0649715909090909 0.17763461538461528
0 0.05739346590909091 0.824576923076923 0.04072443181818182 0.10376923076923072
0 0.1549431818181818 0.8196153846153847 0.08005681818181816 0.1577692307692308
0 0.3967684659090909 0.8661442307692307 0.021264204545454583 0.05021153846153849
0 0.3790625 0.8390576923076923 0.0441761363636364 0.04569230769230768
0 0.3621803977272727 0.842326923076923 0.059105113636363615 0.08115384615384613
0 0.2165127840909091 0.06174038461538461 0.04813920454545457 0.07351923076923077
0 0.5986221590909091 0.8816346153846154 0.06227272727272732 0.0464230769230769
0 0.5432386363636363 0.8918173076923077 0.06000000000000001 0.04851923076923081
0 0.45421874999999995 0.7867019230769231 0.07230113636363641 0.07801923076923076
0 0.5276065340909091 0.8396250000000001 0.07958806818181814 0.0705192307692308
0 0.22190340909090908 0.12222115384615383 0.03119318181818179 0.10582692307692307
0 0.18860085227272724 0.06903846153846155 0.043906249999999994 0.06515384615384616
0 0.1491193181818182 0.04455769230769231 0.038125000000000006 0.08911538461538462
0 0.17819602272727272 0.026826923076923075 0.027727272727272743 0.05365384615384615
0 0.24212357954545452 0.014317307692307693 0.10629261363636365 0.028634615384615387
0 0.2540696022727273 0.06877884615384615 0.03157670454545453 0.06882692307692306
0 0.009580965909090909 0.1972980769230769 0.019161931818181818 0.04640384615384614
0 0.3418678977272727 0.028826923076923076 0.04774147727272729 0.05765384615384615
0 0.29977982954545457 0.05339423076923076 0.06683238636363634 0.07540384615384614
0 0.27912642045454544 0.0958076923076923 0.045014204545454545 0.08103846153846155
0 0.2563849431818182 0.1190576923076923 0.03481534090909089 0.07476923076923075
0 0.24640625 0.1435673076923077 0.03434659090909092 0.060942307692307685
0 0.2814488636363636 0.17969230769230768 0.037585227272727284 0.04900000000000001
0 0.2802840909090909 0.25508653846153845 0.047329545454545444 0.04901923076923073
0 0.2877130681818182 0.1551826923076923 0.03340909090909092 0.04524999999999998
0 0.2965340909090909 0.12250961538461538 0.028778409090909077 0.06032692307692307
0 0.33133522727272724 0.10869230769230769 0.05477272727272728 0.09549999999999999
0 0.06324573863636364 0.15923076923076923 0.10282670454545455 0.06411538461538462
0 0.3605752840909091 0.07601923076923077 0.03990056818181815 0.0866923076923077
0 0.34874289772727274 0.13916346153846154 0.03666193181818182 0.039596153846153836
0 0.3062784090909091 0.2614711538461538 0.07053977272727273 0.07351923076923081
0 0.5269815340909091 0.7412596153846154 0.0347301136363637 0.052903846153846135
0 0.561122159090909 0.7484711538461538 0.03670454545454542 0.13463461538461538
0 0.5072514204545455 0.7791923076923077 0.08998579545454541 0.09350000000000001
0 0.5187002840909091 0.681423076923077 0.04893465909090908 0.08707692307692314
0 0.5488778409090909 0.6720673076923077 0.03590909090909095 0.07694230769230767
0 0.5844034090909092 0.7679711538461539 0.04775568181818182 0.18859615384615383
0 0.4902769886363636 0.6760769230769231 0.04103693181818188 0.0785384615384616
0 0.042265625 0.07911538461538462 0.057769886363636364 0.058923076923076925
0 0.47627130681818175 0.7295096153846155 0.06274147727272729 0.06144230769230767
0 0.4429190340909091 0.6429519230769232 0.05603693181818188 0.11913461538461537
0 0.463046875 0.6107115384615385 0.0370880681818182 0.0785384615384616
0 0.47429687499999995 0.5767980769230769 0.03353693181818176 0.03205769230769223
0 0.4441122159090909 0.5361923076923076 0.03473011363636362 0.0673076923076923
0 0.4020809659090909 0.5204230769230769 0.08563920454545454 0.1180769230769231
0 0.49817471590909096 0.6077788461538461 0.05683238636363643 0.059826923076923104
0 0.5068536931818182 0.6342307692307693 0.04578125000000002 0.026192307692307702
0 0.4879119318181818 0.5543557692307692 0.05997159090909095 0.05128846153846157
0 0.6390625 0.7704711538461538 0.061562499999999964 0.0806730769230769
0 0.051505681818181825 0.03897115384615385 0.04622159090909092 0.05475
0 0.5936789772727272 0.7119615384615385 0.033153409090909136 0.078
0 0.619325284090909 0.6892596153846153 0.0576278409090909 0.10740384615384609
0 0.6647088068181819 0.6855192307692308 0.05919034090909093 0.09242307692307693
0 0.601171875 0.6502596153846154 0.030781250000000024 0.050749999999999976
0 0.696278409090909 0.7939807692307692 0.08840909090909084 0.13303846153846155
0 0.5234303977272727 0.5912115384615385 0.031576704545454574 0.05450000000000006
0 0.5660511363636364 0.6542692307692308 0.04420454545454546 0.04380769230769237
0 0.57 0.6288846153846154 0.061562499999999964 0.03365384615384615
0 0.7246946022727273 0.7571057692307692 0.058394886363636385 0.08494230769230761
0 0.7392968750000001 0.8303076923076923 0.03313920454545452 0.10419230769230771
