0 0.5816974431818182 0.6027596153846154 0.03654829545454548 0.06894230769230773
0 0.836200284090909 0.9678461538461538 0.02825284090909089 0.03419230769230764
0 0.40083806818181816 0.8599038461538461 0.052500000000000054 0.054653846153846185
0 0.8278196022727274 0.8927884615384616 0.03919034090909095 0.04626923076923067
0 0.5771661931818182 0.9853942307692307 0.03160511363636364 0.029211538461538455
0 0.5836789772727272 0.945278846153846 0.028437500000000056 0.057134615384615346
0 0.6050923295454546 0.9695192307692307 0.027883522727272722 0.06096153846153844
0 0.43563210227272725 0.7443173076923076 0.041718750000000006 0.04863461538461542
0 0.4490767045454545 0.7211923076923077 0.03994318181818182 0.05884615384615378
0 0.52984375 0.79075 0.06431818181818177 0.062576923076923
0 0.7584730113636362 0.713875 0.043224431818181745 0.11021153846153847
0 0.7122443181818181 0.7132019230769231 0.04923295454545458 0.0789038461538461
0 0.9822443181818182 0.21598076923076923 0.027045454545454494 0.026038461538461524
0 0.7338494318181819 0.6723846153846154 0.0542613636363637 0.04353846153846151
0 0.020220170454545452 0.6114134615384615 0.040440340909090905 0.06036538461538459
0 0.10425426136363636 0.7771442307692308 0.039190340909090904 0.048980769230769286
0 0.23698863636363637 0.4576826923076923 0.03499999999999998 0.05225000000000003
0 0.735362215909091 0.7512884615384615 0.04120738636363643 0.05169230769230768
0 0.3112713068181818 0.7574134615384616 0.04723011363636364 0.05851923076923078
0 0.4132741477272727 0.8973173076923078 0.030156250000000027 0.04444230769230772
0 0.28363636363636363 0.5601346153846154 0.03215909090909089 0.03946153846153843
0 0.8482173295454545 0.49060576923076926 0.08353693181818174 0.0707884615384615
0 0.8504900568181818 0.5346923076923076 0.07563920454545454 0.05138461538461533
0 0.8136931818181818 0.5025961538461539 0.035823863636363674 0.056346153846153865
0 0.773046875 0.5099230769230768 0.05461647727272734 0.06746153846153843
0 0.7986292613636364 0.5298942307692307 0.02884943181818174 0.035442307692307704
0 0.7397301136363637 0.5443846153846155 0.06011363636363627 0.03646153846153842
0 0.8410653409090909 0.4605961538461538 0.03917613636363626 0.04130769230769229
0 0.7865482954545455 0.5592019230769231 0.03403409090909096 0.044288461538461596
0 0.4363920454545455 0.6026730769230769 0.04446022727272729 0.04676923076923076
0 0.8156321022727272 0.5634326923076923 0.03211647727272729 0.05044230769230773
0 0.7209801136363636 0.33022115384615386 0.016874999999999994 0.01967307692307696
0 0.14139914772727272 0.887125 0.022088068181818177 0.04705769230769236
0 0.42549005681818186 0.4526923076923077 0.028394886363636376 0.0714230769230769
0 0.3300071022727273 0.3783365384615385 0.028934659090909098 0.04190384615384614
0 0.15897727272727272 0.9076442307692308 0.028409090909090908 0.04582692307692304
0 0.16965198863636363 0.8858653846153846 0.03691761363636365 0.048307692307692315
0 0.11738636363636364 0.8779615384615383 0.027244318181818192 0.0904615384615385
0 0.08034090909090909 0.8827884615384615 0.056960227272727273 0.07730769230769229
0 0.12709517045454544 0.925923076923077 0.04677556818181817 0.05076923076923084
0 0.4606960227272728 0.6048557692307692 0.03593750000000002 0.04863461538461542
0 0.114453125 0.9800480769230769 0.04870738636363636 0.03990384615384615
0 0.160859375 0.83975 0.07916193181818185 0.07903846153846159
0 0.28609375 0.02353846153846154 0.04693181818181821 0.04707692307692308
0 0.4308735795454546 0.635423076923077 0.058025568181818137 0.05023076923076924
0 0.3492684659090909 0.17309615384615384 0.03279829545454546 0.05203846153846154
0 0.13285511363636363 0.5429615384615384 0.0503125 0.048307692307692315
0 0.1961505681818182 0.48097115384615385 0.0480681818181818 0.0556346153846154
0 0.12604403409090909 0.5021057692307692 0.04214488636363634 0.052634615384615335
0 0.15342329545454544 0.5071923076923077 0.025426136363636352 0.04038461538461539
0 0.1016122159090909 0.5240288461538462 0.01569602272727272 0.021980769230769245
0 0.8620383522727273 0.9784326923076924 0.02583806818181826 0.03905769230769242
0 0.2130965909090909 0.4574038461538462 0.026846590909090917 0.04319230769230771
0 0.30498579545454546 0.3617019230769231 0.02778409090909091 0.08763461538461537
0 0.29647017045454543 0.13417307692307692 0.04217329545454545 0.0443846153846154
0 0.23703125 0.12034615384615384 0.08295454545454546 0.08773076923076922
0 0.3164346590909091 0.16178846153846152 0.03897727272727272 0.06315384615384616
0 0.4601278409090909 0.11600961538461539 0.03335227272727275 0.0809423076923077
0 0.4434588068181819 0.1890673076923077 0.05779829545454545 0.06671153846153846
0 0.014474431818181817 0.15992307692307692 0.028948863636363634 0.04384615384615384
0 0.02260653409090909 0.10724038461538461 0.04521306818181818 0.05951923076923076
0 0.09560369318181818 0.11829807692307692 0.04313920454545454 0.04421153846153847
0 0.8416051136363637 0.9900288461538462 0.034261363636363645 0.0199423076923077
0 0.4735440340909091 0.16676923076923078 0.0527130681818182 0.03911538461538462
0 0.9910866477272727 0.2974038461538462 0.017826704545454482 0.12011538461538461
0 0.829893465909091 0.15443269230769233 0.036349431818181704 0.06463461538461539
0 0.8004190340909091 0.45885576923076926 0.0425426136363637 0.05101923076923077
0 0.9509161931818183 0.9584326923076922 0.03265625000000001 0.03401923076923077
0 0.9026846590909091 0.8104711538461539 0.04221590909090913 0.05305769230769237
0 0.9814914772727273 0.9485673076923077 0.03701704545454538 0.03536538461538459
0 0.8278125 0.9390480769230769 0.02713068181818185 0.048980769230769286
0 0.4555184659090909 0.9382596153846153 0.03538352272727268 0.04117307692307697
0 0.5194176136363636 0.9814326923076924 0.034431818181818195 0.03713461538461539
0 0.8740624999999999 0.9920576923076924 0.028238636363636358 0.01588461538461537
0 0.4386505681818182 0.8987019230769231 0.04471590909090912 0.050749999999999976
0 0.5409872159090909 0.9510480769230769 0.02194602272727271 0.04401923076923074
0 0.484375 0.9159134615384615 0.04772727272727276 0.0353653846153847
0 0.559268465909091 0.9587788461538462 0.020667613636363654 0.03401923076923077
0 0.5213068181818182 0.9125192307692308 0.029147727272727245 0.034000000000000016
0 0.7011931818181818 0.9662596153846154 0.05928977272727274 0.059865384615384605
0 0.551328125 0.9247596153846154 0.04146306818181818 0.03401923076923087
0 0.4612642045454546 0.8790000000000001 0.07085227272727272 0.05200000000000004
0 0.4124928977272727 0.9404423076923076 0.0615767045454545 0.06326923076923084
0 0.9915411931818183 0.9783653846153846 0.016917613636363592 0.04326923076923077
0 0.9597017045454546 0.9859615384615386 0.022840909090908988 0.02807692307692312
0 0.7383735795454546 0.9704903846153846 0.03518465909090915 0.05140384615384608
0 0.8132457386363636 0.9662596153846155 0.0422017045454546 0.06259615384615387
0 0.9919460227272726 0.3798173076923077 0.016107954545454592 0.057711538461538446
0 0.8544460227272727 0.5745096153846154 0.06431818181818177 0.04063461538461537
0 0.8304545454545456 0.43020192307692307 0.0519886363636364 0.04082692307692306
0 0.4490411931818182 0.2176153846153846 0.058678977272727195 0.05526923076923076
0 0.49467329545454547 0.20571153846153845 0.056278409090909094 0.0761923076923077
0 0.7936505681818182 0.4181346153846154 0.03164772727272724 0.0595
0 0.5484375 0.5893846153846154 0.03718750000000001 0.06530769230769227
0 0.7584446022727271 0.5769038461538462 0.03723011363636353 0.03761538461538462
0 0.9819460227272727 0.9794519230769231 0.030056818181818136 0.04109615384615385
0 0.46156960227272725 0.46766346153846156 0.04612215909090913 0.0529807692307692
0 0.47909801136363633 0.24584615384615385 0.06933238636363637 0.05850000000000003
0 0.8277343749999999 0.3943269230769231 0.05913352272727272 0.03911538461538462
0 0.6253125 0.26966346153846155 0.07235795454545454 0.08163461538461536
0 0.2923224431818182 0.2853076923076923 0.05899147727272727 0.06665384615384615
0 0.20073153409090908 0.37756730769230773 0.03316761363636367 0.047134615384615365
0 0.24714488636363638 0.3306346153846154 0.0380965909090909 0.05392307692307691
0 0.33890625 0.21553846153846154 0.0703409090909091 0.06507692307692309
0 0.46314630681818175 0.02394230769230769 0.07379261363636362 0.04788461538461538
0 0.9279261363636363 0.4248173076923077 0.06568181818181819 0.07951923076923081
0 0.853330965909091 0.9039711538461539 0.03245738636363624 0.06267307692307698
0 0.8016832386363636 0.6084038461538461 0.0733664772727274 0.07626923076923071
0 0.6037073863636363 0.3336057692307693 0.051249999999999976 0.09525
0 0.8443963068181817 0.609798076923077 0.05024147727272728 0.059865384615384716
0 0.7312286931818183 0.5150673076923077 0.05691761363636371 0.05882692307692308
0 0.5720596590909092 0.4376923076923077 0.056278409090909094 0.08299999999999999
0 0.4670383522727272 0.6511250000000001 0.031150568181818192 0.050673076923076855
0 0.5146448863636364 0.7429615384615386 0.03392045454545454 0.07449999999999991
0 0.5381392045454546 0.7348365384615385 0.04772727272727268 0.05824999999999993
0 0.4282386363636364 0.8281634615384615 0.047954545454545444 0.08132692307692312
0 0.2972017045454546 0.9872115384615385 0.03920454545454544 0.025576923076923098
