0 0.3108522727272727 0.7565288461538461 0.04286931818181819 0.08313461538461542
0 0.7812571022727273 0.3697692307692308 0.022372159090909092 0.027653846153846143
0 0.8318963068181818 0.8562211538461538 0.06595170454545447 0.09413461538461536
0 0.3110440340909091 0.7787499999999999 0.030894886363636364 0.04392307692307698
0 0.7451704545454544 0.3369711538461539 0.03749999999999997 0.041634615384615395
0 0.7656818181818181 0.3371923076923077 0.02980113636363639 0.03253846153846157
0 0.8228053977272727 0.6033269230769231 0.03092329545454543 0.033769230769230774
0 0.6189133522727274 0.41289423076923076 0.045184659090909095 0.05640384615384618
0 0.33707386363636366 0.02495192307692308 0.0315625 0.043903846153846154
0 0.470703125 0.4525961538461538 0.050639204545454515 0.04469230769230771
0 0.3544815340909091 0.9154711538461537 0.04981534090909086 0.08209615384615385
0 0.19480113636363636 0.5105288461538462 0.044801136363636355 0.06275000000000004
0 0.6198579545454546 0.8780961538461539 0.021931818181818177 0.0405
0 0.24230113636363634 0.5805961538461539 0.029346590909090906 0.0386923076923077
0 0.8771590909090908 0.7036923076923077 0.03323863636363633 0.03103846153846151
0 0.9629332386363636 0.71225 0.03257102272727266 0.045461538461538435
0 0.05225142045454545 0.5313365384615384 0.028139204545454544 0.0455192307692308
0 0.7234090909090909 0.18116346153846152 0.053522727272727284 0.059865384615384605
0 0.4376988636363636 0.4643076923076923 0.025000000000000033 0.05942307692307688
0 0.6398011363636363 0.6388846153846154 0.06980113636363634 0.08326923076923079
0 0.04970880681818182 0.6236923076923078 0.06686079545454546 0.0619230769230769
0 0.564012784090909 0.8155288461538462 0.04387784090909089 0.06840384615384613
0 0.6293323863636363 0.8452884615384616 0.024232954545454547 0.033423076923076916
0 0.6251704545454545 0.9770769230769232 0.06582386363636368 0.0458461538461538
0 0.7394886363636364 0.021124999999999998 0.07536931818181819 0.042249999999999996
0 0.47519176136363633 0.5371923076923076 0.01921875000000004 0.029076923076923087
0 0.04113636363636364 0.1150576923076923 0.025312499999999995 0.03773076923076923
0 0.7890767045454545 0.34196153846153843 0.02852272727272717 0.03861538461538464
0 0.19807528409090908 0.7544326923076923 0.054446022727272746 0.045480769230769186
0 0.16814630681818182 0.551048076923077 0.04788352272727272 0.08313461538461542
0 0.8023650568181818 0.7297884615384616 0.039900568181818065 0.06346153846153846
0 0.2326065340909091 0.18664423076923078 0.03012784090909092 0.029057692307692305
0 0.502265625 0.47862499999999997 0.031718749999999976 0.044673076923076906
0 0.08977982954545455 0.4416153846153846 0.05160511363636364 0.04500000000000001
0 0.42824573863636367 0.5259134615384616 0.03748579545454544 0.07417307692307691
0 0.08645596590909091 0.515451923076923 0.055894886363636376 0.12175000000000001
0 0.9612713068181818 0.47775961538461537 0.046548295454545426 0.07244230769230767
0 0.5552982954545455 0.437625 0.02755681818181815 0.04598076923076922
0 0.7230255681818182 0.7400096153846154 0.03460227272727283 0.037326923076923015
0 0.2745809659090909 0.16344230769230772 0.05191761363636365 0.07288461538461537
0 0.5855823863636364 0.358875 0.05031249999999994 0.06725
0 0.9042542613636364 0.6967211538461539 0.03092329545454543 0.03871153846153845
0 0.7897230113636364 0.8325961538461539 0.0312926136363636 0.06692307692307695
0 0.09661931818181818 0.3569423076923077 0.03400568181818182 0.08415384615384619
0 0.9509659090909092 0.41227884615384613 0.03988636363636353 0.047711538461538465
0 0.2071519886363636 0.5703942307692308 0.03938920454545453 0.062211538461538395
0 0.32996448863636363 0.5068653846153846 0.048650568181818184 0.04288461538461546
0 0.6172017045454545 0.9154519230769231 0.02792613636363632 0.03871153846153845
0 0.9248863636363637 0.9910673076923078 0.04440340909090908 0.017865384615384654
0 0.6711221590909091 0.7487884615384616 0.033522727272727225 0.0285384615384616
0 0.7157315340909091 0.7162115384615385 0.03947443181818177 0.051230769230769205
0 0.4192755681818182 0.021625 0.03428977272727271 0.04325
0 0.6020738636363636 0.954375 0.038238636363636384 0.06886538461538451
0 0.9168394886363636 0.9573846153846155 0.0366619318181819 0.04576923076923079
0 0.4106178977272727 0.5096442307692307 0.0765767045454545 0.14055769230769233
0 0.4562855113636364 0.5445673076923077 0.02370738636363636 0.06117307692307693
0 0.9193821022727273 0.4611057692307692 0.06316761363636368 0.07424999999999997
0 0.22665482954545454 0.5549711538461539 0.03282670454545456 0.040788461538461496
0 0.17652698863636365 0.054384615384615385 0.0660085227272727 0.10876923076923077
0 0.9461434659090909 0.6393365384615385 0.03291193181818176 0.04636538461538464
0 0.7117755681818182 0.6438269230769231 0.04687500000000008 0.05265384615384615
0 0.0845028409090909 0.5591153846153847 0.050426136363636354 0.10850000000000003
0 0.4782599431818182 0.9614807692307693 0.07416193181818187 0.04550000000000005
0 0.9692471590909091 0.38527884615384617 0.06116477272727265 0.06571153846153849
0 0.8366051136363637 0.5556249999999999 0.04255681818181823 0.07155769230769227
0 0.45100142045454544 0.43957692307692303 0.03492897727272732 0.05249999999999997
0 0.6330184659090908 0.37840384615384615 0.06248579545454547 0.07246153846153848
0 0.09368607954545455 0.4725865384615385 0.03049715909090909 0.03705769230769227
0 0.5221377840909092 0.5096442307692307 0.03492897727272724 0.04163461538461534
0 0.48134943181818185 0.7214903846153845 0.05869318181818181 0.06117307692307693
0 0.8437571022727273 0.7041442307692307 0.042883522727272805 0.06617307692307697
0 0.6539488636363636 0.048115384615384615 0.07687500000000001 0.05969230769230769
0 0.6519389204545454 0.9674326923076925 0.041548295454545456 0.06255769230769237
0 0.122421875 0.4582980769230769 0.03634943181818182 0.05186538461538461
0 0.07531960227272728 0.31935576923076925 0.03205965909090909 0.04817307692307694
0 0.01588778409090909 0.6075480769230769 0.030497159090909096 0.05609615384615388
0 0.6789062499999999 0.7887980769230769 0.04531249999999997 0.054057692307692334
0 0.2678551136363636 0.24239423076923075 0.02883522727272729 0.08590384615384616
0 0.6636505681818182 0.8522788461538462 0.030965909090909106 0.06924999999999998
0 0.4473082386363636 0.4944519230769231 0.021150568181818243 0.028634615384615415
0 0.5753125 0.8576153846153847 0.03590909090909095 0.04726923076923074
0 0.17200994318181817 0.6564038461538463 0.02316761363636364 0.03765384615384612
0 0.8653622159090909 0.6249326923076923 0.047542613636363674 0.04994230769230763
0 0.6569602272727273 0.02673076923076923 0.07159090909090905 0.05346153846153846
0 0.9420738636363637 0.9737692307692308 0.032443181818181864 0.040769230769230856
0 0.3005397727272727 0.20464423076923074 0.04806818181818182 0.08590384615384616
0 0.22299005681818185 0.21137499999999998 0.03717329545454544 0.06551923076923079
0 0.23824573863636367 0.5139230769230769 0.041321022727272734 0.05907692307692313
0 0.2849715909090909 0.6896057692307693 0.02664772727272726 0.03190384615384611
0 0.1658309659090909 0.7248942307692308 0.04248579545454543 0.07109615384615389
0 0.15366477272727275 0.613 0.05522727272727274 0.07215384615384612
0 0.88546875 0.41744230769230767 0.05119318181818177 0.06346153846153846
0 0.65875 0.9485288461538461 0.03190340909090914 0.053557692307692355
0 0.5992755681818182 0.8793076923076923 0.021534090909090944 0.04919230769230766
0 0.6042045454545455 0.8297980769230769 0.03678977272727269 0.0716730769230769
0 0.6813920454545455 0.7202403846153845 0.03568181818181819 0.07686538461538456
0 0.7451846590909091 0.6184038461538462 0.03590909090909087 0.062115384615384635
0 0.40546875 0.8911538461538461 0.05985795454545453 0.06588461538461536
0 0.4900355113636364 0.9857884615384616 0.07762784090909088 0.028230769230769354
0 0.5692116477272727 0.7405192307692308 0.052940340909090965 0.07530769230769224
0 0.9808025568181818 0.433875 0.038394886363636326 0.05490384615384612
0 0.5952556818181818 0.6789423076923077 0.02857954545454546 0.04184615384615383
0 0.8989346590909091 0.37153846153846154 0.07946022727272735 0.06615384615384616
0 0.5718181818181818 0.8987980769230769 0.0628409090909091 0.07559615384615374
0 0.8523934659090909 0.6649903846153845 0.02492897727272737 0.04455769230769234
0 0.04090909090909091 0.2939519230769231 0.025795454545454552 0.051326923076923076
0 0.989943181818182 0.4820288461538462 0.02011363636363632 0.05940384615384618
0 0.3189559659090909 0.7044999999999999 0.04981534090909094 0.044961538461538456
0 0.009311079545454544 0.545625 0.01862215909090909 0.029634615384615433
0 0.41254261363636363 0.4547596153846154 0.04647727272727276 0.08459615384615392
0 0.04866477272727272 0.09358653846153846 0.02883522727272727 0.0364423076923077
0 0.5797585227272727 0.7739230769230769 0.04710227272727276 0.06196153846153851
0 0.8910369318181818 0.9694134615384616 0.04911931818181824 0.06117307692307693
0 0.12418323863636363 0.5202211538461539 0.044559659090909094 0.08044230769230772
0 0.8164133522727273 0.8431634615384616 0.029616477272727145 0.04375
0 0.007556818181818182 0.5699711538461538 0.015113636363636364 0.025403846153846225
0 0.8665269886363638 0.5774423076923076 0.06382102272727265 0.0756153846153846
0 0.02080965909090909 0.023798076923076922 0.04161931818181818 0.047596153846153844
0 0.06593039772727273 0.5771153846153847 0.027372159090909086 0.052384615384615404
0 0.016157670454545456 0.3050576923076923 0.03231534090909091 0.057692307692307696
0 0.12399147727272726 0.38550961538461537 0.04730113636363636 0.1032115384615385
0 0.10796164772727272 0.27700961538461544 0.03401988636363637 0.05874999999999997
0 0.7495028409090909 0.37645192307692305 0.045511363636363586 0.047711538461538465
0 0.8061931818181818 0.5593461538461538 0.04710227272727268 0.07723076923076928
0 0.11543323863636364 0.9766442307692308 0.053678977272727274 0.046519230769230875
0 0.4598082386363636 0.015278846153846155 0.08075284090909095 0.02994230769230769
0 0.47227982954545455 0.931673076923077 0.06140625000000002 0.05280769230769227
0 0.6993607954545454 0.012961538461538462 0.0267613636363636 0.025923076923076924
0 0.21507812500000004 0.7225384615384616 0.03282670454545453 0.03711538461538464
0 0.3508167613636364 0.6574519230769231 0.07183238636363636 0.04601923076923067
0 0.14787642045454544 0.6762692307692307 0.04441761363636363 0.08888461538461533
0 0.28517045454545453 0.7262019230769231 0.02857954545454546 0.05174999999999994
0 0.23276278409090911 0.15541346153846153 0.03941761363636364 0.04901923076923079
0 0.391875 0.025750000000000002 0.03974431818181821 0.051500000000000004
0 0.023515624999999995 0.5188942307692308 0.0457528409090909 0.04286538461538465
0 0.33287642045454546 0.5481057692307693 0.02455965909090912 0.05763461538461544
0 0.25424005681818185 0.203125 0.02467329545454542 0.03774999999999999
0 0.44872159090909086 0.9139038461538462 0.05909090909090904 0.04234615384615381
0 0.9183806818181818 0.413625 0.02926136363636367 0.033288461538461545
0 0.4904119318181818 0.5723269230769231 0.0535227272727272 0.06030769230769233
0 0.6954829545454545 0.6600384615384616 0.06215909090909089 0.06615384615384622
0 0.35985795454545455 0.023673076923076925 0.03420454545454543 0.04734615384615385
0 0.5907173295454545 0.3938076923076923 0.03365056818181818 0.0416538461538462
0 0.3320880681818182 0.9586057692307692 0.03900568181818183 0.07005769230769243
0 0.244140625 0.2449903846153846 0.02947443181818182 0.07028846153846151
0 0.34019886363636365 0.4755 0.04440340909090908 0.051230769230769205
0 0.2193252840909091 0.4825576923076923 0.06140625000000002 0.07580769230769228
0 0.5421661931818181 0.4896826923076923 0.046150568181818195 0.03990384615384615
0 0.6286647727272728 0.9444807692307692 0.0189488636363636 0.03465384615384612
0 0.15443892045454544 0.9858365384615384 0.04055397727272727 0.02832692307692311
0 0.6487784090909091 0.9005961538461539 0.04187500000000002 0.05580769230769227
0 0.06709517045454545 0.10899038461538461 0.02467329545454546 0.03340384615384615
0 0.4461860795454546 0.5222211538461538 0.017627840909090864 0.03471153846153848
0 0.5636789772727273 0.6798365384615385 0.047869318181818166 0.06886538461538462
