0 0.9770951704545454 0.9622980769230769 0.04580965909090909 0.07540384615384611
0 0.1759375 0.4996730769230769 0.031107954545454553 0.04061538461538457
0 0.2890269886363636 0.80875 0.03836647727272726 0.02288461538461534
0 0.8971519886363637 0.29858653846153843 0.05018465909090915 0.07240384615384617
0 0.14772727272727273 0.5801249999999999 0.022784090909090896 0.03236538461538459
0 0.20973721590909092 0.4243076923076923 0.038650568181818154 0.05588461538461533
0 0.9273792613636364 0.05088461538461539 0.03776988636363625 0.06415384615384616
0 0.4366974431818182 0.5131153846153846 0.02637784090909098 0.029884615384615315
0 0.06827414772727272 0.09367307692307693 0.041605113636363635 0.054076923076923085
0 0.8116548295454545 0.7772403846153846 0.04703125000000002 0.0490961538461539
0 0.5791903409090909 0.8695865384615384 0.051505681818181805 0.08159615384615375
0 0.5324431818181818 0.17181730769230769 0.03428977272727279 0.054980769230769236
0 0.3623508522727273 0.13308653846153845 0.05228693181818182 0.06967307692307691
0 0.40651988636363634 0.7963269230769231 0.05036931818181823 0.047730769230769216
0 0.8768678977272728 0.3408557692307692 0.02248579545454551 0.03971153846153847
0 0.06453835227272728 0.16474999999999998 0.028053977272727272 0.03680769230769231
0 0.47894886363636363 0.08942307692307692 0.045142045454545414 0.06938461538461539
0 0.43394886363636365 0.7948173076923077 0.019034090909090876 0.04167307692307685
0 0.2704971590909091 0.8025865384615385 0.028607954545454527 0.04401923076923085
0 0.01465909090909091 0.10852884615384616 0.02931818181818182 0.02813461538461539
0 0.9055752840909093 0.5613365384615384 0.04205965909090911 0.06078846153846156
0 0.0771875 0.21751923076923077 0.05971590909090909 0.09549999999999999
0 0.34615767045454543 0.2602019230769231 0.053338068181818236 0.041057692307692295
0 0.7065767045454545 0.023480769230769232 0.044119318181818266 0.046961538461538464
0 0.7189559659090908 0.8774711538461538 0.03365056818181818 0.07025000000000006
0 0.058501420454545455 0.1361634615384615 0.05120738636363636 0.03490384615384615
0 0.045468749999999995 0.1914519230769231 0.021931818181818177 0.03917307692307691
0 0.028053977272727272 0.08307692307692308 0.02900568181818182 0.0383076923076923
0 0.5580255681818183 0.10755769230769233 0.03374999999999999 0.05211538461538462
0 0.8231960227272727 0.3781538461538461 0.023778409090909104 0.03307692307692311
0 0.319921875 0.8382307692307692 0.05072443181818183 0.05546153846153852
0 0.027627840909090907 0.23861538461538465 0.055255681818181815 0.07188461538461541
0 0.12684659090909092 0.8120288461538462 0.034431818181818175 0.03148076923076924
0 0.896193181818182 0.6213557692307693 0.07218750000000007 0.06540384615384613
0 0.3817045454545455 0.5497788461538461 0.027954545454545465 0.06671153846153846
0 0.9168323863636364 0.35350961538461534 0.02991477272727281 0.041634615384615395
0 0.820887784090909 0.3473076923076924 0.041605113636363586 0.05184615384615386
0 0.5308167613636364 0.970798076923077 0.05407670454545454 0.05840384615384616
0 0.922684659090909 0.6967788461538461 0.05125000000000006 0.07963461538461532
0 0.39560369318181815 0.8580865384615385 0.03526988636363642 0.0651730769230769
0 0.9618394886363636 0.734548076923077 0.049531250000000006 0.07344230769230768
0 0.1975284090909091 0.19501923076923075 0.037982954545454556 0.05307692307692306
0 0.452421875 0.8088365384615385 0.053735795454545515 0.0682115384615384
0 0.24754261363636365 0.04009615384615385 0.06747159090909091 0.058653846153846154
0 0.194609375 0.008346153846153845 0.026803977272727278 0.01669230769230769
0 0.8519176136363636 0.4483173076923077 0.029715909090909196 0.06078846153846156
0 0.12850852272727273 0.45050961538461537 0.031448863636363636 0.04425000000000004
0 0.13235085227272728 0.8447115384615385 0.03242897727272727 0.039576923076923155
0 0.6031107954545455 0.04009615384615385 0.05116477272727278 0.054269230769230764
0 0.9388281249999999 0.5344134615384615 0.03921875000000002 0.06540384615384613
0 0.27098011363636365 0.39199999999999996 0.049886363636363645 0.03442307692307693
0 0.8371519886363636 0.7448653846153847 0.06268465909090909 0.09984615384615388
0 0.10197443181818183 0.09367307692307693 0.02911931818181819 0.04280769230769232
0 0.23688210227272724 0.13628846153846155 0.028821022727272716 0.04669230769230771
0 0.21263494318181816 0.01771153846153846 0.03669034090909093 0.03538461538461538
0 0.9725497159090909 0.6234615384615384 0.022343750000000027 0.03696153846153851
0 0.9503053977272728 0.9940192307692307 0.027855113636363657 0.011538461538461539
0 0.27017755681818184 0.7603269230769231 0.04225852272727273 0.059846153846153854
0 0.11861505681818181 0.09789423076923078 0.013309659090909098 0.032096153846153844
0 0.24905539772727273 0.3573269230769231 0.03080965909090909 0.04080769230769231
0 0.2754829545454545 0.23452884615384614 0.01181818181818181 0.016903846153846137
0 0.4026491477272728 0.5397403846153846 0.02157670454545454 0.045442307692307685
0 0.8311150568181819 0.43893269230769233 0.039616477272727255 0.07240384615384617
0 0.34326704545454545 0.9213653846153846 0.08284090909090908 0.07957692307692307
0 0.43310369318181813 0.4913653846153846 0.03646306818181821 0.029230769230769265
0 0.008977272727272728 0.20525961538461537 0.01775568181818182 0.05963461538461537
0 0.23660511363636363 0.40078846153846154 0.024232954545454547 0.028384615384615366
0 0.009822443181818182 0.09082692307692308 0.019644886363636364 0.02861538461538462
0 0.5551775568181818 0.4040961538461538 0.05302556818181816 0.07453846153846153
0 0.3546590909090909 0.28451923076923075 0.03968749999999996 0.046923076923076935
0 0.6129545454545454 0.25776923076923075 0.04758522727272727 0.0543076923076923
0 0.006775568181818181 0.16768269230769228 0.013551136363636362 0.040711538461538466
0 0.5858096590909091 0.008048076923076922 0.03599431818181815 0.016096153846153843
0 0.34236505681818186 0.22170192307692307 0.05311079545454547 0.045403846153846156
0 0.30203835227272724 0.7510865384615385 0.03316761363636363 0.043134615384615285
0 0.3673863636363636 0.4874615384615385 0.04125000000000003 0.05650000000000004
0 0.09510653409090909 0.12830769230769232 0.028707386363636365 0.025346153846153845
0 0.011967329545454547 0.13117307692307695 0.023934659090909093 0.03746153846153847
0 0.04139914772727273 0.6652403846153845 0.038224431818181824 0.06190384615384615
0 0.27078835227272724 0.4173461538461538 0.04700284090909091 0.08230769230769228
0 0.6201491477272727 0.8541442307692307 0.05149147727272727 0.07128846153846152
0 0.9945525568181818 0.1651923076923077 0.010894886363636306 0.05380769230769231
0 0.5464204545454545 0.14182692307692307 0.027414772727272742 0.029269230769230766
0 0.41183948863636355 0.8410384615384616 0.027428977272727275 0.047730769230769216
0 0.28708096590909093 0.7796923076923077 0.0305539772727273 0.03873076923076921
0 0.7204616477272728 0.9330673076923077 0.036264204545454586 0.04067307692307688
0 0.6312713068181819 0.8026442307692307 0.06319602272727275 0.06021153846153836
0 0.8536576704545454 0.3408557692307692 0.024928977272727207 0.02382692307692305
0 0.24514204545454543 0.778375 0.03511363636363636 0.06955769230769222
0 0.8713991477272726 0.44385576923076925 0.031690340909090994 0.06436538461538462
0 0.4627698863636363 0.8705865384615386 0.04869318181818186 0.03713461538461539
0 0.38873579545454545 0.5118173076923077 0.022556818181818174 0.04544230769230763
0 0.947080965909091 0.04118269230769231 0.026889204545454636 0.05317307692307693
0 0.4188991477272727 0.6155288461538462 0.08623579545454542 0.09044230769230764
0 0.10207386363636363 0.016721153846153847 0.026392045454545463 0.033442307692307695
0 0.08533380681818183 0.16576923076923078 0.030781249999999993 0.054076923076923085
0 0.3625994318181818 0.43649038461538464 0.04125000000000003 0.0571346153846154
0 0.3895241477272728 0.5795961538461538 0.02842329545454544 0.05838461538461541
0 0.9229119318181819 0.6459903846153845 0.039204545454545485 0.040788461538461496
0 0.2845525568181818 0.2564903846153846 0.016974431818181843 0.021634615384615384
0 0.23889914772727272 0.37285576923076924 0.026207386363636346 0.032826923076923066
0 0.5476988636363637 0.32126923076923075 0.04622159090909094 0.1003076923076923
0 0.4474928977272727 0.5475288461538462 0.07387784090909098 0.04675000000000001
0 0.15127130681818182 0.10352884615384615 0.05117897727272727 0.050134615384615396
0 0.5780610795454545 0.19679807692307694 0.05169034090909089 0.06782692307692306
0 0.012144886363636363 0.6767884615384615 0.02417613636363636 0.06519230769230765
0 0.6000426136363637 0.4376826923076923 0.05846590909090905 0.05521153846153842
0 0.12673295454545455 0.14576923076923076 0.04451704545454546 0.06476923076923077
0 0.5744886363636363 0.2708365384615385 0.05846590909090905 0.07271153846153847
0 0.48442471590909086 0.500778846153846 0.035497159090909024 0.020788461538461544
0 0.2637997159090909 0.33825 0.034076704545454556 0.07896153846153842
0 0.04578835227272727 0.05979807692307692 0.03151988636363636 0.06932692307692308
0 0.9526988636363637 0.6544519230769231 0.021676136363636352 0.03571153846153856
0 0.9851136363636364 0.5876153846153847 0.029772727272727326 0.04392307692307698
0 0.1918323863636364 0.47710576923076925 0.025568181818181837 0.03159615384615386
0 0.283828125 0.8316346153846155 0.02535511363636367 0.019384615384615354
0 0.9809446022727273 0.6370192307692307 0.03765624999999999 0.07215384615384612
0 0.9917755681818182 0.21902884615384619 0.016448863636363695 0.030134615384615388
0 0.8997869318181819 0.4241826923076923 0.04886363636363633 0.05363461538461541
0 0.20547585227272727 0.976875 0.07208806818181818 0.04625000000000002
0 0.9578125 0.5767115384615384 0.025284090909091006 0.051346153846153826
0 0.1309588068181818 0.4079326923076923 0.02328125 0.043134615384615396
0 0.5086505681818182 0.48259615384615384 0.044602272727272775 0.04026923076923082
0 0.24373579545454546 0.01133653846153846 0.030539772727272728 0.02267307692307692
0 0.7502414772727272 0.5239903846153846 0.01877840909090913 0.029326923076923077
0 0.5893181818181819 0.9668365384615385 0.048721590909090846 0.06632692307692309
0 0.4552201704545455 0.059875000000000005 0.05555397727272721 0.06894230769230769
0 0.14852272727272728 0.4198173076923077 0.03880681818181817 0.055865384615384636
0 0.47900568181818187 0.8255096153846153 0.0654829545454545 0.07274999999999997
0 0.8809232954545455 0.04750961538461538 0.05414772727272728 0.05640384615384615
0 0.41463778409090907 0.5647403846153846 0.023508522727272742 0.03313461538461531
0 0.01916903409090909 0.1597115384615385 0.020610795454545455 0.03146153846153846
0 0.34774147727272725 0.8812019230769231 0.08843749999999999 0.07198076923076924
0 0.06928977272727273 0.3380576923076923 0.018437500000000006 0.021653846153846135
0 0.58796875 0.8125576923076923 0.040965909090909136 0.05942307692307699
0 0.30756392045454545 0.8157884615384616 0.03251420454545453 0.03346153846153853
0 0.5864985795454545 0.09114423076923076 0.03901988636363632 0.06640384615384616
0 0.24481534090909093 0.81975 0.033153409090909094 0.046653846153846136
0 0.5537926136363637 0.9870384615384615 0.02357954545454549 0.02592307692307696
0 0.25409801136363636 0.15475961538461538 0.03762784090909092 0.0379423076923077
0 0.08262784090909091 0.09901923076923076 0.037017045454545455 0.06815384615384613
0 0.4300284090909091 0.8596057692307693 0.0414204545454545 0.04244230769230768
0 0.8479545454545455 0.30440384615384614 0.057443181818181734 0.07150000000000001
0 0.10509943181818181 0.16434615384615386 0.024545454545454547 0.06026923076923075
0 0.8742613636363636 0.01191346153846154 0.03749999999999997 0.02382692307692308
0 0.15371448863636364 0.4679807692307692 0.05183238636363636 0.05861538461538454
0 0.028813920454545453 0.1822596153846154 0.028053977272727272 0.05282692307692308
0 0.8910440340909092 0.6990480769230769 0.015071022727272747 0.02124999999999991
0 0.041086647727272725 0.15748076923076923 0.027173295454545457 0.03057692307692309
0 0.8212144886363636 0.4040673076923077 0.03697443181818178 0.02413461538461535
0 0.4669176136363636 0.5157115384615384 0.04653409090909089 0.029884615384615423
0 0.5224218749999999 0.12326923076923076 0.03955965909090904 0.05069230769230769
0 0.07155539772727272 0.5280192307692307 0.03484375 0.04161538461538459
0 0.07936789772727272 0.03416346153846154 0.03856534090909092 0.06832692307692308
0 0.04296875 0.4882403846153846 0.043267045454545454 0.049634615384615444
0 0.7175568181818182 0.44340384615384615 0.04357954545454546 0.08492307692307692
0 0.7552698863636365 0.7177788461538461 0.08045454545454543 0.13425
0 0.22906960227272724 0.44382692307692306 0.051122159090909065 0.05588461538461539
0 0.10603693181818183 0.4557596153846154 0.034715909090909096 0.06028846153846153
0 0.9337073863636363 0.5817307692307693 0.02215909090909094 0.03230769230769222
0 0.7175852272727273 0.020846153846153848 0.0324147727272728 0.041692307692307695
0 0.38693181818181815 0.8145192307692307 0.04142045454545458 0.072
0 0.8007457386363636 0.43045192307692304 0.054133522727272745 0.10905769230769233
0 0.5462855113636365 0.08983653846153847 0.027428977272727275 0.043557692307692304
0 0.7565056818181819 0.41748076923076916 0.05943181818181815 0.07061538461538461
0 0.897734375 0.031971153846153844 0.038565340909091035 0.06394230769230769
0 0.5105681818181819 0.5160384615384614 0.05517045454545459 0.06557692307692306
0 0.03970170454545455 0.11967307692307692 0.04082386363636364 0.0543076923076923
0 0.4587642045454546 0.49785576923076924 0.02542613636363641 0.026634615384615375
0 0.4134375 0.5118076923076923 0.02781250000000006 0.05065384615384616
0 0.06011363636363636 0.7765288461538462 0.04360795454545455 0.026942307692307675
0 0.4769886363636363 0.47448076923076926 0.037897727272727284 0.03442307692307693
0 0.8949360795454546 0.3523846153846154 0.025014204545454565 0.034653846153846174
0 0.2633451704545454 0.8474807692307692 0.062428977272727296 0.04576923076923068
0 0.9004616477272727 0.8444423076923078 0.07703125000000002 0.06823076923076926
0 0.4317045454545454 0.8955961538461538 0.049261363636363645 0.040153846153846144
0 0.7912499999999999 0.8125288461538461 0.059488636363636355 0.07209615384615387
0 0.9267116477272727 0.01210576923076923 0.05538352272727274 0.024134615384615386
0 0.9680113636363636 0.023365384615384618 0.03198863636363634 0.046730769230769235
0 0.10971590909090909 0.4098557692307692 0.03227272727272727 0.04921153846153841
0 0.06655539772727273 0.04258653846153845 0.03938920454545454 0.06982692307692306
0 0.9320099431818182 0.612125 0.04035511363636375 0.031557692307692245
0 0.6533593750000001 0.31772115384615385 0.045411931818181775 0.0556346153846154
0 0.3221946022727273 0.7805673076923076 0.05007102272727273 0.059865384615384605
0 0.6423721590909092 0.07783653846153847 0.0341477272727273 0.04325
0 0.7770880681818181 0.7457884615384616 0.07082386363636366 0.11200000000000002
0 0.990049715909091 0.014932692307692307 0.01990056818181817 0.02948076923076923
0 0.07467329545454546 0.8255384615384614 0.03357954545454545 0.040192307692307756
0 0.48521306818181825 0.018971153846153846 0.03914772727272728 0.03794230769230769
0 0.4266690340909091 0.8255 0.021264204545454583 0.037884615384615364
0 0.6864275568181818 0.8914807692307692 0.028963068181818163 0.04657692307692313
0 0.6963423295454546 0.9866634615384616 0.037599431818181775 0.02667307692307693
0 0.2508309659090909 0.41116346153846156 0.02205965909090909 0.015596153846153872
0 0.7592613636363637 0.51275 0.028636363636363592 0.03942307692307692
0 0.2564630681818182 0.11140384615384616 0.04730113636363634 0.07261538461538462
0 0.5535440340909091 0.1728846153846154 0.025838068181818177 0.047115384615384615
0 0.1678196022727273 0.798923076923077 0.0626846590909091 0.09334615384615377
0 0.6749573863636363 0.04110576923076923 0.06417613636363638 0.08221153846153846
