0 0.4532670454545455 0.6185576923076923 0.02477272727272727 0.029076923076923087
0 0.4742897727272727 0.09571153846153846 0.05460227272727272 0.04053846153846155
0 0.012244318181818183 0.3663173076923077 0.022897727272727274 0.06821153846153846
0 0.014119318181818184 0.09425961538461539 0.01460227272727273 0.016365384615384625
0 0.009090909090909092 0.0714326923076923 0.018181818181818184 0.030788461538461535
0 0.010227272727272727 0.041721153846153845 0.020454545454545454 0.05198076923076923
0 0.020511363636363637 0.017384615384615384 0.030823863636363635 0.03476923076923077
0 0.04470880681818182 0.016634615384615387 0.043252840909090914 0.03326923076923077
0 0.037407670454545454 0.04380769230769231 0.03276988636363636 0.040076923076923086
0 0.13394176136363636 0.053355769230769234 0.021491477272727266 0.036250000000000004
0 0.20246448863636363 0.20812499999999998 0.019019886363636343 0.024326923076923062
0 0.21039062500000003 0.18594230769230768 0.028536931818181822 0.028615384615384605
0 0.39801136363636364 0.07425 0.04931818181818186 0.05007692307692308
0 0.22553977272727274 0.20883653846153846 0.030653409090909068 0.041980769230769224
0 0.1962997159090909 0.2248173076923077 0.03981534090909091 0.051980769230769205
0 0.04357244318181818 0.2117019230769231 0.02325284090909091 0.034326923076923095
0 0.020852272727272726 0.21432692307692308 0.022897727272727268 0.034807692307692296
0 0.24034090909090908 0.15852884615384616 0.033465909090909095 0.03863461538461539
0 0.22835937499999998 0.14421153846153845 0.029247159090909094 0.04626923076923076
0 0.20404829545454548 0.1473076923076923 0.03417613636363637 0.04769230769230769
0 0.14291903409090911 0.068375 0.059190340909090915 0.08348076923076922
0 0.19946732954545457 0.038086538461538456 0.04544034090909088 0.0715576923076923
0 0.19489346590909093 0.045471153846153856 0.04191761363636364 0.062480769230769236
0 0.5888494318181818 0.13448076923076924 0.05721590909090905 0.048076923076923093
0 0.028707386363636365 0.06006730769230769 0.02713068181818182 0.03290384615384615
0 0.0565340909090909 0.07652884615384616 0.041221590909090916 0.03148076923076923
0 0.02254261363636364 0.08273076923076922 0.027471590909090907 0.02957692307692308
0 0.05495738636363636 0.09917307692307692 0.018323863636363635 0.03100000000000001
0 0.03223011363636363 0.1027596153846154 0.032755681818181816 0.03721153846153846
0 0.3807386363636363 0.9905288461538463 0.034517045454545474 0.018942307692307737
0 0.44276278409090913 0.4066730769230769 0.016292613636363595 0.046500000000000014
0 0.4383522727272728 0.3768653846153846 0.03127840909090915 0.03100000000000001
0 0.43350852272727275 0.35212499999999997 0.04184659090909096 0.028019230769230755
0 0.4141264204545454 0.3634519230769231 0.022457386363636367 0.04351923076923076
0 0.5851136363636363 0.17730769230769228 0.05693181818181816 0.04961538461538461
0 0.40333806818181817 0.3726923076923077 0.01937499999999998 0.02980769230769231
0 0.39541193181818185 0.3461634615384615 0.025539772727272755 0.03159615384615386
0 0.3910085227272727 0.38491346153846157 0.03875000000000004 0.026826923076923054
0 0.4255823863636364 0.40846153846153843 0.03039772727272724 0.05126923076923076
0 0.4031178977272727 0.4090576923076923 0.02686079545454549 0.022653846153846156
0 0.3850639204545455 0.36613461538461534 0.025980113636363666 0.02742307692307696
0 0.9902911931818181 0.8818461538461538 0.018167613636363586 0.05365384615384611
0 0.719921875 0.3685673076923077 0.03302556818181826 0.03994230769230766
0 0.7481107954545455 0.342625 0.0761931818181818 0.12521153846153843
0 0.7278480113636363 0.29046153846153844 0.0673721590909091 0.0971923076923077
0 0.6271306818181818 0.3163365384615385 0.03269886363636361 0.04578846153846154
0 0.7141974431818181 0.3971826923076923 0.055042613636363556 0.06974999999999996
0 0.690859375 0.37929807692307693 0.025980113636363586 0.04471153846153846
0 0.6796306818181819 0.39807692307692305 0.026420454545454497 0.04053846153846151
0 0.6691122159090909 0.36088461538461536 0.03876420454545449 0.048884615384615415
0 0.6904758522727273 0.34419230769230774 0.037428977272727225 0.04769230769230766
0 0.680127840909091 0.31438461538461543 0.044914772727272734 0.041730769230769266
0 0.6889346590909091 0.2917307692307692 0.04315340909090908 0.05842307692307691
0 0.6512357954545455 0.3536634615384615 0.047215909090909024 0.054865384615384614
0 0.6361079545454545 0.3393076923076923 0.04193181818181815 0.050076923076923116
0 0.6585653409090909 0.2979519230769231 0.044914772727272734 0.05186538461538461
0 0.5031392045454546 0.25006730769230767 0.05073863636363632 0.03290384615384615
0 0.642890625 0.27174038461538463 0.046235795454545474 0.04351923076923076
0 0.6862713068181818 0.2547403846153846 0.03436079545454545 0.05248076923076927
0 0.4837642045454546 0.28870192307692305 0.035227272727272746 0.06248076923076925
0 0.5602840909090909 0.29466346153846157 0.03607954545454542 0.03128846153846156
0 0.5674644886363637 0.31375000000000003 0.026775568181818213 0.02899999999999997
0 0.5450852272727272 0.3231538461538462 0.027301136363636402 0.05007692307692306
0 0.6701917613636363 0.2192596153846154 0.02333806818181811 0.04351923076923076
0 0.5886789772727273 0.30525961538461543 0.026420454545454577 0.03340384615384611
0 0.5933025568181818 0.32851923076923073 0.027741477272727234 0.041730769230769266
0 0.5814133522727273 0.343125 0.033025568181818184 0.0339807692307692
0 0.5660014204545455 0.343125 0.024218750000000015 0.0339807692307692
0 0.5695241477272727 0.36935576923076924 0.03654829545454548 0.03994230769230766
0 0.5375923295454546 0.36577884615384615 0.03700284090909092 0.05305769230769231
0 0.49465198863636367 0.38187499999999996 0.023338068181818192 0.054250000000000013
0 0.49068892045454543 0.3616057692307692 0.03919034090909095 0.04351923076923076
0 0.47769886363636355 0.39528846153846153 0.033465909090909095 0.04292307692307697
0 0.37090198863636364 0.41234615384615386 0.030298295454545432 0.0395769230769231
0 0.6543536931818182 0.21945192307692307 0.01973011363636362 0.03959615384615385
0 0.8143607954545454 0.2614326923076923 0.048892045454545396 0.04771153846153844
0 0.8079758522727274 0.2808076923076923 0.043167613636363615 0.06380769230769232
0 0.846953125 0.289451923076923 0.03830965909090913 0.056057692307692315
0 0.9799147727272728 0.5495096153846154 0.04017045454545451 0.05844230769230767
0 0.9653338068181818 0.5238653846153846 0.030383522727272707 0.05484615384615392
0 0.7816619318181818 0.4421057692307692 0.03832386363636366 0.0446346153846154
0 0.7699644886363637 0.4503173076923077 0.031860795454545385 0.040442307692307694
0 0.7757528409090909 0.5184615384615385 0.022017045454545456 0.033384615384615304
0 0.9003764204545455 0.5998461538461538 0.05725852272727265 0.05126923076923082
0 0.906541193181818 0.6123653846153846 0.05901988636363646 0.048884615384615304
0 0.6311008522727272 0.22014423076923076 0.032599431818181805 0.07094230769230767
0 0.8999360795454546 0.5780865384615385 0.04933238636363623 0.048288461538461565
0 0.9329616477272729 0.7826346153846154 0.029502840909091044 0.049499999999999905
0 0.9596022727272726 0.7820384615384615 0.02465909090909093 0.05188461538461531
0 0.95828125 0.7948557692307692 0.026420454545454417 0.04055769230769237
0 0.9470525568181819 0.7581826923076923 0.04007102272727278 0.035173076923076856
0 0.965106534090909 0.8425576923076923 0.02157670454545446 0.05484615384615381
0 0.9382457386363636 0.8324230769230769 0.03654829545454548 0.03934615384615381
0 0.9250355113636363 0.8491538461538461 0.03566761363636366 0.03696153846153851
0 0.952556818181818 0.8628653846153846 0.026420454545454577 0.03576923076923081
0 0.9435298295454545 0.8780673076923078 0.02686079545454557 0.03636538461538466
0 0.6531036931818182 0.09667307692307692 0.05990056818181821 0.09838461538461538
0 0.9175497159090908 0.8697211538461538 0.030383522727272707 0.03755769230769226
0 0.7168110795454545 0.7198846153846155 0.03830965909090913 0.047692307692307714
0 0.8403835227272727 0.9538653846153846 0.023778409090909104 0.08346153846153853
0 0.8152769886363636 0.918875 0.02958806818181824 0.036250000000000046
0 0.8059446022727272 0.8990673076923077 0.0355823863636363 0.0348269230769231
0 0.8024147727272727 0.8697403846153846 0.03346590909090901 0.036250000000000046
0 0.7149786931818182 0.8698461538461538 0.04975852272727277 0.08703846153846152
0 0.5663068181818182 0.9420673076923077 0.05284090909090908 0.08109615384615376
0 0.6695738636363636 0.9418269230769231 0.031704545454545444 0.03815384615384621
0 0.74421875 0.9594134615384615 0.05241477272727269 0.04590384615384616
0 0.36267045454545455 0.005807692307692308 0.02687499999999994 0.011615384615384616
0 0.6953338068181818 0.9483846153846153 0.027741477272727234 0.034576923076923005
0 0.7149289772727273 0.9671634615384614 0.022017045454545456 0.05901923076923077
0 0.6814630681818182 0.976701923076923 0.037869318181818136 0.04113461538461547
0 0.6618678977272728 0.9626923076923076 0.022457386363636367 0.051269230769230706
0 0.6389630681818183 0.9582211538461538 0.025113636363636373 0.04232692307692306
0 0.6512997159090909 0.9890961538461539 0.027741477272727234 0.02180769230769226
0 0.6093465909090909 0.9817980769230769 0.06335227272727267 0.03640384615384617
0 0.6094602272727273 0.9650288461538461 0.03874999999999996 0.03874999999999996
0 0.571590909090909 0.9885769230769232 0.02553977272727267 0.022653846153846212
0 0.5044176136363636 0.9925192307692308 0.035795454545454526 0.014884615384615402
0 0.5094673295454545 0.16597115384615385 0.03359375000000005 0.03175000000000001
0 0.25865056818181814 0.9861442307692307 0.048437499999999994 0.02771153846153851
0 0.4421519886363636 0.6598557692307693 0.01691761363636367 0.017173076923076826
0 0.27774857954545457 0.8387596153846153 0.046235795454545474 0.060365384615384696
0 0.29178977272727274 0.8529230769230769 0.03028409090909094 0.052923076923076885
0 0.4700994318181818 0.6481346153846154 0.015852272727272684 0.018615384615384627
0 0.47186079545454546 0.6262019230769231 0.04403409090909091 0.03863461538461545
0 0.44526278409090914 0.6419326923076923 0.04015625000000005 0.022903846153846094
0 0.6572017045454545 0.249375 0.028181818181818145 0.032211538461538486
0 0.43014204545454543 0.6193076923076923 0.02917613636363631 0.045461538461538435
0 0.2538565340909091 0.5278846153846154 0.02958806818181816 0.04053846153846162
0 0.5000071022727273 0.06995192307692308 0.03134943181818181 0.06248076923076922
0 0.24760653409090908 0.5562980769230769 0.02862215909090906 0.04471153846153846
0 0.3037713068181818 0.46298076923076925 0.03700284090909089 0.04673076923076925
0 0.29994318181818186 0.48482692307692304 0.03875 0.04292307692307691
0 0.25285511363636365 0.6862884615384616 0.04536931818181818 0.041961538461538446
0 0.2666690340909091 0.745048076923077 0.029588068181818198 0.04044230769230764
0 0.2675071022727273 0.7112788461538462 0.026775568181818175 0.03167307692307698
0 0.2494247159090909 0.717875 0.030269886363636367 0.04471153846153846
0 0.24694602272727276 0.7622115384615386 0.02642045454545454 0.04696153846153849
0 0.19863636363636364 0.7697211538461538 0.05670454545454548 0.10955769230769236
0 0.03519176136363636 0.8933173076923077 0.02958806818181818 0.030519230769230778
0 0.47023437500000004 0.07161538461538461 0.04157670454545452 0.04388461538461538
0 0.02321022727272727 0.898653846153846 0.03551136363636364 0.028230769230769243
0 0.029055397727272725 0.9209038461538461 0.027741477272727275 0.024115384615384546
0 0.009289772727272728 0.9145 0.018579545454545456 0.03265384615384608
0 0.06622159090909091 0.8597307692307692 0.029034090909090916 0.04350000000000001
0 0.1284588068181818 0.8000576923076923 0.034531250000000006 0.04149999999999997
0 0.106796875 0.7797788461538462 0.04333806818181818 0.03528846153846158
0 0.0960440340909091 0.7495961538461537 0.043167613636363636 0.035769230769230706
0 0.01879971590909091 0.4811153846153846 0.03759943181818182 0.03292307692307693
0 0.08199573863636363 0.4451057692307692 0.035241477272727265 0.04959615384615383
0 0.02440340909090909 0.3679807692307692 0.02465909090909091 0.07346153846153844
