0 0.18618607954545457 0.1801346153846154 0.035610795454545464 0.0375
0 0.32020596590909095 0.5052307692307693 0.025099431818181802 0.047230769230769236
0 0.25715909090909095 0.059730769230769226 0.03707386363636363 0.03196153846153846
0 0.8797088068181819 0.6359230769230769 0.03569602272727272 0.028576923076923104
0 0.2559161931818182 0.6531442307692308 0.028650568181818162 0.04244230769230768
0 0.5833238636363637 0.25663461538461535 0.030539772727272728 0.04488461538461539
0 0.1081747159090909 0.3542211538461538 0.026832386363636364 0.036634615384615404
0 0.9012215909090909 0.8199134615384616 0.014176136363636389 0.03113461538461538
0 0.6123153409090909 0.9733365384615384 0.043920454545454485 0.05332692307692311
0 0.07369318181818181 0.8612884615384615 0.016761363636363644 0.021884615384615377
0 0.10258522727272727 0.2522115384615385 0.04616477272727273 0.059846153846153854
0 0.23191761363636365 0.12312500000000001 0.031874999999999994 0.037750000000000006
0 0.5805539772727273 0.9241346153846154 0.028551136363636317 0.018230769230769266
0 0.8828622159090909 0.6056442307692308 0.04336647727272724 0.04471153846153846
0 0.03276988636363636 0.9301730769230769 0.03633522727272727 0.039076923076923176
0 0.12605113636363638 0.1464423076923077 0.026960227272727278 0.04753846153846155
0 0.5722017045454545 0.28381730769230773 0.0253693181818182 0.04459615384615384
0 0.8253053977272727 0.43023076923076925 0.014957386363636326 0.017769230769230787
0 0.7325071022727272 0.5489711538461539 0.031235795454545388 0.021596153846153772
0 0.5629900568181818 0.24218269230769232 0.024644886363636317 0.01894230769230771
0 0.03470170454545454 0.21905769230769231 0.031022727272727278 0.033730769230769245
0 0.21161931818181817 0.27333653846153844 0.031704545454545444 0.047711538461538465
0 0.33540482954545453 0.086125 0.024531249999999973 0.04817307692307693
0 0.6791477272727273 0.1135576923076923 0.028323863636363633 0.032923076923076916
0 0.9491832386363637 0.46502884615384615 0.017144886363636272 0.039634615384615414
0 0.5656249999999999 0.20877884615384615 0.03954545454545459 0.058788461538461526
0 0.9887144886363637 0.8978076923076923 0.022571022727272707 0.038499999999999965
0 0.3029971590909091 0.20190384615384618 0.03244318181818182 0.05842307692307694
0 0.29058948863636364 0.5696538461538462 0.012769886363636336 0.016076923076922992
0 0.8294460227272729 0.15725000000000003 0.037528409090909036 0.047576923076923065
0 0.621484375 0.8858269230769231 0.04029829545454546 0.04588461538461541
0 0.8987713068181816 0.7768750000000001 0.016122159090909124 0.023903846153846168
0 0.1510440340909091 0.7927307692307692 0.0763778409090909 0.06823076923076915
0 0.7931818181818181 0.4905576923076923 0.02659090909090913 0.024153846153846158
0 0.8526846590909091 0.40571153846153846 0.0390625 0.06096153846153844
0 0.23849431818181815 0.507778846153846 0.044090909090909076 0.039788461538461536
0 0.6505042613636364 0.04476923076923077 0.03521306818181821 0.037961538461538456
0 0.8272230113636364 0.496625 0.020838068181818284 0.03013461538461536
0 0.9863139204545455 0.5177019230769231 0.02728693181818187 0.05305769230769231
0 0.7992755681818182 0.5513942307692308 0.025823863636363565 0.033326923076923046
0 0.73171875 0.5306442307692307 0.035482954545454574 0.02925000000000007
0 0.4962144886363637 0.9760961538461538 0.07257102272727269 0.047807692307692336
0 0.42490056818181815 0.5130576923076923 0.03568181818181819 0.048923076923076916
0 0.13257812500000002 0.22700961538461537 0.04626420454545455 0.035903846153846154
0 0.9633025568181818 0.1633269230769231 0.027855113636363657 0.045269230769230784
0 0.8685085227272729 0.9894326923076923 0.019403409090909044 0.0211346153846154
0 0.21014914772727272 0.12557692307692306 0.01973011363636362 0.025230769230769227
0 0.019808238636363634 0.18939423076923076 0.03862215909090909 0.04009615384615384
0 0.9853622159090908 0.8769711538461538 0.029247159090909136 0.043596153846153875
0 0.6431321022727272 0.17060576923076923 0.028849431818181823 0.027057692307692293
0 0.29563920454545456 0.19928846153846153 0.014886363636363663 0.024692307692307697
0 0.011541193181818182 0.6089711538461537 0.023082386363636364 0.04559615384615381
0 0.21171164772727274 0.055365384615384615 0.03859374999999998 0.026115384615384613
0 0.191875 0.22963461538461538 0.029772727272727284 0.02519230769230768
0 0.18220880681818183 0.8141730769230769 0.03890625 0.04234615384615381
0 0.8811363636363635 0.1519326923076923 0.026903409090909006 0.038442307692307685
0 0.6172727272727273 0.9264903846153846 0.030852272727272766 0.03174999999999998
0 0.33725852272727275 0.2601538461538462 0.03392045454545454 0.028423076923076898
0 0.2666903409090909 0.551548076923077 0.018863636363636326 0.02275000000000008
0 0.005383522727272727 0.7867115384615385 0.010397727272727274 0.03938461538461531
0 0.07321022727272727 0.1729423076923077 0.022812500000000003 0.03780769230769233
0 0.15857954545454545 0.7806923076923078 0.03875 0.05257692307692303
0 0.08880681818181818 0.8184807692307693 0.04815340909090909 0.06776923076923079
0 0.14380681818181817 0.26198076923076924 0.022500000000000006 0.0365769230769231
0 0.3732102272727273 0.2647403846153846 0.023948863636363657 0.03932692307692306
0 0.2903764204545455 0.7538942307692307 0.03061079545454543 0.044249999999999984
0 0.5472301136363636 0.9178846153846154 0.02446022727272731 0.0398846153846154
0 0.6166903409090909 0.9075576923076923 0.04997159090909092 0.019423076923076966
0 0.797450284090909 0.5320673076923077 0.03311079545454538 0.05459615384615382
0 0.02823863636363636 0.8027211538461538 0.053636363636363635 0.026173076923076948
0 0.6877698863636363 0.031375 0.04991477272727271 0.062365384615384614
0 0.2541619318181818 0.12654807692307693 0.02434659090909089 0.04313461538461537
0 0.18849431818181817 0.7651634615384615 0.035170454545454574 0.04148076923076922
0 0.8875426136363636 0.9912884615384616 0.021051136363636435 0.017423076923076927
0 0.027308238636363637 0.02631730769230769 0.029928977272727274 0.037403846153846156
0 0.1624715909090909 0.7607692307692309 0.03142045454545455 0.047192307692307735
0 0.3090340909090909 0.36542307692307696 0.045085227272727284 0.06742307692307693
0 0.8927982954545454 0.6703846153846155 0.019715909090909086 0.03726923076923076
0 0.4741974431818182 0.1231923076923077 0.0787926136363636 0.11284615384615386
0 0.2652272727272727 0.11401923076923078 0.03480113636363636 0.05865384615384617
0 0.6391761363636363 0.09916346153846153 0.01684659090909093 0.029442307692307698
0 0.9555113636363637 0.7583557692307693 0.027528409090909086 0.036634615384615404
0 0.38075284090909084 0.31614423076923076 0.027812499999999976 0.0327115384615385
0 0.9643536931818182 0.415875 0.02061079545454544 0.035673076923076946
0 0.23103693181818177 0.16107692307692306 0.02809659090909091 0.029038461538461555
0 0.5925284090909091 0.27201923076923074 0.018437500000000027 0.033115384615384616
0 0.2912357954545455 0.5120288461538461 0.01792613636363637 0.04232692307692306
0 0.5337357954545454 0.9711826923076923 0.028835227272727207 0.03186538461538449
0 0.9275994318181818 0.44626923076923075 0.0288920454545455 0.03288461538461543
0 0.29973011363636365 0.45183653846153843 0.015625 0.02459615384615383
0 0.9491051136363637 0.18969230769230766 0.028920454545454565 0.032961538461538466
0 0.7972088068181818 0.6147692307692307 0.022372159090909092 0.0476153846153846
0 0.028437500000000004 0.2759423076923077 0.024375000000000004 0.028423076923076926
0 0.35003551136363636 0.2764807692307692 0.02813920454545451 0.03638461538461536
0 0.6193536931818181 0.28607692307692306 0.018053977272727242 0.03173076923076923
0 0.89078125 0.20385576923076923 0.012017045454545506 0.043288461538461546
0 0.15764204545454544 0.8482980769230769 0.023693181818181808 0.02686538461538467
0 0.8620809659090909 0.4487307692307692 0.024900568181818142 0.040269230769230765
0 0.9238991477272727 0.42378846153846156 0.01808238636363639 0.02423076923076922
0 0.27423295454545454 0.4460192307692308 0.027244318181818192 0.03142307692307693
0 0.2363068181818182 0.24726923076923074 0.032556818181818166 0.057999999999999996
0 0.05757102272727273 0.007125 0.056647727272727266 0.01425
0 0.9724289772727271 0.13065384615384615 0.022954545454545408 0.03673076923076922
0 0.7507883522727273 0.46321153846153845 0.035184659090909225 0.07319230769230764
0 0.6679261363636364 0.08820192307692308 0.021363636363636394 0.02463461538461539
0 0.4904190340909091 0.47457692307692306 0.026576704545454598 0.024615384615384636
0 0.9370383522727272 0.4717019230769231 0.01703125000000001 0.04332692307692308
0 0.7525142045454545 0.5544038461538461 0.02701704545454543 0.01769230769230767
0 0.16624999999999998 0.029307692307692305 0.03477272727272728 0.05815384615384615
0 0.5374360795454546 0.011509615384615384 0.02845170454545459 0.022942307692307692
0 0.27339488636363635 0.36815384615384616 0.04755681818181821 0.06438461538461542
0 0.9599644886363637 0.7507403846153846 0.03578124999999992 0.0449423076923077
0 0.9379687499999999 0.22376923076923078 0.012585227272727291 0.02726923076923078
0 0.952528409090909 0.48975 0.024062499999999917 0.04057692307692312
0 0.376328125 0.9935673076923076 0.02546874999999997 0.012557692307692256
0 0.8601278409090909 0.5426442307692307 0.048892045454545396 0.02686538461538467
0 0.30145596590909096 0.04873076923076923 0.02444602272727274 0.02092307692307693
0 0.2749715909090909 0.9797211538461539 0.02985795454545456 0.02513461538461537
0 0.01879971590909091 0.014038461538461538 0.03759943181818182 0.028076923076923076
0 0.3104971590909091 0.07089423076923076 0.026335227272727302 0.030903846153846153
0 0.5956107954545454 0.9816634615384616 0.023409090909090935 0.03667307692307691
0 0.7773721590909091 0.4745384615384615 0.025397727272727266 0.02749999999999997
0 0.2703551136363636 0.15659615384615386 0.03727272727272724 0.03746153846153847
0 0.16865767045454547 0.24272115384615386 0.028622159090909097 0.043596153846153875
0 0.2457102272727273 0.24450961538461538 0.021335227272727287 0.03851923076923077
0 0.188828125 0.8347884615384616 0.04120738636363635 0.03134615384615387
0 0.9745241477272728 0.49623076923076925 0.027968749999999917 0.04423076923076929
0 0.14274147727272726 0.1993269230769231 0.01823863636363637 0.03219230769230768
0 0.8882102272727272 0.8188557692307692 0.037982954545454556 0.03609615384615381
0 0.2592684659090909 0.7069711538461538 0.029673295454545435 0.02463461538461528
0 0.8001065340909093 0.4700288461538462 0.02964488636363637 0.02471153846153845
0 0.6296377840909091 0.20329807692307694 0.028338068181818166 0.03640384615384617
0 0.041569602272727275 0.857326923076923 0.028792613636363637 0.030807692307692272
0 0.004971590909090909 0.8442884615384615 0.009943181818181818 0.030730769230769155
0 0.08439630681818182 0.15118269230769232 0.029502840909090902 0.06851923076923079
0 0.796875 0.11199038461538462 0.041079545454545556 0.07421153846153847
0 0.9095170454545454 0.15776923076923074 0.02318181818181825 0.022692307692307685
0 0.085703125 0.20176923076923078 0.04055397727272727 0.026923076923076925
0 0.5670170454545455 0.8666538461538461 0.03440340909090913 0.0803846153846154
0 0.3315696022727273 0.3630673076923077 0.02430397727272725 0.04913461538461535
0 0.21316761363636363 0.013067307692307692 0.02991477272727273 0.026096153846153845
0 0.8665838068181819 0.25784615384615384 0.02938920454545446 0.04538461538461537
0 0.8957599431818182 0.12741346153846153 0.02589488636363639 0.055326923076923086
0 0.24718749999999998 0.28217307692307697 0.014403409090909113 0.05488461538461537
0 0.6060369318181817 0.8682211538461538 0.019119318181818154 0.04959615384615389
0 0.35626420454545454 0.32634615384615384 0.024630681818181864 0.03649999999999998
0 0.8547301136363636 0.5086346153846154 0.03835227272727273 0.032692307692307694
0 0.883309659090909 0.5238846153846153 0.023977272727272722 0.01649999999999997
0 0.24240767045454545 0.6616826923076923 0.034218749999999964 0.03798076923076923
0 0.52984375 0.16278846153846155 0.02883522727272729 0.06411538461538459
0 0.15343039772727274 0.8274423076923076 0.028281249999999994 0.026153846153846087
0 0.36297585227272733 0.3551923076923077 0.05061079545454549 0.0496923076923077
0 0.1815411931818182 0.04781730769230769 0.02353693181818183 0.039596153846153836
0 0.40678977272727274 0.9747019230769232 0.03542613636363636 0.05059615384615385
0 0.9910298295454545 0.43722115384615384 0.017826704545454642 0.023326923076923068
0 0.7290411931818181 0.5720288461538462 0.031576704545454574 0.0318269230769231
0 0.12829545454545455 0.27410576923076924 0.029176136363636373 0.022326923076923102
0 0.05311789772727273 0.8337211538461538 0.021264204545454548 0.027288461538461536
0 0.7432954545454545 0.2917403846153846 0.02349431818181813 0.03167307692307692
0 0.9484161931818181 0.4266057692307692 0.015071022727272747 0.03494230769230767
0 0.6446519886363636 0.20156730769230768 0.024701704545454527 0.04186538461538461
0 0.9921022727272728 0.8399326923076923 0.015653409090909228 0.03871153846153845
0 0.9538423295454546 0.2402019230769231 0.05052556818181809 0.06736538461538459
0 0.9590198863636364 0.7051057692307692 0.02323863636363638 0.014903846153846155
0 0.8653693181818182 0.48074038461538465 0.023409090909090935 0.03817307692307697
0 0.6553409090909091 0.07623076923076923 0.03156250000000004 0.03430769230769232
0 0.3812286931818182 0.28304807692307693 0.029559659090909095 0.057596153846153825
0 0.5422372159090909 0.9877019230769231 0.022571022727272707 0.024596153846153886
0 0.31938920454545455 0.1945 0.023295454545454553 0.04523076923076925
0 0.9450852272727274 0.09603846153846153 0.037698863636363586 0.0613846153846154
0 0.22128551136363636 0.212625 0.015980113636363636 0.036326923076923076
0 0.6809161931818182 0.06725 0.021860795454545435 0.029346153846153848
0 0.8520880681818181 0.4800384615384615 0.018551136363636287 0.032538461538461516
0 0.588046875 0.9481442307692308 0.019133522727272766 0.03148076923076924
0 0.11752130681818182 0.1545673076923077 0.03345170454545456 0.03778846153846155
0 0.43360085227272727 0.4979423076923077 0.033423295454545414 0.049923076923076994
0 0.1857883522727273 0.007951923076923077 0.02782670454545455 0.015903846153846154
0 0.004467329545454545 0.019509615384615382 0.00893465909090909 0.03140384615384615
0 0.3102059659090909 0.5239038461538462 0.03126420454545453 0.038538461538461466
0 0.8048934659090908 0.5063653846153846 0.015582386363636402 0.023269230769230813
0 0.1583522727272727 0.8969230769230769 0.04423295454545455 0.04030769230769227
0 0.17056107954545452 0.8310192307692308 0.019332386363636364 0.024115384615384546
0 0.2656747159090909 0.2538365384615385 0.023309659090909086 0.03332692307692307
0 0.7603053977272727 0.007971153846153847 0.022286931818181897 0.015326923076923078
0 0.9794105113636363 0.930875 0.041178977272727284 0.07036538461538468
0 0.983515625 0.7110288461538462 0.016690340909090908 0.011711538461538414
0 0.1732883522727273 0.1933173076923077 0.023991477272727272 0.029480769230769227
0 0.9644318181818182 0.7128750000000001 0.026846590909090876 0.021519230769230766
0 0.8715056818181818 0.6567596153846154 0.02471590909090906 0.029403846153846194
0 0.09488636363636363 0.2251153846153846 0.037954545454545456 0.028846153846153848
0 0.08108664772727271 0.028557692307692308 0.05308238636363636 0.035076923076923075
0 0.9017613636363635 0.7458173076923078 0.028863636363636435 0.02628846153846157
0 0.8378622159090909 0.5249519230769231 0.024502840909090908 0.01674999999999996
0 0.5027911931818182 0.1995096153846154 0.04265625000000004 0.04290384615384616
0 0.87640625 0.9734711538461539 0.02088068181818188 0.024480769230769375
0 0.0125 0.2132596153846154 0.024744318181818183 0.035019230769230754
0 0.23365767045454547 0.05143269230769231 0.03299715909090912 0.02198076923076923
0 0.8495241477272728 0.9807115384615385 0.01632102272727258 0.03857692307692308
0 0.13751420454545454 0.3000576923076923 0.02306818181818183 0.03300000000000005
0 0.005553977272727273 0.9863461538461538 0.011107954545454546 0.027307692307692286
0 0.3160227272727273 0.090625 0.035085227272727296 0.035134615384615375
0 0.15553977272727273 0.10214423076923076 0.05420454545454547 0.09151923076923076
0 0.3254261363636364 0.25106730769230773 0.021818181818181837 0.02832692307692306
0 0.9286505681818181 0.4668846153846154 0.014431818181818136 0.029038461538461582
0 0.11857954545454544 0.2942403846153846 0.027954545454545444 0.025749999999999974
0 0.21413352272727273 0.5322403846153846 0.03292613636363637 0.06690384615384619
0 0.5977485795454546 0.924625 0.011093750000000003 0.02817307692307688
0 0.1438565340909091 0.36663461538461534 0.027571022727272743 0.03730769230769232
0 0.8753977272727272 0.5837307692307692 0.022613636363636305 0.01746153846153843
0 0.8978835227272726 0.5816346153846154 0.040312499999999994 0.041346153846153845
0 0.34375 0.20671153846153845 0.029659090909090902 0.0356923076923077
0 0.8124857954545455 0.1385576923076923 0.03301136363636365 0.026999999999999986
0 0.8643892045454545 0.4226826923076923 0.018039772727272793 0.03113461538461538
0 0.8815056818181819 0.41125961538461536 0.05644886363636365 0.06140384615384617
0 0.5590696022727273 0.985375 0.025127840909090905 0.02924999999999996
0 0.6208664772727274 0.19559615384615386 0.023522727272727275 0.03307692307692308
0 0.9009303977272727 0.18874038461538462 0.02208806818181812 0.053903846153846156
0 0.09980113636363636 0.8731249999999999 0.024744318181818183 0.03975000000000003
0 0.9835298295454545 0.40575 0.03294034090909099 0.04607692307692309
0 0.2602556818181818 0.18690384615384614 0.042500000000000024 0.03615384615384615
0 0.1 0.28702884615384616 0.029715909090909095 0.05598076923076926
0 0.9007741477272727 0.20943269230769232 0.013792613636363688 0.03324999999999999
0 0.28453125 0.20678846153846153 0.012272727272727253 0.043769230769230755
0 0.8647656250000001 0.21093269230769232 0.011519886363636383 0.017134615384615377
0 0.06010653409090909 0.8655 0.02251420454545455 0.036038461538461554
0 0.1436434659090909 0.1553076923076923 0.02311079545454547 0.03611538461538462
0 0.510234375 0.1534423076923077 0.03447443181818179 0.058653846153846154
0 0.511171875 0.009865384615384614 0.026519886363636388 0.01973076923076923
0 0.047443181818181815 0.7727115384615385 0.047698863636363636 0.03638461538461531
0 0.26953125 0.0055769230769230765 0.03786931818181822 0.010961538461538462
0 0.046029829545454544 0.8788461538461538 0.023707386363636365 0.03230769230769222
0 0.21519176136363638 0.24692307692307694 0.021605113636363648 0.036923076923076927
0 0.20373579545454545 0.11039423076923077 0.02718749999999998 0.026057692307692316
0 0.7693039772727274 0.6104423076923076 0.03624999999999998 0.0416923076923077
0 0.26813920454545453 0.09435576923076923 0.026960227272727257 0.03628846153846153
0 0.5341832386363636 0.8300961538461538 0.03637784090909093 0.05092307692307685
0 0.9866548295454546 0.7638557692307693 0.026519886363636468 0.032673076923076944
0 0.5814630681818183 0.9812403846153847 0.019886363636363636 0.03751923076923075
0 0.24388494318181816 0.18698076923076923 0.025269886363636352 0.023730769230769236
0 0.916690340909091 0.8078365384615385 0.015284090909090896 0.05094230769230771
0 0.8131960227272728 0.11498076923076923 0.04255681818181823 0.05676923076923076
0 0.5772017045454546 0.905201923076923 0.03463068181818181 0.023750000000000045
0 0.06213068181818182 0.8382499999999999 0.0196875 0.022615384615384596
0 0.1714630681818182 0.8548461538461538 0.029573863636363648 0.02888461538461535
0 0.06811789772727272 0.2651730769230769 0.03061079545454545 0.02342307692307688
0 0.07417613636363636 0.07191346153846155 0.056136363636363644 0.060096153846153855
0 0.6116548295454546 0.10232692307692308 0.04333806818181817 0.054
0 0.2779829545454545 0.5475865384615385 0.017357954545454544 0.03932692307692316
0 0.4888991477272727 0.49368269230769224 0.022826704545454615 0.03167307692307692
0 0.10235085227272728 0.3237019230769231 0.01734374999999999 0.028750000000000032
0 0.5983167613636364 0.31377884615384616 0.029190340909090926 0.03678846153846153
0 0.9790340909090909 0.7433846153846154 0.029943181818181716 0.020384615384615428
0 0.9758096590909091 0.46066346153846155 0.017272727272727228 0.027096153846153853
0 0.5269886363636364 0.2142403846153846 0.051732954545454485 0.041980769230769224
0 0.7314062499999999 0.4746730769230769 0.02232954545454541 0.05350000000000004
0 0.18715198863636362 0.8859134615384614 0.04640625 0.04817307692307694
0 0.09210227272727273 0.2876826923076923 0.02741477272727272 0.04463461538461534
0 0.7931889204545454 0.0037403846153846155 0.012059659090909104 0.007480769230769231
0 0.15855823863636365 0.21197115384615384 0.03967329545454546 0.031480769230769215
0 0.2734161931818182 0.5177596153846155 0.02552556818181818 0.049942307692307744
0 0.06529829545454545 0.21878846153846157 0.03477272727272728 0.020538461538461523
0 0.1284943181818182 0.3474807692307692 0.019545454545454553 0.03207692307692309
0 0.01585227272727273 0.8610769230769231 0.03147727272727273 0.04176923076923082
0 0.37491477272727275 0.33178846153846153 0.041193181818181816 0.036653846153846155
0 0.751278409090909 0.49632692307692317 0.06417613636363638 0.041615384615384644
0 0.24865767045454545 0.6062884615384615 0.02595170454545456 0.0363076923076923
0 0.45754971590909094 0.5101923076923077 0.02720170454545451 0.04546153846153849
0 0.1881747159090909 0.3149134615384615 0.02754261363636362 0.038480769230769214
0 0.8403480113636363 0.22623076923076924 0.039446022727272705 0.07676923076923074
0 0.2864630681818182 0.4855096153846154 0.02252840909090907 0.0193269230769231
0 0.12563210227272725 0.8329615384615384 0.03274147727272727 0.06634615384615385
0 0.2267684659090909 0.1814326923076923 0.021434659090909094 0.036173076923076926
0 0.12113636363636364 0.2713653846153846 0.022500000000000006 0.02907692307692303
0 0.9540767045454545 0.1255576923076923 0.02980113636363639 0.044807692307692305
0 0.9525426136363637 0.6880576923076923 0.03374999999999999 0.06826923076923076
0 0.8820525568181818 0.4494711538461538 0.026633522727272728 0.03759615384615387
0 0.512684659090909 0.4916442307692307 0.030795454545454556 0.03459615384615381
0 0.29211647727272727 0.08549038461538461 0.024971590909090888 0.029557692307692302
0 0.33016335227272725 0.3196826923076923 0.04052556818181818 0.03424999999999995
0 0.35162642045454545 0.22908653846153845 0.03191761363636359 0.04217307692307694
0 0.3407386363636364 0.9671923076923077 0.04008522727272727 0.06561538461538463
0 0.8386860795454545 0.4459326923076923 0.0370880681818182 0.03886538461538463
0 0.2970809659090909 0.06901923076923078 0.015383522727272746 0.023346153846153846
0 0.5787571022727273 0.8827499999999999 0.023565340909090956 0.041076923076923
0 0.07305397727272728 0.3136634615384616 0.030369318181818174 0.07886538461538466
0 0.21367897727272728 0.774375 0.03676136363636363 0.047134615384615365
0 0.9683948863636364 0.09079807692307693 0.02670454545454539 0.042749999999999996
0 0.7790269886363635 0.00673076923076923 0.017002840909090787 0.013346153846153844
0 0.5096022727272728 0.46347115384615384 0.022954545454545408 0.033288461538461545
0 0.5342116477272728 0.44744230769230775 0.028110795454545482 0.0627692307692308
0 0.8794318181818181 0.20848076923076922 0.014090909090909194 0.03292307692307693
0 0.05738636363636363 0.13745192307692305 0.026392045454545453 0.06398076923076923
0 0.8852769886363636 0.5014519230769231 0.03759943181818186 0.03948076923076918
0 0.018323863636363635 0.8883557692307692 0.0265625 0.047096153846153864
0 0.2114985795454545 0.804548076923077 0.03265624999999997 0.03640384615384617
0 0.07526988636363635 0.13309615384615386 0.024602272727272726 0.041192307692307695
0 0.677549715909091 0.14875961538461538 0.056946022727272776 0.04836538461538463
0 0.9125710227272728 0.7665480769230769 0.029488636363636352 0.03813461538461536
0 0.2669389204545455 0.740875 0.035752840909090894 0.04559615384615392
0 0.07308948863636364 0.18541346153846153 0.012911931818181822 0.023711538461538458
0 0.149921875 0.10751923076923076 0.045838068181818195 0.04692307692307692
0 0.9019886363636364 0.5453846153846155 0.03826704545454553 0.03707692307692313
0 0.007301136363636365 0.961326923076923 0.014488636363636365 0.05223076923076928
0 0.7966406250000001 0.4481538461538462 0.021377840909091006 0.0395769230769231
0 0.8680113636363636 0.5730096153846155 0.027840909090909124 0.02194230769230774
0 0.6176420454545455 0.8720673076923078 0.014062499999999967 0.047249999999999986
0 0.3124786931818182 0.23294230769230767 0.02521306818181818 0.035461538461538454
0 0.2043963068181818 0.232875 0.024105113636363636 0.03871153846153845
0 0.5265269886363636 0.8558557692307691 0.029957386363636408 0.02509615384615387
0 0.98546875 0.1057596153846154 0.02906250000000005 0.05771153846153846
0 0.7757457386363636 0.45222115384615386 0.023281250000000142 0.03174999999999998
0 0.3400213068181818 0.2989326923076923 0.02873579545454548 0.02809615384615387
0 0.2797372159090909 0.7154134615384615 0.026803977272727278 0.03490384615384611
0 0.06983664772727273 0.9032884615384615 0.04004261363636363 0.05069230769230772
0 0.01668323863636364 0.9715576923076924 0.02711647727272727 0.05676923076923084
0 0.14400568181818182 0.8635192307692308 0.026676136363636364 0.05038461538461536
0 0.2571377840909091 0.9822403846153845 0.025838068181818177 0.026096153846153724
0 0.16401988636363637 0.061653846153846156 0.030000000000000006 0.038384615384615385
0 0.015859375 0.7857307692307693 0.02075284090909091 0.033230769230769286
0 0.29239346590909093 0.5389519230769231 0.023252840909090914 0.021403846153846145
0 0.023444602272727277 0.7580673076923077 0.02336647727272728 0.03813461538461546
0 0.23511363636363633 0.31600961538461536 0.009289772727272716 0.018711538461538443
0 0.3214346590909091 0.056951923076923074 0.021903409090909074 0.024865384615384616
0 0.26616477272727274 0.20541346153846154 0.04142045454545454 0.05886538461538461
0 0.1287997159090909 0.32341346153846157 0.017457386363636352 0.026749999999999993
0 0.23360085227272728 0.2824423076923077 0.01819602272727273 0.06173076923076922
0 0.8151775568181818 0.5800480769230769 0.013764204545454623 0.02782692307692313
0 0.026754261363636365 0.8250961538461538 0.05348011363636363 0.03757692307692312
0 0.19399857954545452 0.20794230769230768 0.038650568181818196 0.03696153846153846
0 0.9087926136363635 0.8190480769230769 0.019886363636363636 0.04921153846153841
0 0.11634232954545455 0.11556730769230769 0.05865056818181818 0.04063461538461537
0 0.042123579545454544 0.9166923076923077 0.04490056818181818 0.055923076923077
0 0.03051846590909091 0.17949038461538463 0.026321022727272728 0.0263269230769231
0 0.10039062500000001 0.1706153846153846 0.03220170454545455 0.04492307692307692
0 0.298828125 0.6581730769230769 0.03890624999999998 0.04161538461538459
0 0.23557528409090908 0.5457596153846153 0.01933238636363638 0.03686538461538465
0 0.34891335227272724 0.3529903846153846 0.028281249999999994 0.03690384615384615
0 0.18877130681818183 0.11565384615384615 0.025951704545454538 0.055192307692307686
0 0.7845099431818181 0.5912211538461538 0.02098011363636361 0.022326923076923102
0 0.9720667613636365 0.7587692307692308 0.024275568181818228 0.020923076923076916
0 0.23593039772727273 0.5765961538461539 0.02484375000000001 0.03838461538461534
0 0.6354900568181818 0.15626923076923074 0.06473011363636362 0.04888461538461539
0 0.5576775568181819 0.9446346153846154 0.019928977272727313 0.06084615384615382
0 0.3419744318181818 0.06384615384615386 0.02071022727272725 0.029423076923076923
0 0.9086221590909092 0.09242307692307693 0.05125000000000006 0.047269230769230765
0 0.32951704545454547 0.22502884615384616 0.02767045454545453 0.027826923076923075
0 0.1608877840909091 0.2949903846153846 0.028366477272727272 0.05890384615384615
0 0.9924928977272728 0.7027596153846154 0.014531250000000025 0.0359807692307693
0 0.32259943181818185 0.32868269230769237 0.02821022727272725 0.026749999999999993
0 0.8598579545454544 0.9913461538461539 0.01835227272727267 0.01711538461538468
0 0.2575284090909091 0.3144903846153846 0.037585227272727284 0.05325
0 0.16399857954545458 0.873048076923077 0.024303977272727272 0.018673076923076883
0 0.8869176136363638 0.4824807692307692 0.03323863636363633 0.03146153846153843
0 0.2987571022727273 0.4687980769230769 0.022173295454545435 0.021711538461538445
0 0.09693892045454545 0.12736538461538463 0.036747159090909094 0.042923076923076925
0 0.5846946022727273 0.856125 0.02535511363636367 0.04975000000000001
0 0.8970667613636365 0.2298076923076923 0.02365056818181815 0.03580769230769232
0 0.7518892045454545 0.5290384615384616 0.018721590909090837 0.029730769230769193
0 0.11803977272727272 0.31020192307692307 0.01696022727272727 0.0190576923076923
0 0.6226775568181818 0.1760480769230769 0.029360795454545476 0.03975
0 0.7688352272727272 0.12146153846153845 0.03690340909090912 0.07223076923076922
0 0.7483877840909091 0.5951057692307693 0.030894886363636364 0.037903846153846114
0 0.22866477272727276 0.13899038461538463 0.025056818181818204 0.03728846153846154
0 0.9565980113636363 0.3948269230769231 0.030326704545454577 0.04353846153846151
0 0.20840198863636364 0.1786730769230769 0.025383522727272734 0.03788461538461539
0 0.984112215909091 0.006605769230769231 0.03177556818181819 0.01201923076923077
0 0.2702982954545454 0.5908461538461539 0.03897727272727272 0.03653846153846154
0 0.005767045454545454 0.8909134615384615 0.011534090909090909 0.025173076923076874
0 0.994296875 0.4948653846153846 0.011292613636363701 0.04138461538461535
0 0.7010582386363636 0.0989326923076923 0.028025568181818207 0.0596346153846154
0 0.15409801136363635 0.18295192307692307 0.022940340909090917 0.03159615384615383
0 0.6213352272727272 0.25061538461538463 0.04485795454545452 0.043423076923076946
0 0.06119318181818181 0.19333653846153845 0.029261363636363637 0.03198076923076922
0 0.9447301136363635 0.1489230769230769 0.03105113636363638 0.05019230769230768
0 0.5366335227272727 0.027192307692307693 0.02227272727272728 0.030153846153846153
0 0.849893465909091 0.45436538461538456 0.03987215909090916 0.043961538461538434
0 0.16199573863636363 0.25244230769230763 0.02927556818181818 0.028653846153846165
0 0.049723011363636355 0.24048076923076922 0.03174715909090909 0.020961538461538472
0 0.782627840909091 0.5047019230769231 0.031221590909090935 0.04178846153846152
0 0.29071732954545454 0.23425 0.02492897727272729 0.028538461538461516
0 0.08301846590909091 0.8716153846153847 0.023821022727272722 0.045346153846153814
0 0.4234872159090909 0.5456730769230769 0.024701704545454527 0.033923076923076896
0 0.6359872159090909 0.29541346153846154 0.03666193181818182 0.04813461538461539
0 0.2548224431818182 0.5211538461538462 0.0345028409090909 0.04319230769230776
0 0.5775923295454546 0.9407115384615385 0.03029829545454551 0.05211538461538466
0 0.833828125 0.5914230769230768 0.024275568181818065 0.03588461538461543
0 0.19691761363636362 0.02751923076923077 0.028920454545454565 0.030653846153846157
0 0.32256392045454546 0.4637884615384616 0.025923295454545456 0.02942307692307689
0 0.28303267045454544 0.24977884615384613 0.026463068181818174 0.03521153846153844
0 0.2937215909090909 0.555076923076923 0.01775568181818182 0.020115384615384577
0 0.22074573863636363 0.034442307692307696 0.023792613636363636 0.0285
0 0.09867897727272727 0.8911730769230769 0.03076704545454545 0.04919230769230766
0 0.24578125 0.7383942307692308 0.041676136363636325 0.048288461538461454
0 0.5852130681818182 0.8927692307692308 0.03494318181818185 0.02450000000000002
0 0.9097514204545455 0.5009423076923077 0.033082386363636314 0.09457692307692303
0 0.11392045454545455 0.18934615384615386 0.032357954545454544 0.05219230769230769
0 0.25323863636363636 0.020663461538461537 0.055312499999999994 0.030519230769230767
0 0.26815340909090907 0.6935192307692307 0.022301136363636346 0.024692307692307753
0 0.8426207386363636 0.1701826923076923 0.03455965909090915 0.057557692307692296
0 0.7656534090909091 0.5121346153846154 0.027755681818181766 0.03423076923076914
0 0.30609375 0.02353846153846154 0.03977272727272727 0.03430769230769231
0 0.3351065340909091 0.035346153846153854 0.03779829545454543 0.04088461538461539
0 0.6165411931818181 0.9541826923076923 0.04055397727272729 0.04844230769230769
0 0.7762642045454545 0.1855576923076923 0.05860795454545453 0.08242307692307692
0 0.8083522727272726 0.19110576923076922 0.03863636363636354 0.08051923076923077
0 0.9627201704545455 0.4467596153846154 0.02257102272727287 0.030557692307692282
0 0.28454545454545455 0.6563365384615384 0.032017045454545444 0.045557692307692306
0 0.7934872159090909 0.5655192307692307 0.032968750000000054 0.02926923076923082
0 0.5574076704545454 0.8369134615384616 0.03240056818181818 0.055942307692307756
0 0.7379048295454546 0.012221153846153847 0.023536931818181808 0.02382692307692308
0 0.3807457386363636 0.9673557692307692 0.047173295454545426 0.06528846153846152
0 0.8216477272727274 0.5474615384615384 0.031562499999999875 0.03873076923076921
0 0.5989417613636363 0.22860576923076922 0.03203125000000002 0.050134615384615375
0 0.2619815340909091 0.271625 0.017940340909090902 0.03667307692307691
0 0.6215482954545455 0.12429807692307693 0.042017045454545515 0.037634615384615384
0 0.018863636363636364 0.7268653846153846 0.037556818181818184 0.0416538461538462
0 0.03536221590909091 0.1663076923076923 0.027911931818181815 0.05050000000000001
0 0.29288352272727275 0.6855673076923077 0.051022727272727296 0.02609615384615383
0 0.5378622159090909 0.24529807692307692 0.025781250000000047 0.04567307692307692
0 0.305 0.27778846153846154 0.04999999999999998 0.034384615384615375
0 0.9120596590909091 0.2340576923076923 0.015312499999999962 0.04119230769230767
0 0.044289772727272726 0.020221153846153847 0.014062500000000004 0.018403846153846156
0 0.8900071022727274 0.17661538461538462 0.027230113636363577 0.04519230769230769
0 0.24963068181818182 0.5604230769230768 0.01931818181818181 0.036846153846153896
0 0.30439630681818186 0.6987788461538462 0.04450284090909093 0.04151923076923083
0 0.8790625 0.6669999999999999 0.01610795454545443 0.035576923076923075
0 0.9259375 0.22761538461538464 0.02065340909090904 0.06588461538461539
0 0.6256534090909092 0.05969230769230769 0.04198863636363637 0.05257692307692308
0 0.9853906249999999 0.019528846153846157 0.02921875000000007 0.02801923076923077
0 0.9461860795454545 0.4493846153846154 0.013196022727272676 0.014000000000000002
0 0.2323721590909091 0.6837596153846154 0.03880681818181817 0.029557692307692316
0 0.07345170454545455 0.24302884615384615 0.03355113636363637 0.03936538461538464
0 0.7693607954545455 0.561451923076923 0.023238636363636222 0.02832692307692311
0 0.560731534090909 0.8500961538461538 0.01595170454545457 0.047192307692307735
0 0.9082741477272727 0.4514807692307692 0.028906250000000033 0.10073076923076917
0 0.18161931818181817 0.2907211538461539 0.03815340909090907 0.0559807692307692
0 0.7773082386363637 0.5826442307692308 0.029105113636363648 0.02582692307692309
0 0.06089488636363637 0.09257692307692308 0.0740625 0.04426923076923076
0 0.839268465909091 0.12661538461538463 0.027997159090909142 0.03338461538461538
0 0.3327414772727273 0.18871153846153846 0.03190340909090906 0.029153846153846148
0 0.49900568181818183 0.43017307692307694 0.04312500000000002 0.05188461538461542
0 0.7615553977272728 0.4788076923076923 0.011065340909090858 0.028653846153846165
0 0.6267258522727273 0.9413653846153845 0.02220170454545454 0.049538461538461524
0 0.5490838068181818 0.9519230769230769 0.01830965909090907 0.03638461538461531
0 0.8139488636363637 0.48835576923076923 0.020823863636363592 0.034865384615384604
0 0.30482954545454544 0.731 0.037017045454545455 0.04276923076923079
0 0.8268252840909092 0.44729807692307694 0.027173295454545447 0.02440384615384615
0 0.27105113636363637 0.5723365384615384 0.027159090909090914 0.026711538461538436
0 0.45830965909090904 0.484875 0.028437500000000056 0.03544230769230776
0 0.8322230113636363 0.612923076923077 0.030838068181818234 0.04799999999999996
0 0.5143181818181818 0.025567307692307695 0.03624999999999998 0.040942307692307695
0 0.05275568181818182 0.22133653846153845 0.015369318181818177 0.01701923076923076
0 0.2760298295454545 0.2830576923076923 0.03151988636363636 0.0351153846153846
0 0.5192400568181817 0.42617307692307693 0.04078124999999997 0.04846153846153849
0 0.05027698863636363 0.15027884615384615 0.03399147727272727 0.05948076923076923
0 0.22217329545454545 0.09278846153846154 0.06326704545454548 0.034000000000000016
0 0.8172798295454545 0.46548076923076925 0.011207386363636345 0.013000000000000038
0 0.2937571022727273 0.43698076923076923 0.028650568181818162 0.03976923076923078
0 0.4861434659090909 0.44772115384615385 0.03819602272727271 0.039673076923076915
0 0.8407173295454545 0.020384615384615383 0.050639204545454675 0.040769230769230766
0 0.977130681818182 0.6945192307692307 0.02000000000000006 0.02876923076923073
0 0.42154119318181815 0.5313173076923077 0.030156250000000027 0.03363461538461529
0 0.7330610795454546 0.5869423076923077 0.028963068181818163 0.036846153846153896
0 0.8797088068181819 0.9404711538461539 0.020213068181818047 0.02855769230769235
0 0.8046732954545455 0.5873942307692308 0.027329545454545467 0.034288461538461615
0 0.04208096590909091 0.058692307692307696 0.03649147727272727 0.0601923076923077
0 0.30649857954545456 0.5643557692307692 0.03845170454545454 0.04690384615384624
0 0.5763707386363636 0.30604807692307695 0.029247159090909056 0.04205769230769232
0 0.9155184659090909 0.20627884615384612 0.020582386363636376 0.04732692307692308
0 0.8860866477272729 0.9813269230769232 0.022571022727272707 0.024769230769230762
0 0.29946022727272725 0.4941923076923077 0.02076704545454546 0.03184615384615385
0 0.8536505681818182 0.6310480769230769 0.02926136363636367 0.04467307692307696
0 0.5528053977272728 0.8822596153846154 0.015809659090909086 0.022096153846153863
0 0.8238494318181818 0.47363461538461543 0.013579545454545377 0.024076923076923096
0 0.06547585227272727 0.025057692307692305 0.02953125 0.019615384615384614
0 0.04646306818181818 0.25754807692307696 0.04059659090909091 0.028788461538461537
0 0.2708451704545455 0.03559615384615385 0.0423153409090909 0.01973076923076923
0 0.8788707386363637 0.24431730769230767 0.03299715909090912 0.05790384615384615
0 0.3012428977272727 0.241625 0.012485795454545444 0.021788461538461534
0 0.31522727272727274 0.48499038461538463 0.023494318181818172 0.029634615384615322
0 0.900575284090909 0.651076923076923 0.027144886363636222 0.058769230769230775
0 0.8886576704545455 0.7606153846153846 0.020525568181818245 0.04315384615384615
0 0.5283025568181818 0.9268846153846154 0.038224431818181775 0.06496153846153851
0 0.601846590909091 0.29275 0.021363636363636394 0.021576923076923073
0 0.024105113636363636 0.0752596153846154 0.01977272727272727 0.07709615384615386
0 0.6900710227272727 0.10346153846153845 0.025909090909090923 0.047538461538461536
0 0.8225426136363635 0.5167692307692309 0.04284090909090905 0.027384615384615292
0 0.28994318181818185 0.32663461538461536 0.04124999999999999 0.026923076923076925
0 0.2279758522727273 0.7111153846153846 0.033196022727272734 0.029961538461538432
0 0.2409090909090909 0.08378846153846153 0.04855113636363637 0.0445
0 0.8516832386363636 0.5682692307692307 0.03478693181818183 0.03611538461538456
0 0.19399857954545452 0.8572115384615384 0.038196022727272745 0.030538461538461528
0 0.011598011363636364 0.2539519230769231 0.02007102272727273 0.035826923076923096
0 0.9780752840909092 0.438 0.015269886363636364 0.022307692307692296
0 0.2746803977272727 0.6507499999999999 0.03671875000000003 0.04511538461538458
0 0.01636363636363636 0.2315576923076923 0.030795454545454546 0.015961538461538458
0 0.24544744318181816 0.15286538461538463 0.020951704545454544 0.045884615384615385
0 0.30178267045454543 0.1265096153846154 0.048877840909090906 0.05621153846153847
0 0.8166477272727274 0.119 0.017159090909090968 0.02715384615384615
0 0.2725071022727273 0.47350961538461545 0.03555397727272727 0.03894230769230775
0 0.2540696022727273 0.994826923076923 0.024900568181818183 0.010346153846153838
0 0.2677556818181818 0.22295192307692308 0.024090909090909062 0.032365384615384615
0 0.5102201704545455 0.9492980769230769 0.03774147727272726 0.04582692307692304
0 0.01250710227272727 0.8286826923076922 0.02492897727272727 0.033288461538461545
0 0.8865625 0.5550384615384616 0.04715909090909098 0.019384615384615462
0 0.964268465909091 0.4706730769230769 0.01802556818181826 0.03130769230769226
0 0.6591051136363636 0.1200673076923077 0.01840909090909096 0.025634615384615367
0 0.8978338068181819 0.2478653846153846 0.03055397727272726 0.03826923076923078
0 0.09212357954545455 0.33563461538461536 0.011690340909090905 0.0482307692307692
0 0.2560440340909091 0.5302211538461539 0.016093749999999976 0.0317884615384616
0 0.8637997159090909 0.6046826923076923 0.03745738636363637 0.04390384615384623
0 0.721278409090909 0.00889423076923077 0.015340909090909027 0.01732692307692308
0 0.8846590909090909 0.7917019230769231 0.0175568181818182 0.01948076923076922
0 0.22862926136363634 0.6100865384615385 0.024048295454545423 0.04409615384615386
0 0.918565340909091 0.7723365384615385 0.009431818181818163 0.02371153846153843
0 0.23478693181818186 0.006432692307692307 0.035710227272727296 0.012519230769230769
0 0.12897017045454542 0.24738461538461537 0.01759943181818182 0.021499999999999984
0 0.59703125 0.8560769230769231 0.017045454545454544 0.03596153846153844
0 0.1518252840909091 0.2810769230769231 0.01651988636363638 0.03346153846153847
0 0.20895596590909093 0.29809615384615384 0.03316761363636363 0.05549999999999997
0 0.005880681818181818 0.6409326923076923 0.011619318181818182 0.03148076923076924
0 0.6450639204545454 0.130875 0.018821022727272728 0.03478846153846153
0 0.9888352272727272 0.4642211538461538 0.022329545454545494 0.05278846153846157
0 0.18377130681818182 0.7871634615384615 0.021860795454545435 0.030826923076923026
0 0.5090340909090909 0.11742307692307692 0.04937499999999999 0.07742307692307691
0 0.8898863636363636 0.45611538461538464 0.028068181818181805 0.02923076923076921
0 0.9044460227272727 0.7854038461538462 0.011051136363636326 0.021384615384615394
0 0.2792755681818182 0.9922500000000001 0.026136363636363645 0.015500000000000005
0 0.06842329545454545 0.8011923076923076 0.034232954545454546 0.06673076923076932
0 0.5299502840909092 0.4766730769230769 0.026661931818181873 0.04803846153846157
0 0.24118607954545457 0.7003076923076923 0.028167613636363654 0.02111538461538454
0 0.8589417613636363 0.9701826923076923 0.020014204545454592 0.025519230769230735
0 0.6690198863636364 0.13452884615384614 0.03355113636363637 0.026903846153846157
0 0.158671875 0.3374711538461539 0.04836647727272725 0.044596153846153896
0 0.01067471590909091 0.07462499999999998 0.020213068181818183 0.10082692307692306
0 0.3002840909090909 0.25519230769230766 0.030710227272727278 0.032384615384615394
0 0.5469176136363636 0.17952884615384615 0.035397727272727296 0.05990384615384616
0 0.2979971590909091 0.5875 0.01937500000000002 0.02807692307692312
0 0.9277130681818181 0.7528365384615385 0.042471590909090876 0.04855769230769231
0 0.11118607954545455 0.3299615384615384 0.021178977272727287 0.033115384615384616
0 0.3360511363636363 0.28242307692307694 0.019062499999999982 0.01961538461538465
0 0.8332457386363636 0.4166634615384615 0.026661931818181793 0.03678846153846153
0 0.44737215909090905 0.47628846153846155 0.024545454545454506 0.01492307692307696
0 0.19142045454545453 0.154625 0.020426136363636358 0.03917307692307693
0 0.9630894886363636 0.24797115384615384 0.03620738636363638 0.046519230769230764
0 0.08639204545454547 0.05625961538461539 0.050738636363636375 0.0444423076923077
0 0.29561789772727276 0.2116730769230769 0.015923295454545464 0.02323076923076923
0 0.5574715909090909 0.22638461538461538 0.01968750000000002 0.02173076923076925
0 0.928828125 0.18349999999999997 0.03620738636363638 0.03734615384615385
0 0.04397017045454546 0.20178846153846156 0.016718750000000004 0.022961538461538485
0 0.6183096590909091 0.3143653846153846 0.033636363636363645 0.035538461538461574
0 0.31669744318181814 0.4469711538461539 0.0241335227272727 0.03898076923076925
0 0.19043323863636363 0.2623076923076923 0.019133522727272746 0.04796153846153846
0 0.8753196022727271 0.12480769230769231 0.021065340909090968 0.040730769230769216
0 0.933330965909091 0.4088173076923077 0.026775568181818213 0.06328846153846153
0 0.30898437500000003 0.039971153846153844 0.021065340909090888 0.020326923076923076
0 0.8129048295454545 0.43800961538461536 0.024900568181818142 0.04263461538461536
0 0.12497159090909092 0.07008653846153846 0.05224431818181818 0.060557692307692305
0 0.7025852272727273 0.057019230769230766 0.037897727272727284 0.0615
0 0.8115411931818183 0.6165865384615384 0.011207386363636345 0.024365384615384535
0 0.11943181818181818 0.8871923076923077 0.027954545454545465 0.05142307692307683
0 0.9882883522727273 0.055538461538461543 0.022968750000000104 0.0535
0 0.25789772727272725 0.5812980769230769 0.02616477272727275 0.028365384615384615
0 0.6425994318181818 0.26275961538461534 0.03323863636363633 0.03759615384615384
0 0.3653764204545455 0.24196153846153848 0.025071022727272737 0.04246153846153849
0 0.5498366477272728 0.8593942307692307 0.017088068181818225 0.03194230769230772
0 0.4752769886363637 0.1813076923076923 0.03850852272727267 0.06838461538461539
0 0.5494886363636364 0.2731826923076923 0.039176136363636344 0.05505769230769233
0 0.3015838068181818 0.3007403846153846 0.054928977272727296 0.0300576923076923
0 0.941356534090909 0.205375 0.022826704545454615 0.02609615384615383
0 0.008870738636363635 0.7502788461538461 0.017599431818181816 0.04609615384615379
0 0.8958664772727274 0.7970865384615385 0.016022727272727397 0.019288461538461487
0 0.961796875 0.7761923076923077 0.04728693181818177 0.02088461538461541
0 0.05091619318181818 0.737923076923077 0.035667613636363636 0.05919230769230775
0 0.8579545454545454 0.21719230769230768 0.014005681818181676 0.04099999999999999
0 0.5518536931818182 0.33011538461538464 0.022286931818181813 0.028653846153846165
0 0.1373934659090909 0.8864134615384616 0.013394886363636354 0.032749999999999946
0 0.12513494318181817 0.1950096153846154 0.03876420454545453 0.05294230769230769
0 0.20480823863636363 0.07274038461538462 0.05600852272727274 0.05044230769230769
0 0.8759090909090909 0.7837980769230769 0.02869318181818188 0.07182692307692312
0 0.8543323863636364 0.18479807692307693 0.01664772727272715 0.031057692307692317
0 0.8232670454545455 0.5689423076923077 0.024147727272727272 0.03238461538461534
0 0.9816477272727272 0.668076923076923 0.0367045454545455 0.03896153846153844
0 0.94515625 0.7293461538461539 0.05068181818181827 0.03480769230769235
0 0.25794744318181817 0.6833942307692308 0.022002840909090923 0.023788461538461547
0 0.027855113636363636 0.2552019230769231 0.025625 0.04125000000000001
0 0.8611931818181818 0.15150961538461538 0.04278409090909092 0.07913461538461539
0 0.906953125 0.17138461538461539 0.02066761363636357 0.020769230769230762
0 0.8084375 0.004384615384615384 0.016250000000000077 0.008653846153846154
0 0.448671875 0.5428942307692308 0.028082386363636337 0.042480769230769294
0 0.2630681818181818 0.34570192307692305 0.045284090909090906 0.04955769230769233
0 0.1495880681818182 0.32414423076923077 0.03065340909090909 0.03140384615384618
0 0.43462357954545455 0.9812115384615385 0.06234375000000006 0.03757692307692312
0 0.927059659090909 0.14665384615384613 0.016363636363636337 0.04215384615384616
0 0.8401633522727273 0.4835961538461539 0.024161931818181805 0.028653846153846165
0 0.5710653409090909 0.9775480769230769 0.018465909090909092 0.034865384615384604
0 0.05225142045454545 0.9055480769230769 0.049843750000000006 0.06694230769230769
0 0.9135085227272728 0.1298269230769231 0.034545454545454456 0.038538461538461535
0 0.6566974431818182 0.1025096153846154 0.022002840909090923 0.02801923076923077
0 0.7684019886363636 0.5392499999999999 0.04066761363636363 0.028692307692307722
0 0.7519105113636364 0.5721346153846154 0.025127840909090985 0.021615384615384634
0 0.5254900568181818 0.8846634615384615 0.048224431818181805 0.03551923076923071
0 0.23817471590909092 0.20711538461538462 0.02674715909090911 0.03226923076923077
0 0.16821732954545454 0.15333653846153847 0.04285511363636362 0.06286538461538461
0 0.8618394886363636 0.5237692307692308 0.031519886363636444 0.017846153846153793
0 0.20931107954545458 0.14952884615384615 0.01910511363636366 0.032673076923076916
0 0.2926917613636364 0.014980769230769232 0.03617897727272727 0.029961538461538463
0 0.04343039772727273 0.2855865384615385 0.038622159090909096 0.04671153846153844
0 0.10422585227272728 0.8443557692307693 0.03012784090909091 0.04105769230769235
0 0.9825639204545453 0.7333846153846154 0.03433238636363631 0.03711538461538464
0 0.19898437499999996 0.8131153846153846 0.02188920454545454 0.04976923076923076
0 0.9282031249999999 0.7993076923076923 0.02177556818181824 0.06823076923076926
0 0.36171875 0.2995480769230769 0.017357954545454544 0.03598076923076925
0 0.6103196022727272 0.275 0.020724431818181784 0.025807692307692337
0 0.2786576704545455 0.06167307692307692 0.02643465909090907 0.034923076923076925
0 0.8692542613636363 0.20127884615384614 0.02075284090909093 0.028288461538461526
0 0.2392684659090909 0.029653846153846152 0.037059659090909094 0.026615384615384614
0 0.20947443181818184 0.5829134615384616 0.0315625 0.06613461538461536
