0 0.2770383522727273 0.3456153846153846 0.04174715909090907 0.06680769230769233
0 0.9498508522727271 0.7563557692307692 0.05572443181818168 0.06036538461538459
0 0.7043963068181818 0.11689423076923076 0.02765624999999996 0.03363461538461539
0 0.6896306818181818 0.09341346153846154 0.030000000000000006 0.02601923076923077
0 0.6924431818181819 0.12197115384615384 0.034687500000000024 0.0539423076923077
0 0.6957244318181818 0.0705673076923077 0.035624999999999976 0.019673076923076932
0 0.7200994318181818 0.04423076923076923 0.024374999999999956 0.05584615384615385
0 0.6877556818181818 0.04010576923076923 0.040312499999999994 0.045057692307692306
0 0.7409588068181818 0.011009615384615383 0.06984375000000002 0.022019230769230767
0 0.5731463068181818 0.006471153846153846 0.04734375000000006 0.012057692307692307
0 0.016867897727272728 0.05122115384615384 0.033735795454545456 0.07555769230769231
0 0.014474431818181817 0.021836538461538463 0.028948863636363634 0.043673076923076926
0 0.9690838068181818 0.7654134615384615 0.02842329545454544 0.08451923076923075
0 0.004708806818181818 0.009692307692307693 0.009417613636363635 0.019384615384615386
0 0.0027201704545454547 0.060403846153846155 0.005440340909090909 0.03453846153846154
0 0.06605823863636363 0.014875000000000001 0.0648153409090909 0.029750000000000002
0 0.5717471590909091 0.2520769230769231 0.03821022727272724 0.03896153846153847
0 0.5565411931818182 0.21396153846153845 0.04643465909090909 0.06730769230769228
0 0.5565411931818182 0.19310576923076925 0.03492897727272732 0.027826923076923075
0 0.5846875 0.1958846153846154 0.023835227272727234 0.03338461538461538
0 0.585518465909091 0.21924999999999997 0.030411931818181855 0.035615384615384604
0 0.6054474431818182 0.24400961538461538 0.03410511363636362 0.05398076923076922
0 0.6105823863636364 0.20283653846153846 0.027954545454545465 0.03728846153846154
0 0.9874076704545455 0.7588269230769231 0.025184659090909115 0.04726923076923074
0 0.6064701704545454 0.16527884615384614 0.03288352272727269 0.041173076923076944
0 0.5875639204545454 0.17306730769230771 0.027940340909090932 0.04340384615384617
0 0.5561292613636364 0.16138461538461538 0.036576704545454544 0.03561538461538463
0 0.594140625 0.10185576923076924 0.027940340909090932 0.024480769230769226
0 0.5910582386363636 0.12717307692307692 0.03328125000000001 0.02949999999999999
0 0.5776988636363636 0.11075961538461539 0.02465909090909093 0.026711538461538478
0 0.5842826704545454 0.08545192307692308 0.044389204545454544 0.031711538461538465
0 0.5696946022727273 0.07709615384615386 0.038224431818181775 0.02838461538461538
0 0.5532528409090909 0.10602884615384615 0.04068181818181816 0.05840384615384613
0 0.5859232954545455 0.13997115384615383 0.036988636363636314 0.03171153846153845
0 0.9907386363636363 0.7840576923076924 0.01829545454545454 0.031653846153846116
0 0.5581818181818181 0.13134615384615383 0.027528409090909086 0.03226923076923077
0 0.5374289772727273 0.10798076923076924 0.03204545454545455 0.05342307692307694
0 0.5512002840909092 0.1480384615384615 0.02754261363636362 0.028923076923076937
0 0.5265411931818181 0.16389423076923076 0.02589488636363639 0.059519230769230776
0 0.5164701704545455 0.12104807692307692 0.03205965909090908 0.052865384615384606
0 0.5047585227272727 0.1369134615384615 0.032471590909090846 0.07232692307692308
0 0.42917613636363633 0.0748653846153846 0.04252840909090909 0.07065384615384615
0 0.4279616477272727 0.025788461538461538 0.04009943181818176 0.05103846153846154
0 0.4105610795454545 0.0709423076923077 0.01691761363636367 0.06673076923076923
0 0.3979971590909091 0.056865384615384616 0.013039772727272657 0.04515384615384616
0 0.8246519886363637 0.8300480769230769 0.03683238636363629 0.055288461538461536
0 0.3835014204545455 0.05588461538461539 0.04495738636363637 0.07326923076923077
0 0.38277698863636367 0.026125000000000002 0.03092329545454551 0.03728846153846154
0 0.3883309659090909 0.01681730769230769 0.023678977272727296 0.03363461538461538
0 0.41419034090909096 0.021211538461538462 0.03286931818181824 0.04188461538461539
0 0.14656960227272728 0.39566346153846155 0.020553977272727272 0.040134615384615394
0 0.15027698863636363 0.3712596153846154 0.023906249999999997 0.06521153846153846
0 0.13764204545454548 0.3484711538461538 0.01684659090909091 0.05609615384615382
0 0.11726562500000001 0.34937500000000005 0.0326846590909091 0.05882692307692308
0 0.11878551136363637 0.39110576923076923 0.028963068181818163 0.02736538461538465
0 0.12602272727272726 0.4059230769230769 0.023238636363636364 0.0223461538461538
0 0.8187855113636363 0.8014903846153846 0.038508522727272745 0.04351923076923076
0 0.130234375 0.3844903846153846 0.017514204545454545 0.029634615384615377
0 0.015248579545454544 0.43683653846153847 0.03049715909090909 0.06982692307692308
0 0.03248579545454545 0.5271538461538462 0.04227272727272727 0.04926923076923078
0 0.05537642045454545 0.5216057692307693 0.03092329545454545 0.03178846153846149
0 0.06262073863636364 0.5075576923076923 0.04774147727272727 0.03550000000000007
0 0.0905965909090909 0.45378846153846153 0.029346590909090906 0.040269230769230765
0 0.07689630681818183 0.4384134615384615 0.031690340909090925 0.033903846153846146
0 0.06300426136363636 0.4611923076923077 0.027400568181818182 0.04238461538461537
0 0.07572443181818182 0.4818653846153846 0.062215909090909086 0.024384615384615452
0 0.08218039772727273 0.5091442307692308 0.03365056818181819 0.03232692307692308
0 0.8531036931818182 0.8071634615384616 0.025440340909090864 0.036711538461538414
0 0.08120028409090908 0.5406634615384615 0.0301278409090909 0.0317884615384616
0 0.05322443181818182 0.5586826923076923 0.02582386363636364 0.04344230769230764
0 0.07553267045454545 0.5570961538461539 0.021917613636363634 0.04238461538461531
0 0.043245738636363634 0.5533846153846154 0.04578125 0.034961538461538474
0 0.03326704545454546 0.5472884615384616 0.04383522727272727 0.03230769230769233
0 0.0426846590909091 0.922875 0.040198863636363644 0.036634615384615404
0 0.022585227272727274 0.9218269230769232 0.035568181818181825 0.047115384615384615
0 0.04538352272727273 0.8961826923076923 0.04639204545454546 0.02513461538461537
0 0.028572443181818178 0.8605961538461538 0.05217329545454545 0.05023076923076924
0 0.02239346590909091 0.8757692307692307 0.018167613636363638 0.03873076923076931
0 0.8678409090909092 0.7906153846153846 0.03147727272727268 0.0398846153846154
0 0.014268465909090911 0.896451923076923 0.01663352272727273 0.024596153846153886
0 0.004332386363636364 0.9037692307692308 0.008664772727272728 0.05600000000000001
0 0.007116477272727273 0.8600769230769231 0.01315340909090909 0.053384615384615364
0 0.07350852272727272 0.6895673076923077 0.028920454545454544 0.08394230769230765
0 0.015007102272727273 0.7177115384615385 0.029019886363636362 0.040846153846153865
0 0.004069602272727273 0.6996153846153845 0.008139204545454547 0.02946153846153845
0 0.024936079545454546 0.6941923076923078 0.029019886363636362 0.07961538461538469
0 0.00921875 0.6778942307692307 0.0184375 0.04394230769230774
0 0.10211647727272727 0.7186826923076923 0.0471590909090909 0.04340384615384614
0 0.1093465909090909 0.6833557692307692 0.04525568181818182 0.05105769230769233
0 0.8778835227272727 0.8110096153846155 0.029460227272727287 0.03717307692307689
0 0.09110795454545455 0.6510096153846153 0.0477840909090909 0.045980769230769276
0 0.1772869318181818 0.9237307692307692 0.04911931818181818 0.043615384615384625
0 0.15985795454545457 0.9122980769230769 0.06707386363636364 0.03359615384615379
0 0.130546875 0.9469807692307692 0.08450284090909092 0.050038461538461504
0 0.10017755681818183 0.9240961538461538 0.054389204545454546 0.05576923076923077
0 0.142421875 0.8837019230769231 0.059673295454545444 0.07651923076923081
0 0.08934659090909092 0.8636826923076923 0.03590909090909092 0.04932692307692303
0 0.10070312500000002 0.8536730769230768 0.05438920454545455 0.09796153846153846
0 0.08200994318181819 0.8302211538461539 0.03137784090909091 0.03044230769230766
0 0.08850852272727273 0.7993365384615384 0.03295454545454545 0.04332692307692313
0 0.8675071022727273 0.8284615384615385 0.047542613636363674 0.03126923076923075
0 0.12066761363636362 0.7929326923076924 0.054971590909090914 0.04336538461538464
0 0.14946022727272726 0.8280961538461539 0.04934659090909092 0.05861538461538465
0 0.17261363636363636 0.8433365384615384 0.04025568181818182 0.06213461538461539
0 0.18495028409090908 0.8708846153846154 0.03896306818181817 0.06096153846153844
0 0.2691477272727273 0.8184326923076923 0.0671022727272727 0.07913461538461546
0 0.32391335227272733 0.8111057692307692 0.05021306818181817 0.06563461538461537
0 0.2868963068181818 0.8389423076923077 0.03160511363636364 0.02403846153846154
0 0.2579403409090909 0.8566346153846155 0.03292613636363637 0.03184615384615385
0 0.27482954545454547 0.8661826923076923 0.018806818181818154 0.03359615384615379
0 0.2560085227272727 0.8832596153846153 0.025653409090909095 0.03648076923076917
0 0.9896164772727274 0.8814038461538461 0.02076704545454546 0.03896153846153844
0 0.9398508522727272 0.6308846153846154 0.03382102272727265 0.050615384615384715
0 0.2974928977272727 0.8577884615384616 0.028224431818181826 0.04111538461538461
0 0.27568181818181814 0.8823846153846154 0.029090909090909077 0.03357692307692304
0 0.25947443181818186 0.9173653846153845 0.01718749999999999 0.04238461538461542
0 0.2775639204545455 0.9013846153846155 0.022571022727272707 0.03265384615384608
0 0.2751278409090909 0.928125 0.02488636363636361 0.05140384615384619
0 0.2983451704545455 0.8852307692307694 0.027201704545454553 0.02534615384615386
0 0.3113068181818182 0.9010384615384615 0.03360795454545454 0.022923076923076952
0 0.29783380681818183 0.912673076923077 0.026690340909090896 0.03161538461538461
0 0.28615767045454543 0.944451923076923 0.029502840909090923 0.036826923076923035
0 0.3042471590909091 0.9467115384615384 0.02258522727272724 0.03646153846153842
0 0.9859019886363637 0.622451923076923 0.028025568181818207 0.05663461538461536
0 0.30989346590909095 0.9329903846153845 0.01796875000000001 0.04517307692307683
0 0.3236150568181818 0.9376826923076924 0.02026988636363638 0.05732692307692308
0 0.3411931818181818 0.932298076923077 0.03735795454545452 0.05836538461538466
0 0.34011363636363634 0.9065192307692307 0.038068181818181834 0.03403846153846152
0 0.3232315340909091 0.8853653846153846 0.035923295454545444 0.020923076923076916
0 0.31318181818181823 0.8681057692307692 0.02730113636363636 0.025288461538461603
0 0.3413778409090909 0.8783173076923078 0.046335227272727236 0.046673076923077
0 0.33665482954545456 0.8493942307692308 0.05069602272727272 0.019057692307692248
0 0.34158380681818185 0.8160288461538461 0.05774147727272728 0.055288461538461536
0 0.40841619318181815 0.8042307692307692 0.030468749999999985 0.041807692307692323
0 0.9674360795454546 0.6323846153846153 0.028480113636363734 0.04638461538461539
0 0.41343039772727275 0.8341826923076923 0.015440340909090916 0.028249999999999997
0 0.3981960227272728 0.8375673076923076 0.024204545454545482 0.04744230769230772
0 0.4178053977272727 0.862423076923077 0.03589488636363634 0.04746153846153847
0 0.4278267045454545 0.8313557692307691 0.015852272727272684 0.02486538461538463
0 0.44389204545454547 0.8514134615384615 0.03213068181818182 0.04463461538461534
0 0.4465980113636363 0.8096057692307692 0.030042613636363683 0.041250000000000085
0 0.4559872159090909 0.8175096153846154 0.027116477272727237 0.04236538461538467
0 0.43105823863636367 0.8010096153846153 0.03339488636363643 0.04521153846153844
0 0.48245028409090907 0.9870865384615384 0.020355113636363612 0.02582692307692309
0 0.45990767045454545 0.9800769230769231 0.027627840909090894 0.03938461538461542
0 0.9563139204545454 0.5992596153846154 0.03382102272727265 0.03194230769230772
0 0.4667045454545455 0.9564519230769231 0.0382954545454546 0.03936538461538456
0 0.48899857954545456 0.9798653846153845 0.025696022727272772 0.040269230769230765
0 0.5159019886363636 0.9867596153846154 0.03586647727272727 0.026480769230769197
0 0.46960937500000005 0.9370865384615384 0.04120738636363635 0.025596153846153852
0 0.5028125 0.9659711538461538 0.020369318181818145 0.02690384615384617
0 0.4870596590909091 0.9525192307692307 0.01792613636363637 0.02230769230769235
0 0.5025710227272727 0.9495576923076923 0.01599431818181817 0.019038461538461605
0 0.4953053977272727 0.9305288461538461 0.019872159090909104 0.02298076923076932
0 0.4679048295454545 0.9183942307692308 0.033934659090909154 0.036750000000000026
0 0.4921448863636364 0.9082115384615385 0.044602272727272775 0.03346153846153853
0 0.9890482954545454 0.5488653846153846 0.021676136363636352 0.042499999999999934
0 0.5139630681818183 0.908548076923077 0.03295454545454544 0.035442307692307704
0 0.5217258522727273 0.9216730769230769 0.03393465909090907 0.04069230769230774
0 0.5265624999999999 0.9275769230769231 0.030056818181818136 0.03149999999999999
0 0.5144460227272728 0.9492307692307693 0.01647727272727276 0.01969230769230771
0 0.5343252840909091 0.9462788461538462 0.03200284090909095 0.019019230769230743
0 0.5270525568181819 0.9676057692307691 0.03393465909090907 0.024942307692307635
0 0.8207173295454545 0.92675 0.028394886363636376 0.04630769230769228
0 0.8087357954545454 0.9237403846153847 0.025653409090909015 0.04213461538461543
0 0.5741264204545454 0.9882019230769231 0.03830965909090913 0.023596153846153812
0 0.584659090909091 0.9751057692307693 0.043096590909090876 0.046673076923077
0 0.9912855113636364 0.5825096153846153 0.017201704545454565 0.04301923076923067
0 0.5918536931818181 0.9481923076923077 0.03830965909090905 0.049923076923076994
0 0.6167542613636363 0.9862500000000001 0.03160511363636364 0.02750000000000002
0 0.602137784090909 0.9956538461538462 0.021548295454545476 0.008692307692307657
0 0.6157954545454545 0.9436538461538463 0.03639204545454546 0.06288461538461536
0 0.663671875 0.9830096153846153 0.03160511363636364 0.03398076923076926
0 0.6483522727272727 0.9830096153846153 0.04693181818181813 0.03398076923076926
0 0.6402627840909091 0.9452019230769231 0.027372159090909065 0.040250000000000015
0 0.6600355113636364 0.9552692307692308 0.0527130681818182 0.03019230769230767
0 0.6642542613636363 0.9138653846153847 0.036150568181818166 0.055346153846153906
0 0.6402627840909091 0.9024326923076923 0.05169034090909089 0.06267307692307687
0 0.9767116477272727 0.5744134615384615 0.01867897727272724 0.05313461538461538
0 0.7323366477272728 0.9104326923076922 0.029730113636363565 0.09148076923076921
0 0.7545312500000001 0.948298076923077 0.029403409090908994 0.06078846153846156
0 0.7488991477272726 0.971951923076923 0.02296874999999994 0.027903846153846026
0 0.7718181818181818 0.9396826923076923 0.02980113636363639 0.07048076923076918
0 0.7545525568181817 0.9061634615384616 0.01413352272727263 0.03348076923076928
0 0.769268465909091 0.8878365384615385 0.03416193181818192 0.037211538461538504
0 0.7569034090909091 0.8721538461538462 0.03610795454545465 0.04411538461538461
0 0.7413991477272727 0.8570096153846154 0.047485795454545385 0.05421153846153846
0 0.6548650568181817 0.8165961538461538 0.04038352272727274 0.04099999999999999
0 0.5930042613636364 0.7680480769230769 0.027201704545454595 0.03524999999999997
0 0.9677414772727272 0.5478461538461539 0.02616477272727267 0.038461538461538464
0 0.6383948863636364 0.7750480769230769 0.030653409090909148 0.033711538461538515
0 0.6383948863636363 0.7566346153846155 0.05210227272727274 0.051846153846153806
0 0.59875 0.7571538461538462 0.04863636363636365 0.07984615384615391
0 0.6140767045454545 0.7141153846153847 0.052471590909090905 0.06015384615384621
0 0.6518039772727273 0.7195576923076923 0.040596590909090964 0.09592307692307692
0 0.716171875 0.6925096153846154 0.02612215909090907 0.06586538461538462
0 0.7303622159090909 0.7175096153846154 0.023877840909090994 0.052442307692307656
0 0.7492755681818182 0.6952499999999999 0.022073863636363586 0.06403846153846156
0 0.7409446022727273 0.6745192307692308 0.026122159090909234 0.037192307692307754
0 0.7838210227272726 0.5435769230769231 0.03622159090909091 0.048192307692307694
0 0.9570880681818181 0.5706153846153846 0.022812500000000083 0.03542307692307695
0 0.7693607954545455 0.5022596153846154 0.03147727272727285 0.058519230769230726
0 0.7900426136363637 0.5112788461538462 0.023551136363636423 0.06305769230769229
0 0.7981463068181818 0.4985288461538462 0.036633522727272674 0.08713461538461534
0 0.8172514204545455 0.48825961538461543 0.02879261363636361 0.04959615384615389
0 0.8277130681818182 0.4553076923076923 0.028778409090909077 0.03188461538461541
0 0.8211789772727273 0.4446826923076923 0.04500000000000009 0.04605769230769234
0 0.7764346590909091 0.4585 0.0434374999999999 0.04392307692307693
0 0.7968465909090909 0.43228846153846157 0.055994318181818284 0.04957692307692308
0 0.701356534090909 0.3233173076923077 0.037542613636363645 0.022480769230769228
0 0.6896661931818181 0.3033173076923077 0.059701704545454586 0.04748076923076923
0 0.9397088068181819 0.58125 0.026917613636363538 0.04857692307692306
0 0.6456676136363636 0.30331730769230775 0.05784090909090913 0.04248076923076924
0 0.673359375 0.32664423076923077 0.019701704545454553 0.03582692307692307
0 0.6385866477272727 0.31540384615384615 0.046150568181818195 0.026653846153846125
0 0.6247443181818182 0.3291442307692308 0.03323863636363633 0.0324807692307692
0 0.6527414772727272 0.3395576923076923 0.028920454545454485 0.03165384615384617
0 0.6400568181818183 0.359 0.039829545454545486 0.029038461538461527
0 0.6569105113636364 0.376625 0.027571022727272763 0.02971153846153844
0 0.6551278409090909 0.39114423076923077 0.052585227272727325 0.022826923076923085
0 0.6262713068181818 0.3686826923076923 0.03473011363636362 0.06775000000000003
0 0.668409090909091 0.3572692307692308 0.02093750000000001 0.029730769230769193
0 0.971278409090909 0.9203653846153846 0.05744318181818189 0.04353846153846162
0 0.9205823863636362 0.45635576923076926 0.0480397727272728 0.04078846153846155
0 0.6834659090909091 0.3704038461538462 0.027585227272727296 0.024192307692307718
0 0.685 0.34725 0.018380681818181813 0.027653846153846143
0 0.69546875 0.3482788461538462 0.01786931818181816 0.031096153846153822
0 0.7151278409090908 0.3451730769230769 0.033693181818181775 0.03457692307692306
0 0.7013352272727272 0.37351923076923077 0.03880681818181817 0.027653846153846143
0 0.6454261363636363 0.41949038461538457 0.04238636363636368 0.03801923076923079
0 0.7001136363636363 0.39452884615384615 0.04227272727272726 0.05890384615384615
0 0.671015625 0.4108076923076923 0.037713068181818195 0.05392307692307691
0 0.6459943181818182 0.5280865384615385 0.04306818181818181 0.06890384615384612
0 0.621796875 0.5162884615384616 0.03595170454545455 0.061692307692307664
0 0.9149289772727273 0.4705961538461539 0.03610795454545465 0.03953846153846154
0 0.614140625 0.5047211538461539 0.03061079545454547 0.04336538461538464
0 0.6051278409090909 0.500173076923077 0.04059659090909089 0.0470384615384615
0 0.6026136363636364 0.476375 0.04227272727272726 0.06063461538461544
0 0.5942471590909091 0.4406634615384615 0.022187500000000006 0.026634615384615375
0 0.5864985795454545 0.4559711538461539 0.024275568181818145 0.028903846153846155
0 0.5795951704545454 0.45483653846153843 0.024701704545454607 0.07536538461538467
0 0.4780752840909091 0.46071153846153845 0.02509943181818176 0.02399999999999998
0 0.3549644886363636 0.5647596153846153 0.04399147727272727 0.08855769230769232
0 0.32138494318181815 0.5620096153846154 0.05325284090909092 0.0924807692307693
0 0.421328125 0.4115384615384615 0.04166193181818179 0.07519230769230774
0 0.8996946022727272 0.4752692307692308 0.028877840909090804 0.050576923076923096
0 0.41561789772727276 0.3866538461538462 0.05228693181818182 0.07961538461538457
0 0.41989346590909093 0.24501923076923077 0.040752840909090905 0.05900000000000001
0 0.43038352272727276 0.23245192307692308 0.03832386363636366 0.06336538461538459
0 0.3315269886363636 0.4057307692307693 0.06044034090909089 0.050461538461538426
0 0.2979190340909091 0.387375 0.04745738636363636 0.05048076923076923
0 0.32401278409090906 0.3558173076923077 0.032144886363636355 0.06428846153846156
0 0.2720099431818182 0.23966346153846155 0.03177556818181819 0.02686538461538464
0 0.2992684659090909 0.25188461538461543 0.019758522727272722 0.02046153846153849
0 0.29813210227272724 0.22915384615384615 0.028877840909090926 0.03153846153846155
0 0.326328125 0.2532884615384616 0.047059659090909124 0.04757692307692309
0 0.9089630681818183 0.5148076923076924 0.04741477272727272 0.050576923076923096
0 0.34192471590909085 0.3462596153846154 0.027116477272727278 0.03898076923076925
0 0.34644176136363636 0.37324038461538456 0.035497159090909065 0.03309615384615386
0 0.3623508522727273 0.34943269230769225 0.030468749999999985 0.05167307692307688
0 0.3514630681818182 0.3147692307692308 0.03414772727272726 0.03761538461538462
0 0.31766335227272724 0.30525961538461543 0.03478693181818183 0.029442307692307643
0 0.32501420454545454 0.33221153846153845 0.025454545454545476 0.029923076923076927
0 0.22038352272727274 0.11746153846153846 0.02852272727272725 0.058269230769230775
0 0.19460227272727273 0.08256730769230769 0.04403409090909091 0.04132692307692308
0 0.18409801136363635 0.040221153846153844 0.0360369318181818 0.04878846153846154
0 0.21837357954545455 0.04902884615384616 0.03552556818181821 0.062326923076923085
0 0.9417755681818182 0.5107596153846155 0.03076704545454557 0.04336538461538464
0 0.210625 0.027346153846153843 0.039034090909090935 0.03792307692307692
0 0.21762784090909087 0.008932692307692306 0.036022727272727255 0.017865384615384613
0 0.24639914772727273 0.00960576923076923 0.03651988636363634 0.01921153846153846
0 0.298046875 0.3380576923076923 0.036093749999999994 0.048192307692307694
0 0.29533380681818183 0.31496153846153846 0.03757102272727271 0.032807692307692315
0 0.2871661931818182 0.28851923076923075 0.04498579545454544 0.0267692307692308
0 0.33561789772727274 0.29589423076923077 0.032144886363636355 0.03078846153846152
0 0.35019886363636366 0.2778173076923077 0.03360795454545454 0.0455192307692308
0 0.3341619318181818 0.2692115384615385 0.03372159090909092 0.028346153846153865
0 0.31031960227272726 0.2837692307692308 0.034872159090909106 0.01969230769230771
0 0.9240340909090908 0.5358461538461539 0.030454545454545533 0.0356923076923077
0 0.28561079545454543 0.26960576923076923 0.041278409090909095 0.016519230769230776
0 0.2746377840909091 0.25503846153846155 0.036235795454545444 0.031461538461538485
0 0.2766619318181818 0.205375 0.03505681818181819 0.06109615384615386
0 0.28959517045454547 0.20817307692307693 0.03742897727272731 0.04530769230769231
0 0.25129971590909095 0.2035673076923077 0.02666193181818183 0.04990384615384616
0 0.2476207386363636 0.1816826923076923 0.026093750000000006 0.03994230769230769
0 0.24591619318181818 0.15901923076923077 0.026093750000000006 0.028423076923076926
0 0.26813920454545453 0.17089423076923077 0.020681818181818187 0.032519230769230766
0 0.25713778409090904 0.20566346153846152 0.01867897727272728 0.0406346153846154
0 0.29359375 0.1776923076923077 0.03247159090909093 0.023576923076923086
0 0.9485227272727272 0.5426442307692307 0.029204545454545375 0.031442307692307735
0 0.29321732954545454 0.15276923076923077 0.030213068181818195 0.03134615384615384
0 0.2766974431818182 0.14646153846153845 0.027116477272727278 0.038615384615384614
0 0.2612997159090909 0.1453173076923077 0.017230113636363672 0.029442307692307698
0 0.2624289772727273 0.12542307692307691 0.018920454545454535 0.03173076923076923
0 0.22083806818181817 0.15009615384615388 0.02889204545454542 0.05261538461538461
0 0.23826704545454547 0.14289423076923077 0.01727272727272727 0.05351923076923076
0 0.24823863636363636 0.12873076923076923 0.016619318181818207 0.039576923076923086
0 0.23761363636363636 0.10197115384615385 0.029232954545454524 0.04001923076923077
0 0.24345880681818183 0.08555769230769229 0.03515625 0.052
0 0.2740553977272727 0.11419230769230769 0.03254261363636363 0.04934615384615384
0 0.9634375 0.5111923076923077 0.025113636363636452 0.03484615384615385
0 0.24573863636363635 0.05867307692307692 0.024090909090909062 0.06346153846153846
0 0.26689630681818177 0.07233653846153845 0.018224431818181838 0.03613461538461538
0 0.2838210227272727 0.11287500000000002 0.03775568181818179 0.05025
0 0.288046875 0.10229807692307692 0.029303977272727266 0.027326923076923065
0 0.28154119318181814 0.07938461538461539 0.017571022727272692 0.029076923076923087
0 0.2978125 0.08335576923076923 0.022784090909090938 0.03701923076923077
0 0.3205965909090909 0.10317307692307694 0.030596590909090896 0.032615384615384616
0 0.307578125 0.11772115384615384 0.031889204545454526 0.03525
0 0.3082315340909091 0.070125 0.039701704545454526 0.04582692307692308
0 0.27145596590909093 0.04708653846153846 0.05981534090909089 0.041788461538461545
0 0.9798366477272729 0.5101249999999999 0.04032670454545453 0.03951923076923079
0 0.9492400568181818 0.48271153846153847 0.036178977272727314 0.0375
0 0.9741477272727272 0.8905769230769232 0.015795454545454553 0.026730769230769297
0 0.9814488636363637 0.4832115384615384 0.037102272727272734 0.04949999999999996
0 0.978203125 0.449875 0.04075284090909099 0.04271153846153842
0 0.9647159090909092 0.4370096153846154 0.04136363636363637 0.0568269230769231
0 0.9578267045454545 0.4229134615384616 0.03125 0.04936538461538459
0 0.951846590909091 0.4173173076923077 0.03522727272727266 0.043134615384615396
0 0.941590909090909 0.44614423076923077 0.017159090909090804 0.024480769230769264
0 0.9286931818181817 0.4306730769230769 0.012982954545454527 0.029269230769230766
0 0.9450852272727271 0.4028653846153846 0.037102272727272734 0.039999999999999966
0 0.9139204545454547 0.4270096153846154 0.033153409090909136 0.03463461538461542
0 0.9131960227272727 0.41066346153846156 0.03170454545454537 0.04486538461538464
0 0.9425568181818181 0.8985961538461538 0.04738636363636366 0.04276923076923079
0 0.8451136363636365 0.29771153846153847 0.02803977272727274 0.0356923076923077
0 0.978018465909091 0.28524999999999995 0.038508522727272745 0.04703846153846156
0 0.9516406249999999 0.2756153846153846 0.0301278409090908 0.05157692307692306
0 0.962109375 0.23934615384615388 0.0401846590909092 0.04703846153846153
0 0.9826207386363638 0.25209615384615386 0.029303977272727266 0.04080769230769228
0 0.9060227272727274 0.36401923076923076 0.02846590909090904 0.0356923076923077
0 0.8865553977272728 0.366 0.022173295454545473 0.0362692307692308
0 0.8986931818181819 0.33652884615384615 0.020511363636363553 0.02832692307692311
0 0.8836292613636364 0.3413557692307692 0.017997159090909032 0.024365384615384646
0 0.8838281250000001 0.32066346153846154 0.02595170454545452 0.02832692307692311
0 0.97296875 0.8653653846153846 0.05406249999999992 0.037423076923076996
0 0.8535227272727273 0.3536153846153846 0.04465909090909099 0.06784615384615385
0 0.8560014204545454 0.3275192307692308 0.026463068181818337 0.04926923076923078
0 0.9633025568181818 0.17974038461538464 0.036803977272727224 0.05598076923076923
0 0.9316690340909091 0.19065384615384615 0.033082386363636314 0.04646153846153846
0 0.9537926136363637 0.1506346153846154 0.02852272727272733 0.051500000000000004
0 0.929609375 0.15202884615384615 0.027286931818181707 0.05205769230769232
0 0.9215411931818182 0.3555096153846154 0.03515625 0.054865384615384614
0 0.9302272727272727 0.3479519230769231 0.032670454545454544 0.03975000000000003
0 0.9320880681818182 0.3168846153846154 0.030596590909091018 0.04365384615384613
0 0.9244318181818181 0.30176923076923073 0.03514204545454547 0.05373076923076923
0 0.9870738636363636 0.8260288461538462 0.025852272727272793 0.06875
0 0.9091406250000001 0.3009326923076923 0.03183238636363632 0.047596153846153844
0 0.8653480113636363 0.2985288461538462 0.025809659090909032 0.04098076923076918
0 0.90640625 0.2948269230769231 0.036477272727272816 0.0362692307692308
0 0.8988423295454545 0.27366346153846155 0.0684801136363637 0.029557692307692316
0 0.8827130681818183 0.2956730769230769 0.01786931818181824 0.0238461538461538
0 0.9084232954545454 0.25372115384615385 0.05951704545454542 0.04463461538461537
0 0.8537144886363636 0.26497115384615383 0.06214488636363636 0.040288461538461516
0 0.8692613636363636 0.22509615384615383 0.040482954545454544 0.04273076923076923
0 0.8351207386363636 0.24925000000000003 0.04220170454545444 0.04273076923076923
0 0.8267116477272727 0.24019230769230768 0.03705965909090898 0.03853846153846152
0 0.9480397727272728 0.8481249999999999 0.06369318181818186 0.08982692307692304
0 0.8682315340909091 0.19746153846153847 0.03842329545454539 0.034846153846153825
0 0.8558735795454545 0.20929807692307695 0.028821022727272674 0.03994230769230769
0 0.8253338068181818 0.21766346153846156 0.0425426136363637 0.05294230769230769
0 0.9073366477272728 0.21858653846153844 0.04666193181818185 0.06317307692307694
0 0.9016761363636363 0.17749038461538458 0.034659090909090876 0.06271153846153846
0 0.8925852272727273 0.1633173076923077 0.03636363636363624 0.05759615384615385
0 0.8819460227272728 0.15541346153846153 0.03499999999999998 0.05201923076923076
0 0.8445525568181819 0.15913461538461537 0.05078125 0.05573076923076921
0 0.8301491477272727 0.19907692307692307 0.04666193181818185 0.05480769230769231
0 0.6838494318181818 0.20097115384615383 0.04792613636363638 0.07194230769230768
0 0.9281392045454546 0.8220769230769231 0.062357954545454515 0.13473076923076924
0 0.7128693181818182 0.16848076923076927 0.02750000000000002 0.09011538461538461
0 0.6787926136363637 0.16092307692307692 0.042244318181818195 0.07607692307692307
0 0.7552556818181819 0.1035673076923077 0.03843750000000008 0.041249999999999995
0 0.7749431818181818 0.10166346153846154 0.04125000000000011 0.03744230769230769
0 0.7770525568181817 0.08040384615384616 0.04546874999999999 0.049499999999999995
0 0.7430681818181818 0.058826923076923075 0.03656250000000001 0.0495
0 0.7472869318181817 0.08484615384615385 0.03749999999999997 0.06853846153846153
0 0.7358025568181819 0.12863461538461538 0.018281250000000086 0.021576923076923073
0 0.7254900568181818 0.09753846153846153 0.01734375000000005 0.05203846153846154
0 0.7104900568181818 0.08928846153846154 0.016406249999999935 0.032999999999999995
