0 0.6093323863636364 0.543 0.06394886363636369 0.06719230769230769
0 0.15504971590909092 0.9569519230769231 0.023735795454545464 0.02690384615384617
0 0.8541477272727271 0.9874903846153846 0.024034090909090852 0.024596153846153775
0 0.6605539772727272 0.8519038461538462 0.021988636363636307 0.05546153846153852
0 0.41453124999999996 0.4379326923076923 0.026306818181818157 0.04925000000000002
0 0.7579829545454545 0.3506153846153846 0.029375000000000092 0.0381153846153846
0 0.7063423295454545 0.9861057692307692 0.04126420454545456 0.027788461538461515
0 0.11845880681818181 0.6805961538461538 0.045497159090909095 0.04919230769230766
0 0.2071306818181818 0.7622596153846154 0.03943181818181817 0.02698076923076918
0 0.34242897727272725 0.08588461538461538 0.02451704545454544 0.03511538461538461
0 0.9439133522727272 0.42025961538461537 0.027116477272727157 0.030980769230769256
0 0.06747869318181819 0.9372788461538462 0.030383522727272728 0.05544230769230766
0 0.10907670454545454 0.9381730769230769 0.024431818181818186 0.034884615384615465
0 0.7417258522727272 0.9890288461538461 0.03262784090909087 0.02194230769230774
0 0.07739346590909091 0.8941442307692308 0.01541193181818181 0.014173076923076932
0 0.5698295454545454 0.5232692307692308 0.0466761363636363 0.04915384615384616
0 0.2740340909090909 0.5243653846153845 0.05670454545454544 0.057576923076923074
0 0.27558238636363636 0.6265192307692307 0.04298295454545453 0.08449999999999999
0 0.16100142045454546 0.28252884615384616 0.033423295454545456 0.028019230769230755
0 0.08272727272727273 0.17110576923076923 0.030738636363636364 0.04344230769230767
0 0.37935369318181816 0.5222115384615384 0.08569602272727274 0.0955384615384615
0 0.9741051136363637 0.6652307692307692 0.026250000000000027 0.03596153846153844
0 0.11188210227272727 0.9781826923076923 0.03532670454545455 0.04336538461538453
0 0.26745738636363636 0.47184615384615386 0.05644886363636365 0.0705
0 0.36178267045454543 0.8718846153846154 0.027372159090909065 0.05480769230769231
0 0.7346519886363637 0.3485961538461539 0.05086647727272728 0.07488461538461538
0 0.8291122159090908 0.979375 0.03598011363636369 0.0390576923076922
0 0.016803977272727273 0.5375288461538461 0.03301136363636364 0.06871153846153849
0 0.25285511363636365 0.3762307692307692 0.04397727272727274 0.03892307692307689
0 0.7973224431818182 0.6666346153846153 0.041178977272727124 0.06619230769230772
0 0.290703125 0.7177596153846154 0.04271306818181817 0.04844230769230769
0 0.39734375000000005 0.9883173076923076 0.05028409090909096 0.023365384615384573
0 0.16177556818181818 0.8875384615384615 0.037897727272727284 0.03219230769230771
0 0.135390625 0.2965 0.03211647727272727 0.03576923076923076
0 0.12410511363636365 0.8553173076923076 0.04082386363636363 0.023173076923076946
0 0.0865127840909091 0.3346730769230769 0.036605113636363644 0.07369230769230768
0 0.6756321022727273 0.3061538461538461 0.03555397727272731 0.046807692307692314
0 0.8849431818181818 0.6605769230769231 0.03125 0.051923076923076926
0 0.23217329545454543 0.6306442307692308 0.049914772727272745 0.05894230769230765
0 0.705262784090909 0.5115673076923076 0.03802556818181815 0.03709615384615388
0 0.359609375 0.13778846153846155 0.029303977272727308 0.025653846153846135
0 0.30594460227272724 0.386701923076923 0.03600852272727272 0.06509615384615383
0 0.2071519886363636 0.09425961538461539 0.03225852272727274 0.06436538461538462
0 0.557734375 0.5617115384615385 0.04370738636363634 0.033769230769230774
0 0.3414772727272727 0.11665384615384615 0.02499999999999999 0.04253846153846153
0 0.16640625 0.08532692307692308 0.022073863636363645 0.032692307692307694
0 0.059552556818181814 0.8818461538461538 0.04424715909090909 0.04469230769230771
0 0.36729403409090905 0.9294903846153847 0.024105113636363636 0.040288461538461516
0 0.3150213068181818 0.504826923076923 0.020099431818181825 0.03315384615384617
0 0.09017045454545454 0.8188557692307692 0.038465909090909085 0.042019230769230816
0 0.3671875 0.4346634615384615 0.03988636363636366 0.056980769230769224
0 0.1894034090909091 0.8072980769230769 0.03852272727272728 0.029211538461538455
0 0.9853906249999999 0.2726153846153846 0.02921875000000007 0.041615384615384644
0 0.7836363636363637 0.7216730769230769 0.05207386363636359 0.048192307692307694
0 0.9026136363636365 0.9273846153846154 0.03193181818181805 0.058115384615384666
0 0.7816832386363636 0.015038461538461539 0.04651988636363636 0.02980769230769231
0 0.9693394886363635 0.3708942307692308 0.04407670454545451 0.03748076923076925
0 0.5488423295454545 0.5401538461538461 0.03234374999999998 0.0434615384615385
0 0.7500639204545455 0.6829615384615384 0.031860795454545385 0.05211538461538466
0 0.9866477272727273 0.35865384615384616 0.02670454545454539 0.03976923076923078
0 0.009176136363636364 0.34759615384615383 0.01815340909090909 0.041807692307692323
0 0.4073153409090909 0.8499230769230769 0.032727272727272674 0.04230769230769231
0 0.213671875 0.1319326923076923 0.039616477272727296 0.05236538461538461
0 0.10406960227272727 0.8441153846153846 0.020951704545454544 0.02088461538461541
0 0.07117187500000001 0.616375 0.026349431818181824 0.055942307692307645
0 0.3525 0.3739807692307693 0.028494318181818187 0.029384615384615387
0 0.6919318181818181 0.33840384615384617 0.037045454545454604 0.04846153846153844
0 0.8659161931818182 0.24453846153846154 0.03137784090909095 0.05957692307692308
0 0.9809943181818181 0.49664423076923075 0.036875000000000054 0.041365384615384596
0 0.8566903409090909 0.9633461538461539 0.03374999999999999 0.03296153846153844
0 0.09030539772727272 0.6116826923076923 0.02413352272727272 0.051826923076923055
0 0.9251207386363636 0.9567884615384615 0.018849431818181793 0.03188461538461535
0 0.02911931818181818 0.6451923076923077 0.026988636363636364 0.04038461538461539
0 0.9227272727272727 0.38484615384615384 0.03446022727272726 0.04934615384615384
0 0.9779545454545455 0.5283557692307692 0.04409090909090904 0.05082692307692309
0 0.13147017045454545 0.8947307692307692 0.025326704545454545 0.03249999999999996
0 0.7233664772727273 0.8313173076923076 0.028920454545454485 0.03875000000000006
0 0.98171875 0.3157115384615385 0.03627840909090904 0.05234615384615384
0 0.8001349431818181 0.03029807692307692 0.03262784090909095 0.03251923076923077
0 0.9551704545454546 0.27228846153846153 0.03650568181818172 0.04423076923076923
0 0.40028409090909095 0.447875 0.03198863636363634 0.05371153846153848
0 0.33171875 0.1396923076923077 0.027840909090909124 0.037692307692307685
0 0.17934659090909089 0.9655096153846154 0.037727272727272713 0.059134615384615494
0 0.9632244318181818 0.4368269230769231 0.015284090909090896 0.053961538461538464
0 0.68125 0.6459326923076922 0.054801136363636344 0.06663461538461535
0 0.11756392045454546 0.8740769230769231 0.05759943181818183 0.02892307692307696
0 0.12016335227272727 0.7883173076923076 0.04055397727272729 0.06186538461538465
0 0.1034659090909091 0.9032980769230768 0.042926136363636375 0.034865384615384604
0 0.1403622159090909 0.3149711538461539 0.027855113636363636 0.03732692307692307
0 0.16538352272727275 0.9281153846153847 0.04485795454545454 0.03030769230769229
0 0.3623366477272727 0.11657692307692308 0.021264204545454544 0.018846153846153842
0 0.3410511363636364 0.305375 0.03866477272727273 0.03559615384615388
0 0.050390625 0.3344615384615385 0.03245738636363636 0.05515384615384611
0 0.7829474431818181 0.6475673076923077 0.027116477272727316 0.054750000000000056
0 0.7211079545454546 0.9707403846153847 0.03639204545454546 0.03432692307692312
0 0.08232954545454545 0.9247596153846154 0.02707386363636363 0.04559615384615392
0 0.5700710227272727 0.248125 0.02786931818181819 0.04174999999999999
0 0.3905326704545455 0.39297115384615383 0.025639204545454482 0.06321153846153847
0 0.7656392045454545 0.49335576923076924 0.04863636363636365 0.0461346153846154
0 0.9523934659090909 0.3835096153846154 0.027116477272727157 0.042826923076923096
0 0.3703125 0.3031153846153846 0.01829545454545454 0.02407692307692304
0 0.41296875000000005 0.8759134615384616 0.027386363636363677 0.028211538461538493
0 0.26328124999999997 0.9804903846153846 0.04821022727272727 0.039019230769230806
0 0.2271235795454545 0.9701346153846153 0.03796874999999999 0.059461538461538385
0 0.15425426136363637 0.8619134615384615 0.024218750000000015 0.026365384615384686
0 0.38573863636363637 0.8606057692307693 0.019346590909090914 0.04351923076923076
0 0.3059943181818182 0.9321442307692308 0.057215909090909095 0.06928846153846159
0 0.14237926136363635 0.9678365384615384 0.02274147727272726 0.030019230769230687
0 0.9411505681818181 0.343625 0.03772727272727281 0.039557692307692294
0 0.7648721590909091 0.047365384615384615 0.036136363636363716 0.06634615384615385
0 0.006946022727272727 0.5116153846153847 0.013892045454545454 0.05296153846153845
0 0.8728480113636364 0.9894038461538461 0.022428977272727222 0.021192307692307656
0 0.28279119318181817 0.8328557692307693 0.04021306818181818 0.05032692307692311
0 0.9846022727272729 0.44672115384615385 0.030795454545454473 0.04317307692307695
0 0.16779829545454544 0.3056634615384615 0.02664772727272728 0.04671153846153844
0 0.8652272727272727 0.9494423076923076 0.012812499999999975 0.01826923076923077
0 0.25713778409090904 0.8056346153846154 0.04603693181818181 0.05219230769230766
0 0.248671875 0.8803557692307692 0.03467329545454545 0.043173076923076904
0 0.9054971590909091 0.9803461538461538 0.023551136363636423 0.0393076923076923
0 0.09969460227272728 0.8325192307692307 0.015610795454545467 0.015730769230769243
0 0.4208877840909091 0.3759134615384615 0.04646306818181823 0.06944230769230772
0 0.37058238636363633 0.3831826923076923 0.02519886363636361 0.04898076923076923
0 0.5846164772727273 0.1836057692307692 0.04477272727272725 0.04717307692307693
0 0.7753977272727273 0.7020576923076923 0.05846590909090921 0.0600769230769231
0 0.05754971590909091 0.2597019230769231 0.04296875 0.06248076923076922
0 0.2538636363636364 0.33020192307692303 0.06360795454545455 0.059557692307692305
0 0.06253551136363636 0.16097115384615385 0.022457386363636367 0.04994230769230769
0 0.6445951704545454 0.822548076923077 0.0400710227272727 0.07994230769230767
0 0.9857741477272728 0.17911538461538462 0.028451704545454506 0.07465384615384614
0 0.7826420454545455 0.0578076923076923 0.02017045454545461 0.048999999999999995
0 0.26906250000000004 0.7245288461538462 0.03883522727272728 0.06871153846153849
0 0.760078125 0.5073942307692308 0.034076704545454556 0.03275
0 0.6203480113636364 0.8798461538461538 0.0427698863636363 0.05503846153846155
0 0.8372230113636363 0.25852884615384614 0.04109374999999993 0.04148076923076922
0 0.08753551136363637 0.6606826923076923 0.04742897727272726 0.06271153846153849
0 0.7315056818181819 0.8056153846153845 0.03193181818181821 0.04119230769230772
0 0.09291193181818182 0.13871153846153844 0.025454545454545455 0.034384615384615375
0 0.9167471590909091 0.9420865384615384 0.029829545454545456 0.044288461538461485
0 0.014666193181818183 0.7623461538461538 0.02916193181818182 0.08876923076923082
0 0.3594105113636364 0.39847115384615384 0.026519886363636388 0.030865384615384583
0 0.7589701704545455 0.38303846153846155 0.0422301136363635 0.03007692307692305
0 0.39392045454545455 0.9307019230769231 0.03392045454545454 0.0443269230769231
0 0.1902769886363636 0.7789615384615385 0.03163352272727274 0.033923076923076896
0 0.1644034090909091 0.9843076923076923 0.03894886363636362 0.03138461538461537
0 0.9556676136363635 0.7661346153846154 0.06687500000000006 0.0803846153846154
0 0.07095880681818181 0.13581730769230768 0.023252840909090907 0.036557692307692305
0 0.8782812499999999 0.9422596153846154 0.020937499999999852 0.04109615384615385
0 0.05509943181818182 0.8527884615384617 0.04457386363636363 0.03934615384615381
0 0.1696306818181818 0.7248942307692308 0.05130681818181817 0.045442307692307685
0 0.8883522727272729 0.9782211538461538 0.02852272727272733 0.04355769230769226
0 0.5367897727272727 0.130375 0.041051136363636415 0.06298076923076923
0 0.15216619318181818 0.09464423076923077 0.02225852272727271 0.03498076923076924
0 0.11762784090909091 0.6257692307692307 0.047159090909090914 0.05896153846153851
0 0.8646946022727273 0.20223076923076921 0.044985795454545556 0.040153846153846144
0 0.9460298295454546 0.4485961538461538 0.023906249999999896 0.03396153846153845
0 0.6759232954545454 0.8539519230769231 0.0244034090909091 0.05871153846153841
0 0.5363352272727272 0.14816346153846155 0.027357954545454533 0.03778846153846155
0 0.13071022727272727 0.9375 0.025426136363636373 0.054076923076923085
0 0.8554900568181819 0.9441057692307693 0.009076704545454527 0.008326923076923155
0 0.40374289772727273 0.8960576923076923 0.02975852272727271 0.045923076923076914
0 0.6837855113636363 0.32922115384615386 0.02765625000000004 0.034096153846153825
0 0.21398437499999998 0.7869519230769232 0.027031250000000003 0.044750000000000074
0 0.1601278409090909 0.9071346153846154 0.048039772727272716 0.02453846153846152
0 0.3608877840909091 0.9071346153846155 0.027372159090909065 0.04392307692307688
0 0.5595383522727273 0.2598076923076923 0.028053977272727272 0.04246153846153843
0 0.9641122159090909 0.33685576923076926 0.025696022727272613 0.03059615384615384
0 0.07044744318181818 0.28942307692307695 0.04711647727272728 0.061615384615384655
0 0.8065198863636364 0.06363461538461537 0.028778409090909077 0.03734615384615384
0 0.8424502840909092 0.22642307692307692 0.056889204545454646 0.035884615384615376
0 0.9205468750000001 0.9824711538461538 0.019105113636363538 0.03294230769230779
0 0.13769886363636363 0.8374326923076924 0.043125 0.024711538461538396
0 0.1354971590909091 0.9860096153846152 0.03434659090909092 0.0277115384615384
0 0.3705681818181818 0.28339423076923076 0.01829545454545454 0.023019230769230768
0 0.9413565340909091 0.29473076923076924 0.04396306818181825 0.05853846153846153
0 0.08545454545454545 0.5835192307692306 0.039943181818181815 0.021038461538461534
0 0.3746946022727272 0.2680384615384615 0.04046874999999997 0.07326923076923078
0 0.08975852272727272 0.8523461538461539 0.028068181818181805 0.03130769230769236
0 0.38038352272727266 0.895451923076923 0.016363636363636417 0.030211538461538533
0 0.17163352272727272 0.8556730769230769 0.025284090909090885 0.03173076923076923
0 0.7580823863636365 0.6405288461538462 0.03343750000000011 0.07678846153846156
0 0.271328125 0.4273461538461538 0.044076704545454544 0.0868846153846154
0 0.9716974431818183 0.40624038461538464 0.03421875000000005 0.049480769230769266
0 0.412890625 0.4067788461538462 0.03265625000000001 0.05459615384615382
0 0.08414772727272726 0.9690192307692307 0.03928977272727272 0.050076923076923005
0 0.7049005681818182 0.5473461538461538 0.039261363636363615 0.03242307692307695
0 0.12529829545454546 0.8207884615384615 0.03178977272727274 0.04638461538461539
0 0.24842329545454545 0.9562788461538462 0.05943181818181819 0.04067307692307688
0 0.04115767045454546 0.2961057692307692 0.010184659090909093 0.026711538461538436
0 0.9341477272727272 0.9798173076923077 0.02852272727272717 0.038980769230769194
0 0.30857954545454547 0.4868461538461538 0.03815340909090907 0.05234615384615379
0 0.36611505681818185 0.09957692307692308 0.03188920454545457 0.03288461538461539
0 0.9920525568181818 0.13246153846153846 0.015497159090909046 0.031730769230769215
0 0.5667613636363636 0.19776923076923078 0.04110795454545462 0.05661538461538461
0 0.6941477272727273 0.2001826923076923 0.05036931818181823 0.061519230769230784
