0 0.4867897727272727 0.22398076923076923 0.047073863636363615 0.06842307692307689
0 0.7042542613636363 0.8065288461538461 0.031803977272727255 0.06144230769230767
0 0.9824360795454545 0.7618653846153847 0.03478693181818183 0.09419230769230773
0 0.7053480113636365 0.09639423076923077 0.04759943181818189 0.03713461538461539
0 0.6936505681818183 0.9768942307692308 0.04159090909090913 0.0460576923076924
0 0.35421164772727276 0.9233076923076923 0.039133522727272704 0.04930769230769228
0 0.6929900568181818 0.911625 0.046491477272727295 0.03221153846153846
0 0.7225994318181819 0.8876538461538461 0.054801136363636344 0.06519230769230765
0 0.013110795454545455 0.027067307692307693 0.02622159090909091 0.054134615384615385
0 0.016910511363636364 0.46280769230769236 0.03382102272727273 0.11492307692307696
0 0.7588494318181819 0.8861538461538462 0.035426136363636444 0.07119230769230765
0 0.06421164772727272 0.8966730769230769 0.04080965909090909 0.0756153846153846
0 0.7339133522727272 0.7958846153846154 0.03538352272727268 0.07111538461538465
0 0.48607954545454546 0.28977884615384614 0.043522727272727255 0.07778846153846151
0 0.23124289772727274 0.8288942307692307 0.034701704545454515 0.14121153846153847
0 0.7068678977272728 0.40923076923076923 0.040980113636363585 0.0628461538461538
0 0.6689275568181817 0.40055769230769234 0.04322443181818183 0.06630769230769229
0 0.7873579545454544 0.8951346153846155 0.03928977272727268 0.0666923076923077
0 0.031484375 0.4477019230769231 0.06098011363636364 0.10313461538461538
0 0.9654048295454545 0.39752884615384615 0.03921875000000002 0.037250000000000005
0 0.3363352272727273 0.943576923076923 0.035397727272727296 0.046538461538461515
0 0.5850568181818182 0.2894326923076923 0.06900568181818188 0.10548076923076925
0 0.9186363636363637 0.6145192307692307 0.04977272727272722 0.05326923076923075
0 0.36481534090909096 0.8592211538461537 0.06383522727272727 0.05371153846153848
0 0.565234375 0.8007980769230769 0.044133522727272716 0.06655769230769233
0 0.9413849431818181 0.9850288461538462 0.06620738636363638 0.029942307692307678
0 0.2739417613636364 0.17625000000000002 0.04586647727272726 0.08392307692307692
0 0.17834517045454545 0.5161826923076923 0.05890625 0.07282692307692314
0 0.6782173295454546 0.34529807692307696 0.06626420454545459 0.06501923076923077
0 0.7520454545454546 0.14597115384615386 0.03539772727272721 0.05521153846153848
0 0.7281534090909091 0.35981730769230774 0.03937500000000004 0.0827884615384615
0 0.87875 0.48188461538461536 0.04826704545454548 0.06269230769230769
0 0.6435369318181818 0.8555480769230769 0.03281250000000003 0.05763461538461544
0 0.9853267045454547 0.37526923076923074 0.0284659090909092 0.0800769230769231
0 0.538877840909091 0.6158942307692308 0.033153409090909136 0.07159615384615388
0 0.9382315340909091 0.15177884615384615 0.02407670454545461 0.0440576923076923
0 0.7884588068181819 0.9663365384615384 0.03819602272727271 0.03821153846153836
0 0.30900568181818183 0.6294903846153846 0.03312499999999999 0.045365384615384564
0 0.5156107954545455 0.9417788461538462 0.018068181818181858 0.02509615384615387
0 0.4620454545454545 0.6322980769230769 0.038778409090909106 0.0550576923076923
0 0.19790482954545452 0.9479519230769231 0.025184659090909077 0.07717307692307691
0 0.8577485795454546 0.019884615384615386 0.05521306818181819 0.03865384615384616
0 0.4235227272727272 0.7488750000000001 0.04400568181818176 0.054557692307692314
0 0.09348011363636365 0.5882307692307692 0.056420454545454544 0.06580769230769236
0 0.9097869318181818 0.1684326923076923 0.04295454545454547 0.07032692307692309
0 0.5853196022727273 0.09447115384615384 0.04629261363636368 0.06163461538461539
0 0.2260014204545455 0.13392307692307692 0.047911931818181805 0.06965384615384615
0 0.3466690340909091 0.8113942307692307 0.04029829545454546 0.041942307692307695
0 0.9636363636363636 0.5293846153846153 0.04366477272727274 0.05453846153846145
0 0.6233522727272728 0.5787403846153846 0.05460227272727272 0.04682692307692312
0 0.19186079545454546 0.6926442307692307 0.07215909090909091 0.0794807692307692
0 0.013018465909090908 0.13944230769230767 0.026036931818181817 0.06788461538461538
0 0.5047301136363637 0.2344230769230769 0.030482954545454518 0.053807692307692286
0 0.13424005681818182 0.835548076923077 0.028650568181818183 0.06386538461538457
0 0.2561221590909091 0.8287115384615384 0.041619318181818195 0.13246153846153846
0 0.5609588068181818 0.25198076923076923 0.039531249999999976 0.0560769230769231
0 0.6819176136363636 0.9509711538461538 0.033210227272727266 0.049442307692307765
0 0.21109375000000002 0.8239807692307692 0.037812499999999964 0.1023846153846153
0 0.014055397727272727 0.3375096153846154 0.028110795454545454 0.03871153846153845
0 0.5856392045454545 0.7752884615384615 0.05312500000000005 0.05153846153846156
0 0.938884943181818 0.18217307692307694 0.041008522727272734 0.039653846153846165
0 0.06647017045454545 0.20436538461538462 0.05649147727272729 0.05853846153846153
0 0.024630681818181822 0.19417307692307692 0.029659090909090913 0.07503846153846155
0 0.06525568181818181 0.24756730769230773 0.055454545454545444 0.04298076923076922
0 0.4019957386363636 0.20306730769230769 0.0515482954545454 0.06036538461538462
0 0.31598011363636364 0.2424519230769231 0.029403409090909115 0.04067307692307694
0 0.21589488636363638 0.23025 0.04997159090909092 0.0710769230769231
0 0.8115553977272728 0.016134615384615386 0.03958806818181819 0.03226923076923077
0 0.5588920454545455 0.6108653846153845 0.04230113636363641 0.07392307692307692
0 0.5838352272727273 0.8473173076923077 0.06198863636363634 0.055134615384615414
0 0.7614133522727274 0.012971153846153848 0.06117897727272734 0.025519230769230773
0 0.7603835227272726 0.033692307692307695 0.0366193181818183 0.05011538461538462
0 0.29593749999999996 0.12128846153846154 0.04772727272727272 0.07299999999999998
0 0.9506534090909091 0.8294807692307693 0.04150568181818186 0.04911538461538466
0 0.9421519886363637 0.7540384615384615 0.06120738636363641 0.05492307692307693
0 0.9773934659090909 0.9479711538461539 0.04521306818181824 0.04171153846153846
0 0.799112215909091 0.047701923076923086 0.056178977272727366 0.06455769230769232
0 0.9608167613636364 0.3622115384615385 0.030042613636363603 0.04365384615384613
0 0.4827201704545455 0.8030096153846153 0.05703125000000005 0.06209615384615377
0 0.4743536931818182 0.7243076923076923 0.05842329545454545 0.059884615384615356
0 0.4591903409090909 0.047288461538461536 0.06065340909090908 0.06653846153846155
0 0.44480113636363633 0.07066346153846154 0.06374999999999999 0.04374999999999999
0 0.30678267045454544 0.07178846153846154 0.03967329545454546 0.046153846153846156
0 0.882002840909091 0.7932115384615385 0.0336931818181817 0.03819230769230761
0 0.9530965909090909 0.8705576923076923 0.047073863636363615 0.05099999999999996
0 0.869921875 0.7780865384615385 0.024900568181818305 0.060480769230769206
0 0.8495951704545455 0.72775 0.0421164772727274 0.06396153846153844
0 0.050546875 0.6007307692307692 0.0408096590909091 0.0648461538461539
0 0.842080965909091 0.6670192307692309 0.039559659090909124 0.06149999999999992
0 0.39350142045454545 0.6058942307692309 0.031377840909090876 0.07271153846153847
0 0.5529332386363636 0.18514423076923078 0.06862215909090909 0.08151923076923077
0 0.3025213068181818 0.810548076923077 0.03967329545454546 0.0889423076923077
0 0.8943821022727273 0.025403846153846155 0.03720170454545462 0.05080769230769231
0 0.02606534090909091 0.5863173076923077 0.04505681818181818 0.058134615384615417
0 0.3210440340909091 0.033596153846153845 0.04833806818181818 0.03357692307692308
0 0.006313920454545455 0.19655769230769232 0.01262784090909091 0.05019230769230771
0 0.3368465909090909 0.053740384615384613 0.030369318181818216 0.04363461538461538
0 0.5218110795454546 0.9267403846153845 0.038934659090909124 0.06913461538461536
0 0.5060298295454545 0.9445576923076923 0.03936079545454551 0.06507692307692303
0 0.5182315340909092 0.29370192307692305 0.028167613636363612 0.07521153846153848
0 0.3172798295454546 0.7527403846153845 0.0185653409090909 0.020788461538461544
0 0.06110795454545454 0.27428846153846154 0.04849431818181818 0.05207692307692305
0 0.7088707386363636 0.18526923076923077 0.03762784090909084 0.06053846153846155
0 0.972109375 0.5683846153846154 0.022968750000000104 0.040769230769230856
0 0.10501420454545456 0.8386730769230769 0.043125 0.07326923076923081
0 0.9637713068181817 0.6132115384615384 0.05132102272727272 0.05796153846153843
0 0.5411576704545454 0.2976153846153846 0.036576704545454544 0.06307692307692304
0 0.2815482954545454 0.9780576923076924 0.05232954545454546 0.04388461538461537
0 0.44391335227272727 0.11082692307692309 0.06376420454545452 0.05934615384615385
0 0.3797798295454546 0.6436826923076923 0.04495738636363637 0.05024999999999999
0 0.13382102272727273 0.6914326923076922 0.07170454545454547 0.09890384615384616
0 0.9121946022727272 0.11521153846153846 0.03970170454545445 0.04142307692307694
0 0.8505752840909092 0.47016346153846156 0.03654829545454532 0.07855769230769236
0 0.06298295454545454 0.06601923076923076 0.05889204545454545 0.05873076923076924
0 0.9866548295454546 0.9820961538461539 0.026690340909090858 0.03580769230769232
0 0.2199005681818182 0.5172980769230769 0.053437500000000006 0.056519230769230745
0 0.37191051136363634 0.5994038461538462 0.03686079545454548 0.04915384615384616
0 0.084609375 0.6192115384615384 0.04151988636363637 0.04707692307692311
0 0.21848011363636363 0.5740288461538462 0.05693181818181816 0.07748076923076916
0 0.04980823863636363 0.030701923076923078 0.07507102272727273 0.061403846153846156
0 0.8946235795454546 0.07291346153846154 0.05012784090909102 0.05551923076923077
0 0.10355823863636364 0.9389807692307692 0.05353693181818182 0.05446153846153845
0 0.8772940340909091 0.6721634615384615 0.03478693181818183 0.0663653846153846
0 0.9127130681818181 0.7059903846153847 0.05755681818181815 0.06036538461538459
0 0.9596946022727273 0.9688076923076923 0.03345170454545448 0.05046153846153837
0 0.8789701704545455 0.711576923076923 0.025014204545454565 0.04003846153846152
0 0.17272727272727273 0.5747307692307693 0.0744318181818182 0.07696153846153843
0 0.8571306818181817 0.40388461538461534 0.03125 0.045692307692307726
