0 0.7046732954545455 0.9868653846153845 0.06113636363636366 0.02626923076923082
0 0.06608664772727274 0.9018653846153847 0.032883522727272727 0.05607692307692313
0 0.7183167613636363 0.8155192307692308 0.036690340909090964 0.04096153846153849
0 0.7146093750000001 0.8534326923076923 0.0468323863636364 0.05282692307692302
0 0.43427556818181823 0.5871153846153845 0.033039772727272716 0.0470384615384615
0 0.7607954545454544 0.02653846153846154 0.05136363636363632 0.05307692307692308
0 0.6086789772727272 0.5660961538461539 0.03499999999999998 0.04688461538461538
0 0.6362855113636363 0.5775769230769231 0.031747159090909124 0.030269230769230677
0 0.6281605113636364 0.54375 0.03643465909090914 0.04323076923076927
0 0.1527627840909091 0.17959615384615382 0.05455965909090909 0.04973076923076923
0 0.2365696022727273 0.23096153846153844 0.043906249999999994 0.06357692307692309
0 0.2449431818181818 0.28481730769230773 0.05630681818181816 0.04886538461538461
0 0.048508522727272727 0.9188557692307693 0.035909090909090904 0.07036538461538468
0 0.2575497159090909 0.3517788461538462 0.0641335227272727 0.09271153846153847
0 0.016988636363636362 0.2911153846153846 0.03363636363636364 0.08938461538461542
0 0.11797585227272728 0.22170192307692307 0.058622159090909086 0.0689423076923077
0 0.2997230113636364 0.8214903846153846 0.03654829545454548 0.0526730769230769
0 0.3316619318181818 0.8111057692307692 0.04931818181818182 0.04682692307692301
0 0.37342329545454545 0.8496923076923077 0.054232954545454556 0.0803461538461539
0 0.7030255681818182 0.7303942307692308 0.054232954545454556 0.06413461538461543
0 0.41807528409090905 0.5671923076923077 0.04098011363636367 0.04073076923076913
0 0.17865767045454548 0.019682692307692307 0.045099431818181816 0.039365384615384615
0 0.15958806818181817 0.43723076923076926 0.03863636363636364 0.06711538461538463
0 0.28321022727272727 0.4661442307692308 0.05105113636363636 0.09359615384615387
0 0.1440838068181818 0.017432692307692305 0.047201704545454554 0.03486538461538461
0 0.4578622159090909 0.5123653846153846 0.057514204545454556 0.0491153846153846
0 0.42450284090909096 0.5310480769230769 0.046988636363636344 0.05478846153846156
0 0.6373863636363637 0.12765384615384615 0.03670454545454542 0.06234615384615385
0 0.6223934659090908 0.09291346153846153 0.044133522727272716 0.11690384615384614
0 0.757315340909091 0.12359615384615384 0.044857954545454604 0.06526923076923076
0 0.6490198863636363 0.08868269230769231 0.04221590909090905 0.060403846153846155
0 0.5595596590909091 0.2863942307692308 0.04676136363636358 0.05290384615384619
0 0.08931107954545454 0.8007403846153845 0.017940340909090902 0.03324999999999993
0 0.1084090909090909 0.8121057692307693 0.03687499999999999 0.03794230769230773
0 0.3055752840909091 0.42750000000000005 0.03458806818181821 0.06126923076923074
0 0.07202414772727272 0.7496346153846154 0.025071022727272727 0.042153846153846077
0 0.07465198863636363 0.8281826923076923 0.04046874999999999 0.050134615384615375
0 0.06899857954545455 0.8469326923076923 0.035724431818181815 0.04059615384615376
0 0.02228693181818182 0.8844230769230769 0.03474431818181818 0.047692307692307714
0 0.07316051136363637 0.6054615384615385 0.042457386363636364 0.0851153846153847
0 0.5465625 0.937423076923077 0.014062500000000049 0.0208461538461538
0 0.013025568181818182 0.6338653846153847 0.026051136363636363 0.043115384615384646
0 0.049765624999999994 0.6431923076923076 0.027201704545454543 0.03796153846153848
0 0.014850852272727273 0.6655384615384616 0.029701704545454545 0.028307692307692253
0 0.08692471590909091 0.6732884615384616 0.06669034090909091 0.10038461538461536
0 0.33857244318181823 0.4296826923076923 0.06399147727272725 0.10536538461538465
0 0.07780539772727273 0.6456634615384615 0.057741477272727264 0.08555769230769232
0 0.03608664772727273 0.7029326923076923 0.040980113636363634 0.051865384615384556
0 0.06121448863636363 0.7149423076923077 0.04115056818181818 0.04626923076923077
0 0.08419034090909092 0.7346057692307693 0.023721590909090914 0.03571153846153845
0 0.01127840909090909 0.5987211538461539 0.02255681818181818 0.060403846153846204
0 0.04280539772727272 0.6742980769230769 0.03251420454545454 0.029634615384615322
0 0.21609375 0.2987403846153846 0.03582386363636363 0.03890384615384619
0 0.20810369318181818 0.32217307692307695 0.03845170454545454 0.051230769230769205
0 0.2009090909090909 0.3542307692307692 0.02610795454545454 0.045769230769230736
0 0.23066051136363636 0.36559615384615385 0.03339488636363635 0.06411538461538462
0 0.40115056818181816 0.5812788461538462 0.03292613636363637 0.04278846153846154
0 0.22732244318181818 0.38423076923076926 0.031576704545454574 0.05369230769230767
0 0.20728693181818184 0.4113557692307692 0.0315625 0.06028846153846158
0 0.2031463068181818 0.3760192307692308 0.018821022727272728 0.033423076923076916
0 0.14968039772727273 0.39813461538461536 0.0204971590909091 0.03411538461538463
0 0.1812286931818182 0.4172692307692308 0.03072443181818183 0.07738461538461534
0 0.45913352272727276 0.18487499999999998 0.06244318181818179 0.05182692307692308
0 0.49475852272727266 0.2869519230769231 0.03914772727272728 0.03628846153846155
0 0.4752698863636363 0.25614423076923076 0.05130681818181819 0.04490384615384617
0 0.5056036931818182 0.2573365384615385 0.021690340909090885 0.031519230769230744
0 0.5057812500000001 0.22594230769230772 0.041448863636363645 0.07234615384615385
0 0.4237073863636363 0.6093653846153846 0.03227272727272723 0.04011538461538464
0 0.41390625 0.3894807692307692 0.05525568181818179 0.08407692307692308
0 0.4528480113636364 0.44045192307692305 0.04387784090909089 0.05609615384615388
0 0.4494389204545454 0.4848076923076923 0.019133522727272687 0.029269230769230714
0 0.6224857954545455 0.7121923076923077 0.014119318181818179 0.016576923076923086
0 0.8267826704545456 0.35945192307692314 0.041264204545454646 0.051519230769230755
0 0.8858238636363637 0.37497115384615387 0.027357954545454533 0.04721153846153843
0 0.9011008522727273 0.3368846153846154 0.03626420454545451 0.0413846153846154
0 0.8555965909090909 0.3172019230769231 0.02312499999999996 0.04371153846153844
0 0.013274147727272726 0.7630480769230769 0.026065340909090906 0.0682115384615384
0 0.792393465909091 0.06750961538461539 0.056406250000000054 0.0469423076923077
0 0.856747159090909 0.4833365384615384 0.02306818181818183 0.034788461538461546
0 0.1433025568181818 0.2549230769230769 0.03288352272727271 0.042730769230769204
0 0.6825923295454546 0.05204807692307692 0.022002840909090923 0.02998076923076923
0 0.7015127840909091 0.04079807692307692 0.03984375000000002 0.02875
0 0.7265838068181818 0.04860576923076923 0.028139204545454467 0.02936538461538461
0 0.7085866477272728 0.013740384615384614 0.032769886363636355 0.02748076923076923
0 0.7303480113636364 0.018211538461538463 0.024303977272727293 0.036423076923076926
0 0.6812855113636364 0.017798076923076923 0.03782670454545454 0.03559615384615385
0 0.7451136363636363 0.43520192307692307 0.01750000000000007 0.025211538461538487
0 0.5081960227272727 0.01085576923076923 0.03801136363636362 0.02171153846153846
0 0.4745880681818182 0.013990384615384616 0.048664772727272716 0.027980769230769233
0 0.9876633522727274 0.6327403846153846 0.02467329545454546 0.06655769230769222
0 0.656065340909091 0.013365384615384616 0.02318181818181817 0.02673076923076923
0 0.635205965909091 0.00991346153846154 0.03615056818181825 0.01982692307692308
0 0.616200284090909 0.03470192307692308 0.06026988636363637 0.06940384615384616
0 0.16135653409090908 0.38399038461538465 0.027855113636363636 0.03909615384615387
0 0.03911931818181818 0.6201634615384616 0.02127840909090909 0.027750000000000014
0 0.030646306818181816 0.6481730769230769 0.019303977272727275 0.026153846153846198
0 0.23757102272727273 0.6079038461538462 0.03687499999999997 0.02723076923076928
0 0.24236505681818182 0.6359326923076923 0.03782670454545454 0.04440384615384622
0 0.350234375 0.49675 0.04512784090909088 0.06946153846153846
0 0.4722301136363637 0.5250961538461537 0.04818181818181821 0.05780769230769231
0 0.948927556818182 0.6982788461538462 0.04944602272727281 0.06440384615384617
0 0.4575142045454546 0.5774423076923076 0.03318181818181812 0.05234615384615379
0 0.2824005681818182 0.9508173076923078 0.051107954545454574 0.09836538461538458
0 0.32963068181818184 0.9577307692307692 0.06869318181818183 0.08453846153846149
0 0.5264772727272727 0.3167019230769231 0.059261363636363674 0.05905769230769227
0 0.6689346590909091 0.9708942307692308 0.045681818181818136 0.058211538461538426
0 0.6423295454545456 0.9734519230769231 0.04357954545454546 0.05309615384615387
0 0.9315980113636364 0.6493653846153845 0.020951704545454544 0.04457692307692309
0 0.9156321022727273 0.6740096153846155 0.045894886363636284 0.06821153846153852
0 0.9893536931818182 0.9600961538461539 0.021292613636363648 0.0476538461538461
0 0.9782812500000001 0.9107115384615384 0.04156249999999999 0.09476923076923072
0 0.826455965909091 0.21586538461538463 0.05174715909090902 0.06030769230769233
0 0.40279829545454543 0.15190384615384614 0.06545454545454552 0.05523076923076923
0 0.7546519886363637 0.06577884615384615 0.03137784090909095 0.03248076923076922
0 0.013686079545454545 0.6994807692307693 0.02737215909090909 0.047769230769230724
0 0.06499289772727272 0.7928461538461538 0.031065340909090907 0.045230769230769304
0 0.929872159090909 0.6120673076923077 0.033039772727272716 0.05951923076923075
0 0.9587500000000001 0.6421923076923077 0.03329545454545446 0.07396153846153854
0 0.9030113636363637 0.62 0.048778409090909136 0.07961538461538469
0 0.9487357954545454 0.5876826923076923 0.052556818181818184 0.051250000000000066
0 0.9019602272727273 0.5490865384615384 0.04874999999999991 0.0979423076923077
0 0.3454900568181818 0.1933173076923077 0.07240056818181814 0.08613461538461539
0 0.9316619318181818 0.5359423076923077 0.04721590909090911 0.07165384615384614
0 0.3935085227272727 0.4294903846153846 0.03798295454545448 0.05282692307692308
0 0.469375 0.3958076923076923 0.04161931818181812 0.06949999999999998
0 0.9141832386363636 0.3823942307692308 0.04663352272727279 0.06586538461538462
0 0.43877130681818177 0.3671634615384616 0.05288352272727275 0.06244230769230769
0 0.45394176136363634 0.398625 0.022883522727272745 0.03428846153846151
0 0.38332386363636367 0.23017307692307692 0.04568181818181818 0.060461538461538455
0 0.3863778409090909 0.12539423076923076 0.06525568181818185 0.06848076923076925
0 0.6326917613636364 0.7401730769230769 0.02842329545454544 0.0368846153846154
0 0.5896946022727273 0.7299038461538461 0.05424715909090909 0.06576923076923075
0 0.5975071022727273 0.6659134615384615 0.06467329545454549 0.07440384615384615
0 0.531875 0.7062980769230769 0.04383522727272729 0.0818653846153846
0 0.4311150568181818 0.9833173076923076 0.05029829545454541 0.03286538461538468
0 0.7995099431818182 0.9465576923076924 0.029957386363636408 0.06330769230769234
0 0.79375 0.3501153846153846 0.06292613636363646 0.05665384615384612
0 0.7265340909090909 0.8800192307692308 0.059005681818181846 0.06330769230769234
0 0.6346448863636364 0.8989519230769232 0.0560795454545454 0.07098076923076928
0 0.6304474431818182 0.8345192307692307 0.05572443181818176 0.0761538461538462
0 0.8437073863636364 0.8620288461538461 0.03696022727272725 0.06498076923076916
0 0.8956747159090909 0.7830096153846153 0.02734375 0.04005769230769228
0 0.918125 0.7797980769230769 0.03130681818181813 0.04471153846153846
0 0.5839133522727273 0.8633942307692308 0.029048295454545438 0.06790384615384616
0 0.6993892045454545 0.18446153846153845 0.08517045454545459 0.09326923076923077
0 0.6251491477272727 0.18267307692307694 0.0758096590909091 0.06834615384615386
0 0.44121448863636364 0.026355769230769228 0.01606534090909091 0.024634615384615383
0 0.78765625 0.302375 0.057698863636363645 0.06501923076923072
0 0.23834517045454548 0.5775865384615385 0.038991477272727296 0.048942307692307674
0 0.2059019886363636 0.5825769230769231 0.03867897727272726 0.06534615384615389
0 0.20710227272727275 0.6301346153846153 0.04153409090909088 0.05253846153846153
0 0.4233593749999999 0.4533653846153846 0.04399147727272723 0.047769230769230724
0 0.5341974431818182 0.26852884615384615 0.04328125000000004 0.04932692307692309
0 0.6834659090909091 0.5689519230769231 0.0625 0.07425000000000002
0 0.6180397727272727 0.4987211538461539 0.04673295454545459 0.09001923076923077
0 0.6278551136363636 0.4854519230769231 0.055710227272727314 0.08513461538461535
0 0.6562144886363637 0.46699038461538456 0.08498579545454543 0.14736538461538456
0 0.7038778409090909 0.45076923076923076 0.02071022727272725 0.027769230769230765
0 0.8587357954545454 0.3838076923076923 0.060710227272727284 0.04592307692307697
0 0.7131321022727272 0.6715576923076922 0.05115056818181809 0.12953846153846157
0 0.5378835227272727 0.8796057692307692 0.03880681818181817 0.047788461538461474
0 0.5547088068181818 0.8622788461538461 0.04149147727272724 0.10536538461538454
0 0.56375 0.8275288461538461 0.0351136363636364 0.06605769230769235
0 0.2262784090909091 0.9883173076923076 0.04431818181818184 0.023365384615384573
0 0.1900142045454545 0.9801346153846153 0.02821022727272725 0.03973076923076928
0 0.3541051136363636 0.9127307692307692 0.01889204545454547 0.03253846153846146
0 0.33959517045454546 0.9002019230769231 0.01606534090909091 0.03009615384615391
0 0.2839488636363636 0.9026442307692307 0.012471590909090911 0.015134615384615394
0 0.1550213068181818 0.9666346153846154 0.05617897727272727 0.0667307692307692
0 0.007663352272727272 0.5617403846153847 0.015326704545454544 0.05294230769230775
0 0.14417613636363635 0.9700673076923076 0.016193181818181825 0.01840384615384625
0 0.08234375 0.8822307692307693 0.032357954545454544 0.049461538461538515
0 0.024289772727272726 0.9249807692307692 0.039403409090909086 0.05442307692307694
0 0.11196732954545455 0.858201923076923 0.05401988636363637 0.06924999999999998
0 0.01827414772727273 0.7239615384615385 0.03640625 0.04746153846153847
0 0.20007102272727273 0.26833653846153843 0.0259943181818182 0.03628846153846155
0 0.09876420454545455 0.2753365384615385 0.057585227272727274 0.0632115384615385
0 0.12382812500000001 0.03765384615384615 0.04095170454545454 0.05926923076923077
0 0.123203125 0.06525961538461539 0.049133522727272734 0.06513461538461537
0 0.16021306818181816 0.0676826923076923 0.03343750000000001 0.08105769230769232
0 0.04037642045454545 0.585625 0.050980113636363636 0.04409615384615386
0 0.6584943181818183 0.04536538461538461 0.027954545454545465 0.035500000000000004
0 0.50734375 0.13436538461538464 0.04622159090909094 0.06826923076923078
0 0.482265625 0.15246153846153845 0.03410511363636362 0.05688461538461538
0 0.44026988636363634 0.13434615384615384 0.0519886363636364 0.05780769230769231
0 0.797421875 0.2632307692307692 0.05151988636363634 0.08138461538461537
0 0.9364559659090909 0.3447403846153846 0.047485795454545544 0.08275
0 0.8880255681818181 0.2919038461538462 0.03937500000000004 0.0621923076923077
0 0.8502911931818182 0.27449038461538466 0.0547301136363636 0.03855769230769227
0 0.9218678977272727 0.28816346153846156 0.03799715909090909 0.06405769230769232
0 0.9196875000000001 0.9748942307692308 0.0405681818181819 0.05021153846153849
0 0.011008522727272728 0.9079807692307692 0.022017045454545456 0.04111538461538461
0 0.9619247159090908 0.903298076923077 0.05473011363636376 0.07605769230769233
0 0.9091761363636363 0.8904903846153847 0.04744318181818179 0.12086538461538465
0 0.9320738636363637 0.8959711538461538 0.027471590909090956 0.07494230769230764
0 0.934375 0.9522692307692306 0.04613636363636366 0.044807692307692326
0 0.9502982954545455 0.9757884615384614 0.04139204545454544 0.04842307692307694
0 0.9729900568181818 0.9785096153846153 0.03410511363636362 0.042980769230769274
0 0.9890056818181818 0.989201923076923 0.02198863636363639 0.02159615384615388
0 0.6656392045454546 0.5549134615384614 0.04730113636363638 0.05155769230769231
0 0.6802840909090908 0.8585480769230769 0.036505681818181805 0.050057692307692254
0 0.6873508522727273 0.827173076923077 0.03450284090909094 0.054076923076923085
