0 0.45073863636363637 0.8904230769230769 0.028181818181818228 0.078
0 0.3781818181818182 0.8075769230769231 0.04710227272727272 0.06834615384615378
0 0.4836434659090909 0.042624999999999996 0.04563920454545454 0.05890384615384615
0 0.5255610795454545 0.0638173076923077 0.02546875000000001 0.043826923076923076
0 0.49026988636363633 0.08177884615384615 0.04934659090909092 0.06394230769230769
0 0.20706676136363636 0.7453076923076923 0.038423295454545474 0.06661538461538459
0 0.5114914772727274 0.026701923076923078 0.03980113636363642 0.053403846153846156
0 0.5512997159090909 0.04549038461538462 0.045099431818181816 0.05459615384615385
0 0.5911008522727272 0.02142307692307692 0.038735795454545426 0.04238461538461538
0 0.5412144886363636 0.01028846153846154 0.038735795454545426 0.02011538461538462
0 0.5704048295454546 0.03650961538461539 0.03768465909090905 0.07255769230769231
0 0.173671875 0.7405576923076924 0.04211647727272728 0.06496153846153851
0 0.5708167613636363 0.6281153846153846 0.04205965909090911 0.11330769230769223
0 0.8115340909090908 0.35054807692307693 0.034374999999999906 0.041442307692307716
0 0.6825852272727273 0.3231057692307692 0.042073863636363645 0.0583269230769231
0 0.86203125 0.26908653846153846 0.055880681818181704 0.0458269230769231
0 0.8461860795454544 0.3501826923076923 0.0456676136363636 0.07128846153846152
0 0.8155610795454545 0.31091346153846156 0.03276988636363643 0.045096153846153876
0 0.86203125 0.34291346153846153 0.02900568181818192 0.03490384615384611
0 0.8397372159090909 0.3050865384615385 0.027400568181818293 0.04363461538461538
0 0.793330965909091 0.8947884615384616 0.08646306818181819 0.03584615384615382
0 0.8077414772727273 0.8631442307692309 0.059204545454545544 0.044288461538461596
0 0.7547798295454545 0.8330961538461539 0.05140625000000008 0.07488461538461538
0 0.6909019886363637 0.6594230769230769 0.05004261363636366 0.08484615384615385
0 0.7793110795454545 0.7898557692307693 0.03660511363636361 0.04744230769230772
0 0.743877840909091 0.7745673076923076 0.05451704545454545 0.06748076923076918
0 0.8302982954545454 0.7966153846153846 0.06190340909090915 0.06519230769230765
0 0.7824289772727272 0.8657884615384616 0.06153409090909098 0.02215384615384623
0 0.8046235795454545 0.7709230769230769 0.06231534090909092 0.0749615384615385
0 0.7948863636363637 0.8236057692307692 0.03193181818181821 0.03690384615384615
0 0.6431321022727272 0.6771250000000001 0.052571022727272716 0.0520961538461538
0 0.4933664772727273 0.8269134615384616 0.0279261363636364 0.061596153846153794
0 0.15183238636363636 0.7380961538461539 0.05235795454545455 0.06399999999999995
0 0.5195099431818182 0.8639423076923077 0.04626420454545454 0.0410000000000001
0 0.5249786931818182 0.6246923076923078 0.0572017045454546 0.07688461538461532
0 0.6366335227272727 0.601596153846154 0.03352272727272731 0.05619230769230764
0 0.6558025568181818 0.625375 0.02075284090909093 0.06482692307692314
0 0.6286576704545455 0.6469903846153846 0.035127840909090935 0.045403846153846183
0 0.6142897727272728 0.6215961538461539 0.03511363636363632 0.07238461538461535
0 0.8597372159090909 0.5518557692307693 0.04055397727272721 0.05282692307692302
0 0.8756889204545455 0.5886346153846155 0.013565340909090845 0.043230769230769156
0 0.009850852272727272 0.16147115384615385 0.019701704545454543 0.07032692307692306
0 0.03725142045454546 0.1728846153846154 0.06384943181818183 0.058615384615384625
0 0.032485795454545455 0.2215576923076923 0.05431818181818182 0.05465384615384613
0 0.13016335227272727 0.0916826923076923 0.013877840909090904 0.02305769230769231
0 0.5529474431818181 0.6685384615384615 0.03322443181818188 0.04611538461538465
0 0.30277698863636365 0.21183653846153847 0.01728693181818184 0.02582692307692309
0 0.2591690340909091 0.19314423076923076 0.05481534090909091 0.08740384615384617
0 0.9346377840909089 0.4779903846153846 0.020781249999999994 0.028826923076923094
0 0.30821732954545455 0.9744807692307693 0.06410511363636368 0.05042307692307697
0 0.6782741477272727 0.43359615384615385 0.04663352272727279 0.05696153846153847
0 0.5327556818181818 0.7007211538461539 0.08875000000000002 0.12982692307692306
0 0.9412713068181818 0.9145576923076923 0.042997159090909065 0.0726153846153846
0 0.9499573863636364 0.9615384615384616 0.052727272727272734 0.05969230769230762
0 0.8495951704545455 0.5929134615384616 0.04055397727272721 0.05351923076923085
0 0.7446732954545454 0.52475 0.04156249999999999 0.05626923076923075
0 0.38743607954545456 0.822375 0.028593749999999994 0.042134615384615326
0 0.8974928977272728 0.601951923076923 0.04916193181818184 0.06244230769230774
0 0.931455965909091 0.18758653846153847 0.04612215909090913 0.06725
0 0.7758451704545454 0.18826923076923077 0.04714488636363628 0.06588461538461539
0 0.7550639204545454 0.22395192307692308 0.0603267045454545 0.05078846153846153
0 0.8313494318181818 0.11610576923076923 0.035482954545454574 0.05832692307692309
0 0.8589772727272728 0.11358653846153846 0.03193181818181821 0.08167307692307692
0 0.925625 0.024942307692307694 0.07906250000000012 0.04803846153846154
0 0.8262784090909091 0.028942307692307694 0.048664772727272716 0.05788461538461539
0 0.6242897727272727 0.1979807692307692 0.0339488636363636 0.04323076923076924
0 0.6260582386363637 0.15200961538461538 0.027372159090909065 0.05832692307692306
0 0.38575994318181817 0.8670769230769231 0.028593749999999994 0.055230769230769285
0 0.8721661931818182 0.9315096153846154 0.028338068181818245 0.042134615384615326
0 0.648877840909091 0.17533653846153846 0.025340909090909136 0.06244230769230769
0 0.6696590909090909 0.1682596153846154 0.035482954545454574 0.06244230769230769
0 0.7155255681818182 0.3100673076923077 0.03193181818181821 0.06244230769230769
0 0.6734517045454546 0.38452884615384614 0.05727272727272726 0.04528846153846151
0 0.7038636363636364 0.32448076923076924 0.02585227272727271 0.04323076923076921
0 0.6873934659090909 0.2884519230769231 0.039531249999999976 0.041173076923076916
0 0.6521661931818182 0.4051153846153846 0.037002840909090846 0.05626923076923075
0 0.6394957386363637 0.4232980769230769 0.035980113636363616 0.05971153846153843
0 0.630625 0.46652884615384616 0.03142045454545455 0.05832692307692305
0 0.36409801136363634 0.8673653846153846 0.03407670454545452 0.058076923076923054
0 0.9830894886363637 0.7608173076923077 0.03382102272727265 0.07959615384615382
0 0.9562926136363636 0.7621826923076924 0.03801136363636362 0.11390384615384608
0 0.7748295454545455 0.9313461538461538 0.04917613636363637 0.07480769230769227
0 0.15897727272727272 0.980125 0.037017045454545455 0.037211538461538504
0 0.22953835227272726 0.9429038461538461 0.04177556818181822 0.0660000000000001
0 0.28011363636363634 0.8937788461538462 0.03372159090909088 0.07194230769230774
0 0.11292613636363637 0.6819326923076924 0.029659090909090902 0.04571153846153843
0 0.03389204545454545 0.7096923076923076 0.03312500000000001 0.041423076923076965
0 0.014026988636363636 0.8015961538461539 0.028053977272727272 0.03757692307692312
0 0.266796875 0.6232596153846154 0.02938920454545454 0.0467115384615385
0 0.6337002840909091 0.839173076923077 0.04163352272727265 0.055230769230769285
0 0.3442542613636364 0.628451923076923 0.07313920454545456 0.07782692307692302
0 0.23216619318181816 0.5248365384615384 0.05069602272727272 0.08236538461538459
0 0.20301846590909092 0.4930961538461538 0.030411931818181814 0.048038461538461516
0 0.19604403409090906 0.5222692307692308 0.02407670454545457 0.03088461538461539
0 0.19390624999999997 0.5527211538461537 0.02741477272727272 0.03690384615384615
0 0.16967329545454546 0.5551153846153846 0.03232954545454548 0.04815384615384619
0 0.1755965909090909 0.488 0.03017045454545456 0.04669230769230764
0 0.15269886363636365 0.5252019230769231 0.03502840909090909 0.07440384615384615
0 0.18906960227272726 0.6990673076923076 0.06143465909090907 0.05836538461538466
0 0.22301136363636365 0.6746346153846154 0.06573863636363632 0.06930769230769224
0 0.5375923295454546 0.9892980769230768 0.031122159090909127 0.021403846153846145
0 0.37220880681818175 0.385625 0.04444602272727276 0.07009615384615382
0 0.3050568181818182 0.46280769230769236 0.03335227272727271 0.05415384615384615
0 0.3006818181818182 0.44493269230769233 0.04076704545454544 0.04805769230769232
0 0.2638707386363636 0.4320384615384616 0.04205965909090907 0.05607692307692307
0 0.44497869318181815 0.4440480769230769 0.04666193181818185 0.06409615384615382
0 0.48475142045454545 0.4493942307692308 0.05785511363636366 0.08721153846153851
0 0.4153977272727273 0.46407692307692305 0.046676136363636385 0.0685384615384615
0 0.08802556818181818 0.49492307692307697 0.04272727272727273 0.081
0 0.1309090909090909 0.4020192307692308 0.041590909090909095 0.09080769230769231
0 0.17021306818181817 0.5087884615384616 0.035568181818181804 0.05180769230769236
0 0.6053053977272728 0.860153846153846 0.04038352272727274 0.06603846153846149
0 0.04974431818181819 0.5125096153846154 0.03622159090909091 0.039057692307692314
0 0.04807528409090909 0.5381346153846155 0.05549715909090909 0.04269230769230767
0 0.01814630681818182 0.6558846153846154 0.03629261363636364 0.06811538461538454
0 0.012997159090909092 0.37513461538461534 0.025994318181818184 0.04873076923076924
0 0.040589488636363635 0.34701923076923075 0.03055397727272727 0.054384615384615385
0 0.05926136363636363 0.3447211538461538 0.040738636363636366 0.05898076923076926
0 0.05190340909090909 0.2979903846153846 0.035085227272727275 0.05286538461538458
0 0.184609375 0.09986538461538462 0.02205965909090907 0.05526923076923076
0 0.2471377840909091 0.09658653846153846 0.043650568181818165 0.04432692307692307
0 0.16933238636363634 0.11763461538461539 0.023039772727272725 0.04484615384615385
0 0.6728196022727272 0.7830865384615385 0.037428977272727225 0.048980769230769175
0 0.18234375 0.12651923076923074 0.016420454545454547 0.04596153846153844
0 0.38147017045454545 0.13981730769230769 0.051775568181818124 0.07009615384615386
0 0.34536931818181815 0.1569903846153846 0.04931818181818182 0.051673076923076905
0 0.564375 0.09771153846153846 0.023096590909090896 0.03388461538461538
0 0.47225852272727276 0.02786538461538461 0.020795454545454607 0.02896153846153846
0 0.378359375 0.023586538461538464 0.05169034090909093 0.04717307692307693
0 0.9527982954545454 0.414375 0.019488636363636402 0.057711538461538446
0 0.9634517045454545 0.37315384615384617 0.03349431818181808 0.03626923076923074
0 0.9625355113636364 0.3253365384615385 0.04507102272727275 0.06267307692307693
0 0.919609375 0.36738461538461537 0.05785511363636366 0.05276923076923076
0 0.6850071022727273 0.748923076923077 0.039957386363636355 0.06719230769230769
0 0.9253906249999999 0.32369230769230767 0.06089488636363637 0.0676153846153846
0 0.9299573863636365 0.4119038461538462 0.037159090909090864 0.061
0 0.2345028409090909 0.2603365384615385 0.05176136363636363 0.053596153846153856
0 0.26647017045454546 0.2455 0.05359375000000002 0.05523076923076926
0 0.2162357954545455 0.1844903846153846 0.03227272727272727 0.048634615384615366
0 0.22414772727272728 0.1618269230769231 0.03227272727272727 0.03957692307692307
0 0.22780539772727273 0.21581730769230767 0.03836647727272726 0.050288461538461525
0 0.4131036931818182 0.18658653846153847 0.06276988636363635 0.05025000000000002
0 0.018813920454545455 0.2414326923076923 0.03762784090909091 0.09240384615384614
0 0.010319602272727272 0.06276923076923077 0.020639204545454544 0.07250000000000001
