0 0.5926420454545455 0.7932403846153846 0.10997159090909094 0.07371153846153843
0 0.26735085227272726 0.719125 0.027485795454545447 0.04178846153846157
0 0.2608025568181818 0.33020192307692303 0.028480113636363612 0.06390384615384613
0 0.2325213068181818 0.38364423076923077 0.046803977272727254 0.0330576923076923
0 0.35414772727272725 0.42225 0.06201704545454541 0.06292307692307691
0 0.36512784090909095 0.3835480769230769 0.02022727272727274 0.03974999999999997
0 0.6087073863636363 0.7481923076923077 0.016136363636363574 0.03892307692307694
0 0.593565340909091 0.2978461538461538 0.05002840909090913 0.05873076923076922
0 0.0634659090909091 0.8766538461538462 0.04806818181818182 0.061653846153846156
0 0.22461647727272727 0.6502884615384615 0.0234375 0.08599999999999994
0 0.4281178977272727 0.4035576923076923 0.05288352272727275 0.08449999999999999
0 0.14756392045454547 0.010740384615384615 0.07140625000000002 0.02148076923076923
0 0.3452130681818182 0.39357692307692305 0.026022727272727263 0.03607692307692306
0 0.2906534090909091 0.7069903846153845 0.028778409090909077 0.04121153846153847
0 0.34923295454545455 0.7596442307692307 0.048181818181818166 0.053519230769230736
0 0.25041193181818183 0.7978653846153846 0.04178977272727271 0.05046153846153848
0 0.2727982954545455 0.35142307692307695 0.042727272727272746 0.05123076923076926
0 0.7722301136363636 0.7992307692307693 0.045028409090909154 0.057653846153846076
0 0.4578551136363636 0.46400961538461544 0.026420454545454577 0.060826923076923126
0 0.3160795454545455 0.13427884615384617 0.044744318181818184 0.04436538461538462
0 0.889950284090909 0.052557692307692305 0.039786931818181805 0.06826923076923076
0 0.5944460227272728 0.3889423076923077 0.03409090909090909 0.05153846153846156
0 0.2994673295454545 0.028432692307692308 0.11342329545454545 0.056865384615384616
0 0.04315340909090909 0.1053173076923077 0.025710227272727273 0.046019230769230784
0 0.2897443181818182 0.22382692307692306 0.030369318181818174 0.04830769230769229
0 0.7015838068181818 0.28286538461538463 0.04382102272727268 0.041961538461538446
0 0.9625426136363636 0.16866346153846157 0.03812499999999988 0.04486538461538461
0 0.8838707386363637 0.6803750000000001 0.02478693181818188 0.04375
0 0.2840269886363636 0.27966346153846156 0.027002840909090938 0.03924999999999999
0 0.6589133522727273 0.6907692307692308 0.030184659090909092 0.040846153846153865
0 0.29792613636363635 0.22647115384615382 0.026988636363636364 0.053942307692307685
0 0.6168892045454546 0.7317596153846153 0.02022727272727274 0.023596153846153812
0 0.6535014204545454 0.6341442307692308 0.02984374999999999 0.03951923076923068
0 0.5968821022727273 0.3367980769230769 0.0247869318181818 0.032365384615384636
0 0.5765767045454546 0.7491634615384616 0.06232954545454545 0.07505769230769226
0 0.48105113636363633 0.45578846153846153 0.03383522727272726 0.04488461538461539
0 0.27618607954545454 0.04002884615384616 0.03265625000000001 0.06355769230769232
0 0.6023153409090909 0.6685384615384615 0.04213068181818185 0.03526923076923072
0 0.34620738636363635 0.18625961538461536 0.03920454545454541 0.08832692307692307
0 0.32931818181818184 0.7203461538461539 0.05590909090909093 0.031461538461538485
0 0.7359659090909091 0.3892884615384615 0.05238636363636355 0.059230769230769253
0 0.2854190340909091 0.7655096153846154 0.016946022727272737 0.03771153846153849
0 0.6646306818181817 0.5370192307692307 0.03306818181818186 0.041923076923076834
0 0.21444602272727273 0.01 0.025511363636363606 0.02
0 0.9891761363636363 0.9761634615384616 0.021647727272727287 0.047673076923076964
0 0.2630539772727273 0.6134711538461538 0.034517045454545474 0.06978846153846147
0 0.7889559659090909 0.9654038461538461 0.03098011363636372 0.06376923076923081
0 0.4883735795454545 0.5578173076923076 0.05941761363636369 0.02925000000000007
0 0.3306605113636364 0.07933653846153846 0.08382102272727275 0.07251923076923077
0 0.26843750000000005 0.6915769230769231 0.020113636363636358 0.034961538461538474
0 0.9026846590909091 0.6626923076923077 0.030539772727272728 0.06473076923076927
0 0.4971946022727272 0.2159230769230769 0.04697443181818181 0.05323076923076924
0 0.24857244318181818 0.4368365384615384 0.047258522727272705 0.04332692307692308
0 0.2916335227272727 0.7308461538461538 0.021846590909090902 0.030576923076923144
0 0.5238210227272727 0.054355769230769235 0.10855113636363639 0.10871153846153847
0 0.47515625 0.4962980769230769 0.04502840909090908 0.04198076923076925
0 0.08333806818181819 0.25748076923076924 0.03210227272727273 0.06311538461538463
0 0.2791974431818182 0.1474423076923077 0.05501420454545453 0.10003846153846156
0 0.11761363636363636 0.05311538461538462 0.02428977272727272 0.03288461538461539
0 0.8345525568181817 0.019634615384615386 0.04580965909090909 0.03926923076923077
0 0.2419460227272727 0.6412500000000001 0.019829545454545464 0.05446153846153845
0 0.22643465909090912 0.044528846153846155 0.04133522727272727 0.06009615384615385
0 0.23243607954545453 0.6039423076923076 0.03169034090909091 0.03880769230769232
0 0.6502201704545455 0.6583557692307693 0.04296875 0.03375000000000002
0 0.9774147727272726 0.9754711538461539 0.03352272727272731 0.04905769230769229
0 0.050042613636363635 0.14449038461538463 0.03122159090909091 0.039788461538461536
0 0.3905042613636363 0.4330096153846154 0.026889204545454556 0.0458269230769231
0 0.09413352272727273 0.14075 0.030312499999999996 0.04600000000000002
0 0.9129332386363636 0.9859903846153847 0.039673295454545385 0.025173076923076874
0 0.04840909090909091 0.23865384615384613 0.04559659090909091 0.03823076923076922
0 0.6689914772727273 0.9760096153846154 0.06446022727272735 0.0478269230769232
0 0.6077982954545454 0.6237692307692307 0.03846590909090907 0.06215384615384614
0 0.5712073863636363 0.34189423076923076 0.06019886363636363 0.05332692307692311
0 0.6522230113636364 0.250798076923077 0.04691761363636368 0.07132692307692308
0 0.01960227272727273 0.15273076923076923 0.03920454545454546 0.09046153846153845
0 0.27259943181818186 0.31230769230769234 0.05127840909090908 0.042423076923076924
0 0.5750639204545455 0.7076346153846155 0.051661931818181746 0.08776923076923085
0 0.4020667613636364 0.41619230769230775 0.022940340909090876 0.060269230769230776
0 0.4462215909090909 0.7290384615384616 0.05534090909090906 0.13246153846153846
0 0.8927201704545453 0.7145288461538462 0.04779829545454542 0.05213461538461541
0 0.24479403409090905 0.23452884615384617 0.04063920454545453 0.04578846153846157
0 0.23068892045454545 0.34866346153846156 0.04802556818181818 0.06336538461538459
0 0.3518678977272727 0.6900288461538462 0.04427556818181821 0.04694230769230763
0 0.6500923295454545 0.7306634615384616 0.046292613636363604 0.043173076923076904
0 0.46620738636363634 0.7779519230769232 0.02857954545454546 0.07332692307692307
0 0.043039772727272725 0.1798076923076923 0.021051136363636366 0.04003846153846152
0 0.030951704545454543 0.17325000000000002 0.022414772727272728 0.04307692307692309
0 0.06909801136363636 0.16406730769230768 0.02157670454545455 0.035442307692307704
0 0.819325284090909 0.9545865384615384 0.06322443181818181 0.09082692307692311
0 0.9734446022727273 0.3166057692307692 0.05311079545454544 0.07374999999999998
0 0.7111008522727272 0.2648846153846154 0.03541193181818191 0.05034615384615386
0 0.6101988636363637 0.6829999999999999 0.04821022727272727 0.050192307692307626
0 0.31207386363636364 0.048192307692307694 0.03150568181818179 0.03696153846153847
0 0.3449147727272727 0.4527788461538461 0.03499999999999998 0.03974999999999997
0 0.024552556818181817 0.9540288461538461 0.04901988636363636 0.08109615384615376
0 0.6428693181818183 0.7639519230769231 0.024232954545454547 0.03648076923076928
0 0.1501065340909091 0.06913461538461539 0.03734374999999999 0.05457692307692308
0 0.6224644886363637 0.7564519230769231 0.022400568181818237 0.028519230769230738
0 0.9000355113636364 0.023625 0.02745738636363626 0.04725
0 0.2850568181818182 0.12728846153846154 0.04980113636363637 0.05265384615384615
0 0.9813352272727272 0.09087500000000001 0.034261363636363645 0.04236538461538462
0 0.23680397727272726 0.7004423076923078 0.024801136363636376 0.07461538461538464
0 0.4624502840909091 0.5856057692307692 0.02376420454545457 0.04678846153846151
0 0.013238636363636364 0.1980096153846154 0.023295454545454543 0.04125000000000001
0 0.3595809659090909 0.7168365384615385 0.03953125000000002 0.04332692307692303
0 0.9794673295454547 0.18941346153846156 0.041065340909090864 0.06544230769230769
0 0.2813423295454545 0.6184807692307692 0.022286931818181813 0.0880769230769231
0 0.9923650568181818 0.7578653846153847 0.015269886363636364 0.05907692307692302
0 0.3303338068181818 0.4175 0.02850852272727272 0.04530769230769231
0 0.9823934659090909 0.28433653846153845 0.03521306818181813 0.05155769230769231
0 0.022649147727272726 0.20953846153846156 0.02958806818181818 0.03519230769230769
0 0.5235085227272728 0.7849615384615385 0.06994318181818183 0.16546153846153838
0 0.5388920454545455 0.7071442307692308 0.04457386363636363 0.08913461538461531
0 0.8590198863636364 0.964076923076923 0.06329545454545447 0.07184615384615388
0 0.2787286931818182 0.6779615384615385 0.025639204545454562 0.040846153846153865
0 0.3268252840909091 0.2511153846153846 0.03285511363636363 0.06365384615384614
0 0.6936150568181818 0.3194230769230769 0.04825284090909095 0.041961538461538446
0 0.6513352272727272 0.3667692307692308 0.042500000000000024 0.056346153846153865
0 0.8171590909090909 0.91925 0.06383522727272735 0.07888461538461534
0 0.1953125 0.01689423076923077 0.026022727272727263 0.03248076923076923
0 0.6995880681818182 0.21633653846153847 0.04693181818181813 0.053942307692307685
0 0.22967329545454546 0.31589423076923073 0.03784090909090907 0.0517884615384615
0 0.2761221590909091 0.18165384615384617 0.025426136363636373 0.03823076923076925
0 0.6221164772727273 0.3676634615384615 0.031874999999999994 0.04975000000000001
0 0.7462215909090908 0.807278846153846 0.031022727272727316 0.04532692307692306
0 0.647109375 0.6934326923076923 0.03805397727272722 0.04174999999999996
0 0.2809019886363636 0.7999038461538461 0.033508522727272734 0.05553846153846153
0 0.3060724431818182 0.16909615384615387 0.045014204545454545 0.041807692307692296
0 0.27695312499999997 0.7405288461538462 0.02484375000000001 0.02548076923076923
0 0.6778977272727272 0.22772115384615385 0.042500000000000024 0.07190384615384618
0 0.2593039772727273 0.6612692307692308 0.03306818181818182 0.031076923076923123
0 0.06864346590909091 0.11620192307692308 0.03444602272727273 0.03544230769230769
0 0.8871875 0.7001538461538461 0.021704545454545417 0.03176923076923074
0 0.2922230113636364 0.05161538461538462 0.03339488636363635 0.07507692307692307
0 0.7471093749999999 0.29474999999999996 0.0214630681818182 0.026999999999999986
0 0.9904261363636363 0.2062692307692308 0.0191477272727273 0.05126923076923076
0 0.7615198863636364 0.5097019230769231 0.04471590909090912 0.05394230769230766
0 0.7601917613636363 0.4995096153846154 0.04382102272727276 0.04794230769230765
0 0.3046661931818182 0.6827307692307691 0.026463068181818216 0.018923076923076876
0 0.2760298295454545 0.39448076923076925 0.041008522727272734 0.05080769230769234
0 0.25172585227272726 0.7075865384615385 0.018821022727272728 0.06528846153846152
0 0.27834517045454543 0.9722211538461538 0.06600852272727273 0.05555769230769228
0 0.814609375 0.039846153846153844 0.027684659090909104 0.07053846153846154
0 0.2694602272727273 0.23966346153846155 0.030113636363636388 0.04786538461538459
0 0.07757102272727273 0.1876826923076923 0.021221590909090905 0.03028846153846154
0 0.6314133522727272 0.33021153846153845 0.04339488636363638 0.028769230769230783
0 0.06297585227272727 0.20164423076923074 0.017031249999999994 0.04367307692307691
0 0.07254971590909091 0.13851923076923078 0.022571022727272728 0.02576923076923078
0 0.22796164772727276 0.20134615384615384 0.021264204545454544 0.05642307692307693
0 0.6246377840909091 0.7083173076923078 0.041661931818181876 0.0306346153846154
0 0.33254261363636367 0.2181346153846154 0.032500000000000036 0.04765384615384613
0 0.3701278409090909 0.44946153846153847 0.03607954545454542 0.06642307692307696
0 0.6358380681818182 0.28136538461538463 0.03718750000000001 0.059346153846153875
0 0.33360795454545455 0.774673076923077 0.04630681818181817 0.053000000000000005
0 0.6310866477272726 0.6296826923076924 0.024531250000000056 0.054173076923076845
0 0.23711647727272728 0.40153846153846157 0.047954545454545444 0.040461538461538445
0 0.8629119318181818 0.03917307692307692 0.02241477272727269 0.07680769230769231
0 0.6287571022727273 0.29875 0.04160511363636366 0.046153846153846156
0 0.2501633522727273 0.08286538461538462 0.034701704545454556 0.0663076923076923
0 0.6635085227272728 0.275375 0.04826704545454548 0.08090384615384615
0 0.9919176136363635 0.23679807692307694 0.016164772727272722 0.04417307692307692
0 0.46272017045454544 0.06896153846153848 0.05052556818181817 0.13496153846153847
0 0.9731321022727273 0.03586538461538461 0.053735795454545515 0.07130769230769231
0 0.6610724431818181 0.33529807692307695 0.030099431818181813 0.05932692307692307
0 0.8731392045454546 0.014134615384615384 0.030823863636363538 0.02826923076923077
0 0.056981534090909086 0.8608173076923077 0.06166193181818181 0.056519230769230745
0 0.04907670454545454 0.8293557692307693 0.0528125 0.04667307692307689
0 0.8807670454545454 0.6528076923076923 0.024801136363636254 0.03415384615384614
0 0.3172159090909091 0.700625 0.025454545454545438 0.028480769230769237
0 0.9440269886363637 0.13562500000000002 0.038110795454545515 0.05082692307692306
0 0.25258522727272725 0.758375 0.054005681818181835 0.04178846153846157
0 0.6106107954545454 0.35448076923076927 0.027443181818181808 0.046153846153846156
0 0.1011434659090909 0.25129807692307693 0.033025568181818184 0.07167307692307691
0 0.26537642045454546 0.19673076923076924 0.019559659090909107 0.0356923076923077
0 0.50265625 0.20113461538461538 0.053522727272727284 0.06653846153846153
0 0.23944602272727272 0.18695192307692307 0.037414772727272734 0.06217307692307692
0 0.9723792613636365 0.256701923076923 0.05032670454545447 0.04890384615384614
0 0.9869886363636362 0.8188653846153846 0.026022727272727343 0.08176923076923073
0 0.30441761363636366 0.09831730769230769 0.09048295454545453 0.06698076923076925
0 0.41789062500000007 0.9586826923076923 0.07731534090909092 0.08263461538461543
0 0.5421590909090909 0.8376442307692309 0.07920454545454544 0.07628846153846157
0 0.021079545454545455 0.2319807692307692 0.020170454545454547 0.030346153846153877
0 0.13439630681818182 0.04947115384615385 0.06401988636363637 0.07463461538461538
0 0.24690340909090908 0.9143173076923077 0.04607954545454545 0.07613461538461544
0 0.09367187500000002 0.18676923076923077 0.03214488636363637 0.052230769230769226
0 0.562578125 0.3841538461538461 0.04382102272727276 0.05873076923076922
0 0.4922088068181818 0.8009807692307692 0.04572443181818182 0.10611538461538463
0 0.31887784090909094 0.18175 0.039375 0.07357692307692308
0 0.8989062499999999 0.9654134615384615 0.041477272727272634 0.05940384615384624
0 0.3880752840909091 0.38631730769230765 0.03072443181818181 0.051057692307692276
0 0.24762784090909087 0.2759807692307692 0.03352272727272727 0.043423076923076946
0 0.050213068181818185 0.1919423076923077 0.025539772727272734 0.05703846153846153
0 0.29834517045454545 0.2658269230769231 0.031065340909090914 0.038000000000000034
0 0.9519460227272728 0.10485576923076922 0.03676136363636363 0.053634615384615385
0 0.9814559659090908 0.13308653846153845 0.0370880681818182 0.06340384615384616
0 0.26765625 0.2791153846153846 0.023380681818181828 0.03296153846153849
0 0.5064204545454545 0.10825 0.06417613636363638 0.054538461538461536
0 0.07987926136363636 0.21066346153846152 0.023536931818181808 0.03759615384615384
0 0.309140625 0.771875 0.03501420454545456 0.0800192307692308
0 0.24301846590909093 0.028288461538461537 0.034701704545454556 0.053884615384615385
0 0.8049218749999999 0.009115384615384615 0.01680397727272733 0.01823076923076923
0 0.036541193181818185 0.22622115384615382 0.019730113636363636 0.03578846153846154
0 0.48891335227272725 0.5856057692307692 0.06373579545454545 0.057019230769230725
