0 0.9922088068181818 0.7352596153846155 0.015298295454545429 0.040288461538461516
0 0.0671590909090909 0.44241346153846156 0.06366477272727272 0.05428846153846152
0 0.10627130681818181 0.723625 0.02146306818181818 0.029057692307692225
0 0.12859375 0.719701923076923 0.026676136363636364 0.03532692307692309
0 0.08219460227272728 0.7326634615384615 0.031321022727272725 0.03455769230769236
0 0.16702414772727273 0.7165576923076923 0.024644886363636376 0.041230769230769224
0 0.07095170454545453 0.7145961538461539 0.05147727272727272 0.043192307692307655
0 0.902606534090909 0.17821153846153848 0.02248579545454551 0.05284615384615383
0 0.8892045454545454 0.16589423076923077 0.017528409090908973 0.0443269230769231
0 0.9037571022727273 0.14261538461538462 0.030099431818181897 0.04611538461538462
0 0.9231107954545454 0.1238076923076923 0.037698863636363586 0.03538461538461538
0 0.8748224431818182 0.15739423076923076 0.031747159090908965 0.040749999999999995
0 0.023423295454545454 0.016567307692307694 0.04684659090909091 0.03313461538461539
0 0.8739914772727272 0.14597115384615386 0.02017045454545445 0.021480769230769234
0 0.8913565340909091 0.12402884615384616 0.01850852272727269 0.024173076923076922
0 0.8706889204545454 0.12560576923076922 0.02612215909090907 0.021942307692307685
0 0.8915269886363636 0.09828846153846153 0.018849431818181793 0.03180769230769231
0 0.9032599431818181 0.08844230769230768 0.012571022727272759 0.03896153846153846
0 0.8743252840909093 0.10389423076923077 0.027457386363636423 0.026865384615384614
0 0.8817684659090909 0.07567307692307693 0.0343892045454546 0.034038461538461545
0 0.858778409090909 0.07858653846153847 0.02215909090909094 0.0389423076923077
0 0.8495170454545454 0.09783653846153846 0.019517045454545304 0.025519230769230763
0 0.8430681818181818 0.08775961538461538 0.013892045454545416 0.026865384615384614
0 0.016626420454545456 0.03803846153846154 0.03325284090909091 0.03680769230769231
0 0.8338068181818182 0.07769230769230769 0.01588068181818191 0.021038461538461534
0 0.8331463068181819 0.1088076923076923 0.017201704545454565 0.038500000000000006
0 0.8311647727272727 0.14172115384615383 0.020511363636363713 0.03986538461538462
0 0.8360440340909091 0.06048076923076923 0.020667613636363734 0.027423076923076918
0 0.8219886363636365 0.10329807692307692 0.01571022727272736 0.05709615384615385
0 0.8153693181818181 0.04620192307692307 0.023977272727272722 0.057096153846153845
0 0.832734375 0.03697115384615385 0.02066761363636357 0.025173076923076923
0 0.8920596590909091 0.060201923076923076 0.027698863636363636 0.029096153846153845
0 0.8339701704545455 0.016259615384615386 0.01984375000000004 0.029673076923076927
0 0.8006889204545454 0.02801923076923077 0.02521306818181818 0.025192307692307694
0 0.24759232954545454 0.08220192307692309 0.022656249999999985 0.031903846153846144
0 0.812890625 0.009961538461538461 0.03305397727272725 0.019923076923076922
0 0.9834801136363637 0.1389807692307692 0.033039772727272716 0.05596153846153845
0 0.849765625 0.15744230769230771 0.033480113636363544 0.045884615384615385
0 0.8096590909090909 0.09335576923076923 0.01198863636363644 0.03301923076923077
0 0.7914701704545454 0.09364423076923077 0.02438920454545449 0.029096153846153838
0 0.7716264204545454 0.07852884615384616 0.05580965909090904 0.02463461538461539
0 0.7947727272727273 0.11771153846153846 0.043409090909090835 0.02015384615384616
0 0.7681107954545454 0.09420192307692307 0.03306818181818178 0.016788461538461547
0 0.8665056818181818 0.04438461538461539 0.020681818181818103 0.03023076923076923
0 0.9508380681818184 0.10483653846153847 0.02894886363636363 0.03917307692307693
0 0.615909090909091 0.48445192307692314 0.018096590909090923 0.03517307692307691
0 0.8038707386363636 0.06034615384615385 0.02438920454545449 0.03638461538461539
0 0.9316193181818182 0.10791346153846153 0.020255681818181805 0.03636538461538461
0 0.779481534090909 0.054461538461538464 0.031008522727272624 0.023499999999999997
0 0.8510085227272728 0.04746153846153846 0.020255681818181805 0.03638461538461539
0 0.914872159090909 0.13281730769230768 0.026448863636363642 0.05148076923076924
0 0.7629474431818182 0.10203846153846154 0.03762784090909092 0.021269230769230773
0 0.8532812500000001 0.12134615384615384 0.024801136363636414 0.037499999999999985
0 0.7718323863636364 0.03739423076923077 0.04051136363636361 0.024057692307692308
0 0.763359375 0.017807692307692306 0.023565340909090956 0.03526923076923077
0 0.7426917613636363 0.0687403846153846 0.04836647727272729 0.056519230769230766
0 0.6203124999999999 0.5029807692307692 0.023210227272727316 0.028269230769230748
0 0.7815482954545455 0.017153846153846155 0.03349431818181824 0.03430769230769231
0 0.7261505681818182 0.04354807692307693 0.050852272727272746 0.04982692307692308
0 0.7226420454545455 0.14346153846153845 0.016534090909090807 0.022384615384615385
0 0.733387784090909 0.1322596153846154 0.01984374999999996 0.027980769230769226
0 0.7015553977272727 0.023874999999999997 0.03140625000000002 0.047749999999999994
0 0.7331818181818183 0.011557692307692307 0.043409090909090994 0.023115384615384614
0 0.678203125 0.008480769230769231 0.040923295454545455 0.016961538461538462
0 0.8230965909090909 0.33178846153846153 0.023153409090909186 0.038615384615384586
0 0.8230965909090909 0.16808653846153845 0.01900568181818181 0.014557692307692294
0 0.7470312500000001 0.11743269230769231 0.01900568181818181 0.031903846153846144
0 0.5889985795454545 0.5011057692307692 0.0435085227272728 0.02848076923076929
0 0.6817116477272728 0.29121153846153847 0.01984375000000004 0.030230769230769228
0 0.691015625 0.25679807692307693 0.03845170454545454 0.04309615384615387
0 0.6626988636363635 0.2889711538461538 0.024801136363636334 0.04028846153846157
0 0.6422301136363636 0.30380769230769233 0.03761363636363639 0.034153846153846194
0 0.7453764204545454 0.5324423076923077 0.024815340909090947 0.03357692307692315
0 0.8264062499999999 0.4792692307692308 0.024801136363636414 0.04030769230769227
0 0.8171022727272728 0.508375 0.03099431818181809 0.039173076923076984
0 0.8069744318181818 0.5307596153846154 0.029772727272727326 0.04813461538461533
0 0.8468678977272727 0.3995096153846154 0.035127840909090775 0.03078846153846152
0 0.8795241477272726 0.6494134615384616 0.031008522727272784 0.03694230769230776
0 0.6005965909090909 0.4301057692307692 0.029232954545454604 0.0282884615384615
0 0.8946164772727272 0.6930673076923076 0.01571022727272736 0.05259615384615378
0 0.8811789772727271 0.6933461538461537 0.011164772727272747 0.05203846153846154
0 0.9035014204545455 0.6972692307692308 0.02438920454545449 0.025192307692307736
0 0.9043323863636363 0.6603269230769231 0.019431818181818272 0.04869230769230768
0 0.9103267045454545 0.628701923076923 0.01818181818181812 0.027980769230769253
0 0.8991619318181818 0.6183461538461538 0.015710227272727195 0.03526923076923072
0 0.9144602272727272 0.6194615384615385 0.014886363636363663 0.027423076923076904
0 0.925 0.6306634615384615 0.013636363636363669 0.02628846153846146
0 0.9289346590909091 0.6161153846153846 0.023153409090909027 0.027423076923076904
0 0.9407102272727272 0.6306634615384615 0.020255681818181805 0.039749999999999924
0 0.6316761363636364 0.32896153846153847 0.018096590909090923 0.033307692307692295
0 0.9314133522727271 0.6001634615384616 0.01819602272727281 0.023519230769230695
0 0.87890625 0.6231057692307692 0.02894886363636379 0.02463461538461539
0 0.9547727272727274 0.6091153846153846 0.02852272727272733 0.03134615384615387
0 0.9146661931818181 0.5836538461538462 0.021917613636363565 0.04757692307692309
0 0.9010227272727271 0.5830865384615386 0.017784090909091044 0.0520576923076923
0 0.9599360795454547 0.5968076923076924 0.025639204545454642 0.044769230769230825
0 0.9609659090909091 0.5858846153846153 0.060767045454545414 0.05988461538461547
0 0.9797585227272727 0.5881346153846153 0.040482954545454544 0.04757692307692309
0 0.8778693181818181 0.5945673076923077 0.02852272727272717 0.03917307692307693
0 0.9411292613636365 0.5802884615384616 0.014474431818181734 0.0285384615384616
0 0.6159019886363637 0.3430961538461539 0.01438920454545462 0.021346153846153834
0 0.9663423295454545 0.634298076923077 0.027684659090909104 0.027980769230769253
0 0.9078480113636364 0.7288846153846154 0.028934659090908935 0.05150000000000006
0 0.9609730113636364 0.6440961538461537 0.023565340909090956 0.03303846153846155
0 0.9196235795454545 0.660048076923077 0.02438920454545449 0.03582692307692307
0 0.8685724431818183 0.7067788461538461 0.02231534090909096 0.03413461538461538
0 0.8654687499999999 0.6751634615384616 0.02852272727272733 0.060442307692307705
0 0.9423650568181817 0.6712403846153846 0.03183238636363632 0.058211538461538426
0 0.892762784090909 0.7409230769230769 0.01612215909090896 0.041961538461538446
0 0.9626207386363635 0.6676057692307692 0.03927556818181815 0.06771153846153842
0 0.9799857954545456 0.5769326923076923 0.03678977272727269 0.03078846153846152
0 0.22527698863636367 0.29943269230769226 0.02552556818181818 0.03613461538461537
0 0.6105681818181818 0.3198557692307692 0.030625000000000003 0.025134615384615425
0 0.9309943181818181 0.6995096153846154 0.05042613636363636 0.043096153846153784
0 0.8760156249999999 0.7384038461538462 0.021491477272727266 0.03580769230769221
0 0.9231392045454545 0.5786153846153846 0.022329545454545494 0.029653846153846076
0 0.9793465909090909 0.5576249999999999 0.04130681818181824 0.03917307692307693
0 0.9680184659090909 0.995798076923077 0.01984375000000004 0.008403846153846163
0 0.9434232954545455 0.9938365384615386 0.02852272727272733 0.012326923076923015
0 0.9889701704545455 0.9916057692307693 0.022059659090909053 0.016788461538461575
0 0.9924857954545455 0.9742500000000001 0.01502840909090915 0.030230769230769283
0 0.9727698863636363 0.9815288461538462 0.02852272727272733 0.023519230769230803
0 0.9852485795454545 0.9468269230769231 0.029502840909090885 0.042538461538461546
0 0.6077840909090909 0.45492307692307693 0.024119318181818207 0.023884615384615414
0 0.984765625 0.9370288461538462 0.021917613636363728 0.022942307692307706
0 0.9647159090909091 0.9412211538461539 0.030596590909090858 0.03694230769230776
0 0.9893821022727273 0.90625 0.021235795454545518 0.0386153846153847
0 0.9659588068181818 0.9132403846153846 0.028110795454545402 0.025749999999999974
0 0.9798792613636365 0.8919711538461539 0.04024147727272733 0.027980769230769253
0 0.9626420454545456 0.8771442307692308 0.01653409090909089 0.021826923076923122
0 0.9914488636363636 0.845798076923077 0.017102272727272674 0.018480769230769255
0 0.9910369318181819 0.8236923076923078 0.01792613636363637 0.028000000000000004
0 0.9789701704545454 0.802701923076923 0.016122159090909124 0.022942307692307706
0 0.9910369318181819 0.7931923076923076 0.01792613636363637 0.03415384615384614
0 0.6008238636363636 0.4791057692307692 0.019488636363636323 0.01821153846153846
0 0.9913849431818181 0.7699615384615385 0.016122159090909124 0.03134615384615376
0 0.9800071022727272 0.7456153846153847 0.01819602272727281 0.038615384615384586
0 0.9713281250000001 0.7405769230769231 0.01819602272727281 0.0375
0 0.9837357954545454 0.8681923076923077 0.03224431818181808 0.025192307692307625
0 0.9750497159090908 0.7797596153846155 0.016548295454545423 0.03190384615384611
0 0.9754616477272726 0.827326923076923 0.019019886363636343 0.027423076923076904
0 0.9599573863636363 0.7618461538461538 0.027698863636363636 0.0375
0 0.863018465909091 0.7316250000000001 0.03637784090909093 0.058750000000000024
0 0.9591264204545453 0.7926346153846153 0.023565340909090956 0.04646153846153851
0 0.9682244318181819 0.853923076923077 0.029346590909091027 0.03246153846153845
0 0.5887571022727273 0.4662307692307692 0.020411931818181826 0.015076923076923083
0 0.9467258522727273 0.8407692307692307 0.038451704545454456 0.03973076923076917
0 0.9372230113636365 0.8673461538461538 0.036803977272727224 0.030230769230769172
0 0.9587144886363635 0.9734134615384614 0.04671874999999998 0.03413461538461528
0 0.9374289772727273 0.893375 0.04960227272727267 0.020711538461538427
0 0.9339204545454546 0.9104519230769231 0.04423295454545453 0.027980769230769142
0 0.9326775568181819 0.9350769230769231 0.03265625000000001 0.03134615384615387
0 0.9568607954545455 0.8189423076923077 0.02562499999999995 0.02630769230769232
0 0.935362215909091 0.9722884615384616 0.04217329545454553 0.05542307692307691
0 0.9223366477272728 0.9510192307692307 0.031008522727272784 0.058769230769230775
0 0.8681818181818183 0.9163269230769231 0.03596590909090916 0.061000000000000054
0 0.6386363636363637 0.493875 0.018096590909090923 0.027634615384615393
0 0.8483380681818182 0.9093269230769231 0.026051136363636408 0.039192307692307686
0 0.8342826704545455 0.8830192307692308 0.02521306818181818 0.022384615384615357
0 0.8439985795454544 0.939548076923077 0.03720170454545446 0.054865384615384566
0 0.818778409090909 0.9459903846153845 0.014886363636363663 0.041980769230769203
0 0.8406889204545455 0.9728557692307692 0.0496164772727272 0.05428846153846157
0 0.8030681818181818 0.9854423076923078 0.03306818181818178 0.029115384615384588
0 0.8030681818181818 0.9387115384615384 0.015710227272727195 0.0386153846153847
0 0.85515625 0.8679134615384615 0.047130681818181745 0.04925000000000002
0 0.8193963068181819 0.9065288461538461 0.03183238636363632 0.03917307692307693
0 0.7807528409090909 0.9846057692307693 0.03968750000000008 0.03078846153846152
0 0.6630610795454546 0.5931346153846153 0.023792613636363636 0.04553846153846155
0 0.8003835227272728 0.9580192307692307 0.03349431818181824 0.030230769230769172
0 0.7900497159090908 0.9305865384615384 0.026860795454545408 0.02686538461538456
0 0.7943963068181819 0.9065288461538461 0.01984375000000004 0.020134615384615327
0 0.8297301136363636 0.848326923076923 0.020255681818181805 0.043653846153846244
0 0.8070028409090909 0.8830192307692308 0.035965909090909 0.029115384615384588
0 0.8084446022727273 0.8603557692307692 0.03555397727272724 0.03413461538461538
0 0.8078267045454546 0.8399230769230769 0.034318181818181775 0.03246153846153845
0 0.8398650568181819 0.7305 0.021491477272727266 0.03638461538461542
0 0.7629758522727272 0.9398269230769231 0.0347301136363637 0.03415384615384614
0 0.7660724431818182 0.9194038461538462 0.036803977272727224 0.04030769230769227
0 0.6703125 0.5515096153846153 0.04176136363636369 0.03771153846153838
0 0.7809517045454545 0.8880576923076923 0.018607954545454577 0.0369230769230769
0 0.7609019886363636 0.9037211538461538 0.027286931818181707 0.05932692307692312
0 0.7222514204545455 0.8175288461538461 0.021093749999999953 0.02686538461538467
0 0.7772372159090909 0.8606346153846154 0.030184659090909092 0.03246153846153856
0 0.7654474431818182 0.9647307692307692 0.03637784090909077 0.044769230769230714
0 0.7956321022727273 0.8197788461538461 0.04629261363636352 0.027980769230769253
0 0.795625 0.8024230769230769 0.047954545454545444 0.03357692307692315
0 0.8134090909090909 0.7940384615384615 0.04548295454545452 0.03246153846153845
0 0.8100994318181818 0.773875 0.035539772727272864 0.015673076923076987
0 0.7753764204545455 0.8323653846153847 0.03555397727272724 0.03638461538461542
0 0.6384090909090909 0.6422115384615384 0.026676136363636326 0.021192307692307656
0 0.7040624999999999 0.8340480769230769 0.03349431818181816 0.020711538461538427
0 0.8247798295454545 0.7405769230769231 0.031008522727272624 0.0375
0 0.7519460227272727 0.8410192307692308 0.02784090909090896 0.03142307692307687
0 0.6990553977272728 0.8231153846153846 0.02413352272727274 0.033307692307692295
0 0.7303764204545455 0.8438461538461539 0.01995738636363638 0.03076923076923077
0 0.8074005681818182 0.7584134615384616 0.027386363636363598 0.03078846153846152
0 0.7480042613636364 0.876826923076923 0.030156250000000027 0.04900000000000004
0 0.6997514204545454 0.8661442307692307 0.04129261363636371 0.05778846153846156
0 0.6839772727272727 0.8630096153846154 0.04315340909090908 0.03894230769230769
0 0.7185440340909092 0.8887596153846153 0.03154829545454551 0.05905769230769227
0 0.6279687500000001 0.5299134615384615 0.0220454545454546 0.04163461538461534
0 0.155390625 0.7451826923076923 0.033593750000000006 0.06505769230769239
0 0.6892045454545455 0.9745576923076923 0.035653409090909124 0.05088461538461535
0 0.6731747159090908 0.9896057692307693 0.020156249999999997 0.020788461538461544
0 0.6731818181818181 0.9526153846153846 0.026363636363636367 0.051769230769230797
0 0.6537997159090909 0.9735096153846154 0.017571022727272734 0.052980769230769255
0 0.6698224431818182 0.823548076923077 0.03410511363636362 0.0538653846153846
0 0.6445028409090909 0.9682692307692308 0.03306818181818186 0.06346153846153846
0 0.6246022727272728 0.949125 0.04082386363636357 0.04617307692307691
0 0.6271874999999999 0.9868076923076923 0.027386363636363677 0.026384615384615437
0 0.6023863636363637 0.9666153846153845 0.03255681818181821 0.044769230769230714
0 0.6273863636363637 0.6700865384615384 0.02900568181818176 0.036134615384615314
0 0.6044531249999999 0.9913557692307692 0.025326704545454524 0.017288461538461555
0 0.5770667613636363 0.9861057692307692 0.039786931818181805 0.027788461538461515
0 0.4199644886363636 0.98925 0.03669034090909089 0.021500000000000012
0 0.3946448863636364 0.9745576923076923 0.03772727272727273 0.05088461538461535
0 0.3791477272727272 0.9666153846153845 0.027386363636363677 0.0601538461538461
0 0.36467329545454547 0.9585769230769231 0.02738636363636364 0.0552692307692309
0 0.35692471590909086 0.9868076923076923 0.034616477272727236 0.026384615384615437
0 0.34193892045454544 0.9435288461538461 0.053224431818181775 0.06574999999999999
0 0.3220454545454545 0.9791057692307692 0.03514204545454547 0.04178846153846157
0 0.31196732954545453 0.9662692307692309 0.029446022727272755 0.0482692307692307
0 0.1368252840909091 0.284125 0.030752840909090917 0.027480769230769215
0 0.6679900568181818 0.7223076923076923 0.015071022727272747 0.024346153846153896
0 0.3080894886363636 0.947375 0.0227414772727273 0.048288461538461565
0 0.28509232954545455 0.9805096153846155 0.03876420454545453 0.038980769230769194
0 0.2600284090909091 0.9829615384615384 0.021704545454545456 0.03407692307692313
0 0.27992897727272725 0.9456346153846155 0.03463068181818181 0.051769230769230797
0 0.2463352272727273 0.9815576923076923 0.02428977272727272 0.0368846153846154
0 0.25538352272727277 0.9498269230769231 0.026874999999999982 0.032192307692307603
0 0.2388423295454545 0.9641634615384616 0.0227414772727273 0.030096153846153804
0 0.2230823863636364 0.989951923076923 0.02428977272727272 0.020096153846153823
0 0.20473721590909089 0.9850576923076924 0.04754261363636363 0.029884615384615423
0 0.19078125 0.9799038461538463 0.026875000000000024 0.029384615384615443
0 0.6920667613636364 0.6952115384615385 0.034218749999999964 0.021999999999999995
0 0.2220525568181818 0.959625 0.023252840909090914 0.03078846153846152
0 0.20345170454545458 0.956125 0.032556818181818166 0.03078846153846152
0 0.19389204545454544 0.948076923076923 0.04650568181818183 0.03707692307692302
0 0.19259232954545452 0.9260384615384615 0.041860795454545456 0.025192307692307625
0 0.2670099431818182 0.91275 0.0439346590909091 0.04338461538461539
0 0.23006392045454546 0.9396826923076923 0.028934659090909098 0.02309615384615383
0 0.16081676136363637 0.9913557692307692 0.03927556818181819 0.017288461538461555
0 0.154609375 0.9736057692307691 0.05063920454545456 0.02098076923076928
0 0.2491761363636364 0.9029519230769231 0.03823863636363634 0.055980769230769147
0 0.7882741477272727 0.6790096153846154 0.013338068181818163 0.023557692307692307
0 0.692059659090909 0.7172115384615385 0.030738636363636343 0.028269230769230748
0 0.6383380681818182 0.7100384615384616 0.04059659090909089 0.044769230769230825
0 0.6258664772727273 0.7041442307692307 0.03653409090909095 0.045557692307692306
0 0.4039701704545454 0.4796057692307692 0.027258522727272725 0.03221153846153841
0 0.32188920454545455 0.28957692307692307 0.026676136363636364 0.03219230769230765
0 0.3245028409090909 0.24009615384615385 0.02610795454545454 0.030615384615384617
0 0.13541193181818184 0.4517307692307692 0.038863636363636364 0.029846153846153866
0 0.23285511363636366 0.41521153846153847 0.019147727272727257 0.05103846153846158
0 0.2189346590909091 0.432875 0.016818181818181822 0.051826923076923055
0 0.18007102272727274 0.4305288461538462 0.02494318181818184 0.06282692307692311
0 0.1017684659090909 0.46194230769230765 0.03305397727272728 0.039269230769230744
0 0.7117897727272727 0.7266250000000001 0.01798295454545458 0.03925000000000005
0 0.3291477272727273 0.2550192307692307 0.023778409090909104 0.03219230769230768
0 0.220390625 0.15842307692307692 0.031321022727272746 0.033769230769230774
0 0.22328835227272725 0.08578846153846154 0.026690340909090896 0.03142307692307693
0 0.20183238636363632 0.1753076923076923 0.027840909090909083 0.05496153846153846
0 0.2137144886363636 0.12230769230769231 0.01566761363636364 0.04003846153846155
0 0.20704545454545453 0.09050000000000001 0.020880681818181843 0.021999999999999995
0 0.19515624999999998 0.10974038461538461 0.021448863636363627 0.05575
0 0.18616477272727272 0.132125 0.03247159090909093 0.04240384615384616
0 0.17224431818181818 0.09128846153846154 0.025511363636363648 0.042423076923076924
0 0.2021164772727273 0.06694230769230769 0.022613636363636346 0.02511538461538462
0 0.7326633522727272 0.7262307692307692 0.02842329545454536 0.033769230769230774
0 0.22531960227272727 0.059086538461538454 0.02262784090909092 0.03298076923076923
0 0.3732244318181818 0.3680961538461539 0.0179829545454545 0.022769230769230774
0 0.23894886363636364 0.44426923076923075 0.05221590909090908 0.030615384615384593
0 0.2401136363636364 0.46978846153846154 0.06264204545454545 0.026692307692307682
0 0.4074502840909091 0.43288461538461537 0.04001420454545457 0.0392692307692308
0 0.6165482954545455 0.6068269230769231 0.027840909090909124 0.04161538461538459
0 0.6049502840909091 0.6040673076923078 0.02203124999999999 0.023557692307692307
0 0.6011789772727273 0.6370576923076923 0.03190340909090906 0.01569230769230774
0 0.6124928977272727 0.5765865384615384 0.039446022727272705 0.040826923076923115
0 0.5930610795454545 0.6209615384615385 0.02262784090909092 0.024346153846153896
0 0.7146875 0.7600000000000001 0.023778409090909104 0.0369230769230769
0 0.5837784090909092 0.598971153846154 0.020312500000000015 0.021211538461538518
0 0.6024076704545455 0.5654038461538461 0.031178977272727258 0.037307692307692264
0 0.7543110795454545 0.5968076923076924 0.020298295454545402 0.03142307692307687
0 0.578125 0.5811057692307693 0.021761363636363707 0.023557692307692307
0 0.1985653409090909 0.4392596153846154 0.0224715909090909 0.05201923076923079
0 0.2333664772727273 0.4858846153846154 0.03988636363636366 0.03730769230769232
0 0.178984375 0.07460576923076924 0.028281250000000015 0.029442307692307698
0 0.3413991477272727 0.16833653846153845 0.025383522727272734 0.05005769230769231
0 0.30405539772727275 0.10945192307692307 0.04640624999999998 0.04024999999999999
0 0.3145667613636363 0.18748076923076923 0.029730113636363607 0.047115384615384615
0 0.7344105113636364 0.7592115384615384 0.0214630681818182 0.033769230769230774
0 0.3562571022727273 0.2007307692307692 0.04350852272727272 0.05988461538461538
0 0.1242471590909091 0.05103846153846154 0.021761363636363627 0.05496153846153846
0 0.3674928977272728 0.20172115384615383 0.03697443181818186 0.059865384615384605
0 0.37837357954545453 0.219875 0.039872159090909125 0.07459615384615383
0 0.15252130681818182 0.05840384615384615 0.02754261363636362 0.02846153846153847
0 0.14200994318181817 0.03435576923076923 0.01958806818181819 0.02944230769230769
0 0.3000710227272727 0.01325 0.0224715909090909 0.0265
0 0.29571732954545454 0.039759615384615386 0.026832386363636343 0.036326923076923076
0 0.2761434659090909 0.007365384615384616 0.026832386363636343 0.014730769230769231
0 0.27759232954545454 0.030913461538461535 0.029730113636363607 0.04025
0 0.7433948863636363 0.8024038461538462 0.023210227272727316 0.060461538461538566
0 0.1876846590909091 0.05497115384615385 0.02102272727272727 0.029442307692307698
0 0.2442400568181818 0.019634615384615386 0.03697443181818182 0.03926923076923077
0 0.133671875 0.01325 0.026093750000000006 0.0265
0 0.062258522727272725 0.029451923076923077 0.02536931818181818 0.058903846153846154
0 0.17536221590909093 0.04221153846153846 0.022485795454545453 0.037307692307692306
0 0.15868607954545455 0.023067307692307693 0.025383522727272734 0.046134615384615385
0 0.20001420454545454 0.038278846153846156 0.031164772727272725 0.035326923076923075
0 0.17210227272727271 0.01325 0.02900568181818182 0.0265
0 0.2206818181818182 0.026009615384615384 0.0319034090909091 0.03436538461538462
0 0.2025497159090909 0.009817307692307693 0.04640625 0.019634615384615386
0 0.7586292613636364 0.8119423076923078 0.03183238636363632 0.030230769230769172
0 0.2384446022727273 0.04270192307692308 0.029730113636363645 0.046134615384615385
0 0.3207315340909091 0.05201923076923076 0.043508522727272764 0.04711538461538461
0 0.027088068181818182 0.06429807692307693 0.02755681818181818 0.046134615384615385
0 0.34909801136363633 0.24294230769230768 0.024474431818181805 0.039269230769230744
0 0.3649573863636364 0.2717788461538461 0.029005681818181802 0.03801923076923079
0 0.3472869318181818 0.29325 0.02991477272727273 0.049076923076923094
0 0.3785582386363636 0.28098076923076926 0.025383522727272734 0.03188461538461541
0 0.3885298295454545 0.39939423076923075 0.023565340909090873 0.0699423076923077
0 0.2833877840909091 0.3233076923076923 0.0416903409090909 0.06503846153846153
0 0.2956321022727273 0.555826923076923 0.022656249999999985 0.04173076923076921
0 0.7625355113636364 0.7796346153846153 0.03248579545454546 0.043192307692307655
0 0.4129971590909091 0.45889423076923075 0.034431818181818195 0.04171153846153846
0 0.25665482954545454 0.5546057692307692 0.01359374999999999 0.044173076923076864
0 0.23671875 0.5257596153846154 0.03534090909090908 0.05521153846153842
0 0.28610795454545457 0.5705576923076923 0.02718750000000002 0.04907692307692304
0 0.270703125 0.584048076923077 0.032627840909090905 0.07363461538461542
0 0.28792613636363634 0.07361538461538462 0.03082386363636366 0.03926923076923077
0 0.25801846590909094 0.06196153846153846 0.03444602272727273 0.045384615384615384
0 0.33369318181818186 0.018403846153846156 0.04258522727272726 0.03680769230769231
0 0.59171875 0.3317788461538461 0.03624999999999998 0.049096153846153845
0 0.5848295454545455 0.37153846153846154 0.028267045454545503 0.028461538461538427
0 0.17975142045454548 0.32377884615384617 0.02842329545454546 0.032980769230769244
0 0.7245454545454546 0.7914134615384615 0.016818181818181784 0.02748076923076927
0 0.5757670454545455 0.340125 0.03914772727272728 0.034365384615384624
0 0.6486363636363636 0.5241730769230769 0.0253693181818182 0.05103846153846147
0 0.6848863636363637 0.755826923076923 0.02681818181818181 0.03142307692307687
0 0.7577485795454545 0.6503076923076923 0.021747159090909175 0.022576923076922984
0 0.7766051136363636 0.5811057692307693 0.03624999999999998 0.03336538461538466
0 0.6881463068181819 0.5472403846153846 0.04061079545454542 0.0461346153846154
0 0.687059659090909 0.5197499999999999 0.04278409090909092 0.03042307692307691
0 0.7722514204545454 0.6159519230769231 0.050752840909090935 0.0461346153846154
0 0.5949786931818182 0.6723942307692308 0.03552556818181817 0.06086538461538468
0 0.7983522727272727 0.7165576923076923 0.037698863636363586 0.04907692307692304
0 0.7129403409090909 0.7921923076923076 0.016818181818181784 0.030615384615384537
0 0.7544886363636363 0.566375 0.036988636363636314 0.02748076923076927
0 0.7327414772727273 0.5487115384615385 0.02102272727272729 0.05103846153846158
0 0.7196875 0.5310480769230769 0.0253693181818182 0.06478846153846153
0 0.6435582386363636 0.7391346153846154 0.03262784090909095 0.053000000000000005
0 0.788203125 0.6360673076923077 0.03771306818181812 0.06478846153846153
0 0.5485724431818183 0.6547211538461539 0.031178977272727258 0.05498076923076918
0 0.5261008522727273 0.6444134615384616 0.03552556818181817 0.05201923076923079
0 0.8128551136363636 0.6900673076923077 0.03480113636363636 0.06478846153846153
0 0.04681107954545454 0.975701923076923 0.02899147727272727 0.03532692307692298
0 0.07146306818181819 0.9831634615384616 0.037698863636363635 0.0329807692307693
0 0.7578977272727272 0.7391923076923077 0.03247159090909093 0.03611538461538456
0 0.0839346590909091 0.8924711538461539 0.027840909090909093 0.03690384615384615
0 0.07204545454545454 0.9576442307692308 0.034232954545454546 0.029057692307692225
0 0.06305397727272727 0.9442980769230769 0.02900568181818182 0.025903846153846097
0 0.15435369318181816 0.9498269230769231 0.04805397727272727 0.029384615384615443
0 0.23289772727272728 0.898048076923077 0.03772727272727273 0.06017307692307696
0 0.2145596590909091 0.8917596153846155 0.04340909090909091 0.05036538461538461
0 0.18535511363636364 0.8886057692307692 0.03565340909090908 0.03986538461538465
0 0.16236505681818184 0.9225384615384616 0.05788352272727273 0.06296153846153837
0 0.5111789772727273 0.9005096153846154 0.02687499999999994 0.038480769230769214
0 0.492578125 0.903298076923077 0.031008522727272704 0.035673076923076946
0 0.7686292613636364 0.7517499999999999 0.019133522727272766 0.0643846153846153
0 0.5036860795454546 0.8648173076923078 0.020156249999999997 0.04267307692307692
0 0.47862215909090916 0.862375 0.04340909090909091 0.03217307692307696
0 0.5220241477272727 0.8665673076923077 0.02066761363636357 0.048980769230769286
0 0.5184090909090909 0.8417307692307693 0.021704545454545497 0.025884615384615346
0 0.5013565340909091 0.8277403846153847 0.027911931818181787 0.06086538461538457
0 0.4884375 0.8144423076923076 0.018607954545454577 0.06226923076923076
0 0.4693181818181818 0.8315865384615384 0.03099431818181817 0.06017307692307696
0 0.4062713068181818 0.9092403846153845 0.028934659090909098 0.034980769230769225
0 0.4222940340909091 0.8875576923076922 0.02274147727272726 0.044769230769230825
0 0.40110795454545456 0.8798653846153845 0.023778409090909104 0.026576923076923064
0 0.7225142045454546 0.6131538461538462 0.03017045454545456 0.032192307692307603
0 0.40575994318181813 0.860625 0.020667613636363654 0.02867307692307697
0 0.3830184659090909 0.8522307692307691 0.027911931818181867 0.024499999999999907
0 0.3830184659090909 0.898403846153846 0.027911931818181867 0.06646153846153846
0 0.3739772727272727 0.897 0.020142045454545465 0.044076923076923
0 0.37216619318181815 0.861326923076923 0.020667613636363612 0.028692307692307722
0 0.4217826704545455 0.8669230769230769 0.03927556818181815 0.06226923076923076
0 0.3535653409090909 0.8928076923076923 0.026875000000000024 0.055269230769230786
0 0.39309659090909094 0.8389423076923077 0.027386363636363598 0.02169230769230764
0 0.42720170454545453 0.851528846153846 0.03357954545454544 0.06648076923076922
0 0.3491690340909091 0.8522307692307691 0.02842329545454544 0.03007692307692316
0 0.7196164772727273 0.5789903846153845 0.02204545454545452 0.03455769230769236
0 0.35434659090909093 0.8424326923076924 0.03255681818181821 0.03148076923076924
0 0.36467329545454547 0.8249423076923077 0.042897727272727254 0.028692307692307722
0 0.39154829545454545 0.8182980769230769 0.06252840909090915 0.0335961538461539
0 0.07531249999999999 0.6475576923076923 0.03190340909090909 0.055961538461538396
0 0.12207386363636363 0.5788461538461539 0.038437500000000006 0.07950000000000006
0 0.08095880681818182 0.61625 0.04350852272727273 0.026692307692307682
0 0.1148934659090909 0.7528846153846154 0.05569602272727272 0.04396153846153849
0 0.07719460227272727 0.5860192307692308 0.03365056818181818 0.05103846153846158
0 0.10155539772727273 0.574625 0.023196022727272725 0.07067307692307692
0 0.06675426136363637 0.6833846153846154 0.03944602272727273 0.043192307692307655
0 0.7138139204545454 0.6402403846153846 0.02203124999999999 0.03140384615384612
0 0.16622159090909092 0.6358846153846153 0.023778409090909083 0.018846153846153867
0 0.1685440340909091 0.6523653846153846 0.019133522727272725 0.026692307692307682
0 0.14824573863636362 0.697125 0.027258522727272725 0.031403846153846234
0 0.18739346590909092 0.6578653846153847 0.02436079545454546 0.03769230769230763
0 0.6716548295454546 0.7833076923076923 0.0435085227272728 0.03534615384615384
0 0.650625 0.7626923076923078 0.04349431818181819 0.043192307692307655
0 0.46791193181818175 0.885403846153846 0.03190340909090906 0.053000000000000005
0 0.5574644886363637 0.9025769230769232 0.031178977272727258 0.03434615384615376
0 0.5625355113636363 0.873625 0.025383522727272734 0.029442307692307698
0 0.5578196022727272 0.8451538461538461 0.018849431818181793 0.0392692307692308
0 0.6639346590909091 0.5189230769230769 0.01508522727272728 0.030615384615384645
0 0.5429545454545455 0.8422019230769232 0.01812499999999999 0.06478846153846153
0 0.5806605113636364 0.8628173076923077 0.025383522727272734 0.023557692307692307
0 0.5251917613636364 0.8215961538461539 0.020298295454545482 0.04515384615384619
0 0.5799360795454546 0.8976634615384614 0.0181392045454546 0.04809615384615394
0 0.5955255681818182 0.9074903846153846 0.03624999999999998 0.038288461538461584
0 0.600234375 0.8809807692307693 0.029730113636363565 0.0363076923076923
0 0.5755894886363637 0.8348461538461539 0.03262784090909087 0.03238461538461545
0 0.6085795454545455 0.8471153846153846 0.03914772727272728 0.037307692307692264
0 0.6252556818181818 0.86675 0.03480113636363636 0.043192307692307655
0 0.5016335227272727 0.7931346153846154 0.02681818181818181 0.047115384615384615
0 0.6326136363636364 0.6194326923076924 0.033636363636363645 0.02748076923076927
0 0.565078125 0.8044134615384615 0.020298295454545402 0.038288461538461584
0 0.6292400568181818 0.882951923076923 0.028281250000000036 0.050057692307692254
0 0.5494886363636364 0.8019615384615384 0.018125000000000068 0.04515384615384619
0 0.6357670454545455 0.8304230769230769 0.02102272727272729 0.05103846153846147
0 0.6440980113636363 0.8161923076923077 0.018849431818181793 0.07753846153846153
0 0.5810227272727272 0.802451923076923 0.023210227272727237 0.044173076923076864
0 0.5342613636363637 0.7872307692307693 0.016676136363636376 0.043192307692307655
0 0.6111150568181819 0.8181634615384615 0.03697443181818186 0.044173076923076975
0 0.5509375 0.7636826923076924 0.019573863636363598 0.03336538461538466
0 0.6219886363636363 0.8004903846153846 0.0253693181818182 0.04809615384615383
0 0.7381747159090909 0.6135384615384616 0.024360795454545423 0.047115384615384615
0 0.565078125 0.7759519230769231 0.01740056818181818 0.026519230769230698
0 0.5143181818181818 0.7779134615384615 0.02465909090909093 0.044173076923076975
0 0.5908167613636364 0.7764423076923077 0.031178977272727337 0.041230769230769335
0 0.6738352272727273 0.84025 0.03480113636363636 0.056923076923076965
0 0.6147372159090909 0.7602403846153846 0.025383522727272734 0.050057692307692254
0 0.5984232954545455 0.7396250000000001 0.02465909090909093 0.0461346153846154
0 0.5744957386363636 0.7435576923076923 0.02754261363636362 0.04219230769230769
0 0.5375213068181818 0.755826923076923 0.044957386363636415 0.02946153846153845
0 0.5705113636363636 0.7209807692307691 0.02392045454545451 0.03434615384615376
0 0.47843039772727275 0.8912884615384616 0.031178977272727337 0.05103846153846158
0 0.8855255681818182 0.3511057692307692 0.030596590909090858 0.03917307692307693
0 0.7868963068181819 0.7631346153846155 0.01740056818181818 0.043192307692307655
0 0.5498508522727273 0.7160673076923078 0.018849431818181873 0.04809615384615383
0 0.2402556818181818 0.5698173076923077 0.02755681818181819 0.0324038461538462
0 0.21125710227272732 0.5182788461538461 0.020298295454545444 0.02748076923076916
0 0.19494318181818182 0.4853942307692308 0.04857954545454546 0.040250000000000015
0 0.2261150568181818 0.5521442307692308 0.021036931818181823 0.03632692307692305
0 0.2025497159090909 0.5442884615384614 0.023196022727272704 0.028461538461538483
0 0.1855184659090909 0.5241730769230769 0.029730113636363627 0.06476923076923084
0 0.21669034090909092 0.5874903846153846 0.018125000000000027 0.05201923076923068
0 0.19095170454545454 0.5820865384615385 0.03335227272727271 0.07067307692307692
0 0.5306321022727273 0.7273653846153847 0.03552556818181817 0.047115384615384615
0 0.6937286931818182 0.7964230769230769 0.0214630681818182 0.03219230769230771
0 0.5741335227272727 0.40147115384615384 0.04857954545454552 0.03924999999999999
0 0.5683309659090909 0.3685865384615385 0.03987215909090908 0.030442307692307716
0 0.595887784090909 0.5290769230769231 0.042769886363636385 0.03338461538461541
0 0.5799360795454546 0.4785288461538461 0.025383522727272734 0.026519230769230753
0 0.9840980113636365 0.5330096153846153 0.031803977272727255 0.021596153846153772
0 0.9848224431818182 0.49668269230769224 0.030355113636363642 0.05694230769230767
0 0.5712357954545454 0.570298076923077 0.015227272727272685 0.02159615384615388
0 0.563984375 0.5953365384615386 0.021036931818181823 0.028480769230769237
0 0.5505752840909092 0.6154615384615384 0.023196022727272704 0.02946153846153845
0 0.5498437500000001 0.5840480769230769 0.02465909090909085 0.03728846153846151
0 0.7880610795454547 0.734875 0.024360795454545423 0.038480769230769214
0 0.5835582386363636 0.5526346153846154 0.026832386363636343 0.031423076923076984
0 0.5813849431818182 0.44122115384615385 0.03552556818181817 0.05005769230769231
0 0.5723224431818182 0.6571826923076923 0.026093750000000006 0.05398076923076922
0 0.5074289772727273 0.6164423076923077 0.019573863636363677 0.03338461538461541
0 0.5270099431818182 0.5992596153846154 0.023934659090909124 0.04221153846153844
0 0.5418678977272727 0.5604903846153847 0.023196022727272704 0.0490961538461539
0 0.5643465909090909 0.539875 0.02465909090909093 0.056942307692307716
0 0.504169034090909 0.6679807692307693 0.021747159090909095 0.03042307692307691
0 0.4925710227272727 0.630673076923077 0.03335227272727275 0.05596153846153851
0 0.5114204545454545 0.5776730769230769 0.03914772727272728 0.06184615384615389
0 0.7054048295454546 0.7647115384615384 0.027258522727272725 0.030615384615384645
0 0.48277698863636365 0.5820865384615385 0.028281249999999956 0.06675000000000007
0 0.46537642045454547 0.5894519230769231 0.029730113636363565 0.04221153846153844
0 0.4726349431818182 0.6282211538461538 0.029730113636363645 0.049096153846153796
0 0.4704545454545455 0.6743557692307691 0.04713068181818183 0.0490961538461539
0 0.44580255681818187 0.6655192307692308 0.048565340909090905 0.05103846153846147
0 0.42586647727272725 0.6512884615384615 0.05946022727272729 0.046153846153846156
0 0.4327485795454545 0.6149711538461538 0.06018465909090902 0.038288461538461584
0 0.4323863636363636 0.5889615384615384 0.02900568181818184 0.04907692307692304
0 0.5523792613636364 0.5010961538461538 0.03552556818181817 0.020615384615384612
0 0.5422301136363636 0.4775480769230769 0.01812499999999999 0.034365384615384624
0 0.7592045454545455 0.7118942307692308 0.02755681818181815 0.02159615384615388
0 0.5371590909090909 0.5256442307692308 0.05437500000000004 0.04221153846153844
0 0.5230184659090908 0.48147115384615385 0.02754261363636362 0.055942307692307756
0 0.5016335227272727 0.5133749999999999 0.04278409090909092 0.07067307692307687
0 0.4835014204545454 0.4785288461538461 0.028281249999999956 0.04613461538461535
0 0.5407812500000001 0.4368076923076923 0.0224715909090909 0.05692307692307691
0 0.24460227272727272 0.6095673076923077 0.06380681818181816 0.06674999999999996
0 0.4026633522727273 0.23166346153846154 0.06234375000000006 0.06674999999999999
0 0.40628551136363633 0.2861346153846154 0.05075284090909085 0.028461538461538483
0 0.37764914772727276 0.31214423076923076 0.03697443181818182 0.03140384615384612
0 0.3928764204545454 0.3347307692307692 0.034076704545454556 0.0392692307692308
0 0.724765625 0.7011057692307693 0.025383522727272654 0.03140384615384612
0 0.4146306818181818 0.2611057692307692 0.05582386363636365 0.05105769230769233
0 0.4559517045454546 0.5747211538461539 0.02681818181818181 0.04221153846153844
0 0.5012642045454545 0.4559519230769231 0.03480113636363636 0.05005769230769231
0 0.5541974431818182 0.4525192307692308 0.023196022727272704 0.08638461538461537
0 0.46357244318181823 0.514846153846154 0.05365056818181815 0.07949999999999995
0 0.5233806818181818 0.42699038461538463 0.04423295454545453 0.05890384615384615
0 0.5654971590909091 0.16097115384615385 0.037471590909090906 0.03324999999999999
0 0.5551633522727273 0.16840384615384615 0.034872159090909106 0.04984615384615385
0 0.5596803977272727 0.13474038461538462 0.023252840909090914 0.02798076923076924
0 0.5470880681818181 0.12468269230769233 0.02647727272727279 0.03759615384615384
0 0.7436079545454546 0.6952211538461538 0.016676136363636376 0.019634615384615344
0 0.579893465909091 0.13173076923076923 0.02521306818181818 0.04869230769230768
0 0.5290411931818182 0.14096153846153847 0.017769886363636352 0.029115384615384616
0 0.5759659090909092 0.207 0.03306818181818186 0.04142307692307691
0 0.5569460227272728 0.1068173076923077 0.02562500000000003 0.02463461538461539
0 0.5319318181818182 0.10822115384615386 0.018607954545454497 0.02855769230769231
0 0.546200284090909 0.08499038461538462 0.020667613636363654 0.027980769230769226
0 0.5712144886363636 0.08891346153846154 0.031008522727272704 0.04813461538461539
0 0.5468181818181818 0.06092307692307692 0.027698863636363636 0.030230769230769228
0 0.5701704545454546 0.06148076923076923 0.03142045454545455 0.04253846153846154
0 0.5687286931818182 0.029865384615384617 0.030184659090909092 0.04423076923076923
0 0.7552130681818181 0.6893269230769231 0.01812499999999999 0.02750000000000002
0 0.5224289772727272 0.11325961538461539 0.02107954545454542 0.03301923076923077
0 0.5280042613636364 0.08024038461538462 0.020667613636363654 0.03413461538461538
0 0.5234659090909091 0.05197115384615384 0.023153409090909106 0.02240384615384616
0 0.5135369318181818 0.08275961538461538 0.01653409090909097 0.038057692307692306
0 0.5083735795454545 0.12585576923076922 0.02274147727272726 0.03805769230769232
0 0.4866690340909091 0.1630673076923077 0.033082386363636314 0.028557692307692298
0 0.4945241477272727 0.14180769230769233 0.023139204545454574 0.027423076923076932
0 0.49907670454545455 0.11717307692307694 0.023977272727272722 0.03076923076923078
0 0.49493607954545454 0.09814423076923076 0.021491477272727266 0.01509615384615385
0 0.4784019886363637 0.10010576923076923 0.017372159090909115 0.025750000000000002
0 0.7772585227272728 0.6974711538461539 0.022613636363636305 0.030634615384615288
0 0.5011363636363636 0.07408653846153845 0.015710227272727275 0.04309615384615384
0 0.4773650568181818 0.12304807692307693 0.018593750000000044 0.026865384615384614
0 0.4860511363636364 0.078 0.018607954545454577 0.024076923076923083
0 0.5263565340909091 0.03182692307692308 0.017372159090909115 0.022384615384615385
0 0.3715340909090909 0.013115384615384616 0.032670454545454544 0.02623076923076923
0 0.4715767045454546 0.06764423076923076 0.009517045454545438 0.025749999999999995
0 0.5048579545454545 0.04328846153846154 0.02232954545454541 0.02742307692307692
0 0.4879119318181818 0.05589423076923077 0.023153409090909106 0.03694230769230769
0 0.5455823863636364 0.026500000000000003 0.019431818181818192 0.04980769230769231
0 0.463515625 0.09199038461538461 0.026463068181818174 0.024057692307692318
0 0.646171875 0.5824326923076923 0.02262784090909092 0.051826923076923055
0 0.46372869318181825 0.11353846153846152 0.01612215909090904 0.02126923076923076
0 0.5205610795454546 0.018711538461538463 0.03555397727272731 0.03742307692307693
0 0.532762784090909 0.170625 0.018593750000000044 0.035826923076923096
0 0.49369318181818184 0.016471153846153844 0.03306818181818178 0.03294230769230769
0 0.4711647727272728 0.15019230769230768 0.026875000000000024 0.038615384615384614
0 0.4794318181818182 0.03825961538461539 0.027698863636363636 0.03301923076923077
0 0.4482173295454545 0.10822115384615386 0.020667613636363654 0.02855769230769231
0 0.45669744318181815 0.14040384615384613 0.021917613636363645 0.036923076923076927
0 0.463515625 0.055894230769230765 0.02231534090909096 0.049249999999999995
0 0.44222301136363645 0.1513173076923077 0.031008522727272704 0.041980769230769224
0 0.8842826704545456 0.316125 0.028934659090909098 0.03078846153846152
0 0.6290553977272727 0.5788942307692307 0.02203124999999999 0.0479038461538462
0 0.43953835227272725 0.07155769230769231 0.029758522727272793 0.04476923076923077
0 0.4314772727272727 0.13228846153846152 0.03514204545454547 0.04534615384615384
0 0.5127130681818183 0.16475 0.023153409090909106 0.0375
0 0.4269318181818182 0.09590384615384615 0.027698863636363636 0.06211538461538461
0 0.5784446022727273 0.2887211538461538 0.028934659090909098 0.03582692307692307
0 0.5757528409090908 0.2612884615384615 0.03678977272727269 0.022384615384615357
0 0.5505397727272727 0.27528846153846154 0.032670454545454544 0.021269230769230773
0 0.5648011363636364 0.2417019230769231 0.014886363636363663 0.026865384615384586
0 0.5468252840909091 0.24898076923076923 0.023565340909090873 0.0346923076923077
0 0.41411931818181813 0.31558653846153845 0.04340909090909091 0.05036538461538461
0 0.7041690340909091 0.5655480769230768 0.02262784090909092 0.038480769230769214
0 0.556328125 0.21427884615384615 0.02274147727272734 0.057096153846153845
0 0.5331818181818182 0.22072115384615384 0.027698863636363636 0.053173076923076906
0 0.5858877840909091 0.24729807692307693 0.03308238636363639 0.03805769230769232
0 0.5255255681818182 0.2576538461538461 0.03306818181818186 0.03749999999999997
0 0.5441264204545455 0.2979519230769231 0.06862215909090909 0.04532692307692306
0 0.19598721590909093 0.3002211538461539 0.03305397727272729 0.04082692307692306
0 0.026044034090909093 0.1368846153846154 0.03538352272727273 0.02511538461538459
0 0.07609375 0.2150576923076923 0.027897727272727272 0.029384615384615387
0 0.16906960227272727 0.3877115384615385 0.015213068181818173 0.03626923076923074
0 0.10540482954545455 0.3118269230769231 0.022826704545454535 0.027769230769230765
0 0.7372372159090909 0.6436826923076923 0.027258522727272725 0.023557692307692307
0 0.12177556818181819 0.2970480769230769 0.026448863636363642 0.026865384615384614
0 0.2541122159090909 0.40779807692307696 0.028423295454545482 0.038480769230769214
0 0.1434943181818182 0.20716346153846152 0.04059659090909091 0.03848076923076924
0 0.2931321022727273 0.3805096153846154 0.01032670454545456 0.03148076923076924
0 0.2683309659090909 0.4403365384615385 0.025838068181818177 0.027980769230769253
0 0.016598011363636363 0.11221153846153846 0.03319602272727273 0.040576923076923094
0 0.36825994318181815 0.3469423076923077 0.040014204545454526 0.04476923076923077
0 0.1959872159090909 0.34341346153846153 0.027258522727272725 0.02671153846153849
0 0.38218039772727275 0.45571153846153845 0.03654829545454548 0.0392692307692308
0 0.014019886363636363 0.09402884615384614 0.028039772727272726 0.04198076923076924
0 0.7033025568181818 0.678625 0.03132102272727266 0.025903846153846208
0 0.2494602272727273 0.25702884615384614 0.019119318181818192 0.026596153846153842
0 0.17014204545454545 0.18776923076923077 0.023778409090909104 0.039192307692307686
0 0.19933948863636364 0.20561538461538462 0.03151988636363636 0.055269230769230786
0 0.33258522727272727 0.3284903846153846 0.020880681818181843 0.04398076923076924
0 0.18332386363636363 0.26787500000000003 0.026363636363636367 0.039865384615384594
0 0.18616477272727272 0.22449999999999998 0.0372159090909091 0.05246153846153846
0 0.19443181818181818 0.4074519230769231 0.01653409090909089 0.019596153846153843
0 0.2101917613636364 0.4029038461538461 0.016008522727272743 0.02869230769230767
0 0.15914772727272727 0.10182692307692308 0.028437499999999994 0.022384615384615385
0 0.09042613636363636 0.10822115384615384 0.024943181818181812 0.03532692307692306
0 0.7215696022727273 0.6668461538461539 0.022627840909091 0.03219230769230771
0 0.22992187500000003 0.10900961538461539 0.02436079545454546 0.0306346153846154
0 0.15550426136363635 0.22474038461538462 0.02910511363636363 0.03536538461538462
0 0.268203125 0.09525961538461537 0.02552556818181818 0.023557692307692307
0 0.3175071022727272 0.3300576923076923 0.026690340909090896 0.05496153846153843
0 0.24413352272727273 0.5118557692307691 0.024943181818181823 0.019634615384615344
0 0.2809943181818182 0.3941538461538462 0.02428977272727272 0.028000000000000004
0 0.10890625 0.02335576923076923 0.02738636363636364 0.04617307692307692
0 0.2590198863636364 0.26647115384615383 0.021704545454545456 0.03148076923076924
0 0.04767045454545455 0.02776923076923077 0.018607954545454542 0.05553846153846154
0 0.231640625 0.2671826923076923 0.017571022727272734 0.03148076923076924
0 0.769715909090909 0.6707692307692307 0.02494318181818174 0.033769230769230774
0 0.16575994318181816 0.23973076923076922 0.02975852272727273 0.03134615384615384
0 0.2873508522727273 0.5279519230769231 0.01740056818181818 0.0329807692307693
0 0.22311789772727272 0.39346153846153853 0.01498579545454543 0.029384615384615387
0 0.16553977272727274 0.2970769230769231 0.04059659090909093 0.03142307692307693
0 0.2719460227272727 0.4112980769230769 0.01963068181818185 0.03148076923076924
0 0.32243607954545456 0.3920961538461538 0.0214630681818182 0.029846153846153866
0 0.33490767045454545 0.4058461538461539 0.02899147727272727 0.041615384615384644
0 0.08513494318181819 0.24619230769230765 0.025326704545454534 0.03288461538461537
0 0.34998579545454545 0.4140865384615384 0.026676136363636364 0.045557692307692306
0 0.06446732954545455 0.23359615384615384 0.021178977272727276 0.03426923076923075
0 0.7433238636363636 0.6656730769230769 0.027840909090909124 0.020423076923076933
0 0.3702911931818182 0.4176153846153846 0.01856534090909094 0.03534615384615384
0 0.24992897727272725 0.38385576923076925 0.023778409090909062 0.055749999999999966
0 0.2176846590909091 0.35323076923076924 0.021704545454545417 0.0398846153846154
0 0.31490056818181816 0.5566057692307692 0.02610795454545454 0.038480769230769214
0 0.3128693181818182 0.3756057692307692 0.029005681818181802 0.036134615384615425
0 0.24384232954545454 0.10822115384615384 0.02203124999999999 0.029057692307692305
0 0.34765625 0.5263846153846155 0.019119318181818154 0.032192307692307603
0 0.22311079545454546 0.21995192307692307 0.020142045454545465 0.033596153846153845
0 0.304453125 0.5259903846153846 0.020298295454545444 0.03690384615384615
0 0.03630681818181818 0.11325961538461538 0.03204545454545455 0.030096153846153842
0 0.6780681818181818 0.7371249999999999 0.046988636363636344 0.021980769230769245
0 0.2918394886363636 0.25178846153846157 0.041860795454545456 0.030076923076923077
0 0.38769176136363637 0.4898653846153846 0.026690340909090858 0.04634615384615378
0 0.22466619318181816 0.37456730769230767 0.02842329545454544 0.033596153846153845
0 0.26501420454545455 0.5153846153846153 0.023778409090909104 0.03453846153846161
0 0.3708735795454545 0.5173461538461538 0.03248579545454542 0.043192307692307655
0 0.20961647727272725 0.3245673076923076 0.029005681818181802 0.03613461538461537
0 0.3514417613636364 0.33476923076923076 0.028423295454545482 0.039269230769230744
0 0.23318892045454548 0.33748076923076925 0.01964488636363638 0.040576923076923066
0 0.24662642045454544 0.3549807692307692 0.015497159090909126 0.026576923076923064
0 0.2548934659090909 0.33853846153846157 0.02274147727272726 0.04126923076923079
0 0.6194886363636364 0.6511442307692308 0.0179829545454545 0.03690384615384615
0 0.24637073863636363 0.3087980769230769 0.020156249999999997 0.03917307692307693
0 0.14349431818181818 0.2593846153846154 0.026676136363636364 0.02511538461538462
0 0.17046874999999997 0.345375 0.02610795454545454 0.0306346153846154
0 0.23078835227272732 0.1325576923076923 0.01566761363636364 0.022769230769230764
0 0.20034090909090907 0.37835576923076925 0.018551136363636367 0.041634615384615395
0 0.3314275568181818 0.20127884615384614 0.02436079545454546 0.03140384615384615
0 0.08203835227272728 0.07373076923076922 0.03876420454545455 0.02938461538461538
0 0.05283380681818182 0.05868269230769231 0.03927556818181818 0.04967307692307692
0 0.26182528409090905 0.4930096153846154 0.01856534090909094 0.029057692307692333
0 0.3659446022727273 0.38425 0.034218750000000006 0.03769230769230773
0 0.7378125 0.5863557692307692 0.0191477272727273 0.03455769230769225
0 0.27255681818181815 0.1184326923076923 0.022613636363636388 0.030634615384615385
0 0.2499786931818182 0.2832692307692308 0.028423295454545482 0.025884615384615398
0 0.18583806818181817 0.3591153846153846 0.03017045454545454 0.02511538461538462
0 0.161484375 0.2680192307692308 0.02436079545454546 0.028269230769230748
0 0.3163494318181818 0.22248076923076923 0.03017045454545456 0.03611538461538462
0 0.3068252840909091 0.27731730769230767 0.029446022727272755 0.04478846153846152
0 0.2867684659090909 0.2743076923076923 0.038281250000000024 0.029846153846153866
0 0.33287642045454546 0.3610769230769231 0.020298295454545482 0.025923076923076903
0 0.34041903409090907 0.37285576923076924 0.017968749999999967 0.038480769230769214
0 0.2766122159090909 0.3712884615384615 0.029588068181818198 0.03534615384615384
0 0.9028835227272727 0.3552980769230769 0.029772727272727326 0.040865384615384616
0 0.5725071022727273 0.615951923076923 0.023934659090909124 0.02651923076923081
0 0.26675426136363634 0.3116057692307692 0.023792613636363636 0.049480769230769266
0 0.27255681818181815 0.5326634615384616 0.022613636363636388 0.05024999999999999
0 0.2138068181818182 0.2650769230769231 0.03772727272727273 0.042692307692307696
0 0.08074573863636364 0.007480769230769231 0.04029829545454546 0.014961538461538462
0 0.10245028409090909 0.011682692307692309 0.02481534090909091 0.023365384615384618
0 0.21096590909090907 0.253875 0.03721590909090911 0.03848076923076924
0 0.08203125 0.02860576923076923 0.02738636363636364 0.02867307692307692
0 0.09831676136363637 0.04679807692307692 0.03203125 0.025903846153846152
0 0.09365767045454546 0.07513461538461538 0.025838068181818177 0.033576923076923074
0 0.13784801136363634 0.07549038461538461 0.014985795454545451 0.03848076923076923
0 0.07059659090909091 0.9168173076923077 0.05451704545454545 0.029057692307692333
0 0.14327414772727273 0.10766346153846154 0.031008522727272725 0.028673076923076916
0 0.18409801136363635 0.38502884615384614 0.017400568181818163 0.03140384615384612
0 0.10813210227272728 0.0768846153846154 0.020667613636363654 0.039884615384615386
0 0.11536931818181818 0.0950673076923077 0.026875000000000003 0.03848076923076923
0 0.09159801136363636 0.20491346153846154 0.02376420454545454 0.02448076923076924
0 0.010916193181818181 0.3829615384615384 0.021832386363636363 0.05876923076923072
0 0.14301136363636366 0.31054807692307695 0.035653409090909104 0.027288461538461588
0 0.15671164772727272 0.3630288461538462 0.02274147727272728 0.03148076923076924
0 0.15334517045454546 0.33574038461538463 0.025326704545454545 0.027288461538461536
0 0.1251846590909091 0.33084615384615385 0.022727272727272728 0.0398846153846154
0 0.06566051136363636 0.8802884615384615 0.027258522727272725 0.026692307692307682
0 0.29734374999999996 0.8053557692307692 0.01707386363636365 0.028134615384615376
0 0.07999289772727272 0.8058557692307692 0.020411931818181815 0.014057692307692313
0 0.4697159090909091 0.01766346153846154 0.019488636363636402 0.023865384615384615
0 0.008849431818181819 0.07513461538461538 0.017698863636363638 0.03638461538461539
0 0.08333096590909092 0.05239423076923077 0.03720170454545455 0.02167307692307693
0 0.23887073863636366 0.24164423076923078 0.018593750000000006 0.027980769230769253
0 0.28719460227272725 0.23184615384615384 0.03151988636363636 0.02519230769230768
0 0.028941761363636364 0.3940576923076923 0.023792613636363636 0.05261538461538464
0 0.14921164772727272 0.07548076923076923 0.023252840909090914 0.03288461538461538
0 0.04120738636363636 0.0050384615384615385 0.01602272727272727 0.010076923076923077
0 0.04043323863636363 0.9470384615384616 0.03595170454545454 0.0392692307692308
0 0.04710227272727272 0.8535865384615384 0.028409090909090905 0.042403846153846174
0 0.03057528409090909 0.8343557692307693 0.031321022727272725 0.03532692307692309
0 0.08886363636363637 0.8638076923076922 0.027272727272727268 0.04553846153846155
0 0.09321022727272728 0.937625 0.034801136363636374 0.062826923076923
0 0.06827414772727272 0.8551730769230769 0.03365056818181818 0.03769230769230773
0 0.07262073863636363 0.8276826923076923 0.06438920454545455 0.03140384615384612
0 0.25876420454545457 0.12651923076923077 0.023153409090909068 0.023923076923076932
0 0.04477982954545454 0.8025576923076924 0.05393465909090909 0.036115384615384674
0 0.011803977272727273 0.8033365384615385 0.023607954545454547 0.036134615384615425
0 0.21908380681818185 0.7079230769230769 0.026690340909090896 0.033769230769230774
0 0.2153125 0.686721153846154 0.03769886363636363 0.01648076923076922
0 0.20835227272727275 0.7350192307692307 0.03423295454545454 0.05026923076923074
0 0.19066051136363635 0.7134230769230769 0.028991477272727287 0.043192307692307655
0 0.18399147727272727 0.7566057692307693 0.03190340909090908 0.047903846153846096
0 0.18660511363636365 0.6922211538461539 0.020880681818181823 0.03690384615384615
0 0.2135724431818182 0.6651346153846154 0.03305397727272729 0.02984615384615381
0 0.1662997159090909 0.6808365384615384 0.023196022727272725 0.026711538461538543
0 0.29720880681818185 0.3340865384615385 0.031321022727272704 0.06675000000000002
0 0.14947443181818182 0.6623846153846153 0.027840909090909083 0.03534615384615384
0 0.1430965909090909 0.6396057692307693 0.025511363636363627 0.044750000000000074
0 0.1346875 0.6070192307692307 0.0330681818181818 0.047115384615384615
0 0.1181534090909091 0.6478461538461538 0.03480113636363636 0.02984615384615381
0 0.113515625 0.6278269230769231 0.01856534090909092 0.024346153846153896
0 0.09350852272727272 0.6423557692307692 0.023778409090909093 0.03140384615384612
0 0.12250710227272728 0.6741634615384615 0.034218750000000006 0.03532692307692309
0 0.10452414772727274 0.6902596153846154 0.03305397727272727 0.023557692307692307
0 0.094375 0.672201923076923 0.03017045454545455 0.03140384615384612
0 0.117578125 0.6996826923076924 0.03828125 0.036134615384615425
