0 0.9652769886363637 0.49705769230769237 0.031917613636363515 0.04711538461538467
0 0.9471164772727273 0.810298076923077 0.03619318181818185 0.048403846153846186
0 0.9447869318181819 0.859548076923077 0.021164772727272855 0.05163461538461532
0 0.9234446022727273 0.8449903846153846 0.0343892045454546 0.04409615384615386
0 0.7958948863636363 0.8950961538461538 0.03343750000000011 0.0874615384615385
0 0.6802840909090909 0.8813461538461539 0.026448863636363642 0.04873076923076929
0 0.6174857954545455 0.9784038461538461 0.02755681818181823 0.029346153846153827
0 0.647784090909091 0.98775 0.021846590909090902 0.02450000000000002
0 0.628330965909091 0.985875 0.023281250000000062 0.028173076923076988
0 0.6464772727272727 0.9680096153846154 0.023153409090909027 0.027288461538461536
0 0.6325 0.9605192307692308 0.02119318181818184 0.02076923076923079
0 0.7630184659090908 0.521375 0.02268465909090913 0.03113461538461538
0 0.6153835227272727 0.954375 0.02349431818181821 0.023903846153846168
0 0.6263068181818182 0.9357596153846154 0.04971590909090909 0.031557692307692356
0 0.25058948863636366 0.9864326923076921 0.026321022727272728 0.02713461538461541
0 0.011889204545454545 0.9260096153846153 0.02377840909090909 0.05094230769230771
0 0.1017755681818182 0.7908269230769231 0.03494318181818182 0.03226923076923083
0 0.09117897727272727 0.7681250000000001 0.03525568181818181 0.03409615384615388
0 0.18611505681818183 0.7733846153846153 0.035610795454545464 0.06519230769230776
0 0.26706676136363633 0.8323942307692308 0.030894886363636364 0.03975000000000003
0 0.014360795454545454 0.06317307692307693 0.0271875 0.04423076923076923
0 0.24370738636363634 0.7400576923076922 0.024261363636363654 0.033923076923076896
0 0.9875426136363636 0.4939807692307692 0.024914772727272674 0.032153846153846206
0 0.22102272727272726 0.7334038461538461 0.021590909090909074 0.03184615384615385
0 0.23356534090909092 0.7104423076923077 0.04696022727272728 0.03169230769230773
0 0.4156463068181818 0.606625 0.017428977272727245 0.02167307692307689
0 0.4161505681818182 0.5913076923076923 0.010227272727272712 0.022384615384615357
0 0.4316619318181818 0.6187115384615385 0.035795454545454526 0.03584615384615382
0 0.4313778409090909 0.5832884615384616 0.028863636363636435 0.046653846153846136
0 0.23988636363636362 0.5643846153846154 0.027755681818181808 0.02757692307692303
0 0.24443181818181817 0.533625 0.02767045454545453 0.03632692307692305
0 0.29006392045454543 0.4662403846153846 0.03254261363636363 0.04071153846153844
0 0.9236292613636364 0.8780288461538461 0.04231534090909086 0.04467307692307696
0 0.8843536931818182 0.6394134615384616 0.028082386363636337 0.0277115384615384
0 0.8361079545454545 0.946548076923077 0.032556818181818284 0.04224999999999994
0 0.7075426136363636 0.7403846153846154 0.026250000000000027 0.02876923076923084
0 0.7066193181818182 0.7204711538461538 0.024119318181818127 0.034519230769230747
0 0.7854119318181819 0.29010576923076925 0.03014204545454533 0.03444230769230769
0 0.7754190340909091 0.2832596153846154 0.025582386363636352 0.026480769230769252
0 0.7743749999999999 0.2595288461538462 0.024119318181818207 0.02682692307692308
0 0.7598792613636363 0.46158653846153846 0.031122159090909044 0.03413461538461538
0 0.7694744318181819 0.4494326923076923 0.02707386363636372 0.033519230769230725
0 0.008664772727272728 0.10451923076923077 0.017329545454545455 0.023769230769230768
0 0.009353693181818182 0.07916346153846154 0.018707386363636364 0.03282692307692308
0 0.8679048295454546 0.6261923076923077 0.02728693181818187 0.040730769230769244
0 0.029446022727272727 0.1006153846153846 0.025511363636363638 0.03207692307692308
0 0.11561789772727274 0.05827884615384615 0.028735795454545462 0.04813461538461539
0 0.04403409090909091 0.07762499999999999 0.04019886363636363 0.04313461538461538
0 0.13308948863636363 0.07597115384615385 0.02612215909090909 0.05213461538461539
0 0.15392755681818182 0.06422115384615384 0.022400568181818178 0.045057692307692306
0 0.17894176136363635 0.05774038461538461 0.03490056818181817 0.03290384615384615
0 0.589296875 0.3351826923076923 0.03745738636363637 0.044096153846153806
0 0.5817400568181817 0.31948076923076923 0.039360795454545426 0.027653846153846143
0 0.5032741477272727 0.26285576923076925 0.03183238636363632 0.03986538461538465
0 0.36623579545454543 0.41110576923076925 0.034261363636363604 0.02428846153846153
0 0.8924431818181818 0.6177788461538462 0.024204545454545402 0.028249999999999997
0 0.37009232954545457 0.3729423076923077 0.04938920454545456 0.05684615384615385
0 0.49370738636363637 0.38990384615384616 0.02792613636363632 0.04061538461538462
0 0.4779474431818182 0.38069230769230766 0.02759943181818183 0.046961538461538437
0 0.06846590909090909 0.45348076923076924 0.03403409090909091 0.046076923076923036
0 0.016093750000000004 0.37354807692307695 0.03201704545454546 0.060557692307692326
0 0.010625 0.36030769230769233 0.02125 0.05734615384615389
0 0.0409375 0.2148076923076923 0.035170454545454546 0.032807692307692315
0 0.03864346590909091 0.1840576923076923 0.028877840909090905 0.033769230769230746
0 0.21102272727272728 0.19828846153846152 0.02301136363636362 0.025884615384615398
0 0.20661221590909087 0.1831826923076923 0.02745738636363638 0.028903846153846155
0 0.8989772727272727 0.5971538461538461 0.027642045454545506 0.03238461538461534
0 0.2116193181818182 0.15010576923076924 0.05224431818181818 0.07071153846153845
0 0.3531747159090909 0.014586538461538462 0.027372159090909065 0.029173076923076923
0 0.3823863636363637 0.0863173076923077 0.030454545454545453 0.03413461538461538
0 0.47349431818181825 0.07570192307692308 0.024630681818181784 0.03398076923076923
0 0.48987926136363635 0.06746153846153846 0.017428977272727245 0.03126923076923077
0 0.48243607954545453 0.0941923076923077 0.03330965909090908 0.032653846153846144
0 0.5753551136363636 0.15356730769230767 0.03159090909090911 0.04794230769230768
0 0.5264346590909091 0.14048076923076924 0.012528409090909081 0.014576923076923074
0 0.4971946022727272 0.16763461538461538 0.038338068181818195 0.03219230769230771
0 0.6386505681818182 0.11075961538461539 0.0339488636363636 0.04051923076923076
0 0.9363494318181819 0.7677211538461539 0.027784090909090994 0.03478846153846149
0 0.6476207386363636 0.23548076923076924 0.027571022727272684 0.03788461538461542
0 0.6479332386363637 0.27629807692307695 0.03600852272727268 0.04486538461538464
0 0.6696448863636364 0.2541538461538462 0.031278409090909065 0.038461538461538464
0 0.5792329545454545 0.3047115384615384 0.0342329545454545 0.030423076923076966
0 0.5572443181818181 0.3416826923076923 0.0259943181818182 0.03263461538461538
0 0.6110014204545454 0.4413653846153846 0.021207386363636373 0.02496153846153844
0 0.6969815340909091 0.36273076923076925 0.0722017045454546 0.06119230769230768
0 0.6461221590909091 0.35675961538461537 0.030795454545454556 0.027288461538461588
0 0.6754403409090909 0.3942788461538461 0.03897727272727272 0.035288461538461526
0 0.6424360795454546 0.41221153846153846 0.03359375000000005 0.052423076923076906
0 0.917393465909091 0.766201923076923 0.029730113636363565 0.028711538461538476
0 0.6548508522727272 0.3777115384615385 0.017968749999999967 0.026269230769230763
0 0.6228551136363637 0.3671923076923077 0.027443181818181808 0.05969230769230773
0 0.6377982954545455 0.38375000000000004 0.01749999999999999 0.028230769230769188
0 0.9259943181818181 0.7978365384615385 0.034375000000000065 0.03371153846153841
