0 0.17345170454545455 0.49245192307692304 0.012073863636363636 0.03794230769230767
0 0.09153409090909091 0.6910673076923077 0.027698863636363636 0.045557692307692306
0 0.3388068181818182 0.25880769230769235 0.029744318181818177 0.049653846153846166
0 0.3459588068181818 0.2841634615384615 0.03552556818181817 0.04601923076923073
0 0.36681107954545455 0.2923557692307692 0.02626420454545456 0.05159615384615381
0 0.3837997159090909 0.30586538461538465 0.03552556818181817 0.052807692307692326
0 0.26350142045454544 0.3589326923076923 0.029730113636363645 0.05540384615384616
0 0.24071732954545455 0.3244230769230769 0.029730113636363645 0.04599999999999998
0 0.988359375 0.49593269230769227 0.02302556818181807 0.028557692307692298
0 0.9666193181818182 0.5075673076923077 0.021732954545454482 0.024596153846153775
0 0.9411576704545456 0.5001057692307692 0.028536931818181864 0.02548076923076923
0 0.9474857954545454 0.4825384615384615 0.023039772727272766 0.02899999999999997
0 0.1000213068181818 0.7985288461538462 0.023821022727272722 0.04355769230769226
0 0.8067329545454546 0.5170961538461538 0.02017045454545445 0.03207692307692309
0 0.9299218749999999 0.5295576923076923 0.02975852272727263 0.037192307692307754
0 0.8491122159090909 0.6207211538461538 0.024815340909090947 0.03548076923076921
0 0.8665767045454544 0.64625 0.02482954545454532 0.04296153846153852
0 0.87578125 0.6238461538461538 0.017471590909091006 0.0404615384615385
0 0.8631392045454546 0.6036153846153846 0.025284090909090843 0.0410769230769231
0 0.8036008522727273 0.4900096153846154 0.03126420454545453 0.035480769230769156
0 0.882734375 0.4294519230769231 0.024332386363636358 0.03763461538461537
0 0.5567187499999999 0.23771153846153847 0.04411931818181818 0.0658076923076923
0 0.5929900568181818 0.21038461538461536 0.05083806818181821 0.0759230769230769
0 0.14678977272727273 0.7463076923076923 0.022642045454545453 0.03830769230769234
0 0.592237215909091 0.14204807692307694 0.05683238636363635 0.07086538461538464
0 0.5466264204545456 0.18607692307692306 0.05083806818181821 0.053653846153846135
0 0.5204616477272727 0.2799134615384615 0.07328124999999996 0.0583269230769231
0 0.5013920454545455 0.2564423076923077 0.06803977272727278 0.07896153846153847
0 0.570234375 0.12549038461538461 0.05981534090909093 0.07301923076923075
0 0.4986647727272727 0.2339423076923077 0.05875000000000002 0.06869230769230766
0 0.3248224431818182 0.2925192307692308 0.043252840909090935 0.0658076923076923
0 0.3229545454545455 0.33048076923076924 0.04806818181818182 0.03761538461538462
0 0.1926349431818182 0.33879807692307695 0.04592329545454545 0.06436538461538462
0 0.21613636363636363 0.3348269230769231 0.03204545454545455 0.06507692307692309
0 0.11938210227272728 0.7945 0.02322443181818181 0.025
0 0.28396306818181816 0.3478269230769231 0.02883522727272729 0.04338461538461539
0 0.2938423295454546 0.2939615384615385 0.022968749999999982 0.05134615384615388
0 0.14204545454545456 0.3752596153846154 0.029744318181818177 0.028403846153846172
0 0.13880681818181817 0.4039230769230769 0.02403409090909091 0.0351153846153846
0 0.15654119318181817 0.42509615384615385 0.02899147727272727 0.057846153846153874
0 0.18521306818181815 0.2580865384615385 0.03633522727272729 0.06517307692307693
0 0.26650568181818185 0.2719134615384616 0.0390625 0.03628846153846155
0 0.14319602272727272 0.25776923076923075 0.033153409090909094 0.03626923076923077
0 0.23766335227272728 0.2768269230769231 0.02498579545454546 0.04980769230769232
0 0.15386363636363634 0.03016346153846154 0.02997159090909092 0.05840384615384615
0 0.18134232954545454 0.7757499999999999 0.029190340909090905 0.039115384615384566
0 0.16045454545454546 0.08580769230769231 0.028607954545454548 0.05903846153846154
0 0.18339488636363638 0.1165576923076923 0.03360795454545454 0.03934615384615385
0 0.1827059659090909 0.08365384615384615 0.0213494318181818 0.042423076923076924
0 0.22948863636363637 0.13683653846153845 0.024971590909090888 0.06517307692307692
0 0.2630894886363636 0.12792307692307692 0.04495738636363637 0.04488461538461538
0 0.23516335227272728 0.09534615384615384 0.027258522727272725 0.042423076923076924
0 0.27558238636363636 0.1042596153846154 0.0390625 0.03567307692307693
0 0.28307528409090915 0.08396153846153845 0.028622159090909097 0.05288461538461538
0 0.15539772727272727 0.14891346153846155 0.02022727272727272 0.06909615384615386
0 0.22044744318181816 0.18408653846153844 0.036321022727272716 0.04978846153846154
0 0.11268465909090909 0.8180865384615384 0.03306818181818182 0.026211538461538564
0 0.19217329545454545 0.28025000000000005 0.0330965909090909 0.05415384615384615
0 0.16481534090909092 0.25534615384615383 0.034488636363636346 0.06161538461538463
0 0.5679616477272728 0.0834326923076923 0.023451704545454612 0.05936538461538462
0 0.49274857954545453 0.19370192307692308 0.046548295454545426 0.09136538461538463
0 0.9823366477272728 0.130375 0.03532670454545455 0.03401923076923077
0 0.982734375 0.15742307692307692 0.03453124999999992 0.021153846153846155
0 0.9375497159090909 0.25035576923076924 0.04055397727272721 0.061211538461538456
0 0.9873934659090909 0.1815 0.02521306818181818 0.03330769230769232
0 0.9621519886363636 0.2096346153846154 0.028593749999999994 0.06526923076923076
0 0.976612215909091 0.20693269230769232 0.022940340909090876 0.060750000000000005
0 0.1444034090909091 0.7949038461538462 0.0315625 0.03469230769230773
0 0.948515625 0.28186538461538463 0.032571022727272816 0.046807692307692314
0 0.9668039772727273 0.25261538461538463 0.021278409090909115 0.030615384615384593
0 0.9862286931818183 0.23438461538461539 0.02754261363636362 0.05084615384615384
0 0.9942045454545455 0.22020192307692307 0.011590909090909046 0.06121153846153843
0 0.9820951704545454 0.2706153846153846 0.033906250000000006 0.049500000000000016
0 0.9797940340909093 0.012576923076923078 0.039559659090909124 0.025153846153846155
0 0.9711363636363637 0.045538461538461535 0.028238636363636358 0.02273076923076923
0 0.982705965909091 0.019201923076923075 0.03458806818181821 0.0330576923076923
0 0.9682812500000001 0.07006730769230769 0.024801136363636254 0.03151923076923078
0 0.9886576704545456 0.060653846153846155 0.02044034090909089 0.022923076923076928
0 0.14247159090909092 0.7793749999999999 0.025909090909090902 0.029442307692307698
0 0.9921661931818182 0.0455 0.015383522727272624 0.026346153846153852
0 0.9905823863636364 0.08185576923076923 0.01883522727272726 0.02267307692307692
0 0.234453125 0.7898076923076923 0.03600852272727272 0.061500000000000034
0 0.25305397727272727 0.6954038461538462 0.05184659090909091 0.0482307692307692
0 0.28530539772727276 0.6994230769230769 0.024531250000000015 0.03696153846153851
0 0.2692755681818182 0.7371923076923077 0.023352272727272725 0.03857692307692308
0 0.24612926136363636 0.7353173076923077 0.025326704545454524 0.04340384615384614
0 0.2882741477272727 0.7350480769230769 0.023338068181818192 0.04071153846153849
0 0.30865767045454545 0.6895096153846153 0.024531250000000015 0.05786538461538457
0 0.31756392045454546 0.7256634615384616 0.02492897727272729 0.04982692307692312
0 0.200703125 0.7763557692307693 0.03217329545454546 0.04678846153846151
0 0.2506747159090909 0.7765769230769232 0.02492897727272729 0.047692307692307714
0 0.26967329545454544 0.7738942307692308 0.021761363636363627 0.040173076923076895
0 0.30845880681818183 0.7428173076923077 0.02177556818181816 0.05305769230769226
0 0.270859375 0.8108653846153846 0.03285511363636363 0.04553846153846155
0 0.33121448863636366 0.777375 0.035610795454545485 0.05144230769230769
0 0.32131392045454543 0.799076923076923 0.030866477272727257 0.06376923076923081
0 0.2789701704545455 0.8293461538461538 0.037201704545454545 0.03642307692307692
0 0.24454545454545454 0.8384519230769231 0.035624999999999976 0.07928846153846157
0 0.30707386363636363 0.8071153846153847 0.038778409090909106 0.04553846153846155
0 0.2728409090909091 0.8582788461538462 0.04551136363636363 0.04394230769230774
0 0.181640625 0.6848173076923078 0.029786931818181837 0.033865384615384644
0 0.25740056818181817 0.9185576923076922 0.03997159090909093 0.10553846153846153
0 0.3171661931818182 0.8448846153846155 0.04708806818181819 0.04392307692307688
0 0.30964488636363635 0.8931057692307691 0.032840909090909094 0.05786538461538457
0 0.33715198863636364 0.88775 0.04194602272727273 0.040730769230769244
0 0.37098721590909095 0.8770384615384615 0.03600852272727276 0.052499999999999915
0 0.25879261363636363 0.9632980769230769 0.0459090909090909 0.05678846153846149
0 0.2817400568181818 0.9000673076923076 0.036406249999999994 0.05894230769230776
0 0.28629261363636366 0.9448076923076923 0.021761363636363665 0.04446153846153847
0 0.26313920454545453 0.9801730769230769 0.03957386363636366 0.03911538461538468
0 0.21441051136363634 0.9402019230769231 0.02921874999999999 0.040826923076923004
0 0.184375 0.46462499999999995 0.027471590909090914 0.02582692307692309
0 0.1578125 0.756798076923077 0.018465909090909092 0.035096153846153846
0 0.19290482954545454 0.9439903846153846 0.019843749999999997 0.05786538461538468
0 0.17406249999999998 0.9428461538461538 0.030624999999999982 0.03461538461538462
0 0.17422585227272727 0.989423076923077 0.039701704545454526 0.021153846153846155
0 0.21898437499999998 0.9765576923076922 0.02759943181818183 0.0446538461538461
0 0.20384232954545453 0.9934230769230767 0.02086647727272727 0.011846153846153784
0 0.19324573863636366 0.9786153846153846 0.031974431818181825 0.0232307692307692
0 0.2973650568181818 0.991201923076923 0.024332386363636358 0.017057692307692315
0 0.721981534090909 0.803625 0.04197443181818175 0.04325000000000002
0 0.28321732954545453 0.980576923076923 0.028707386363636376 0.03884615384615382
0 0.37644176136363633 0.7784423076923076 0.03481534090909089 0.052307692307692284
0 0.1914630681818182 0.7432884615384615 0.013693181818181839 0.022576923076923095
0 0.7903835227272729 0.7208557692307693 0.053380681818181876 0.07086538461538455
0 0.7939701704545453 0.6847211538461538 0.058508522727272645 0.061134615384615315
0 0.7839630681818182 0.5474807692307694 0.06210227272727276 0.09242307692307693
0 0.7588068181818183 0.6635288461538461 0.037471590909090906 0.04794230769230771
0 0.6230752840909091 0.03596153846153846 0.046235795454545474 0.04642307692307692
0 0.6799644886363636 0.12000961538461538 0.029105113636363648 0.04290384615384616
0 0.6521661931818182 0.10911538461538461 0.040014204545454485 0.049230769230769245
0 0.6396946022727273 0.08625000000000001 0.03896306818181819 0.05415384615384616
0 0.897940340909091 0.15270192307692307 0.040653409090909094 0.03171153846153848
0 0.8796022727272728 0.10963461538461539 0.04727272727272724 0.047269230769230765
0 0.21425426136363634 0.7699038461538462 0.022940340909090917 0.03226923076923083
0 0.2792400568181818 0.46476923076923077 0.046463068181818196 0.062192307692307755
0 0.30407670454545455 0.4315 0.039517045454545444 0.04626923076923077
0 0.25894886363636366 0.5142980769230769 0.045397727272727284 0.04844230769230763
0 0.3299786931818182 0.4322307692307692 0.025099431818181802 0.060730769230769255
0 0.09204545454545454 0.39354807692307686 0.02670454545454546 0.05278846153846157
0 0.08857244318181819 0.42354807692307694 0.03899147727272727 0.023134615384615385
0 0.24398437499999998 0.5526153846153846 0.035781250000000035 0.03976923076923078
0 0.25787642045454545 0.5985384615384616 0.025099431818181802 0.0607307692307692
0 0.6392116477272727 0.40005769230769234 0.03899147727272734 0.03976923076923078
0 0.6717968750000001 0.41414423076923074 0.03044034090909092 0.044826923076923084
0 0.17865767045454545 0.7396634615384615 0.015497159090909086 0.03305769230769241
0 0.6784730113636364 0.4564423076923077 0.03845170454545454 0.03976923076923078
0 0.6285369318181818 0.4101730769230769 0.045397727272727326 0.05276923076923076
0 0.5435014204545454 0.4739038461538462 0.028991477272727228 0.04492307692307695
0 0.5282386363636363 0.5002403846153847 0.03738636363636363 0.02840384615384612
0 0.6535582386363636 0.43621153846153843 0.02708806818181817 0.032538461538461516
0 0.6121661931818182 0.5983846153846153 0.033565340909090906 0.03873076923076931
0 0.5564701704545455 0.4550576923076923 0.03433238636363631 0.05165384615384618
0 0.5284303977272727 0.5340769230769231 0.033196022727272734 0.0392692307692308
0 0.6041548295454545 0.4328461538461538 0.028991477272727228 0.04442307692307691
0 0.6171306818181818 0.5648076923076922 0.028238636363636358 0.02842307692307687
0 0.1713565340909091 0.7553846153846154 0.01637784090909091 0.033884615384615395
0 0.5755326704545454 0.7542596153846155 0.048735795454545455 0.053519230769230736
0 0.5702485795454546 0.7256346153846154 0.036321022727272716 0.04730769230769235
0 0.5592116477272727 0.6966826923076923 0.04367897727272727 0.06286538461538461
0 0.5727769886363636 0.7950288461538462 0.04046875000000001 0.03798076923076923
0 0.8536008522727272 0.34265384615384614 0.02492897727272737 0.0756153846153846
0 0.879197443181818 0.31834615384615383 0.02958806818181824 0.06299999999999999
0 0.8715553977272728 0.3401730769230769 0.037571022727272634 0.046346153846153836
0 0.8832741477272728 0.4043173076923077 0.04353693181818179 0.04440384615384616
0 0.9082883522727272 0.43187499999999995 0.029105113636363488 0.037519230769230805
0 0.34426136363636367 0.022721153846153846 0.034176136363636325 0.04544230769230769
0 0.1859588068181818 0.7134519230769231 0.015184659090909087 0.03951923076923068
0 0.24144886363636367 0.03646153846153846 0.042187500000000024 0.07292307692307692
0 0.29191761363636365 0.017249999999999998 0.03738636363636363 0.03180769230769231
0 0.2505255681818182 0.007538461538461538 0.02082386363636363 0.015076923076923076
0 0.2702840909090909 0.034249999999999996 0.048607954545454544 0.03976923076923077
0 0.30767045454545455 0.008990384615384615 0.03471590909090909 0.01798076923076923
0 0.3188849431818182 0.024846153846153848 0.019758522727272722 0.04411538461538462
0 0.2764275568181818 0.022673076923076924 0.036321022727272716 0.04411538461538462
0 0.23781960227272728 0.0595 0.025184659090909077 0.034076923076923074
0 0.2782599431818182 0.06389423076923077 0.033565340909090906 0.028403846153846155
0 0.2569034090909091 0.091 0.021363636363636352 0.0371923076923077
0 0.19876420454545454 0.7114230769230769 0.013409090909090905 0.052423076923076906
0 0.1645809659090909 0.010894230769230769 0.034332386363636364 0.021788461538461538
0 0.2223721590909091 0.04477884615384616 0.020994318181818183 0.045980769230769235
0 0.21855823863636364 0.012490384615384613 0.024786931818181843 0.024788461538461537
0 0.17582386363636363 0.042971153846153846 0.018693181818181834 0.04236538461538462
0 0.1933380681818182 0.007105769230769231 0.02269886363636362 0.013173076923076923
0 0.20663352272727273 0.015451923076923077 0.016221590909090932 0.028096153846153844
0 0.19171875 0.02796153846153846 0.02011363636363638 0.035576923076923075
0 0.20123579545454548 0.09 0.019772727272727254 0.04480769230769232
0 0.2150284090909091 0.07974038461538462 0.02252840909090911 0.042942307692307696
0 0.21134943181818186 0.1201923076923077 0.02252840909090907 0.03796153846153846
0 0.20829545454545453 0.7273557692307693 0.02053977272727274 0.021365384615384533
0 0.2088210227272727 0.1475769230769231 0.027585227272727254 0.04169230769230768
0 0.16767755681818183 0.1525673076923077 0.02069602272727272 0.06286538461538463
0 0.2771022727272727 0.2459230769230769 0.02713068181818181 0.03796153846153845
0 0.26353693181818183 0.23129807692307694 0.03309659090909092 0.04605769230769231
0 0.21342329545454544 0.2322307692307692 0.022982954545454556 0.045423076923076906
0 0.21273437499999998 0.28202884615384616 0.025298295454545417 0.05040384615384611
0 0.22607244318181818 0.25090384615384614 0.018849431818181793 0.04915384615384616
0 0.1846875 0.15225 0.02343750000000002 0.04853846153846156
0 0.16997869318181816 0.19893269230769228 0.02805397727272725 0.04978846153846154
0 0.2325 0.20484615384615384 0.03448863636363637 0.032999999999999995
0 0.20829545454545453 0.7438942307692309 0.02411931818181817 0.027019230769230792
0 0.25203835227272725 0.21791346153846153 0.019303977272727278 0.029250000000000016
0 0.2396306818181818 0.24063461538461536 0.02573863636363637 0.03238461538461542
0 0.24422585227272728 0.20608653846153846 0.03401988636363635 0.03671153846153844
0 0.15158380681818182 0.22350961538461536 0.026207386363636367 0.04917307692307691
0 0.1276775568181818 0.23099038461538463 0.023451704545454553 0.029249999999999988
0 0.11825284090909091 0.26024038461538457 0.04596590909090911 0.03921153846153849
0 0.1913565340909091 0.19115384615384617 0.03401988636363637 0.051653846153846154
0 0.19365056818181817 0.21325 0.027585227272727254 0.03484615384615385
0 0.019865056818181816 0.20080769230769227 0.03862215909090909 0.03734615384615385
0 0.044921875 0.21916346153846156 0.04643465909090909 0.039211538461538464
0 0.21782670454545452 0.7122403846153846 0.029488636363636352 0.04032692307692313
0 0.23617897727272724 0.3604519230769231 0.0280397727272727 0.04171153846153846
0 0.22651988636363637 0.3778846153846154 0.03264204545454548 0.04792307692307696
0 0.08683238636363635 0.4497403846153846 0.034801136363636354 0.030173076923076917
0 0.06181107954545455 0.46166346153846155 0.023053977272727278 0.04128846153846154
0 0.06532670454545454 0.4227596153846154 0.027755681818181818 0.03651923076923079
0 0.04558238636363637 0.47991346153846154 0.02815340909090909 0.03651923076923079
0 0.05672585227272728 0.5124615384615385 0.034786931818181814 0.044461538461538525
0 0.08389914772727272 0.5161730769230769 0.025014204545454555 0.03176923076923084
0 0.07568892045454545 0.4801826923076923 0.02813920454545454 0.03917307692307693
0 0.11046874999999999 0.45898076923076925 0.036846590909090905 0.05061538461538466
0 0.011235795454545453 0.8718269230769231 0.022329545454545453 0.03888461538461533
0 0.22408380681818182 0.7493365384615384 0.022343750000000027 0.029826923076923167
0 0.10363636363636365 0.4947403846153846 0.02775568181818183 0.04075000000000005
0 0.12122869318181818 0.5368173076923076 0.028536931818181822 0.04763461538461535
0 0.041874999999999996 0.49923076923076926 0.02463068181818182 0.030692307692307654
0 0.01020596590909091 0.5055865384615384 0.019928977272727272 0.05186538461538461
0 0.02662642045454545 0.5233173076923077 0.026974431818181818 0.0460576923076924
0 0.038742897727272727 0.5444903846153846 0.036349431818181815 0.04286538461538455
0 0.010085227272727272 0.5508461538461539 0.020170454545454543 0.05557692307692303
0 0.020177556818181817 0.488125 0.021889204545454545 0.03917307692307693
0 0.09738636363636365 0.5092980769230769 0.023835227272727275 0.049749999999999954
0 0.0041477272727272725 0.5746634615384615 0.0078125 0.03863461538461545
0 0.15703125 0.5023846153846154 0.020312499999999997 0.041269230769230836
0 0.02247159090909091 0.5848942307692307 0.030482954545454546 0.052519230769230776
0 0.10166903409090909 0.5421346153846154 0.03720170454545455 0.039653846153846165
0 0.010269886363636365 0.6117884615384616 0.02053977272727273 0.052499999999999915
0 0.027485795454545457 0.6380480769230769 0.054971590909090914 0.05894230769230776
0 0.039133522727272725 0.5641057692307693 0.02454545454545454 0.020365384615384566
0 0.02715198863636364 0.4637211538461538 0.022144886363636363 0.029980769230769238
0 0.04247159090909091 0.4496923076923077 0.024488636363636365 0.033807692307692275
0 0.04270596590909091 0.5919326923076923 0.02686079545454546 0.040173076923076895
0 0.28416193181818183 0.5944807692307692 0.03204545454545455 0.05676923076923073
0 0.29169744318181823 0.6097884615384616 0.030156249999999985 0.04911538461538466
0 0.1748934659090909 0.5234903846153846 0.019616477272727275 0.035096153846153846
0 0.04651988636363636 0.6805769230769231 0.04971590909090909 0.0363076923076923
0 0.08282670454545454 0.7421346153846154 0.03730113636363636 0.04784615384615384
0 0.433046875 0.9868461538461538 0.05373579545454543 0.02630769230769232
0 0.32672585227272727 0.9613557692307692 0.02242897727272726 0.038596153846153836
0 0.3734659090909091 0.9025192307692308 0.02616477272727271 0.04492307692307695
0 0.35780539772727277 0.9392211538461538 0.03785511363636369 0.03351923076923078
0 0.4073153409090909 0.9797692307692308 0.029403409090909157 0.03550000000000007
0 0.42122159090909095 0.959048076923077 0.03497159090909092 0.028519230769230738
0 0.4489772727272727 0.9415576923076924 0.02803977272727274 0.06403846153846156
0 0.3387642045454546 0.9854134615384614 0.0234375 0.02851923076923085
0 0.18960937500000002 0.4921826923076923 0.021008522727272716 0.029403846153846138
0 0.34456676136363634 0.9208653846153847 0.031235795454545426 0.03715384615384614
0 0.3074289772727273 0.9320769230769231 0.02411931818181817 0.04034615384615388
0 0.3261150568181818 0.9314423076923077 0.03217329545454546 0.04419230769230762
0 0.66484375 0.7569038461538462 0.0302840909090909 0.04099999999999999
0 0.6875497159090909 0.6896442307692308 0.033110795454545455 0.039711538461538416
0 0.6426065340909091 0.7767596153846154 0.03501420454545459 0.03586538461538468
0 0.6830539772727273 0.7591442307692308 0.028863636363636355 0.04675000000000001
0 0.6830610795454546 0.7178269230769231 0.03737215909090901 0.033307692307692295
0 0.737294034090909 0.9667115384615385 0.018480113636363624 0.042153846153846077
0 0.7242897727272727 0.9454134615384615 0.02326704545454553 0.061596153846153794
0 0.22376420454545454 0.48460576923076926 0.02767045454545457 0.035096153846153846
0 0.7516548295454545 0.974125 0.028053977272727272 0.04863461538461553
0 0.7708167613636363 0.9755096153846153 0.047201704545454574 0.04863461538461532
0 0.9062428977272727 0.6986730769230769 0.032173295454545586 0.03638461538461531
0 0.8836363636363637 0.7284423076923078 0.02198863636363639 0.043000000000000024
0 0.8626633522727274 0.72375 0.024843749999999852 0.0380384615384616
0 0.8834303977272726 0.7571057692307692 0.02401988636363632 0.03417307692307689
0 0.8693607954545454 0.683951923076923 0.04284090909090905 0.05648076923076913
0 0.8384801136363635 0.6907211538461538 0.032272727272727314 0.07305769230769232
0 0.8123366477272728 0.6297115384615385 0.030042613636363766 0.0685384615384615
0 0.49433238636363636 0.5957596153846153 0.03204545454545455 0.059288461538461505
0 0.210625 0.45899038461538466 0.026619318181818195 0.03413461538461538
0 0.3952627840909091 0.6221442307692308 0.0283096590909091 0.04121153846153847
0 0.41876420454545454 0.5147692307692308 0.02724431818181811 0.06507692307692314
0 0.5375923295454546 0.6084038461538461 0.04166193181818179 0.04699999999999999
0 0.9178693181818183 0.8773942307692307 0.02670454545454555 0.036865384615384536
0 0.5931392045454545 0.9876634615384616 0.06196022727272728 0.024596153846153886
0 0.6366690340909091 0.9865865384615384 0.02509943181818184 0.026750000000000048
0 0.5050142045454545 0.8175865384615384 0.01525568181818175 0.05321153846153849
0 0.6668465909090909 0.9815384615384615 0.05340909090909086 0.0369230769230769
0 0.5183664772727272 0.8209423076923077 0.014488636363636348 0.050615384615384604
0 0.468203125 0.8132019230769231 0.036235795454545444 0.0330576923076923
0 0.1946875 0.4412115384615385 0.023465909090909065 0.03273076923076925
0 0.4928053977272727 0.8175865384615384 0.01830965909090907 0.05009615384615387
0 0.5519389204545454 0.7597403846153847 0.027457386363636423 0.029442307692307698
0 0.4086860795454546 0.7971826923076922 0.027855113636363574 0.04648076923076926
0 0.5521306818181819 0.8036442307692307 0.021732954545454562 0.05321153846153849
0 0.5355326704545454 0.8093173076923077 0.024417613636363633 0.07282692307692297
0 0.4834588068181818 0.8392884615384616 0.01717329545454542 0.03253846153846146
0 0.46648437499999995 0.8428942307692308 0.03356534090909098 0.03771153846153849
0 0.5225639204545455 0.7837596153846154 0.0312926136363636 0.037173076923077
0 0.5212357954545456 0.7525096153846154 0.03471590909090909 0.04390384615384623
0 0.40068181818181814 0.6680673076923077 0.023267045454545447 0.05163461538461532
0 0.15422585227272728 0.46468269230769227 0.03853693181818181 0.04078846153846155
0 0.4758309659090909 0.6675480769230769 0.027855113636363657 0.04236538461538456
0 0.5235227272727273 0.5993653846153846 0.04082386363636365 0.050615384615384604
0 0.4178480113636363 0.6450865384615385 0.020980113636363693 0.03667307692307691
0 0.47811789772727276 0.7690769230769231 0.023678977272727296 0.053576923076923105
0 0.4993607954545455 0.7785192307692307 0.02011363636363632 0.04611538461538465
0 0.4633522727272727 0.7925673076923077 0.02465909090909093 0.03294230769230768
0 0.4297301136363636 0.7603749999999999 0.031164772727272725 0.03921153846153844
0 0.36228693181818183 0.754403846153846 0.03144886363636366 0.03996153846153852
0 0.3781534090909091 0.7306826923076922 0.022897727272727198 0.028365384615384615
0 0.4149715909090909 0.8126538461538463 0.017102272727272758 0.022769230769230722
0 0.18032670454545455 0.43456730769230767 0.023465909090909107 0.04124999999999998
0 0.4258735795454545 0.7945384615384615 0.01958806818181813 0.02688461538461531
0 0.43966619318181815 0.7792307692307692 0.01958806818181821 0.0351153846153846
0 0.4313920454545455 0.8218076923076924 0.020681818181818187 0.03434615384615376
0 0.6286221590909091 0.8036923076923076 0.028409090909090908 0.03696153846153841
0 0.9188778409090909 0.8468653846153846 0.023465909090909065 0.04023076923076915
0 0.8946377840909091 0.8307211538461539 0.026576704545454435 0.047096153846153864
0 0.884474431818182 0.7934134615384615 0.025028409090909098 0.0402115384615384
0 0.9079332386363635 0.7989711538461539 0.027372159090909228 0.03863461538461534
0 0.9083238636363636 0.7658846153846154 0.025028409090909098 0.026461538461538443
0 0.90265625 0.7460384615384615 0.018380681818181897 0.05980769230769235
0 0.056846590909090916 0.3575096153846154 0.03713068181818183 0.028442307692307732
0 0.7738352272727272 0.7444519230769231 0.025028409090909098 0.08098076923076926
0 0.7071875 0.7571538461538462 0.027755681818181846 0.04815384615384619
0 0.6915411931818182 0.779125 0.028536931818181784 0.04340384615384614
0 0.7492045454545455 0.7256634615384616 0.026590909090908967 0.04871153846153843
0 0.7877130681818181 0.7867884615384615 0.02775568181818193 0.057692307692307696
0 0.7302485795454546 0.9095865384615385 0.028536931818181784 0.05451923076923081
0 0.8127414772727274 0.7722403846153846 0.026193181818181734 0.07305769230769232
0 0.8225142045454544 0.8092884615384616 0.02306818181818183 0.05080769230769234
0 0.6382102272727272 0.8811923076923077 0.03392045454545454 0.04784615384615395
0 0.46435369318181813 0.8942692307692307 0.059360795454545486 0.03700000000000002
0 0.023821022727272725 0.8972596153846154 0.019147727272727275 0.02736538461538465
0 0.04336647727272727 0.33687500000000004 0.03397727272727273 0.030826923076923078
0 0.47349431818181825 0.91275 0.052471590909090905 0.03423076923076914
0 0.47142045454545456 0.9433846153846154 0.0386363636363637 0.029346153846153827
0 0.7256036931818182 0.7373557692307692 0.02401988636363632 0.039557692307692294
0 0.8582244318181819 0.8933557692307692 0.021534090909090864 0.03644230769230767
0 0.8466193181818181 0.9079423076923077 0.02119318181818192 0.032807692307692315
0 0.743544034090909 0.87625 0.0254119318181818 0.041807692307692323
0 0.7582244318181818 0.8670384615384615 0.027471590909090956 0.02984615384615381
0 0.7509161931818181 0.8424423076923077 0.025468750000000092 0.02711538461538466
0 0.7240269886363637 0.8552211538461539 0.024900568181818225 0.051134615384615334
0 0.7304616477272727 0.8345 0.03319602272727265 0.032153846153846206
0 0.06805397727272727 0.3729134615384615 0.02451704545454545 0.02513461538461537
0 0.6259019886363636 0.4387019230769231 0.038991477272727254 0.06290384615384612
0 0.02114346590909091 0.43750961538461536 0.02433238636363636 0.035557692307692325
0 0.012791193181818183 0.36353846153846153 0.025582386363636366 0.046538461538461515
0 0.018821022727272728 0.3847115384615385 0.022784090909090907 0.03553846153846152
0 0.03821022727272727 0.31437500000000007 0.034232954545454546 0.031057692307692317
0 0.06879971590909091 0.3314711538461539 0.019616477272727275 0.024750000000000008
0 0.07411221590909091 0.31235576923076924 0.018281249999999995 0.02340384615384613
0 0.0946875 0.3184230769230769 0.0303409090909091 0.036461538461538476
0 0.30985085227272724 0.4627019230769231 0.021122159090909098 0.031826923076923044
0 0.312578125 0.4917596153846154 0.030667613636363642 0.027211538461538527
0 0.06679687499999999 0.38851923076923073 0.03629261363636363 0.04380769230769231
0 0.47763494318181815 0.5669423076923077 0.03169034090909091 0.04196153846153856
0 0.39212357954545446 0.5913846153846154 0.023508522727272742 0.04380769230769237
0 0.40949573863636357 0.6822403846153846 0.02691761363636362 0.032749999999999946
0 0.038032670454545454 0.7237211538461539 0.03200284090909091 0.04332692307692313
0 0.022784090909090907 0.9903365384615385 0.040568181818181816 0.01875
0 0.6257670454545455 0.8199807692307692 0.029289772727272734 0.03196153846153847
0 0.6495738636363636 0.8202596153846153 0.019119318181818154 0.03471153846153848
0 0.6652343749999999 0.8210769230769231 0.01953125 0.04407692307692311
0 0.6634019886363636 0.7866538461538461 0.023196022727272704 0.029192307692307597
0 0.6768323863636364 0.8051057692307692 0.022386363636363624 0.028634615384615467
0 0.09499289772727272 0.34802884615384616 0.03776988636363637 0.03717307692307689
0 0.7806036931818181 0.8191538461538462 0.019133522727272766 0.04792307692307696
0 0.7783664772727273 0.845875 0.03173295454545459 0.03194230769230772
0 0.799403409090909 0.8330384615384615 0.02792613636363632 0.05169230769230768
0 0.6933664772727273 0.83075 0.024801136363636414 0.06649999999999998
0 0.6783380681818182 0.8339711538461537 0.013664772727272734 0.03128846153846161
0 0.7146306818181819 0.7201442307692308 0.036960227272727325 0.03471153846153848
0 0.7005539772727273 0.6586634615384616 0.04105113636363633 0.05071153846153847
0 0.7220880681818183 0.6967403846153847 0.03755681818181826 0.033096153846153914
0 0.7393678977272727 0.6741442307692308 0.04231534090909086 0.060519230769230825
0 0.6332670454545455 0.5777115384615384 0.032784090909090964 0.04842307692307694
0 0.2595241477272727 0.30553846153846154 0.04021306818181818 0.033192307692307674
0 0.6502556818181818 0.5522884615384616 0.034573863636363604 0.04599999999999992
0 0.6554119318181818 0.8469038461538462 0.025937500000000068 0.02892307692307696
0 0.6258451704545455 0.8412211538461538 0.03396306818181822 0.024788461538461513
0 0.6256534090909092 0.863173076923077 0.03281249999999995 0.03976923076923078
0 0.6630397727272727 0.8616250000000001 0.019829545454545426 0.03459615384615387
0 0.6662855113636363 0.8877019230769231 0.02708806818181825 0.032019230769230834
0 0.6828764204545454 0.8672307692307692 0.02862215909090906 0.04003846153846152
0 0.9138991477272728 0.4954326923076923 0.03325284090909102 0.0312884615384615
0 0.9028338068181818 0.5246538461538461 0.02365056818181815 0.03769230769230773
0 0.824815340909091 0.5959326923076923 0.024801136363636254 0.039788461538461536
0 0.27987926136363633 0.32346153846153847 0.0230539772727273 0.039846153846153844
0 0.8415980113636364 0.5907692307692307 0.02632102272727269 0.030461538461538522
0 0.8688849431818181 0.5701057692307693 0.03509943181818171 0.029442307692307698
0 0.8818465909090908 0.5422115384615386 0.022130681818181876 0.026346153846153825
0 0.9573863636363636 0.5223365384615385 0.02440340909090918 0.032019230769230723
0 0.9487997159090908 0.5478942307692307 0.021747159090909175 0.03771153846153838
0 0.8969247159090908 0.5559038461538461 0.021747159090909175 0.0351153846153846
0 0.9150426136363637 0.54325 0.021363636363636473 0.04080769230769236
0 0.8976846590909091 0.6793461538461538 0.02556818181818182 0.03303846153846155
0 0.880703125 0.5897403846153846 0.030525568181818195 0.029442307692307698
0 0.900546875 0.5773365384615385 0.025184659090909115 0.02736538461538454
0 0.2874786931818182 0.27333653846153844 0.050014204545454556 0.05644230769230771
0 0.9642542613636365 0.5546057692307692 0.01830965909090907 0.03667307692307691
0 0.9280113636363635 0.5579711538461538 0.01906249999999994 0.023749999999999934
0 0.9444105113636364 0.5719134615384615 0.03433238636363647 0.02686538461538456
0 0.9188565340909091 0.5752692307692308 0.01984375000000004 0.026346153846153825
0 0.8803196022727273 0.6731538461538462 0.018309659090909234 0.020653846153846172
0 0.8873792613636364 0.6473269230769231 0.02098011363636361 0.027884615384615386
0 0.9049289772727271 0.6524903846153846 0.017159090909090968 0.03717307692307689
0 0.9024502840909091 0.6142692307692307 0.02061079545454544 0.03719230769230764
0 0.9165625 0.6393173076923077 0.022130681818181716 0.03459615384615387
0 0.9259090909090908 0.6589423076923077 0.02937499999999993 0.03769230769230763
0 0.2531463068181818 0.3168173076923077 0.03333806818181818 0.035865384615384625
0 0.9472798295454545 0.6408653846153847 0.022514204545454417 0.03461538461538462
0 0.9474644886363636 0.6713365384615385 0.025184659090909115 0.030480769230769166
0 0.9308735795454546 0.625625 0.025553977272727287 0.032019230769230723
0 0.9158025568181819 0.6026442307692308 0.0312926136363636 0.030480769230769273
0 0.9678764204545455 0.6571346153846155 0.03012784090909096 0.03407692307692302
0 0.9753196022727273 0.6326057692307693 0.02365056818181831 0.03563461538461544
0 0.923536931818182 0.6808942307692307 0.02071022727272733 0.025096153846153758
0 0.9626491477272728 0.6842211538461538 0.02098011363636361 0.026557692307692313
0 0.9351207386363637 0.6875384615384615 0.01825284090909094 0.03246153846153845
0 0.969325284090909 0.7059807692307692 0.022343750000000027 0.020653846153846172
0 0.0328125 0.35146153846153844 0.04664772727272728 0.06696153846153845
0 0.9133167613636364 0.7279230769230769 0.02370738636363644 0.029884615384615423
0 0.9255823863636364 0.7100384615384616 0.018806818181818195 0.026576923076923064
0 0.9480681818181819 0.7017403846153846 0.022897727272727278 0.02913461538461545
0 0.9347159090909091 0.7247980769230769 0.01963068181818189 0.027288461538461536
0 0.9794105113636363 0.6902980769230769 0.016349431818181805 0.027673076923076897
0 0.9906534090909092 0.7041346153846153 0.018693181818181772 0.025076923076923115
0 0.9937926136363636 0.7305096153846155 0.01241477272727274 0.023250000000000062
0 0.9890767045454545 0.7686923076923078 0.019886363636363636 0.02065384615384606
0 0.9787713068181819 0.7230961538461538 0.022599431818181772 0.030153846153846166
0 0.9626491477272726 0.7458365384615385 0.024275568181818228 0.02971153846153844
0 0.06982244318181818 0.10826923076923077 0.028394886363636365 0.018923076923076917
0 0.9568323863636364 0.7204038461538462 0.022613636363636468 0.024769230769230762
0 0.9407102272727272 0.8833269230769231 0.022272727272727364 0.035538461538461574
0 0.9927769886363635 0.7878557692307693 0.014247159090909052 0.02024999999999995
0 0.9890625 0.6784903846153846 0.021363636363636473 0.033211538461538424
0 0.9281107954545454 0.7476153846153846 0.02295454545454557 0.028923076923076853
0 0.9377698863636365 0.8561057692307692 0.014573863636363786 0.0210961538461539
0 0.9499076704545453 0.8730576923076924 0.01583806818181815 0.019038461538461494
0 0.9529758522727273 0.8581826923076923 0.01686079545454546 0.021788461538461618
0 0.9670241477272729 0.8766923076923077 0.01686079545454546 0.031115384615384628
0 0.9795454545454546 0.8730673076923077 0.018920454545454456 0.022480769230769228
0 0.008224431818181816 0.8999038461538461 0.01630681818181818 0.024961538461538497
0 0.06463778409090909 0.12612500000000001 0.01711647727272728 0.01921153846153845
0 0.9804332386363637 0.8974519230769231 0.020184659090909142 0.027673076923076897
0 0.9596164772727271 0.8927788461538462 0.017897727272727305 0.023865384615384556
0 0.9391761363636365 0.8384711538461538 0.0184090909090908 0.026634615384615427
0 0.9570667613636363 0.8467788461538462 0.016349431818181805 0.027326923076923037
0 0.9730326704545454 0.854375 0.017116477272727207 0.02040384615384607
0 0.9859303977272728 0.8500576923076922 0.019417613636363577 0.02215384615384623
0 0.9921946022727273 0.8642403846153845 0.015071022727272586 0.023519230769230695
0 0.9284446022727273 0.9213173076923078 0.017883522727272613 0.024211538461538413
0 0.9156747159090909 0.9040192307692309 0.02401988636363648 0.028346153846153754
0 0.936115056818182 0.8984903846153847 0.0214630681818182 0.029057692307692225
0 0.0857244318181818 0.0871346153846154 0.01198863636363635 0.03203846153846154
0 0.944921875 0.9150865384615385 0.01916193181818183 0.025596153846153852
0 0.9094105113636364 0.9152596153846154 0.020696022727272636 0.02524999999999999
0 0.8551207386363636 0.9297980769230769 0.017372159090909115 0.029403846153846083
0 0.9217329545454547 0.8269230769230769 0.0257954545454545 0.03015384615384606
0 0.9397940340909091 0.8124038461538461 0.020639204545454506 0.020961538461538417
0 0.9262144886363637 0.7969615384615385 0.015752840909090956 0.03346153846153842
0 0.9685582386363637 0.8321153846153847 0.018423295454545494 0.026807692307692303
0 0.9726846590909091 0.7680961538461538 0.022272727272727364 0.026807692307692303
0 0.9836292613636363 0.74675 0.01825284090909094 0.023230769230769308
0 0.9959161931818182 0.7537692307692309 0.007684659090909207 0.022692307692307713
0 0.07736505681818183 0.1255673076923077 0.016718750000000004 0.02690384615384617
0 0.9802414772727271 0.8029038461538461 0.013749999999999929 0.019730769230769215
0 0.9935795454545455 0.8047596153846154 0.01235795454545461 0.015250000000000014
0 0.974609375 0.7891250000000001 0.02171874999999995 0.020480769230769295
0 0.9571519886363636 0.7783365384615385 0.01978693181818175 0.025673076923076965
0 0.9295170454545455 0.7699519230769231 0.019517045454545467 0.024557692307692273
0 0.9355681818181818 0.7876442307692308 0.016221590909091012 0.029403846153846194
0 0.9497301136363636 0.7976826923076922 0.01593750000000004 0.031634615384615365
0 0.9769460227272727 0.8172211538461538 0.01980113636363644 0.015634615384615375
0 0.992734375 0.8228076923076924 0.014531250000000025 0.02157692307692313
0 0.9897088068181819 0.8362019230769232 0.020582386363636376 0.02605769230769233
0 0.05859375 0.09310576923076923 0.023352272727272725 0.022634615384615378
0 0.9467045454545455 0.7673557692307692 0.01980113636363644 0.02382692307692316
0 0.8838849431818182 0.8622596153846154 0.022826704545454456 0.02159615384615388
0 0.8651349431818183 0.7698653846153846 0.018338068181818136 0.05557692307692303
0 0.8475426136363637 0.8592692307692308 0.029630681818181837 0.03007692307692305
0 0.8958380681818183 0.8760288461538461 0.018693181818181772 0.043173076923076904
0 0.8907528409090908 0.895576923076923 0.01786931818181824 0.03534615384615384
0 0.8816903409090909 0.9145576923076923 0.021164772727272695 0.024923076923076992
0 0.8721946022727273 0.8840288461538461 0.020894886363636414 0.04205769230769232
0 0.9518821022727273 0.8239807692307692 0.016036931818181766 0.019884615384615337
0 0.9631960227272726 0.8015961538461539 0.018693181818181772 0.024576923076923135
0 0.05355113636363637 0.0743173076923077 0.02335227272727273 0.02521153846153846
0 0.8178835227272727 0.9625576923076923 0.02488636363636361 0.04342307692307689
0 0.8344176136363636 0.9441826923076924 0.025198863636363648 0.04121153846153847
0 0.8275355113636365 0.9058461538461537 0.018650568181818174 0.035461538461538454
0 0.8165767045454545 0.9248942307692307 0.01701704545454548 0.0336730769230769
0 0.7977556818181818 0.871951923076923 0.022585227272727403 0.0217115384615385
0 0.8070809659090908 0.8961057692307692 0.021605113636363527 0.030134615384615416
0 0.8170667613636364 0.8830288461538461 0.02061079545454544 0.04032692307692313
0 0.8556889204545454 0.9510480769230768 0.030440340909090837 0.02748076923076927
0 0.8701917613636364 0.9232211538461539 0.02044034090909089 0.03355769230769229
0 0.9475213068181819 0.7381634615384616 0.017258522727272695 0.0354038461538462
0 0.07389914772727274 0.08372115384615383 0.02049715909090909 0.03375000000000001
0 0.9375071022727273 0.5955480769230769 0.03896306818181827 0.021980769230769134
0 0.9590696022727272 0.6096826923076922 0.030156249999999864 0.041442307692307716
0 0.9901491477272728 0.6486153846153846 0.019019886363636343 0.03265384615384608
0 0.9854758522727274 0.6101730769230769 0.023196022727272784 0.0291538461538462
0 0.9771946022727271 0.5821346153846153 0.03115056818181811 0.030500000000000027
0 0.9824928977272727 0.5453653846153846 0.019872159090909104 0.02780769230769227
0 0.980177556818182 0.5215865384615385 0.021860795454545435 0.024211538461538413
0 0.9940625 0.5269615384615385 0.01187500000000002 0.04396153846153849
0 0.9715625 0.570701923076923 0.028494318181818103 0.0318653846153846
0 0.9937642045454544 0.5619519230769231 0.01193181818181815 0.026903846153846063
0 0.0879403409090909 0.13753846153846153 0.023352272727272725 0.03288461538461537
0 0.9950568181818181 0.5937980769230768 0.009886363636363688 0.034980769230769225
0 0.9940625 0.6238942307692307 0.01187500000000002 0.026596153846153815
0 0.8876633522727272 0.6202019230769231 0.015383522727272786 0.028826923076923094
0 0.9911718750000001 0.8870673076923077 0.016605113636363553 0.023519230769230695
0 0.8664275568181818 0.4226923076923077 0.022059659090909053 0.041692307692307654
0 0.7891903409090909 0.5054711538461539 0.022073863636363586 0.03921153846153849
0 0.8523011363636364 0.44567307692307695 0.021676136363636352 0.028461538461538483
0 0.7988991477272727 0.5334038461538462 0.02384943181818193 0.03334615384615391
0 0.8123579545454546 0.5632692307692307 0.026534090909091 0.026846153846153808
0 0.3993323863636364 0.8362307692307693 0.05389204545454545 0.04003846153846152
0 0.09377840909090908 0.11104807692307693 0.020511363636363633 0.023480769230769232
0 0.5016335227272727 0.9356730769230769 0.029573863636363627 0.06715384615384619
0 0.5350213068181818 0.9408365384615385 0.046747159090909124 0.09167307692307707
0 0.4052911931818182 0.8853076923076924 0.041974431818181834 0.06200000000000002
0 0.4292826704545455 0.17756730769230772 0.033991477272727284 0.04078846153846152
0 0.4190767045454545 0.15148076923076922 0.03494318181818177 0.04357692307692307
0 0.5496875 0.8426923076923077 0.06068181818181814 0.06696153846153845
0 0.4873508522727273 0.975298076923077 0.058707386363636344 0.048211538461538556
0 0.7562073863636364 0.5724230769230768 0.03235795454545451 0.10684615384615385
0 0.7559232954545455 0.6181634615384616 0.030000000000000006 0.048326923076923066
0 0.7329261363636363 0.7722403846153846 0.026562500000000065 0.03828846153846148
0 0.10623579545454544 0.08777884615384615 0.03028409090909092 0.025634615384615395
0 0.7517187500000001 0.7671057692307692 0.022073863636363586 0.04294230769230766
0 0.8025852272727273 0.44756730769230774 0.022897727272727278 0.030019230769230743
0 0.7854971590909091 0.6103653846153846 0.03951704545454537 0.13342307692307692
0 0.7369957386363637 0.6086346153846154 0.02771306818181825 0.08130769230769226
0 0.7208309659090909 0.6364326923076923 0.0261789772727272 0.0687884615384615
0 0.6530539772727273 0.46172115384615386 0.02000000000000006 0.025673076923076965
0 0.6784019886363637 0.4950961538461538 0.029303977272727346 0.05042307692307692
0 0.6418465909090909 0.4841346153846154 0.02034090909090908 0.03126923076923075
0 0.6228835227272728 0.4799326923076923 0.024488636363636376 0.044365384615384654
0 0.6237428977272728 0.5163461538461539 0.02759943181818183 0.027538461538461633
0 0.06430397727272727 0.14432692307692307 0.019119318181818182 0.022038461538461555
0 0.6082244318181819 0.49044230769230773 0.02622159090909096 0.0401538461538462
0 0.6834019886363637 0.426 0.023451704545454533 0.027076923076923103
0 0.4876917613636364 0.7308365384615384 0.038593750000000024 0.04621153846153852
0 0.4481178977272728 0.7964807692307692 0.026718750000000003 0.04623076923076927
0 0.4525568181818182 0.7303942307692307 0.03156249999999996 0.039057692307692314
0 0.4621448863636364 0.7527019230769231 0.03286931818181824 0.045942307692307775
0 0.4818536931818182 0.6921442307692307 0.024644886363636317 0.03336538461538455
0 0.014801136363636364 0.694451923076923 0.029545454545454545 0.0705192307692308
0 0.06385653409090909 0.7070288461538461 0.037286931818181816 0.06086538461538468
0 0.16331676136363635 0.9056826923076924 0.02504261363636365 0.057634615384615326
0 0.028607954545454548 0.8000480769230769 0.02730113636363636 0.03455769230769225
0 0.05578835227272727 0.12139423076923077 0.018735795454545453 0.025365384615384613
0 0.19303267045454542 0.057471153846153845 0.02098011363636365 0.022211538461538456
0 0.2044815340909091 0.04481730769230769 0.019446022727272725 0.02994230769230769
0 0.13981534090909092 0.13726923076923075 0.03815340909090909 0.03407692307692306
0 0.13600852272727273 0.16697115384615385 0.021363636363636352 0.03563461538461539
0 0.13905539772727274 0.1920096153846154 0.043480113636363636 0.03201923076923078
0 0.14058238636363637 0.11428846153846153 0.03892045454545456 0.027384615384615375
0 0.065234375 0.203375 0.02251420454545455 0.03201923076923075
0 0.02364346590909091 0.10591346153846154 0.030894886363636364 0.05228846153846155
0 0.11806818181818182 0.10722115384615384 0.029744318181818177 0.03501923076923077
0 0.12855113636363635 0.20610576923076923 0.022159090909090903 0.024096153846153847
0 0.046512784090909094 0.14752884615384615 0.019872159090909093 0.025365384615384613
0 0.10460937500000002 0.2363846153846154 0.02492897727272727 0.03215384615384615
0 0.08066761363636364 0.23745192307692306 0.0269034090909091 0.03644230769230767
0 0.8303338068181819 0.6236442307692307 0.05447443181818185 0.07013461538461532
0 0.8372798295454544 0.7357307692307693 0.04700284090909095 0.05857692307692304
0 0.8393394886363637 0.7783557692307692 0.030838068181818234 0.052326923076923146
0 0.8660795454545455 0.8160961538461539 0.030909090909090896 0.06869230769230775
0 0.7602201704545454 0.7956923076923077 0.02975852272727263 0.0351153846153846
0 0.8647443181818182 0.8488846153846153 0.02440340909090902 0.036153846153846175
0 0.845859375 0.8246057692307691 0.03242897727272717 0.04648076923076926
0 0.25977982954545453 0.5257980769230769 0.025610795454545456 0.02324999999999995
0 0.0378125 0.17189423076923074 0.01693181818181818 0.026673076923076904
0 0.2840909090909091 0.559826923076923 0.03397727272727275 0.03138461538461537
0 0.27038352272727273 0.549625 0.022017045454545456 0.03817307692307697
0 0.40448863636363636 0.5592403846153846 0.02573863636363637 0.036711538461538525
0 0.41253551136363636 0.5925384615384616 0.024360795454545423 0.029884615384615315
0 0.41850852272727274 0.5639038461538461 0.01792613636363637 0.03484615384615385
0 0.4675426136363636 0.61575 0.021676136363636352 0.03111538461538452
0 0.48166193181818184 0.6328653846153847 0.02232954545454541 0.027115384615384548
0 0.3684730113636363 0.7070384615384615 0.026264204545454518 0.032615384615384574
0 0.39003551136363634 0.7068076923076924 0.0175994318181818 0.03703846153846152
0 0.4049431818181819 0.7123846153846154 0.02338068181818179 0.031192307692307745
0 0.03966619318181818 0.13125961538461536 0.02370738636363637 0.023750000000000018
0 0.4021448863636364 0.764375 0.02548295454545454 0.060480769230769206
0 0.3918536931818182 0.7409711538461539 0.024446022727272778 0.028826923076923094
0 0.6622088068181818 0.48965384615384616 0.020411931818181826 0.03565384615384614
0 0.6555255681818182 0.5054807692307692 0.017443181818181778 0.03315384615384623
0 0.6237997159090909 0.5391346153846154 0.02225852272727275 0.026115384615384585
0 0.6460653409090908 0.5147692307692308 0.02076704545454546 0.039692307692307666
0 0.5453338068181818 0.5248173076923076 0.013735795454545478 0.03767307692307687
0 0.5540553977272726 0.5170384615384616 0.014843749999999984 0.05023076923076924
0 0.5836221590909091 0.48686538461538464 0.0253693181818182 0.031115384615384573
0 0.5690198863636364 0.4988557692307692 0.02585227272727271 0.04471153846153841
0 0.02550426136363636 0.12708653846153847 0.026775568181818185 0.03209615384615386
0 0.5831463068181818 0.521201923076923 0.023451704545454612 0.028519230769230738
0 0.5931960227272728 0.5063076923076922 0.022499999999999964 0.024615384615384636
0 0.6042045454545455 0.5257403846153846 0.019630681818181808 0.034980769230769225
0 0.5848224431818182 0.4700096153846154 0.026803977272727278 0.0324038461538462
0 0.9187926136363636 0.47783653846153845 0.033153409090909136 0.02451923076923077
0 0.9938352272727274 0.4271634615384615 0.011619318181818111 0.03517307692307696
0 0.9695596590909091 0.49149038461538463 0.027357954545454533 0.022211538461538484
0 0.957421875 0.4616346153846154 0.018110795454545456 0.02638461538461538
0 0.988877840909091 0.4570192307692308 0.021534090909090864 0.028230769230769243
0 0.9851136363636364 0.4771442307692308 0.028380681818181843 0.021288461538461527
0 0.045980113636363645 0.18419230769230768 0.0209375 0.028769230769230783
0 0.9257954545454545 0.4623269230769231 0.04034090909090922 0.028692307692307722
0 0.9681889204545455 0.46742307692307694 0.017769886363636352 0.02407692307692304
0 0.9302414772727272 0.44636538461538466 0.026676136363636326 0.027307692307692342
0 0.9428906250000001 0.4114230769230769 0.02529829545454554 0.04626923076923077
0 0.9391335227272729 0.4394230769230769 0.022556818181818174 0.03657692307692304
0 0.9755468750000001 0.43896153846153846 0.024957386363636435 0.031923076923076915
0 0.955369318181818 0.43733653846153847 0.02357954545454549 0.02405769230769229
0 0.8204332386363636 0.4518076923076923 0.023849431818181766 0.03123076923076925
0 0.8307954545454546 0.43725 0.019545454545454533 0.02434615384615384
0 0.8433096590909092 0.42296153846153844 0.026590909090908967 0.027538461538461526
0 0.03735795454545454 0.09332692307692309 0.03386363636363636 0.05042307692307692
0 0.8094815340909091 0.46795192307692307 0.02697443181818183 0.027519230769230775
0 0.13370738636363635 0.8671538461538462 0.016022727272727275 0.027384615384615403
0 0.12168323863636363 0.8521826923076923 0.016406249999999997 0.022211538461538484
0 0.2119034090909091 0.8485576923076923 0.02670454545454547 0.04080769230769236
0 0.1480113636363636 0.9074423076923077 0.014886363636363642 0.05734615384615383
0 0.13961647727272727 0.9358461538461538 0.03167613636363636 0.03873076923076921
0 0.16639204545454545 0.792048076923077 0.023409090909090893 0.028249999999999997
0 0.18193181818181817 0.8064615384615385 0.02809659090909091 0.030538461538461528
0 0.18875 0.8191442307692307 0.02980113636363637 0.03748076923076925
0 0.1938565340909091 0.837875 0.019588068181818172 0.023057692307692324
0 0.0275 0.15689423076923079 0.01909090909090909 0.029173076923076927
0 0.29381392045454546 0.7669230769230769 0.028110795454545482 0.046615384615384635
0 0.2826349431818182 0.788298076923077 0.014900568181818195 0.021903846153846128
0 0.04334517045454545 0.8669807692307693 0.028536931818181822 0.04669230769230775
0 0.015404829545454544 0.7291442307692307 0.030326704545454542 0.0396346153846153
0 0.05549715909090909 0.7628173076923076 0.04596590909090909 0.04863461538461542
0 0.04361505681818181 0.782826923076923 0.03353693181818182 0.03315384615384617
0 0.016740056818181817 0.7658942307692307 0.032997159090909084 0.036750000000000026
0 0.08620738636363635 0.9537692307692308 0.03420454545454546 0.03088461538461539
0 0.0795596590909091 0.9615 0.041818181818181824 0.04246153846153843
0 0.08739346590909092 0.9887884615384614 0.03373579545454546 0.022423076923076973
0 0.015624999999999998 0.15425000000000003 0.03051136363636363 0.05496153846153846
0 0.16840909090909092 0.9681826923076923 0.0331818181818182 0.039749999999999924
0 0.1368181818181818 0.9807980769230769 0.03088068181818181 0.03474999999999988
0 0.19312500000000002 0.8926538461538461 0.026619318181818195 0.05146153846153845
0 0.059126420454545456 0.9843365384615385 0.03896306818181819 0.030250000000000034
0 0.03488636363636364 0.9621442307692307 0.023750000000000004 0.0360192307692308
0 0.012933238636363635 0.9188076923076922 0.025071022727272727 0.02761538461538453
0 0.007940340909090909 0.9730769230769231 0.015880681818181818 0.0476153846153846
0 0.01221590909090909 0.9489519230769231 0.02443181818181818 0.043096153846153895
0 0.07217329545454546 0.5429519230769232 0.031477272727272736 0.037442307692307636
0 0.063828125 0.5642692307692307 0.03194602272727273 0.047769230769230724
0 0.008196022727272727 0.167375 0.016392045454545454 0.03851923076923077
0 0.12115767045454545 0.4847211538461539 0.022599431818181814 0.03059615384615384
0 0.13011363636363635 0.5132692307692307 0.0262215909090909 0.045192307692307636
0 0.14584517045454545 0.5536057692307692 0.025269886363636352 0.06778846153846153
0 0.14000710227272728 0.48735576923076923 0.020269886363636358 0.057288461538461524
0 0.038075284090909094 0.4038269230769231 0.027428977272727275 0.05003846153846156
0 0.008132102272727272 0.4608653846153846 0.016264204545454543 0.047115384615384615
0 0.01307528409090909 0.40948076923076926 0.02615056818181818 0.046807692307692314
0 0.21004261363636365 0.43086538461538465 0.036363636363636355 0.06857692307692308
0 0.0795028409090909 0.29246153846153844 0.032784090909090915 0.029038461538461527
0 0.04671875 0.29690384615384613 0.03875 0.04923076923076922
0 0.12683238636363636 0.7033653846153847 0.019659090909090893 0.03873076923076921
0 0.08478693181818181 0.21023076923076922 0.021534090909090906 0.03357692307692307
0 0.4031107954545454 0.5259423076923078 0.018380681818181813 0.06349999999999996
0 0.3023863636363636 0.6159230769230769 0.04886363636363637 0.04565384615384606
0 0.3442471590909091 0.6054038461538461 0.05303977272727269 0.03180769230769224
0 0.34329545454545457 0.4707788461538462 0.02235795454545456 0.03232692307692308
0 0.3309872159090909 0.4741057692307693 0.026519886363636346 0.04205769230769237
0 0.3514417613636364 0.5302692307692308 0.017428977272727287 0.02819230769230763
0 0.3624289772727272 0.5464230769230769 0.02499999999999999 0.03076923076923077
0 0.37397727272727277 0.5661730769230768 0.03144886363636366 0.041538461538461476
0 0.32549005681818177 0.48667307692307693 0.019332386363636343 0.032307692307692384
0 0.33686079545454545 0.506423076923077 0.02386363636363638 0.02769230769230776
0 0.1005965909090909 0.21483653846153847 0.019346590909090897 0.026557692307692313
0 0.3596661931818182 0.5738653846153845 0.04643465909090909 0.06723076923076919
0 0.28022017045454545 0.5292403846153846 0.021974431818181817 0.0312884615384615
0 0.3323082386363636 0.5243749999999999 0.020071022727272722 0.028711538461538476
0 0.3241690340909091 0.5438653846153845 0.02879261363636361 0.028730769230769226
0 0.3014701704545455 0.5098942307692307 0.04401988636363634 0.03398076923076926
0 0.3020454545454545 0.545701923076923 0.027414772727272704 0.03659615384615379
0 0.31431818181818183 0.5259134615384616 0.0189488636363636 0.025634615384615353
0 0.2900710227272727 0.5174519230769231 0.025767045454545476 0.028211538461538493
0 0.3184801136363636 0.5630961538461539 0.03713068181818184 0.027192307692307665
0 0.3105255681818182 0.5864326923076923 0.02499999999999999 0.023596153846153812
0 0.10850142045454544 0.20616346153846157 0.02044034090909091 0.027673076923076925
0 0.32985085227272726 0.5797596153846154 0.021974431818181817 0.0205192307692308
0 0.8940553977272727 0.02051923076923077 0.0375142045454545 0.04103846153846154
0 0.9015553977272727 0.03658653846153846 0.0375142045454545 0.04698076923076923
0 0.8689275568181817 0.14884615384615385 0.020099431818181787 0.02461538461538461
0 0.8782528409090908 0.16989423076923077 0.02440340909090902 0.027865384615384632
0 0.8531321022727273 0.16698076923076924 0.022002840909090923 0.032384615384615394
0 0.9005042613636363 0.20552884615384615 0.026803977272727278 0.07840384615384617
0 0.910078125 0.24894230769230766 0.038281249999999906 0.07969230769230766
0 0.8859161931818181 0.18738461538461537 0.023451704545454696 0.04080769230769231
0 0.8311150568181819 0.23371153846153847 0.01626420454545461 0.05053846153846151
0 0.11122159090909092 0.13422115384615385 0.028607954545454548 0.02398076923076923
0 0.8148508522727272 0.22140384615384615 0.020099431818181787 0.032384615384615394
0 0.8193963068181819 0.25185576923076924 0.022485795454545352 0.031096153846153878
0 0.9024076704545455 0.27392307692307694 0.02467329545454546 0.03034615384615385
0 0.5115980113636364 0.09215384615384616 0.027883522727272722 0.07634615384615384
0 0.526484375 0.06341346153846154 0.05512784090909091 0.036019230769230776
0 0.527159090909091 0.1695480769230769 0.027755681818181766 0.0608653846153846
0 0.5041548295454545 0.14057692307692307 0.01703125000000001 0.025961538461538463
0 0.531065340909091 0.09923076923076925 0.03889204545454545 0.0813846153846154
0 0.5441974431818182 0.09342307692307691 0.039900568181818225 0.09026923076923077
0 0.786434659090909 0.01646153846153846 0.01889204545454539 0.03292307692307692
0 0.09541193181818182 0.18734615384615383 0.016079545454545454 0.022500000000000006
0 0.6910795454545454 0.03757692307692308 0.025767045454545435 0.024423076923076926
0 0.6497940340909092 0.02356730769230769 0.02515624999999997 0.030326923076923078
0 0.772471590909091 0.020711538461538462 0.024488636363636376 0.038384615384615385
0 0.6708025568181818 0.021913461538461538 0.022400568181818157 0.027826923076923075
0 0.711612215909091 0.028355769230769233 0.023622159090909086 0.025750000000000002
0 0.6628267045454546 0.05493269230769231 0.019943181818181766 0.029903846153846163
0 0.6976420454545454 0.1033173076923077 0.01840909090909088 0.02617307692307692
0 0.7192755681818181 0.008778846153846154 0.021164772727272775 0.01755769230769231
0 0.7267968749999999 0.014846153846153847 0.01595170454545449 0.027000000000000003
0 0.7430539772727273 0.011682692307692309 0.01840909090909096 0.023365384615384618
0 0.08315340909090908 0.17978846153846156 0.018806818181818175 0.02657692307692309
0 0.666200284090909 0.00475 0.04038352272727274 0.009
0 0.6710582386363636 0.0795 0.026576704545454518 0.031153846153846147
0 0.6759232954545454 0.04427884615384615 0.01670454545454544 0.02436538461538461
0 0.759403409090909 0.081 0.017215909090909098 0.03496153846153846
0 0.7976988636363637 0.08520192307692308 0.02911931818181818 0.035096153846153846
0 0.7193181818181817 0.09019230769230768 0.024545454545454506 0.02607692307692308
0 0.75734375 0.015240384615384616 0.02093750000000001 0.03048076923076923
0 0.724034090909091 0.05980769230769231 0.015028409090909068 0.027538461538461532
0 0.7458522727272726 0.04304807692307692 0.01502840909090915 0.03151923076923077
0 0.7332954545454545 0.03591346153846153 0.0189488636363636 0.03271153846153846
0 0.11204545454545455 0.1818173076923077 0.019346590909090914 0.023250000000000007
0 0.7368607954545454 0.06438461538461537 0.016505681818181663 0.025538461538461534
0 0.7138636363636363 0.05022115384615385 0.021221590909090905 0.03471153846153846
0 0.6895525568181818 0.014509615384615385 0.01916193181818183 0.027134615384615382
0 0.6994247159090908 0.009653846153846153 0.02063920454545459 0.019307692307692307
0 0.6835085227272727 0.070375 0.024176136363636337 0.03990384615384615
0 0.6963281250000001 0.056211538461538466 0.0209232954545454 0.023538461538461543
0 0.6969176136363636 0.08134615384615385 0.02210227272727273 0.024346153846153854
0 0.7119531250000001 0.07057692307692308 0.02268465909090905 0.02034615384615385
0 0.8372869318181819 0.8719903846153846 0.021647727272727287 0.04009615384615389
0 0.8159232954545454 0.8476923076923076 0.030198863636363624 0.03469230769230773
0 0.07865767045454546 0.15747115384615384 0.025610795454545456 0.032096153846153844
0 0.8372869318181819 0.9795865384615384 0.03644886363636359 0.03932692307692306
0 0.7515482954545455 0.816451923076923 0.04159090909090905 0.03394230769230765
0 0.7879261363636364 0.9458653846153846 0.016676136363636376 0.040230769230769264
0 0.7712428977272726 0.9370480769230769 0.01830965909090907 0.04021153846153851
0 0.7761292613636364 0.9177692307692308 0.01830965909090907 0.025884615384615454
0 0.7486576704545456 0.9075769230769231 0.021150568181818163 0.030846153846153777
0 0.763309659090909 0.8982115384615385 0.015454545454545448 0.03415384615384614
0 0.7476420454545454 0.9422884615384616 0.02156249999999993 0.03196153846153847
0 0.7543536931818182 0.9290673076923077 0.020355113636363695 0.029750000000000054
0 0.8031818181818182 0.9579903846153845 0.018721590909090837 0.04463461538461534
0 0.055220170454545456 0.1596826923076923 0.02180397727272727 0.0306346153846154
0 0.7736860795454544 0.8852596153846155 0.01830965909090907 0.03690384615384615
0 0.7844673295454545 0.8838942307692308 0.014644886363636285 0.0484807692307693
0 0.791590909090909 0.9037211538461538 0.016676136363636376 0.0484807692307693
0 0.801349431818182 0.919423076923077 0.015056818181818215 0.03030769230769229
0 0.6428551136363636 0.8023557692307692 0.021164772727272695 0.020942307692307774
0 0.11184659090909092 0.9877788461538461 0.028607954545454548 0.02336538461538468
0 0.11310369318181818 0.9655673076923077 0.022713068181818195 0.026788461538461553
0 0.20544744318181818 0.8196634615384616 0.02299715909090909 0.03286538461538457
0 0.009069602272727273 0.7950673076923077 0.017741477272727273 0.033826923076923136
0 0.060852272727272734 0.9029423076923077 0.018465909090909092 0.04069230769230774
0 0.06680397727272727 0.17609615384615385 0.019346590909090914 0.020653846153846144
0 0.04020596590909091 0.8980288461538461 0.023536931818181825 0.03774999999999999
0 0.3556178977272727 0.976423076923077 0.034048295454545414 0.04553846153846166
0 0.3797585227272728 0.9828461538461539 0.029744318181818177 0.0326923076923078
0 0.37609374999999995 0.9536538461538461 0.024147727272727272 0.029192307692307705
0 0.31377130681818177 0.9757115384615385 0.034048295454545456 0.04726923076923074
0 0.3929829545454545 0.9275480769230771 0.03798295454545448 0.025403846153846114
0 0.3990980113636363 0.9497115384615386 0.025752840909090902 0.03426923076923075
0 0.42284801136363637 0.9405961538461539 0.027741477272727234 0.027000000000000038
0 0.4242542613636363 0.9161057692307693 0.029928977272727263 0.024480769230769264
0 0.3950994318181818 0.9931346153846156 0.02150568181818188 0.013076923076923208
0 0.11535511363636365 0.6761442307692308 0.02948863636363637 0.04394230769230763
0 0.05345170454545455 0.19435576923076922 0.02153409090909091 0.027673076923076925
0 0.03854403409090909 0.9195865384615384 0.028877840909090905 0.03425
0 0.028913352272727275 0.97525 0.01953125 0.024192307692307662
0 0.13677556818181819 0.9562788461538462 0.028806818181818183 0.024826923076923125
0 0.17655539772727272 0.9017596153846154 0.02782670454545455 0.04344230769230764
0 0.02808238636363636 0.9414230769230768 0.026193181818181813 0.02173076923076925
0 0.05083806818181818 0.9571634615384615 0.018664772727272728 0.03278846153846156
0 0.0565625 0.9310096153846154 0.024886363636363637 0.02040384615384618
0 0.07588068181818182 0.929903846153846 0.015056818181818183 0.027038461538461542
0 0.8555965909090908 0.037182692307692305 0.03028409090909098 0.05782692307692307
0 0.8422301136363637 0.010826923076923076 0.020852272727272657 0.021653846153846152
0 0.09841619318181817 0.1665096153846154 0.021519886363636363 0.02359615384615384
0 0.8294815340909092 0.01735576923076923 0.03475852272727276 0.03471153846153846
0 0.8188707386363635 0.040211538461538465 0.03745738636363637 0.03503846153846154
0 0.8032244318181818 0.009884615384615384 0.025482954545454625 0.018307692307692306
0 0.8161647727272726 0.06896153846153846 0.03823863636363631 0.03607692307692308
0 0.8039985795454547 0.03131730769230769 0.023934659090909124 0.032942307692307694
0 0.7902911931818182 0.09746153846153846 0.029730113636363728 0.026153846153846142
0 0.8285227272727272 0.07758653846153846 0.02974431818181826 0.05332692307692308
0 0.7864275568181818 0.05145192307692308 0.028963068181818163 0.035557692307692304
0 0.7763849431818183 0.07628846153846154 0.022002840909090923 0.04653846153846154
0 0.8621235795454545 0.007788461538461538 0.019701704545454553 0.015153846153846153
0 0.11217329545454545 0.1515673076923077 0.02451704545454544 0.027673076923076925
0 0.8779545454545455 0.1225576923076923 0.04826704545454548 0.03242307692307692
0 0.6396732954545455 0.05327884615384615 0.02355113636363634 0.02563461538461538
0 0.8798863636363637 0.015365384615384616 0.01968750000000002 0.02823076923076923
0 0.654346590909091 0.0396826923076923 0.022017045454545456 0.03294230769230769
0 0.611903409090909 0.01485576923076923 0.06443181818181812 0.028134615384615383
0 0.8506250000000001 0.08733653846153847 0.03724431818181822 0.045442307692307685
0 0.865497159090909 0.04988461538461538 0.023920454545454592 0.03969230769230769
0 0.8474502840909092 0.13004807692307693 0.023934659090909124 0.03871153846153845
0 0.8235227272727272 0.15773076923076926 0.02991477272727265 0.03646153846153845
0 0.835653409090909 0.12398076923076923 0.01829545454545454 0.03465384615384616
0 0.12116477272727272 0.1620769230769231 0.023977272727272722 0.025076923076923063
0 0.8805326704545454 0.06142307692307693 0.025610795454545417 0.03465384615384616
0 0.97234375 0.3868173076923077 0.03406250000000002 0.04448076923076922
0 0.9833593750000001 0.3529230769230769 0.03285511363636363 0.042846153846153846
0 0.9940838068181819 0.3897980769230769 0.011832386363636422 0.03851923076923077
0 0.9619318181818183 0.4106730769230769 0.035653409090909124 0.04773076923076927
0 0.9169389204545456 0.4095 0.03609374999999995 0.04173076923076921
0 0.9860937500000001 0.4130673076923077 0.025142045454545358 0.033480769230769224
0 0.6765056818181818 0.5221826923076922 0.024147727272727272 0.04575000000000004
0 0.6642684659090908 0.5408557692307693 0.02862215909090914 0.035480769230769316
0 0.5637357954545454 0.5301153846153845 0.01792613636363637 0.037346153846153876
0 0.40593749999999995 0.3060576923076923 0.04173295454545462 0.039692307692307666
0 0.5687357954545454 0.43791346153846156 0.055511363636363616 0.037826923076923105
0 0.5989133522727272 0.4579903846153846 0.026889204545454556 0.027557692307692276
0 0.31816761363636364 0.2073076923076923 0.02622159090909092 0.05696153846153847
0 0.37265625 0.22762500000000002 0.0248295454545454 0.03128846153846153
0 0.36369318181818183 0.2465384615384615 0.024147727272727314 0.040153846153846116
0 0.3507528409090909 0.21057692307692308 0.022414772727272728 0.040153846153846144
0 0.36602982954545454 0.19854807692307694 0.02546874999999997 0.029442307692307698
0 0.1031534090909091 0.7140576923076923 0.030681818181818185 0.04073076923076913
0 0.33140625 0.23013461538461538 0.02718749999999998 0.049192307692307716
0 0.333984375 0.18925961538461536 0.024900568181818142 0.032557692307692294
0 0.3448082386363636 0.17654807692307695 0.03907670454545453 0.02490384615384616
0 0.37452414772727277 0.18145192307692307 0.02365056818181819 0.03378846153846155
0 0.3815838068181818 0.15810576923076924 0.018707386363636388 0.028903846153846155
0 0.396200284090909 0.20523076923076922 0.034161931818181834 0.0368846153846154
0 0.3985298295454545 0.17538461538461536 0.0269176136363637 0.038730769230769235
0 0.3310653409090909 0.164 0.050142045454545474 0.04419230769230767
0 0.3689133522727273 0.14690384615384616 0.03365056818181818 0.039192307692307686
0 0.4044602272727273 0.14108653846153849 0.0380965909090909 0.036019230769230776
