0 0.007386363636363636 0.8510192307692307 0.014772727272727272 0.04338461538461539
0 0.13662642045454546 0.9070673076923076 0.02336647727272728 0.04701923076923075
0 0.19972301136363635 0.5138269230769231 0.024048295454545465 0.03796153846153848
0 0.37877840909090904 0.14384615384615385 0.10289772727272727 0.07857692307692309
0 0.6328764204545454 0.7726153846153846 0.03862215909090909 0.044192307692307725
0 0.7741903409090909 0.4000384615384615 0.02724431818181811 0.04980769230769232
0 0.6170525568181818 0.7091442307692307 0.02299715909090909 0.045942307692307664
0 0.6517258522727273 0.7968846153846154 0.03953125000000006 0.08153846153846149
0 0.8042613636363637 0.9065961538461539 0.04255681818181807 0.04392307692307698
0 0.6233451704545454 0.6357788461538462 0.025724431818181837 0.03259615384615382
0 0.3850497159090909 0.2393942307692308 0.025724431818181837 0.04821153846153847
0 0.059169034090909095 0.49891346153846156 0.030042613636363635 0.04067307692307688
0 0.6214275568181818 0.6776538461538462 0.02188920454545458 0.05557692307692303
0 0.1499786931818182 0.5545096153846154 0.03538352272727274 0.050634615384615354
0 0.8051988636363635 0.15335576923076924 0.04457386363636363 0.039711538461538444
0 0.9469886363636363 0.1356826923076923 0.052556818181818184 0.039211538461538464
0 0.06284090909090909 0.45417307692307696 0.030710227272727268 0.05242307692307696
0 0.6758664772727273 0.3637692307692308 0.025880681818181858 0.03873076923076921
0 0.9954332386363638 0.012740384615384615 0.009133522727272657 0.02548076923076923
0 0.15365767045454545 0.888625 0.02419034090909091 0.03459615384615387
0 0.22877130681818184 0.77825 0.048735795454545455 0.06057692307692308
0 0.8469105113636364 0.13959615384615384 0.05606534090909095 0.03757692307692308
0 0.8361860795454544 0.3954326923076923 0.04495738636363633 0.05901923076923077
0 0.7484161931818182 0.8997596153846154 0.03509943181818187 0.05040384615384622
0 0.7587215909090909 0.12043269230769231 0.04289772727272734 0.04067307692307694
0 0.8555752840909091 0.10477884615384615 0.07012784090909091 0.10009615384615385
0 0.528515625 0.6493749999999999 0.04322443181818183 0.04294230769230766
0 0.7577272727272728 0.9202788461538461 0.042017045454545515 0.03528846153846158
0 0.18387073863636363 0.372 0.034957386363636364 0.05803846153846155
0 0.8071235795454546 0.23156730769230768 0.05677556818181822 0.06455769230769229
0 0.30161221590909093 0.44925000000000004 0.04748579545454546 0.075
0 0.3589772727272727 0.8370096153846154 0.07411931818181819 0.03525000000000008
0 0.31053267045454547 0.8966923076923077 0.02316761363636364 0.046115384615384544
0 0.09422585227272728 0.44875 0.03473011363636364 0.052423076923076906
0 0.17034801136363636 0.8966923076923077 0.018053977272727284 0.044269230769230845
0 0.7588494318181819 0.6478173076923077 0.04045454545454548 0.029865384615384565
0 0.9598650568181818 0.37458653846153844 0.06973011363636351 0.034865384615384604
0 0.8612997159090909 0.5253557692307692 0.03382102272727265 0.07351923076923081
0 0.7582528409090908 0.826076923076923 0.030312500000000044 0.0547307692307693
0 0.8552556818181819 0.34839423076923076 0.035880681818181805 0.026442307692307692
0 0.20289772727272729 0.13350961538461537 0.04696022727272728 0.048019230769230765
0 0.5565625 0.6378557692307693 0.042301136363636326 0.08463461538461536
0 0.9550355113636364 0.6251153846153846 0.025752840909090902 0.05953846153846161
0 0.039360795454545454 0.010644230769230769 0.031079545454545453 0.021288461538461537
0 0.2781960227272728 0.4568365384615385 0.03892045454545456 0.0776730769230769
0 0.9882457386363637 0.5895384615384616 0.023508522727272663 0.04357692307692301
0 0.9555184659090908 0.17823076923076925 0.020724431818181864 0.02592307692307693
0 0.4961931818181819 0.28270192307692305 0.0963068181818182 0.1955576923076923
0 0.9457457386363637 0.9085192307692308 0.031917613636363515 0.029538461538461565
0 0.6407102272727273 0.9696057692307691 0.030312500000000044 0.048980769230769175
0 0.46093039772727273 0.9621346153846154 0.06620738636363638 0.06473076923076918
0 0.3112357954545455 0.5888653846153847 0.021363636363636352 0.036153846153846175
0 0.06514204545454545 0.39476923076923076 0.03363636363636364 0.028576923076923104
0 0.5912713068181819 0.8115096153846154 0.03907670454545453 0.06348076923076922
0 0.8316477272727273 0.4415480769230769 0.035880681818181805 0.03198076923076922
0 0.5940625 0.6483749999999999 0.03392045454545462 0.03259615384615382
0 0.6981534090909091 0.9808461538461538 0.037755681818181876 0.03830769230769234
0 0.3379403409090909 0.5897692307692308 0.03204545454545455 0.023500000000000052
0 0.04615056818181818 0.4808365384615385 0.03204545454545455 0.04067307692307694
0 0.22476562500000002 0.6232115384615385 0.028707386363636376 0.03976923076923078
0 0.8480113636363636 0.1684423076923077 0.05278409090909102 0.03915384615384615
0 0.9727414772727272 0.5096634615384615 0.03539772727272721 0.052288461538461534
0 0.8093039772727273 0.09883653846153845 0.06607954545454543 0.10321153846153847
0 0.16677556818181818 0.9525096153846154 0.03542613636363636 0.030442307692307772
0 0.246796875 0.7199423076923077 0.026036931818181796 0.025307692307692246
0 0.7296875 0.41049038461538456 0.02724431818181811 0.03505769230769229
0 0.6030894886363636 0.6798653846153846 0.027911931818181787 0.04669230769230775
0 0.6903906249999999 0.6087307692307692 0.033934659090909154 0.04815384615384619
0 0.9437713068181818 0.5307211538461539 0.031122159090909044 0.04501923076923082
0 0.09944602272727274 0.32244230769230775 0.049460227272727274 0.042846153846153846
0 0.8511931818181818 0.2798076923076923 0.04454545454545456 0.02665384615384618
0 0.4183522727272727 0.24207692307692308 0.018465909090909092 0.0607307692307692
0 0.8979545454545456 0.6155576923076924 0.031335227272727355 0.04673076923076925
0 0.8686150568181819 0.8181442307692307 0.03936079545454551 0.07632692307692307
0 0.05683238636363636 0.5915769230769231 0.024034090909090908 0.03796153846153848
0 0.9695241477272728 0.583 0.028963068181818163 0.07988461538461543
0 0.8940909090909092 0.5042596153846154 0.02724431818181811 0.02951923076923076
0 0.9791690340909092 0.5278076923076924 0.03754261363636357 0.05373076923076923
0 0.2857741477272727 0.24297115384615384 0.05276988636363633 0.03928846153846155
0 0.28430397727272727 0.9488173076923077 0.03610795454545457 0.039673076923076915
0 0.6073650568181819 0.7779038461538461 0.031718749999999976 0.09088461538461537
0 0.9649005681818181 0.21077884615384612 0.030113636363636266 0.023288461538461536
0 0.2564772727272727 0.9296634615384615 0.03471590909090909 0.039788461538461536
0 0.5773721590909091 0.6076153846153846 0.0388636363636363 0.04446153846153847
0 0.856853693181818 0.4329326923076923 0.023622159090909086 0.03198076923076922
0 0.992002840909091 0.5408846153846154 0.01599431818181817 0.0624615384615385
0 0.31424005681818185 0.7154230769230769 0.036718749999999994 0.04338461538461539
0 0.8747869318181819 0.5057980769230769 0.023153409090909027 0.025211538461538487
0 0.41772017045454546 0.9503173076923076 0.03677556818181816 0.02490384615384613
0 0.7500142045454545 0.8465865384615385 0.040426136363636414 0.04248076923076918
0 0.8425355113636364 0.19437499999999996 0.03870738636363636 0.04444230769230769
0 0.3738352272727273 0.26395192307692306 0.03497159090909092 0.059826923076923076
0 0.03249289772727273 0.4541538461538462 0.031661931818181825 0.0401923076923077
0 0.20828125 0.3429807692307692 0.057386363636363645 0.0589230769230769
0 0.4688210227272727 0.17554807692307692 0.038920454545454515 0.07590384615384616
0 0.25514204545454544 0.7000576923076922 0.017357954545454544 0.027115384615384548
0 0.9839559659090908 0.6737692307692308 0.032088068181818225 0.06680769230769233
0 0.9357741477272729 0.15785576923076924 0.03987215909090916 0.04340384615384617
0 0.19638494318181818 0.4745096153846154 0.0427414772727273 0.07682692307692311
0 0.27588068181818187 0.5117596153846155 0.023749999999999997 0.03571153846153845
0 0.9881889204545454 0.16101923076923075 0.023622159090909086 0.03507692307692307
0 0.30055397727272726 0.546375 0.02803977272727274 0.05425000000000007
0 0.7542542613636364 0.676451923076923 0.03126420454545453 0.04978846153846151
0 0.27919034090909095 0.2875096153846154 0.02187500000000001 0.05294230769230769
0 0.6659730113636364 0.9881634615384616 0.021264204545454503 0.02367307692307693
0 0.7465553977272728 0.8725192307692309 0.036690340909090964 0.03815384615384611
0 0.14697443181818182 0.5210673076923078 0.04139204545454545 0.03255769230769232
0 0.5294389204545454 0.6885865384615385 0.044133522727272716 0.03921153846153844
0 0.23544744318181818 0.7014134615384615 0.030042613636363645 0.02440384615384615
0 0.3239204545454546 0.8067307692307693 0.021363636363636352 0.02711538461538466
0 0.346953125 0.6168846153846154 0.024701704545454527 0.04157692307692298
0 0.3272585227272727 0.5255865384615384 0.02536931818181816 0.04701923076923075
0 0.8800568181818181 0.9720865384615385 0.01968750000000002 0.055826923076923024
0 0.6864488636363636 0.9447596153846154 0.032443181818181864 0.03817307692307686
0 0.21159801136363637 0.10127884615384615 0.02626420454545456 0.036019230769230776
0 0.19867187500000003 0.32122115384615385 0.03955965909090908 0.04851923076923081
0 0.9314346590909092 0.562673076923077 0.023607954545454553 0.04211538461538468
0 0.20540482954545458 0.6530480769230769 0.028707386363636376 0.04882692307692305
0 0.9872372159090909 0.037355769230769234 0.022485795454545352 0.045403846153846156
0 0.5250639204545454 0.7159711538461538 0.04643465909090909 0.06409615384615393
0 0.3225071022727273 0.9824423076923077 0.02225852272727271 0.0351153846153846
0 0.9668607954545455 0.15600961538461539 0.024630681818181864 0.040749999999999995
0 0.18169744318181816 0.5350769230769231 0.02938920454545454 0.038884615384615434
0 0.02211647727272727 0.5472788461538463 0.03471590909090909 0.050634615384615354
0 0.6579971590909092 0.9573653846153847 0.021278409090909115 0.04030769230769227
0 0.8591193181818181 0.368375 0.04088068181818194 0.03321153846153848
0 0.9414488636363636 0.1896153846153846 0.0293181818181818 0.031769230769230765
0 0.028792613636363637 0.5016346153846154 0.05340909090909091 0.06419230769230774
0 0.3476207386363636 0.5725961538461538 0.04072443181818184 0.036153846153846064
0 0.30298295454545454 0.9774903846153845 0.033153409090909094 0.028903846153846103
0 0.5875923295454546 0.7620288461538461 0.023451704545454533 0.03798076923076923
0 0.6011789772727273 0.6146634615384615 0.04815340909090914 0.054096153846153835
0 0.6799928977272728 0.6420769230769231 0.043792613636363616 0.03926923076923069
0 0.5910511363636364 0.6828365384615385 0.03119318181818179 0.054096153846153835
0 0.3390980113636364 0.9724134615384615 0.02481534090909091 0.02924999999999996
0 0.15519176136363635 0.9128365384615384 0.02044034090909091 0.023980769230769285
0 0.3472869318181818 0.7954230769230769 0.030710227272727278 0.038884615384615434
0 0.9062215909090909 0.5830000000000001 0.02252840909090911 0.0363076923076923
0 0.20539772727272726 0.7371153846153845 0.035397727272727296 0.05423076923076921
0 0.9855610795454546 0.6258365384615384 0.028877840909090968 0.058096153846153915
0 0.35141335227272724 0.21662499999999998 0.06794034090909093 0.11340384615384615
0 0.3058948863636364 0.8189326923076924 0.03738636363636363 0.0497115384615384
0 0.9207102272727273 0.5147403846153846 0.027897727272727255 0.033403846153846166
0 0.8820596590909091 0.4476923076923077 0.03497159090909092 0.049192307692307716
0 0.9956250000000001 0.04509615384615384 0.008749999999999954 0.028884615384615387
0 0.926072443181818 0.04586538461538462 0.038110795454545515 0.04076923076923077
0 0.8620525568181818 0.06529807692307692 0.04572443181818189 0.04282692307692308
0 0.7895596590909091 0.1800865384615385 0.035965909090909 0.04232692307692309
0 0.3108948863636364 0.6232115384615384 0.05943181818181819 0.06146153846153853
0 0.4387215909090909 0.014846153846153846 0.05284090909090908 0.02969230769230769
0 0.43946732954545453 0.1858173076923077 0.08046874999999996 0.11967307692307691
0 0.2623650568181818 0.24564423076923075 0.029673295454545476 0.03928846153846152
0 0.07306107954545454 0.41665384615384615 0.03365056818181818 0.02946153846153845
0 0.9228551136363637 0.381125 0.027897727272727255 0.05663461538461536
0 0.8026704545454545 0.8493461538461538 0.04360795454545445 0.04176923076923071
0 0.18171875 0.0970576923076923 0.03874999999999998 0.042692307692307696
0 0.2094105113636364 0.6313461538461538 0.026036931818181838 0.050615384615384604
0 0.3542684659090909 0.983875 0.044133522727272716 0.032249999999999966
0 0.4211647727272727 0.9160769230769231 0.04460227272727269 0.054769230769230806
0 0.08992897727272728 0.02480769230769231 0.042357954545454546 0.045807692307692306
0 0.4604687499999999 0.9167115384615384 0.03769886363636366 0.05726923076923072
0 0.31842329545454545 0.947673076923077 0.03406249999999999 0.052884615384615384
0 0.8620667613636364 0.2959326923076923 0.024872159090909077 0.028057692307692315
0 0.14163352272727273 0.49349038461538464 0.029374999999999988 0.02982692307692306
0 0.8888636363636363 0.5454615384615384 0.03497159090909092 0.054115384615384586
0 0.9164204545454545 0.6381923076923077 0.06221590909090902 0.05373076923076923
0 0.2895880681818182 0.9276826923076923 0.034517045454545474 0.030134615384615416
0 0.9443110795454547 0.5750096153846154 0.030042613636363603 0.04936538461538453
0 0.448515625 0.9534326923076922 0.025752840909090902 0.02490384615384613
0 0.8187002840909091 0.4101923076923077 0.030894886363636364 0.040576923076923066
0 0.3232528409090909 0.7348557692307692 0.040056818181818166 0.038865384615384684
0 0.3185795454545455 0.5061538461538462 0.02937500000000001 0.06057692307692308
0 0.14430397727272729 0.4745096153846154 0.030710227272727278 0.038865384615384684
0 0.25347301136363637 0.8098846153846153 0.03538352272727272 0.04611538461538465
0 0.23212357954545454 0.07815384615384616 0.04367897727272727 0.05646153846153846
0 0.3998863636363636 0.28181730769230773 0.04616477272727273 0.04732692307692305
0 0.5287428977272728 0.6042500000000001 0.03080965909090909 0.05726923076923083
0 0.20707386363636363 0.7072884615384615 0.03204545454545455 0.027115384615384548
0 0.08789772727272728 0.3795961538461538 0.021107954545454544 0.05357692307692305
0 0.7745880681818181 0.23892307692307693 0.02781250000000006 0.034038461538461545
0 0.2999573863636364 0.27778846153846154 0.0336363636363636 0.05357692307692305
0 0.9839559659090908 0.7304134615384617 0.032088068181818225 0.052288461538461534
0 0.19538352272727275 0.555875 0.030056818181818178 0.044288461538461485
0 0.3011647727272727 0.9931634615384615 0.025880681818181817 0.013519230769230936
0 0.9432386363636364 0.5016730769230769 0.02573863636363637 0.0363076923076923
0 0.5567897727272727 0.678625 0.026193181818181813 0.05040384615384622
0 0.9008025568181818 0.9668461538461538 0.033508522727272776 0.03384615384615389
0 0.6730397727272728 0.3228846153846153 0.040056818181818166 0.06146153846153848
0 0.06943181818181818 0.32646153846153847 0.03826704545454546 0.0508846153846154
0 0.3192471590909091 0.567625 0.030710227272727278 0.03344230769230767
0 0.27651278409090907 0.7009615384615384 0.03205965909090908 0.047000000000000104
0 0.25347301136363637 0.6715769230769232 0.03938920454545453 0.042499999999999934
0 0.793359375 0.3775961538461539 0.021974431818181858 0.03442307692307693
0 0.2552201704545455 0.2730192307692308 0.028849431818181823 0.08192307692307695
0 0.8263352272727272 0.8282307692307692 0.030312499999999885 0.04753846153846159
0 0.09350142045454546 0.35325 0.025724431818181806 0.03838461538461534
0 0.7711860795454545 0.14515384615384616 0.04848011363636363 0.051884615384615376
0 0.17268465909090908 0.5020769230769232 0.03673295454545455 0.036153846153846175
0 0.04700994318181818 0.41754807692307694 0.02901988636363637 0.0669807692307692
0 0.2614772727272727 0.9026923076923077 0.04088068181818182 0.039653846153846165
0 0.296875 0.5043365384615385 0.028721590909090947 0.03705769230769227
0 0.4156463068181818 0.9891634615384616 0.04828125000000001 0.02167307692307689
0 0.7118963068181818 0.3999903846153846 0.025923295454545456 0.025288461538461548
0 0.5526491477272727 0.587125 0.03907670454545453 0.036711538461538525
0 0.7897585227272728 0.10703846153846153 0.032443181818181704 0.044461538461538455
0 0.11 0.38271153846153844 0.02968750000000001 0.04553846153846155
0 0.07752840909090909 0.46818269230769227 0.02536931818181818 0.04971153846153845
0 0.8234019886363636 0.34956730769230765 0.03370738636363639 0.034211538461538446
0 0.9226065340909091 0.8743076923076922 0.040951704545454444 0.038884615384615434
0 0.637578125 0.6142980769230769 0.027911931818181867 0.05186538461538467
0 0.4401207386363637 0.32958653846153846 0.029019886363636373 0.0964423076923077
0 0.507734375 0.17421153846153847 0.04419034090909093 0.06073076923076923
0 0.34316761363636367 0.9322884615384615 0.034517045454545474 0.04673076923076925
0 0.239453125 0.7344038461538461 0.04740056818181819 0.04519230769230769
0 0.7864417613636363 0.9117692307692308 0.029247159090909136 0.038884615384615434
0 0.9630823863636363 0.3382788461538462 0.033267045454545556 0.058096153846153804
0 0.9484019886363636 0.8865576923076923 0.03723011363636353 0.05184615384615392
0 0.8481392045454544 0.02693269230769231 0.02781250000000006 0.05386538461538462
0 0.19970170454545455 0.3746826923076923 0.040227272727272716 0.05625
0 0.12193892045454545 0.5364326923076924 0.02069602272727272 0.03255769230769232
0 0.8437571022727273 0.061355769230769235 0.033536931818181674 0.030442307692307696
0 0.44276278409090913 0.25323076923076926 0.042201704545454514 0.09019230769230768
0 0.6504332386363636 0.6394903846153845 0.02407670454545453 0.03259615384615382
0 0.7471732954545455 0.42032692307692304 0.03406250000000002 0.03873076923076921
0 0.20907670454545454 0.778701923076923 0.03204545454545455 0.03255769230769232
0 0.1666690340909091 0.46275961538461535 0.027372159090909086 0.047903846153846144
0 0.4068181818181818 0.21975 0.027045454545454574 0.03034615384615385
0 0.08352272727272726 0.047480769230769236 0.044659090909090905 0.04223076923076923
0 0.856846590909091 0.4765865384615384 0.03997159090909089 0.060250000000000026
0 0.8118181818181818 0.36877884615384615 0.03110795454545451 0.04355769230769232
0 0.6835227272727273 0.9863653846153846 0.03403409090909088 0.02726923076923078
0 0.4599147727272727 0.31261538461538463 0.026392045454545432 0.1107307692307692
0 0.05360085227272727 0.35369230769230775 0.04748579545454546 0.060730769230769255
0 0.44644886363636366 0.9913461538461539 0.04460227272727269 0.01730769230769231
0 0.9794318181818181 0.010682692307692308 0.02440340909090918 0.021365384615384616
0 0.8230113636363636 0.43200961538461535 0.029517045454545417 0.03382692307692308
0 0.9362642045454546 0.3288365384615385 0.04613636363636366 0.06825000000000002
0 0.9497017045454546 0.024096153846153844 0.030482954545454598 0.04819230769230769
0 0.34328125000000004 0.5377884615384615 0.036051136363636396 0.04973076923076915
0 0.7891051136363636 0.8273942307692308 0.04414772727272733 0.039596153846153906
0 0.9721946022727272 0.40363461538461537 0.04291193181818171 0.0377692307692308
0 0.15211647727272729 0.9463942307692308 0.024431818181818186 0.044288461538461485
0 0.26415482954545455 0.7488653846153845 0.023366477272727258 0.04699999999999999
0 0.9758522727272727 0.18246153846153845 0.029318181818181962 0.029115384615384616
0 0.9051136363636364 0.04948076923076923 0.03201704545454556 0.05419230769230769
0 0.10791193181818182 0.4745096153846154 0.042073863636363645 0.060557692307692326
0 0.29153409090909094 0.8501153846153846 0.035397727272727254 0.052423076923076906
0 0.8650284090909092 0.3299423076923077 0.03815340909090911 0.04365384615384613
0 0.4158806818181818 0.9683653846153847 0.04965909090909088 0.02242307692307686
0 0.8818252840909092 0.48304807692307694 0.019076704545454473 0.031365384615384566
0 0.4015411931818182 0.19117307692307692 0.041548295454545456 0.05
0 0.9002627840909092 0.9894807692307692 0.03776988636363641 0.021038461538461534
0 0.2337784090909091 0.6494326923076923 0.03204545454545455 0.03798076923076923
0 0.5795525568181819 0.7181442307692307 0.02390625000000006 0.07967307692307683
0 0.27183948863636365 0.567625 0.03473011363636362 0.03344230769230767
0 0.22309659090909092 0.8433365384615384 0.046732954545454515 0.053326923076923
0 0.25747869318181815 0.8568942307692308 0.03805397727272726 0.060557692307692326
0 0.9680255681818182 0.19966346153846154 0.026193181818181897 0.0190576923076923
0 0.2355681818181818 0.1270673076923077 0.03875 0.0475576923076923
0 0.38868607954545453 0.7969807692307691 0.11217329545454545 0.19384615384615386
0 0.14029829545454547 0.9407211538461537 0.02536931818181818 0.044788461538461576
0 0.3452840909090909 0.7674038461538462 0.04005681818181821 0.06057692307692308
0 0.28118607954545455 0.540048076923077 0.026718750000000003 0.036173076923076926
0 0.8208380681818181 0.19649038461538462 0.03204545454545447 0.0550576923076923
0 0.7678124999999999 0.6997884615384615 0.034488636363636326 0.04792307692307696
0 0.9086292613636363 0.5423846153846155 0.04904829545454558 0.054115384615384586
0 0.17200994318181817 0.5658173076923078 0.026036931818181796 0.03524999999999997
0 0.3152414772727273 0.784125 0.02403409090909089 0.036173076923076926
0 0.6833096590909091 0.020740384615384615 0.07241477272727276 0.04148076923076923
0 0.6978977272727273 0.38190384615384615 0.03088068181818183 0.03196153846153847
0 0.6707599431818182 0.9566442307692309 0.021264204545454503 0.048980769230769175
0 0.33627130681818185 0.7411826923076923 0.03938920454545453 0.0479038461538462
0 0.08654829545454544 0.5843461538461538 0.04207386363636363 0.07953846153846156
0 0.6082954545454545 0.7276634615384615 0.04051136363636361 0.056326923076923004
0 0.8433593749999999 0.8167115384615384 0.033508522727272776 0.05184615384615392
0 0.9598366477272727 0.9855192307692309 0.08032670454545449 0.028961538461538466
0 0.28919744318181817 0.5897692307692307 0.0400710227272727 0.03976923076923078
0 0.8623011363636363 0.3985 0.03451704545454555 0.0368846153846154
0 0.7790838068181817 0.6742692307692307 0.02390625000000006 0.05788461538461543
0 0.6434517045454545 0.8295673076923077 0.02482954545454548 0.03982692307692315
0 0.27970170454545457 0.02116346153846154 0.05801136363636364 0.04232692307692308
0 0.21241477272727274 0.681076923076923 0.04406250000000001 0.02892307692307696
0 0.8686576704545456 0.41756730769230765 0.023622159090909086 0.03567307692307689
0 0.12219460227272728 0.36351923076923076 0.031661931818181825 0.0678846153846154
0 0.9308948863636363 0.6033365384615385 0.03110795454545451 0.03921153846153844
0 0.8185582386363636 0.24684615384615388 0.04558238636363625 0.039269230769230744
0 0.8860582386363636 0.06779807692307693 0.020582386363636376 0.047480769230769236
0 0.21909090909090911 0.8135096153846153 0.04406250000000001 0.04609615384615379
0 0.5616193181818182 0.7405576923076923 0.027585227272727216 0.028615384615384605
0 0.5572514204545455 0.7710480769230769 0.04458806818181816 0.04232692307692306
0 0.35933238636363635 0.9624615384615385 0.027585227272727296 0.03423076923076925
0 0.19550426136363636 0.0748173076923077 0.03742897727272729 0.04090384615384615
0 0.6278267045454545 0.8080865384615386 0.02022727272727274 0.02924999999999996
0 0.8961363636363638 0.4025 0.03497159090909092 0.04980769230769232
0 0.6239133522727273 0.854153846153846 0.053792613636363645 0.0678461538461539
0 0.17188210227272727 0.9259903846153846 0.019758522727272722 0.03090384615384614
0 0.3147088068181818 0.017846153846153845 0.042031250000000006 0.03569230769230769
0 0.8434161931818182 0.25596153846153846 0.03936079545454551 0.03507692307692307
0 0.9156889204545454 0.9074423076923077 0.033508522727272776 0.03169230769230773
0 0.2902627840909091 0.8964711538461537 0.020099431818181787 0.038288461538461584
0 0.4081392045454546 0.260375 0.0244034090909091 0.05448076923076923
0 0.8839985795454546 0.5880192307692307 0.02759943181818175 0.07111538461538465
0 0.6441619318181818 0.9840096153846153 0.028721590909090947 0.031673076923076866
0 0.5547230113636363 0.7262403846153845 0.04046875000000001 0.04728846153846149
