0 0.1333522727272727 0.11217307692307692 0.025028409090909098 0.023576923076923058
0 0.5901633522727273 0.14417307692307693 0.016576704545454568 0.027346153846153843
0 0.9650142045454545 0.7672115384615384 0.019630681818181728 0.028615384615384605
0 0.3056534090909091 0.024163461538461536 0.04335227272727274 0.048211538461538465
0 0.31379971590909095 0.016625 0.028110795454545444 0.03325
0 0.9514701704545455 0.26470192307692303 0.02626420454545456 0.04898076923076923
0 0.9866335227272726 0.26786538461538467 0.026732954545454615 0.03565384615384614
0 0.9862002840909092 0.22772115384615382 0.02759943181818175 0.05644230769230771
0 0.9915624999999999 0.22311538461538463 0.016874999999999994 0.04746153846153847
0 0.920184659090909 0.14184615384615382 0.057499999999999864 0.03734615384615385
0 0.8931036931818181 0.24505769230769228 0.03666193181818174 0.039269230769230744
0 0.915205965909091 0.22770192307692308 0.03294034090909082 0.06325
0 0.8120951704545455 0.09388461538461539 0.028053977272727272 0.06438461538461539
0 0.9410653409090909 0.6655865384615385 0.02355113636363626 0.03294230769230768
0 0.7616832386363637 0.30408653846153844 0.03166193181818177 0.05617307692307688
0 0.7680965909090909 0.2568942307692308 0.03156250000000004 0.04017307692307692
0 0.7785582386363636 0.31195192307692304 0.029048295454545518 0.07205769230769231
0 0.7890198863636364 0.24490384615384614 0.026335227272727222 0.04292307692307691
0 0.7922585227272727 0.2069326923076923 0.03275568181818174 0.04174999999999999
0 0.807734375 0.3121538461538461 0.03433238636363647 0.045269230769230756
0 0.8055823863636363 0.2790480769230769 0.04460227272727286 0.04640384615384614
0 0.8579048295454544 0.03679807692307692 0.029247159090909136 0.035826923076923076
0 0.9089488636363636 0.01285576923076923 0.028664772727272816 0.02571153846153846
0 0.8850426136363635 0.037913461538461535 0.028607954545454527 0.028596153846153844
0 0.9520667613636365 0.7847307692307692 0.01615056818181819 0.03188461538461546
0 0.8832599431818182 0.01323076923076923 0.033139204545454604 0.02646153846153846
0 0.9223295454545454 0.16528846153846152 0.05829545454545466 0.032
0 0.9216619318181817 0.18073076923076922 0.03178977272727272 0.035423076923076925
0 0.9403196022727273 0.23472115384615386 0.03626420454545451 0.057249999999999995
0 0.1947088068181818 0.4845288461538461 0.024900568181818183 0.029480769230769255
0 0.18632102272727274 0.5095769230769231 0.02659090909090909 0.029615384615384682
0 0.05465198863636363 0.7047019230769231 0.028934659090909087 0.02609615384615383
0 0.07144886363636363 0.6729903846153847 0.021647727272727277 0.034519230769230747
0 0.11360795454545453 0.6270961538461539 0.02306818181818181 0.03065384615384615
0 0.09041193181818183 0.6413653846153846 0.0337784090909091 0.03700000000000002
0 0.9526491477272727 0.8144423076923076 0.022144886363636408 0.029346153846153827
0 0.010539772727272727 0.16370192307692308 0.021079545454545455 0.03225000000000002
0 0.004353693181818182 0.4924711538461538 0.008707386363636363 0.03551923076923077
0 0.011058238636363637 0.6128173076923077 0.022116477272727274 0.035557692307692325
0 0.0078125 0.7078076923076924 0.015596590909090909 0.03938461538461542
0 0.20887073863636366 0.5129711538461539 0.027571022727272722 0.05021153846153849
0 0.17933948863636365 0.35839423076923077 0.03936079545454547 0.03163461538461542
0 0.3147088068181818 0.21008653846153846 0.04813920454545453 0.028865384615384626
0 0.3278622159090909 0.20445192307692306 0.03751420454545454 0.034942307692307696
0 0.43756392045454545 0.13153846153846155 0.05490056818181815 0.03661538461538461
0 0.4340340909090909 0.10957692307692309 0.030255681818181755 0.029461538461538463
0 0.9907315340909091 0.667 0.01839488636363643 0.031115384615384628
0 0.4087286931818182 0.10833653846153846 0.02515625000000005 0.05055769230769232
0 0.8422940340909091 0.11999038461538462 0.036235795454545444 0.026942307692307703
0 0.7529332386363637 0.3481442307692308 0.022627840909090837 0.047749999999999966
0 0.9297017045454545 0.28920192307692305 0.03301136363636365 0.07709615384615386
0 0.50515625 0.18792307692307691 0.015710227272727275 0.03711538461538464
0 0.4940198863636363 0.24509615384615382 0.019460227272727258 0.018038461538461503
0 0.9653409090909091 0.5947115384615385 0.01278409090909091 0.02950000000000006
0 0.9405823863636364 0.6340769230769231 0.024318181818181826 0.03192307692307686
0 0.9274857954545456 0.645576923076923 0.018096590909090923 0.021615384615384634
0 0.6088991477272727 0.15348076923076923 0.024360795454545503 0.027038461538461542
0 0.016676136363636365 0.3528269230769231 0.03335227272727273 0.03315384615384617
0 0.07362215909090909 0.6023173076923077 0.013721590909090904 0.020019230769230817
0 0.07416193181818181 0.5599711538461538 0.02616477272727273 0.027980769230769142
0 0.03365767045454546 0.08178846153846155 0.017173295454545455 0.02580769230769231
0 0.025078125000000003 0.0989326923076923 0.02026988636363636 0.033596153846153845
0 0.009026988636363637 0.08671153846153846 0.018053977272727274 0.03407692307692309
0 0.04640625 0.14330769230769233 0.023295454545454543 0.03180769230769232
0 0.02723011363636364 0.12548076923076923 0.02471590909090909 0.02565384615384616
0 0.09042613636363636 0.28989423076923077 0.01931818181818181 0.021288461538461527
0 0.07825994318181818 0.30700961538461535 0.027173295454545447 0.019134615384615417
0 0.6356534090909091 0.1426826923076923 0.014943181818181793 0.02359615384615384
0 0.046590909090909086 0.32878846153846153 0.01707386363636364 0.028499999999999987
0 0.11790482954545455 0.2824423076923077 0.01740056818181818 0.02584615384615384
0 0.12637073863636364 0.23354807692307694 0.019076704545454556 0.030096153846153856
0 0.09657670454545454 0.2661538461538462 0.022642045454545442 0.03642307692307692
0 0.1134943181818182 0.25808653846153845 0.03190340909090908 0.027480769230769215
0 0.01317471590909091 0.06649038461538462 0.02634943181818182 0.03136538461538461
0 0.02340909090909091 0.05477884615384615 0.02252840909090909 0.03159615384615385
0 0.08041903409090909 0.07120192307692308 0.02157670454545453 0.045403846153846156
0 0.06178977272727273 0.04735576923076923 0.01957386363636364 0.029019230769230776
0 0.006214488636363636 0.03982692307692308 0.012428977272727272 0.030653846153846153
0 0.628203125 0.15991346153846153 0.01933238636363638 0.01898076923076924
0 0.009786931818181818 0.02684615384615385 0.019573863636363636 0.028692307692307694
0 0.07703835227272728 0.03814423076923077 0.017201704545454544 0.024173076923076922
0 0.052052556818181814 0.030740384615384614 0.01916193181818182 0.02801923076923077
0 0.039509943181818184 0.020923076923076926 0.018053977272727274 0.02515384615384616
0 0.08383522727272727 0.02564423076923077 0.02681818181818181 0.025557692307692306
0 0.1372372159090909 0.07064423076923076 0.01711647727272727 0.01775000000000001
0 0.13533380681818183 0.05410576923076923 0.007286931818181832 0.018749999999999992
0 0.055646306818181814 0.5849230769230769 0.023053977272727275 0.03257692307692307
0 0.07819602272727272 0.5790480769230769 0.023267045454545457 0.027980769230769253
0 0.089140625 0.5921057692307692 0.021406250000000012 0.018942307692307626
0 0.568934659090909 0.15275000000000002 0.025937500000000068 0.0335
0 0.10399147727272728 0.5797692307692308 0.030426136363636367 0.031076923076923123
0 0.08282670454545454 0.4706923076923077 0.014460227272727272 0.03653846153846154
0 0.5638494318181819 0.18198076923076922 0.021363636363636394 0.026192307692307702
0 0.5357670454545455 0.167125 0.01775568181818182 0.03167307692307692
0 0.563671875 0.1121923076923077 0.029360795454545476 0.02903846153846154
0 0.5499999999999999 0.04176923076923077 0.01920454545454543 0.03015384615384615
0 0.5531178977272727 0.013403846153846153 0.016406250000000015 0.026807692307692307
0 0.4683380681818182 0.0465 0.03772727272727273 0.04061538461538462
0 0.4808309659090909 0.10248076923076922 0.03498579545454545 0.05219230769230769
0 0.06808238636363637 0.2876923076923077 0.02727272727272728 0.03353846153846153
0 0.5515909090909091 0.16563461538461538 0.01588068181818183 0.02496153846153847
0 0.2564985795454545 0.260375 0.016036931818181808 0.03271153846153847
0 0.23434659090909093 0.2479807692307692 0.013636363636363629 0.034807692307692296
0 0.2434375 0.2724134615384615 0.013494318181818182 0.0300576923076923
0 0.25608664772727274 0.2841442307692308 0.01765625000000001 0.02613461538461539
0 0.20318892045454542 0.25623076923076926 0.02157670454545454 0.03173076923076926
0 0.2057528409090909 0.28720192307692305 0.029573863636363627 0.03517307692307696
0 0.2257386363636364 0.29906730769230766 0.014545454545454518 0.02209615384615381
0 0.1837784090909091 0.2730961538461538 0.018096590909090902 0.02396153846153848
0 0.13428267045454545 0.37679807692307693 0.018252840909090903 0.02490384615384613
0 0.24450994318181818 0.29620192307692306 0.023309659090909086 0.027826923076923075
0 0.5473934659090909 0.18259615384615385 0.012769886363636377 0.016538461538461526
0 0.18644886363636362 0.3009326923076923 0.027585227272727275 0.03501923076923078
0 0.16688210227272726 0.27252884615384615 0.023849431818181808 0.02713461538461541
0 0.258515625 0.3070288461538462 0.015866477272727296 0.02224999999999999
0 0.20611505681818185 0.3119230769230769 0.015553977272727297 0.04073076923076919
0 0.041171875 0.5869519230769231 0.025752840909090902 0.038596153846153836
0 0.16394886363636363 0.5262596153846153 0.014460227272727283 0.03513461538461546
0 0.4915198863636363 0.27516346153846155 0.018749999999999985 0.03255769230769232
0 0.5365980113636364 0.29787499999999995 0.015752840909090873 0.04251923076923074
0 0.5529261363636363 0.30822115384615384 0.0179829545454545 0.04155769230769234
0 0.21845880681818183 0.31993269230769233 0.01654829545454546 0.03401923076923077
0 0.5905823863636364 0.16440384615384618 0.03125 0.025230769230769213
0 0.2388565340909091 0.31708653846153845 0.024588068181818187 0.02659615384615387
0 0.23752130681818182 0.3435384615384615 0.0185653409090909 0.032346153846153886
0 0.2224502840909091 0.34615384615384615 0.022656250000000024 0.032115384615384594
0 0.20499289772727272 0.3520192307692308 0.013508522727272715 0.03907692307692312
0 0.2918181818181818 0.22371153846153846 0.03349431818181816 0.028846153846153848
0 0.28014914772727273 0.2409326923076923 0.025724431818181837 0.041288461538461566
0 0.22585227272727273 0.28068269230769227 0.024232954545454547 0.03382692307692308
0 0.2194247159090909 0.24758653846153847 0.02771306818181817 0.04263461538461542
0 0.23394176136363634 0.14065384615384616 0.017798295454545456 0.022461538461538474
0 0.22714488636363636 0.11401923076923076 0.024204545454545482 0.03219230769230768
0 0.5831676136363636 0.17672115384615386 0.026562499999999985 0.023711538461538458
0 0.23134943181818182 0.1073846153846154 0.014772727272727281 0.03473076923076923
0 0.04950284090909091 0.28442307692307695 0.02298295454545454 0.0612692307692308
0 0.041477272727272724 0.3618942307692308 0.023181818181818182 0.05728846153846158
0 0.03935369318181818 0.39933653846153844 0.016235795454545458 0.04174999999999996
0 0.01656960227272727 0.48641346153846154 0.019161931818181818 0.03990384615384615
0 0.011491477272727273 0.461625 0.017926136363636366 0.035326923076923034
0 0.011044034090909092 0.5083653846153846 0.016207386363636365 0.0291153846153847
0 0.005078125 0.5276153846153846 0.01015625 0.03580769230769232
0 0.011157670454545455 0.550548076923077 0.02231534090909091 0.05840384615384616
0 0.28145596590909094 0.14846153846153848 0.02387784090909091 0.01942307692307691
0 0.5778693181818182 0.19653846153846155 0.01556818181818187 0.027653846153846143
0 0.2790980113636364 0.16025 0.022173295454545435 0.022653846153846156
0 0.3012215909090909 0.1444230769230769 0.035539772727272705 0.0293076923076923
0 0.3009872159090909 0.16317307692307692 0.030411931818181814 0.022269230769230767
0 0.32168323863636367 0.1765192307692308 0.018480113636363624 0.022653846153846156
0 0.29686789772727273 0.11571153846153846 0.026548295454545453 0.03438461538461539
0 0.28542613636363634 0.10111538461538461 0.026931818181818154 0.03957692307692307
0 0.13859375 0.2539134615384615 0.019176136363636364 0.02609615384615383
0 0.07655539772727273 0.1943942307692308 0.01830965909090909 0.023211538461538474
0 0.10517045454545454 0.16370192307692308 0.01684659090909091 0.02005769230769232
0 0.08780539772727272 0.1430769230769231 0.039900568181818176 0.029153846153846176
0 0.1431534090909091 0.12303846153846154 0.020681818181818187 0.02099999999999999
0 0.6576775568181819 0.13411538461538464 0.015127840909090877 0.02323076923076923
0 0.04386363636363636 0.19016346153846153 0.02258522727272727 0.027173076923076942
0 0.025653409090909088 0.18883653846153844 0.018295454545454545 0.030596153846153867
0 0.02262784090909091 0.23074038461538462 0.02605113636363637 0.021865384615384623
0 0.03528409090909091 0.2718653846153846 0.01909090909090909 0.028576923076923104
0 0.03942471590909091 0.2477019230769231 0.02186079545454546 0.02548076923076923
0 0.02044744318181818 0.24766346153846153 0.01987215909090909 0.03178846153846157
0 0.03345170454545454 0.479125 0.01661931818181818 0.03786538461538461
0 0.029865056818181815 0.5095865384615385 0.021860795454545452 0.030596153846153894
0 0.030454545454545456 0.5396826923076923 0.02025568181818182 0.034519230769230747
0 0.02236505681818182 0.5692788461538462 0.03129261363636364 0.03278846153846156
0 0.6464701704545455 0.14403846153846156 0.012116477272727234 0.022153846153846146
0 0.014644886363636365 0.6010576923076923 0.02928977272727273 0.04357692307692301
0 0.02311079545454546 0.5973461538461539 0.023267045454545457 0.03623076923076929
0 0.031214488636363637 0.38126923076923075 0.022144886363636363 0.04096153846153843
0 0.012599431818181817 0.4126634615384615 0.025198863636363634 0.035865384615384625
0 0.4874715909090909 0.2892211538461539 0.024488636363636376 0.03232692307692308
0 0.4656463068181818 0.257 0.0339914772727272 0.0331923076923077
0 0.25743607954545455 0.34268269230769227 0.027059659090909068 0.05432692307692308
0 0.297890625 0.2626057692307692 0.020838068181818204 0.03367307692307693
0 0.2810298295454545 0.2710480769230769 0.03359374999999997 0.030173076923076917
0 0.2850994318181818 0.2903557692307693 0.05241477272727273 0.025673076923076913
0 0.6689417613636364 0.11785576923076924 0.016406249999999935 0.028326923076923083
0 0.25522727272727275 0.37758653846153845 0.029034090909090905 0.045365384615384564
0 0.22230823863636362 0.3692596153846154 0.024218750000000015 0.03167307692307692
0 0.1409375 0.41484615384615386 0.02065340909090908 0.02592307692307696
0 0.2787073863636364 0.3484711538461538 0.01889204545454547 0.034057692307692324
0 0.26907670454545457 0.3398557692307692 0.017698863636363648 0.0336730769230769
0 0.1877627840909091 0.32457692307692304 0.03595170454545455 0.024461538461538458
0 0.14519886363636364 0.4600961538461538 0.027414772727272742 0.021076923076923038
0 0.1675426136363636 0.4497884615384615 0.023465909090909086 0.026423076923076886
0 0.16213068181818183 0.4278173076923077 0.031846590909090894 0.021903846153846128
0 0.06009943181818182 0.6119230769230769 0.016676136363636365 0.03942307692307692
0 0.669481534090909 0.13963461538461538 0.016633522727272778 0.016269230769230786
0 0.11788352272727275 0.5081730769230769 0.022784090909090917 0.033230769230769175
0 0.11933948863636364 0.5369519230769232 0.022372159090909092 0.03398076923076926
0 0.13605823863636363 0.5436538461538462 0.013678977272727266 0.018999999999999993
0 0.11885653409090909 0.5698653846153847 0.02850852272727272 0.03696153846153841
0 0.13622159090909092 0.5674903846153847 0.024914772727272737 0.02913461538461545
0 0.10558238636363636 0.6044038461538461 0.016164772727272722 0.02750000000000002
0 0.11865767045454545 0.5994038461538461 0.01552556818181819 0.026615384615384676
0 0.03791193181818182 0.6183076923076922 0.03232954545454545 0.03646153846153842
0 0.03280539772727273 0.6443846153846154 0.02322443181818182 0.03157692307692311
0 0.04675426136363636 0.6491153846153846 0.02044034090909091 0.02546153846153848
0 0.681171875 0.1451923076923077 0.012542613636363614 0.02519230769230768
0 0.08852982954545455 0.6166057692307693 0.028053977272727272 0.034519230769230747
0 0.04609375 0.6712692307692307 0.03627840909090909 0.02284615384615384
0 0.06401278409090909 0.6540673076923077 0.02365056818181818 0.0211346153846154
0 0.15125710227272726 0.5780673076923077 0.019758522727272722 0.025634615384615353
0 0.13840198863636363 0.5952692307692308 0.024332386363636358 0.028153846153846127
0 0.1290340909090909 0.6223942307692307 0.025056818181818184 0.03728846153846151
0 0.6372727272727272 0.9291730769230768 0.011789772727272744 0.02100000000000003
0 0.6209588068181818 0.9600192307692308 0.020610795454545524 0.028000000000000004
0 0.6347017045454545 0.9513269230769231 0.009403409090909098 0.024846153846153768
0 0.600078125 0.915701923076923 0.020184659090909062 0.04344230769230764
0 0.6510298295454545 0.12017307692307691 0.02061079545454544 0.02680769230769229
0 0.6178693181818182 0.8971826923076922 0.019659090909090873 0.0330192307692308
0 0.6414488636363637 0.8854903846153845 0.016136363636363657 0.024480769230769264
0 0.6333522727272727 0.8731634615384616 0.01974431818181815 0.026249999999999957
0 0.6375284090909091 0.8544903846153847 0.010795454545454579 0.012942307692307618
0 0.6184517045454545 0.12684615384615386 0.02997159090909094 0.054115384615384614
0 0.011818181818181818 0.38107692307692315 0.023636363636363636 0.03288461538461537
0 0.011363636363636364 0.6533557692307692 0.022727272727272728 0.024711538461538507
0 0.010909090909090908 0.6420192307692308 0.021818181818181816 0.029269230769230714
0 0.009467329545454546 0.6769134615384615 0.018934659090909092 0.024596153846153775
0 0.021889204545454545 0.6611730769230769 0.01786931818181818 0.029769230769230805
0 0.4842826704545455 0.007038461538461539 0.022656250000000065 0.014076923076923077
0 0.06506392045454545 0.6302307692307693 0.0223153409090909 0.03984615384615379
0 0.019602272727272725 0.6871442307692308 0.012613636363636362 0.027865384615384632
0 0.03602982954545455 0.695528846153846 0.023110795454545453 0.03998076923076927
0 0.02651278409090909 0.3157788461538461 0.02421875 0.04128846153846154
0 0.02730113636363636 0.29694230769230767 0.026903409090909092 0.03065384615384615
0 0.1480255681818182 0.05925961538461538 0.0203409090909091 0.027288461538461536
0 0.08365056818181818 0.12355769230769231 0.04835227272727272 0.04715384615384616
0 0.3186008522727273 0.12272115384615384 0.023053977272727257 0.03736538461538461
0 0.3338636363636364 0.12616346153846156 0.023948863636363615 0.05240384615384617
0 0.28762073863636367 0.21075 0.021605113636363648 0.017807692307692316
0 0.5360653409090909 0.03355769230769231 0.01767045454545454 0.031269230769230764
0 0.2831107954545455 0.19208653846153848 0.01937499999999998 0.021519230769230766
0 0.9466051136363636 0.7554423076923078 0.018863636363636326 0.02780769230769227
0 0.9394815340909091 0.7190673076923078 0.02049715909090918 0.03867307692307695
0 0.9296235795454546 0.7060288461538461 0.024105113636363674 0.04190384615384608
0 0.9053196022727273 0.7098846153846153 0.030468750000000065 0.037923076923076976
0 0.923125 0.7421057692307692 0.017954545454545598 0.03524999999999997
0 0.9965624999999999 0.39529807692307695 0.006875000000000045 0.028903846153846155
0 0.9495099431818183 0.39918269230769227 0.015582386363636402 0.02344230769230769
0 0.97765625 0.36765384615384616 0.035823863636363674 0.04003846153846152
0 0.9635156250000001 0.3725673076923077 0.024218750000000098 0.038211538461538415
0 0.5664772727272728 0.033798076923076924 0.02093750000000001 0.01890384615384615
0 0.8934303977272727 0.3965384615384615 0.016946022727272816 0.04100000000000004
0 0.8831889204545454 0.36208653846153843 0.036832386363636456 0.03136538461538462
0 0.8938707386363636 0.3155 0.04362215909090914 0.06738461538461542
0 0.8127485795454544 0.3772115384615385 0.02328124999999998 0.03030769230769229
0 0.9953125 0.3628653846153846 0.00909090909090906 0.0368846153846154
0 0.9442897727272727 0.3711346153846154 0.02900568181818176 0.04353846153846157
0 0.8590482954545454 0.35252884615384616 0.031392045454545485 0.03959615384615385
0 0.9045383522727274 0.3671153846153846 0.015923295454545346 0.03415384615384614
0 0.8707102272727273 0.42486538461538464 0.020028409090909124 0.034999999999999976
0 0.8526917613636364 0.44269230769230766 0.02316761363636372 0.027230769230769225
0 0.5523082386363636 0.06488461538461539 0.024474431818181843 0.04561538461538462
0 0.8552556818181819 0.41524038461538465 0.020909090909090947 0.034865384615384604
0 0.81234375 0.3578173076923077 0.019460227272727337 0.028788461538461537
0 0.8331818181818181 0.3499903846153846 0.022926136363636343 0.03490384615384617
0 0.8947798295454544 0.3143653846153846 0.022883522727272745 0.028730769230769226
0 0.9394744318181818 0.7975865384615385 0.02065340909090904 0.03090384615384614
0 0.9083167613636363 0.6879711538461538 0.047656250000000094 0.029980769230769293
0 0.9166974431818182 0.660673076923077 0.029928977272727184 0.02984615384615381
0 0.9178053977272728 0.6268653846153847 0.021946022727272793 0.03169230769230762
0 0.9784943181818182 0.59525 0.015284090909090896 0.050153846153846125
0 0.989921875 0.5970384615384615 0.015099431818181812 0.05311538461538463
0 0.17662642045454546 0.13999038461538463 0.02177556818181816 0.019519230769230782
0 0.5702982954545455 0.060980769230769234 0.025340909090909136 0.039769230769230765
0 0.9057457386363637 0.639125 0.025667613636363548 0.026826923076923054
0 0.8958522727272729 0.6457884615384616 0.022897727272727278 0.035192307692307606
0 0.8875426136363636 0.662326923076923 0.029573863636363707 0.04223076923076919
0 0.872755681818182 0.6369519230769232 0.024204545454545565 0.034173076923077
0 0.6982812500000001 0.9109711538461538 0.01593749999999996 0.024750000000000008
0 0.70578125 0.9061923076923077 0.01423295454545452 0.019153846153846115
0 0.7002698863636364 0.9316826923076924 0.01767045454545454 0.019634615384615344
0 0.6960653409090909 0.8861923076923078 0.02707386363636364 0.02511538461538462
0 0.6945809659090909 0.9456923076923077 0.022826704545454535 0.02311538461538458
0 0.7017755681818182 0.9669903846153846 0.01968750000000002 0.02286538461538459
0 0.5731676136363636 0.014259615384615384 0.02465909090909093 0.02851923076923077
0 0.6981889204545454 0.9836346153846154 0.021178977272727308 0.032730769230769195
0 0.678409090909091 0.9612980769230769 0.027471590909090873 0.03401923076923087
0 0.6688991477272727 0.9361923076923077 0.0287357954545454 0.032653846153846186
0 0.6749644886363636 0.9218557692307693 0.035440340909090894 0.02844230769230762
0 0.6460014204545454 0.9103461538461538 0.02291193181818181 0.0363076923076923
0 0.6542116477272727 0.942548076923077 0.024730113636363592 0.03198076923076922
0 0.649296875 0.9592692307692309 0.021264204545454503 0.040730769230769244
0 0.6435156249999999 0.9733461538461539 0.025184659090909035 0.019269230769230733
0 0.8482741477272726 0.46647115384615384 0.027769886363636462 0.02613461538461539
0 0.8658948863636362 0.47004807692307693 0.037755681818181876 0.03744230769230769
0 0.5605894886363636 0.21365384615384614 0.023536931818181808 0.040115384615384615
0 0.842940340909091 0.49619230769230765 0.021874999999999967 0.03876923076923082
0 0.8376562500000001 0.5227788461538462 0.015795454545454553 0.02332692307692318
0 0.8562571022727272 0.31911538461538463 0.04012784090909091 0.04011538461538464
0 0.898515625 0.28500961538461533 0.04850852272727269 0.05648076923076918
0 0.8755326704545454 0.6011057692307693 0.036946022727272716 0.0556346153846154
0 0.03145596590909091 0.7259038461538462 0.01856534090909091 0.022461538461538474
0 0.4608238636363636 0.016923076923076926 0.025653409090909095 0.03384615384615385
0 0.4574786931818183 0.1475192307692308 0.03223011363636363 0.0316923076923077
0 0.44715909090909095 0.2886923076923077 0.025170454545454583 0.022230769230769235
0 0.8019744318181817 0.414 0.032556818181818124 0.05557692307692303
0 0.5490198863636363 0.23875000000000002 0.02471590909090906 0.05153846153846156
0 0.7906534090909091 0.40860576923076924 0.0300568181818183 0.03728846153846151
0 0.7791619318181818 0.3975769230769231 0.051448863636363674 0.050730769230769225
0 0.8312002840909091 0.45498076923076924 0.03975852272727274 0.06765384615384616
0 0.8538352272727273 0.6223173076923078 0.021221590909090985 0.026403846153846187
0 0.8508806818181818 0.6387019230769231 0.019772727272727376 0.028980769230769327
0 0.8374005681818182 0.6176153846153846 0.013948863636363707 0.02665384615384607
0 0.8512926136363635 0.5985865384615384 0.019772727272727216 0.026326923076923074
0 0.8378196022727273 0.6441346153846154 0.017457386363636473 0.027615384615384642
0 0.8228480113636363 0.6654038461538462 0.019928977272727234 0.02642307692307694
0 0.8236505681818183 0.6328076923076923 0.01670454545454544 0.04396153846153849
0 0.6135653409090909 0.18695192307692307 0.06710227272727275 0.04355769230769232
0 0.8176491477272727 0.6142403846153845 0.015468750000000142 0.01909615384615386
0 0.8094673295454545 0.6491442307692307 0.014332386363636247 0.02463461538461539
0 0.806903409090909 0.6265865384615384 0.018693181818181772 0.023288461538461563
0 0.8329403409090911 0.587423076923077 0.02144886363636367 0.035769230769230706
0 0.8255894886363635 0.5984711538461538 0.015809659090909086 0.026249999999999957
0 0.9057670454545454 0.06838461538461539 0.01920454545454543 0.018423076923076927
0 0.9013352272727272 0.053903846153846156 0.03215909090909089 0.028538461538461544
0 0.8830255681818181 0.06560576923076922 0.027272727272727337 0.028711538461538462
0 0.9034232954545455 0.09007692307692308 0.02798295454545461 0.026461538461538456
0 0.8757386363636364 0.07774038461538461 0.029943181818181716 0.03271153846153846
0 0.48004971590909096 0.025990384615384617 0.032769886363636355 0.04036538461538462
0 0.8561860795454546 0.06196153846153846 0.027428977272727195 0.02903846153846154
0 0.8510795454545456 0.07167307692307691 0.02335227272727264 0.0273076923076923
0 0.87109375 0.09460576923076923 0.016448863636363532 0.016634615384615397
0 0.8751065340909091 0.11125 0.011803977272727357 0.01857692307692307
0 0.87078125 0.12863461538461538 0.02926136363636367 0.02434615384615384
0 0.911328125 0.11122115384615383 0.060440340909091006 0.03178846153846153
0 0.890987215909091 0.19123076923076923 0.028934659090909098 0.029307692307692326
0 0.8922585227272727 0.21076923076923076 0.04752840909090914 0.04915384615384616
0 0.8707031249999999 0.1703653846153846 0.023991477272727255 0.026846153846153836
0 0.8837713068181817 0.16853846153846153 0.026747159090909148 0.034999999999999976
0 0.5358735795454546 0.2525673076923077 0.027855113636363657 0.052596153846153834
0 0.916328125 0.12826923076923077 0.06268465909090909 0.0368846153846154
0 0.8741974431818181 0.1440576923076923 0.035014204545454515 0.027115384615384604
0 0.8964417613636364 0.10528846153846154 0.03742897727272731 0.022807692307692307
0 0.86140625 0.11072115384615386 0.018238636363636408 0.025673076923076927
0 0.855078125 0.08850961538461538 0.018167613636363586 0.019442307692307693
0 0.8398153409090909 0.09556730769230769 0.02974431818181826 0.029980769230769238
0 0.8277982954545454 0.07249038461538461 0.0253693181818182 0.02771153846153846
0 0.9801278409090909 0.2755961538461538 0.03602272727272729 0.037423076923076885
0 0.9927485795454545 0.29710576923076926 0.014474431818181895 0.023288461538461563
0 0.9894389204545455 0.3143365384615384 0.021122159090909098 0.01855769230769232
0 0.5149786931818181 0.23184615384615384 0.025696022727272692 0.05576923076923077
0 0.9751491477272727 0.29504807692307694 0.02589488636363639 0.029980769230769238
0 0.9867684659090908 0.33180769230769236 0.026463068181818174 0.03453846153846155
0 0.9785014204545455 0.35083653846153845 0.025071022727272855 0.03928846153846155
0 0.9677769886363637 0.3246923076923077 0.02376420454545441 0.06334615384615384
0 0.9294389204545456 0.37654807692307696 0.03615056818181808 0.040749999999999995
0 0.9158522727272728 0.34052884615384615 0.02863636363636375 0.03482692307692305
0 0.9368394886363638 0.33772115384615387 0.026889204545454473 0.03790384615384617
0 0.953203125 0.3139038461538462 0.025071022727272695 0.08500000000000003
0 0.8071519886363636 0.6672884615384616 0.017997159090909196 0.018576923076923015
0 0.5919176136363636 0.9538653846153846 0.02005681818181819 0.033307692307692295
0 0.5151775568181818 0.2731442307692308 0.03001420454545454 0.0294807692307692
0 0.938359375 0.8335961538461539 0.01620738636363632 0.04503846153846157
0 0.9858167613636365 0.8431923076923078 0.027855113636363657 0.04392307692307688
0 0.43565340909090916 0.9050480769230769 0.029886363636363666 0.045403846153846183
0 0.4419744318181818 0.8718557692307692 0.018210227272727263 0.026403846153846187
0 0.4559303977272728 0.8856057692307692 0.011548295454545448 0.013057692307692347
0 0.4266690340909091 0.8779711538461538 0.01583806818181815 0.03551923076923071
0 0.45941051136363636 0.8717884615384616 0.018849431818181793 0.02630769230769232
0 0.6458451704545454 0.990125 0.02194602272727271 0.019749999999999965
0 0.6151420454545454 0.9843653846153846 0.04028409090909093 0.0309999999999999
0 0.5822372159090908 0.9848846153846154 0.044758522727272716 0.030230769230769283
0 0.5195880681818181 0.30250000000000005 0.03295454545454544 0.031346153846153815
0 0.6600071022727273 0.8918846153846154 0.024815340909090867 0.04784615384615395
0 0.6622585227272727 0.8469711538461538 0.017954545454545435 0.027442307692307658
0 0.6807031250000001 0.8602019230769231 0.038991477272727254 0.01613461538461536
0 0.6986860795454546 0.8458942307692308 0.012855113636363573 0.03413461538461538
0 0.6951207386363637 0.8136634615384616 0.01680397727272725 0.03113461538461538
0 0.7135582386363637 0.8253173076923077 0.02717329545454553 0.03221153846153846
0 0.7212997159090908 0.8024134615384615 0.016633522727272698 0.022596153846153846
0 0.7048295454545455 0.797375 0.017386363636363648 0.027903846153846137
0 0.6138707386363635 0.8813365384615384 0.02063920454545459 0.02686538461538456
0 0.6297869318181818 0.8216346153846154 0.020142045454545465 0.03876923076923071
0 0.19211647727272727 0.14771153846153848 0.021874999999999988 0.029615384615384627
0 0.5342045454545455 0.3264038461538462 0.019431818181818192 0.02338461538461538
0 0.6044815340909091 0.8572692307692307 0.020894886363636414 0.02803846153846151
0 0.26955965909090907 0.12639423076923076 0.033778409090909095 0.028750000000000005
0 0.2544744318181818 0.15096153846153845 0.03204545454545455 0.033576923076923094
0 0.02453835227272727 0.7108269230769231 0.019644886363636368 0.020846153846153907
0 0.681796875 0.9019230769230769 0.01904829545454549 0.029230769230769317
0 0.7142471590909091 0.9207692307692308 0.01761363636363633 0.016346153846153847
0 0.7435511363636365 0.8060480769230769 0.03389204545454547 0.030250000000000034
0 0.7399431818181817 0.788423076923077 0.028295454545454568 0.02053846153846155
0 0.6861789772727274 0.8781057692307692 0.032244318181818166 0.022442307692307723
0 0.6828053977272728 0.841625 0.02407670454545453 0.026442307692307692
0 0.15154829545454546 0.08576923076923078 0.015681818181818172 0.020730769230769233
0 0.6761221590909091 0.8252115384615385 0.022897727272727278 0.0356923076923077
0 0.6779900568181818 0.8047692307692308 0.02359375000000002 0.02284615384615384
0 0.6587926136363635 0.8199326923076923 0.017073863636363693 0.02748076923076916
0 0.6656392045454546 0.7848461538461539 0.016761363636363654 0.04326923076923077
0 0.6213920454545454 0.8548557692307692 0.021676136363636352 0.03221153846153846
0 0.18527698863636363 0.44500961538461536 0.014616477272727281 0.01721153846153844
0 0.17674005681818183 0.4284326923076923 0.01651988636363638 0.020557692307692305
0 0.3407528409090909 0.1894423076923077 0.020056818181818148 0.03580769230769229
0 0.29436079545454547 0.18273076923076925 0.030738636363636385 0.026307692307692292
0 0.30677556818181817 0.17898076923076922 0.020511363636363633 0.02426923076923075
0 0.14730113636363634 0.1020673076923077 0.018806818181818175 0.01601923076923078
0 0.42326704545454547 0.24085576923076923 0.02605113636363633 0.04567307692307692
0 0.38902698863636365 0.15827884615384616 0.02086647727272735 0.02609615384615386
0 0.40384232954545446 0.1487019230769231 0.01910511363636362 0.03113461538461538
0 0.011306818181818182 0.32719230769230767 0.022613636363636364 0.025807692307692285
0 0.00903409090909091 0.29935576923076923 0.01806818181818182 0.034519230769230747
0 0.03159090909090909 0.04105769230769231 0.02465909090909091 0.03365384615384615
0 0.022990056818181823 0.01275 0.02046875 0.0255
0 0.007450284090909091 0.011144230769230769 0.014900568181818181 0.022288461538461538
0 0.009041193181818181 0.10972115384615384 0.017826704545454545 0.026596153846153842
0 0.32789772727272726 0.15627884615384616 0.018323863636363645 0.03313461538461537
0 0.156328125 0.07160576923076922 0.021122159090909077 0.03275
0 0.43739346590909084 0.23463461538461539 0.026690340909090938 0.031038461538461567
0 0.4155113636363636 0.27028846153846153 0.018664772727272707 0.021076923076923094
0 0.4070383522727272 0.2537115384615385 0.020326704545454547 0.03330769230769232
0 0.39693892045454543 0.2480480769230769 0.023678977272727216 0.027019230769230764
0 0.06017045454545455 0.003701923076923077 0.014857954545454547 0.007403846153846154
0 0.05728693181818181 0.017576923076923077 0.02704545454545455 0.035153846153846154
0 0.034715909090909096 0.0053750000000000004 0.021761363636363638 0.010673076923076924
0 0.07593039772727272 0.010528846153846153 0.023991477272727272 0.021057692307692305
0 0.4610369318181818 0.10287500000000001 0.025710227272727305 0.03486538461538462
0 0.42084517045454545 0.20660576923076923 0.02194602272727271 0.028057692307692315
0 0.13062500000000002 0.09010576923076924 0.028607954545454548 0.026519230769230767
0 0.44362926136363634 0.19030769230769232 0.020014204545454592 0.030961538461538478
0 0.43875 0.17016346153846154 0.01974431818181815 0.02005769230769232
0 0.42744318181818175 0.1578173076923077 0.02943181818181814 0.03474999999999999
0 0.42631392045454547 0.19072115384615385 0.019502840909090935 0.0330576923076923
0 0.13573863636363637 0.18414423076923075 0.019147727272727278 0.03686538461538462
0 0.11662642045454544 0.19710576923076925 0.01947443181818181 0.01859615384615385
0 0.10875 0.21123076923076925 0.024943181818181823 0.029769230769230777
0 0.11346590909090909 0.22247115384615385 0.01909090909090909 0.027826923076923075
0 0.1570525568181818 0.11908653846153845 0.02061079545454544 0.03236538461538463
0 0.16164772727272728 0.17941346153846155 0.02156250000000001 0.03917307692307693
0 0.12014204545454545 0.07643269230769231 0.022244318181818178 0.028480769230769223
0 0.20876420454545455 0.12260576923076923 0.016164772727272722 0.031057692307692304
0 0.23113636363636364 0.2049038461538462 0.03559659090909091 0.01788461538461538
0 0.23961647727272728 0.22330769230769232 0.022982954545454556 0.025
0 0.25959517045454544 0.23525000000000001 0.022372159090909092 0.03365384615384618
0 0.2461150568181818 0.2468365384615385 0.014644886363636327 0.024903846153846186
0 0.22508522727272726 0.18671153846153846 0.019147727272727257 0.026038461538461552
0 0.24232244318181817 0.17970192307692306 0.018025568181818177 0.038634615384615364
0 0.08174005681818182 0.2121730769230769 0.029417613636363648 0.02892307692307691
0 0.0738565340909091 0.17500961538461537 0.01845170454545455 0.020903846153846162
0 0.060518465909090914 0.19329807692307693 0.01407670454545455 0.03078846153846152
0 0.11023437499999998 0.058 0.01603693181818183 0.027115384615384618
0 0.06319602272727273 0.2150384615384615 0.02931818181818182 0.025653846153846135
0 0.14598721590909092 0.2318269230769231 0.02268465909090909 0.026884615384615392
0 0.15890625 0.24833653846153844 0.02514204545454546 0.03563461538461539
0 0.07102982954545455 0.2378942307692308 0.014531249999999996 0.02621153846153848
0 0.08241477272727273 0.2611826923076923 0.019772727272727275 0.040250000000000015
0 0.06934659090909091 0.26606730769230774 0.02017045454545455 0.017365384615384616
0 0.058295454545454546 0.2541153846153846 0.01798295454545454 0.02315384615384614
0 0.050227272727272725 0.2319230769230769 0.030880681818181818 0.024346153846153868
0 0.037436079545454554 0.2129326923076923 0.022997159090909092 0.02351923076923078
0 0.06294034090909091 0.1635769230769231 0.017982954545454552 0.030076923076923077
0 0.09886363636363636 0.08310576923076923 0.020965909090909098 0.029288461538461534
0 0.053203125 0.17348076923076924 0.019474431818181818 0.03273076923076922
0 0.08167613636363637 0.0985 0.029176136363636362 0.032499999999999994
0 0.058913352272727273 0.09452884615384616 0.018849431818181814 0.02182692307692308
0 0.046590909090909086 0.0982403846153846 0.02644886363636364 0.02732692307692308
0 0.04041193181818182 0.11741346153846154 0.018778409090909096 0.026903846153846143
0 0.0638778409090909 0.07271153846153847 0.011732954545454543 0.023730769230769222
0 0.04612215909090909 0.06476923076923077 0.027073863636363635 0.04173076923076924
0 0.11941051136363635 0.169125 0.023906249999999997 0.04221153846153847
0 0.11109375 0.13978846153846153 0.01707386363636363 0.035923076923076926
0 0.09527698863636364 0.17706730769230766 0.024900568181818183 0.04305769230769231
0 0.16504261363636363 0.21590384615384614 0.02514204545454546 0.03576923076923076
0 0.2027130681818182 0.20982692307692308 0.024062499999999997 0.03446153846153844
0 0.15589488636363635 0.14493269230769232 0.025028409090909098 0.0364423076923077
0 0.12728693181818182 0.13586538461538464 0.03409090909090909 0.033153846153846145
0 0.10933948863636363 0.10513461538461538 0.02819602272727274 0.03430769230769232
0 0.01607244318181818 0.21233653846153844 0.021036931818181816 0.027019230769230764
0 0.008430397727272727 0.19875961538461537 0.016860795454545455 0.040288461538461544
0 0.006008522727272728 0.18373076923076923 0.012017045454545456 0.018461538461538477
0 0.060035511363636364 0.12385576923076923 0.020582386363636355 0.03471153846153847
0 0.03310369318181818 0.157875 0.027514204545454553 0.039365384615384615
0 0.013920454545454547 0.14548076923076925 0.027840909090909093 0.0311153846153846
0 0.14986505681818182 0.20227884615384617 0.01606534090909091 0.038173076923076914
0 0.0078125 0.12878846153846155 0.015625 0.01619230769230771
0 0.0844034090909091 0.23333653846153846 0.014687500000000004 0.01928846153846154
0 0.10383522727272726 0.23470192307692309 0.02670454545454545 0.02744230769230771
0 0.14780539772727275 0.2708365384615385 0.015326704545454555 0.027788461538461515
0 0.13260653409090908 0.27658653846153847 0.01759943181818182 0.03071153846153846
0 0.10308948863636364 0.29733653846153846 0.03609375000000001 0.052673076923076954
0 0.13608664772727275 0.5220769230769231 0.017372159090909098 0.02549999999999998
0 0.4084375 0.17972115384615384 0.022017045454545456 0.035288461538461526
0 0.5890269886363636 0.3453076923076923 0.018764204545454518 0.03234615384615383
0 0.590127840909091 0.36977884615384615 0.015710227272727275 0.020711538461538427
0 0.62484375 0.07039423076923078 0.024090909090909062 0.03390384615384616
0 0.19117187499999996 0.23304807692307694 0.02987215909090909 0.0324423076923077
0 0.4024147727272727 0.2057403846153846 0.02465909090909093 0.02555769230769229
0 0.3905539772727273 0.1833846153846154 0.02428977272727276 0.025730769230769224
0 0.373984375 0.1567596153846154 0.01705965909090916 0.029673076923076937
0 0.39539062500000005 0.22081730769230767 0.03362215909090911 0.033442307692307695
0 0.3114630681818182 0.08690384615384615 0.026505681818181814 0.03896153846153846
0 0.24414772727272727 0.10745192307692308 0.013892045454545456 0.03459615384615385
0 0.19638494318181818 0.09695192307692307 0.018025568181818177 0.022057692307692306
0 0.12393465909090909 0.05628846153846154 0.016619318181818166 0.020653846153846158
0 0.12095880681818182 0.039115384615384614 0.023423295454545467 0.022346153846153845
0 0.29925426136363636 0.07383653846153845 0.02921875000000003 0.023442307692307703
0 0.18165482954545456 0.24673076923076925 0.025241477272727287 0.03230769230769227
0 0.005667613636363636 0.26795192307692306 0.011335227272727273 0.031096153846153822
0 0.017876420454545454 0.27508653846153847 0.017230113636363634 0.02682692307692311
0 0.005994318181818181 0.23707692307692307 0.011988636363636363 0.03657692307692307
0 0.18539062499999998 0.08522115384615384 0.016661931818181805 0.03244230769230769
0 0.1375 0.02321153846153846 0.022386363636363645 0.04642307692307692
0 0.17194602272727275 0.05182692307692308 0.02272727272727275 0.024192307692307697
0 0.19431107954545457 0.06842307692307692 0.022826704545454577 0.04161538461538461
0 0.20242897727272727 0.04986538461538462 0.018750000000000024 0.04173076923076924
0 0.15390625 0.04228846153846154 0.022982954545454536 0.027538461538461536
0 0.1064346590909091 0.022461538461538456 0.019772727272727275 0.044807692307692305
0 0.18000710227272726 0.2065 0.02291193181818181 0.02657692307692309
0 0.09549715909090907 0.013865384615384614 0.025596590909090902 0.02773076923076923
0 0.18958806818181817 0.027846153846153847 0.024204545454545465 0.055692307692307694
0 0.17644886363636364 0.029538461538461538 0.02258522727272726 0.034499999999999996
0 0.12132102272727273 0.01485576923076923 0.016193181818181825 0.02971153846153846
0 0.145390625 0.014913461538461539 0.016605113636363633 0.029826923076923077
0 0.15960227272727273 0.018009615384615384 0.018465909090909092 0.03586538461538462
0 0.1728125 0.008971153846153846 0.022727272727272728 0.01794230769230769
0 0.20742187499999998 0.014461538461538461 0.01879261363636362 0.028923076923076923
0 0.2215411931818182 0.007875 0.014275568181818198 0.015673076923076925
0 0.22151988636363634 0.08275961538461538 0.01943181818181815 0.031673076923076936
0 0.2007244318181818 0.1689326923076923 0.02508522727272727 0.032673076923076944
0 0.1865625 0.3458846153846154 0.02943181818181816 0.03461538461538462
0 0.16133522727272728 0.3697692307692308 0.03803977272727273 0.017884615384615405
0 0.15121448863636364 0.3860673076923077 0.017343750000000012 0.02363461538461537
0 0.17867897727272727 0.40956730769230776 0.060454545454545434 0.024442307692307708
0 0.19808238636363634 0.4527788461538461 0.050625000000000024 0.03909615384615387
0 0.15137073863636363 0.509548076923077 0.018792613636363642 0.030249999999999926
0 0.14972301136363636 0.5405 0.019758522727272722 0.03334615384615391
0 0.2037002840909091 0.4299711538461538 0.03748579545454544 0.031326923076923065
0 0.971484375 0.21293269230769232 0.043281249999999875 0.09451923076923079
0 0.9457812499999999 0.18947115384615384 0.0293181818181818 0.04901923076923076
0 0.21497869318181817 0.14116346153846154 0.02413352272727274 0.038750000000000014
0 0.9865696022727274 0.144 0.026860795454545408 0.0476923076923077
0 0.9626775568181819 0.15635576923076924 0.0308664772727273 0.0680576923076923
0 0.7965127840909091 0.17542307692307693 0.03268465909090908 0.04519230769230769
0 0.8301917613636364 0.1417403846153846 0.05606534090909095 0.043557692307692304
0 0.8350355113636364 0.1768076923076923 0.052798295454545556 0.048307692307692315
0 0.84796875 0.2159230769230769 0.06045454545454538 0.06800000000000003
0 0.8164488636363636 0.23638461538461536 0.03480113636363636 0.07499999999999997
0 0.8537713068181819 0.24474038461538458 0.04186079545454533 0.04098076923076921
0 0.8687784090909091 0.2833557692307692 0.08886363636363628 0.059365384615384625
0 0.7893039772727274 0.3555576923076923 0.027471590909090956 0.05050000000000004
0 0.17741477272727274 0.16395192307692308 0.024261363636363633 0.0315576923076923
0 0.819169034090909 0.3291730769230769 0.03953125000000006 0.05276923076923076
0 0.7645028409090909 0.3748173076923077 0.027159090909090914 0.06609615384615386
0 0.7468678977272727 0.38329807692307694 0.02595170454545452 0.059673076923076926
0 0.805106534090909 0.04261538461538461 0.033025568181818184 0.04365384615384615
0 0.8030965909090909 0.012644230769230769 0.02349431818181813 0.025288461538461537
0 0.7788636363636363 0.012769230769230769 0.028153409090909163 0.025538461538461538
0 0.7416051136363635 0.6119903846153847 0.02369318181818175 0.04332692307692303
0 0.7870525568181819 0.5622980769230769 0.022713068181818195 0.07617307692307695
0 0.7735582386363636 0.5477788461538462 0.022571022727272707 0.05032692307692311
0 0.7658380681818183 0.5771346153846154 0.0210795454545455 0.05461538461538457
0 0.1937713068181818 0.18536538461538463 0.04444602272727274 0.033423076923076916
0 0.720028409090909 0.5788269230769231 0.029744318181818177 0.04303846153846153
0 0.749325284090909 0.585298076923077 0.017656250000000092 0.05394230769230771
0 0.6834588068181818 0.7056730769230769 0.058423295454545526 0.04619230769230766
0 0.30046874999999995 0.4191346153846154 0.024545454545454547 0.0616153846153846
0 0.7284232954545454 0.5404326923076923 0.026505681818181772 0.10425000000000001
0 0.73796875 0.5225576923076923 0.03008522727272728 0.07630769230769233
0 0.7502556818181819 0.5173365384615385 0.03525568181818189 0.06555769230769232
0 0.7625497159090909 0.49986538461538466 0.041008522727272734 0.062192307692307755
0 0.7888849431818182 0.49578846153846157 0.03498579545454561 0.0741538461538461
0 0.8288636363636364 0.5065673076923076 0.015909090909090973 0.02971153846153844
0 0.13360085227272728 0.20946153846153848 0.025696022727272713 0.021653846153846135
0 0.8115553977272728 0.5093461538461539 0.02061079545454544 0.02688461538461542
0 0.7937073863636364 0.4864423076923077 0.026789772727272745 0.04165384615384609
0 0.6982599431818183 0.5334807692307691 0.02728693181818179 0.04930769230769239
0 0.7197727272727273 0.5526730769230769 0.01684659090909085 0.028692307692307722
0 0.71125 0.523423076923077 0.030113636363636346 0.03384615384615389
0 0.7426633522727273 0.8902499999999999 0.036264204545454586 0.03353846153846153
0 0.7495738636363637 0.7629711538461539 0.03943181818181817 0.04978846153846151
0 0.6554119318181818 0.784 0.03460227272727267 0.08796153846153848
0 0.7213991477272728 0.7363076923076923 0.02740056818181813 0.04619230769230766
0 0.5655042613636364 0.9507019230769231 0.03376420454545452 0.032711538461538445
0 0.09741477272727272 0.5557403846153847 0.022727272727272728 0.02451923076923077
0 0.5773934659090909 0.9257980769230768 0.03907670454545453 0.03275000000000006
0 0.568778409090909 0.9072115384615385 0.04534090909090911 0.040038461538461634
0 0.5695525568181818 0.8830096153846154 0.03828124999999998 0.030750000000000017
0 0.6729616477272727 0.6200769230769232 0.02686079545454549 0.03257692307692307
0 0.6763139204545454 0.6785 0.054076704545454615 0.024730769230769258
0 0.6624147727272728 0.653125 0.03937499999999996 0.04175000000000007
0 0.6572585227272727 0.5874230769230769 0.02556818181818182 0.07646153846153844
0 0.642109375 0.6270288461538461 0.042144886363636384 0.059826923076923104
0 0.6348508522727273 0.5738846153846153 0.025724431818181837 0.0470384615384615
0 0.6099147727272727 0.6052307692307692 0.04588068181818175 0.035653846153846196
0 0.10836647727272726 0.37078846153846157 0.01684659090909091 0.035615384615384583
0 0.6097372159090909 0.5855192307692308 0.04029829545454546 0.046076923076923036
0 0.4548508522727273 0.6092692307692308 0.04311079545454541 0.04153846153846158
0 0.5636292613636363 0.8550000000000001 0.062116477272727295 0.0428461538461539
0 0.6066193181818181 0.8286826923076922 0.02622159090909096 0.030365384615384655
0 0.5886434659090909 0.8342788461538463 0.026661931818181873 0.047211538461538485
0 0.6142684659090909 0.7926730769230769 0.020582386363636376 0.06476923076923068
0 0.5790269886363636 0.7872788461538461 0.058139204545454556 0.054711538461538436
0 0.5476917613636364 0.8245961538461538 0.05629261363636363 0.06280769230769236
0 0.24885653409090908 0.6173076923076923 0.020951704545454544 0.02830769230769236
0 0.43285511363636364 0.5796346153846154 0.028863636363636355 0.0368846153846154
0 0.6308025568181819 0.08639423076923076 0.01825284090909086 0.03132692307692308
0 0.07069602272727273 0.3999903846153846 0.02482954545454545 0.029211538461538455
0 0.3456463068181818 0.6707596153846153 0.03251420454545457 0.039596153846153795
0 0.34087357954545455 0.7176923076923076 0.025553977272727287 0.05438461538461533
0 0.32154829545454544 0.6919807692307693 0.038238636363636384 0.08092307692307689
0 0.3067542613636363 0.671451923076923 0.037230113636363645 0.05424999999999996
0 0.38998579545454537 0.8372115384615385 0.04857954545454544 0.06515384615384615
0 0.4468465909090909 0.91625 0.02363636363636362 0.04853846153846156
0 0.48001420454545457 0.8831826923076923 0.04406249999999998 0.04986538461538463
0 0.4778693181818181 0.9201057692307693 0.04872159090909092 0.05667307692307687
0 0.4823295454545455 0.8614326923076923 0.028920454545454565 0.036057692307692304
0 0.4745241477272728 0.8427596153846154 0.034531250000000006 0.03786538461538461
0 0.09186789772727272 0.40245192307692307 0.018906249999999993 0.022134615384615367
0 0.44544034090909096 0.8538173076923077 0.025340909090909056 0.018250000000000016
0 0.4516761363636364 0.8428173076923077 0.021818181818181837 0.0210961538461539
0 0.37236505681818177 0.9923750000000001 0.07586647727272731 0.015134615384615394
0 0.4252982954545454 0.9888461538461539 0.03139204545454541 0.02230769230769235
0 0.4366477272727272 0.06154807692307693 0.04056818181818182 0.055826923076923086
0 0.4237073863636363 0.02519230769230769 0.05633522727272731 0.05038461538461538
0 0.3875071022727273 0.044153846153846155 0.03927556818181815 0.04080769230769231
0 0.36770596590909094 0.024432692307692308 0.03194602272727274 0.04867307692307692
0 0.39674005681818175 0.013134615384615385 0.04055397727272729 0.02623076923076923
0 0.3395241477272727 0.02375 0.02498579545454546 0.0475
0 0.192109375 0.12053846153846155 0.018877840909090896 0.031192307692307703
0 0.35384943181818185 0.055875 0.030681818181818213 0.041749999999999995
0 0.3583167613636364 0.09066346153846153 0.026065340909090903 0.03786538461538463
0 0.35515625000000006 0.13401923076923075 0.021846590909090944 0.05323076923076923
0 0.34511363636363634 0.16355769230769232 0.018068181818181817 0.023653846153846147
0 0.3599431818181818 0.17232692307692307 0.01909090909090909 0.027076923076923103
0 0.3701988636363636 0.21422115384615387 0.03977272727272727 0.059211538461538475
0 0.3623863636363636 0.2306826923076923 0.03374999999999999 0.04767307692307691
0 0.29617897727272724 0.35759615384615384 0.02477272727272727 0.04273076923076923
0 0.32006392045454546 0.2550192307692308 0.030411931818181814 0.04823076923076926
0 0.3142897727272727 0.23777884615384617 0.04343750000000002 0.035596153846153854
0 0.20994318181818183 0.09028846153846154 0.012244318181818188 0.041
0 0.35133522727272726 0.2435673076923077 0.03306818181818186 0.04867307692307693
0 0.4122727272727273 0.3142019230769231 0.029744318181818177 0.03659615384615385
0 0.39458806818181813 0.3354615384615385 0.022784090909090938 0.03130769230769231
0 0.3859943181818182 0.30730769230769234 0.025397727272727266 0.04080769230769231
0 0.44071022727272724 0.30742307692307697 0.027272727272727258 0.030615384615384593
0 0.45749999999999996 0.3140576923076923 0.028409090909090908 0.028538461538461544
0 0.43022727272727274 0.33215384615384613 0.03173295454545459 0.028692307692307722
0 0.45166903409090914 0.33407692307692305 0.021434659090909056 0.025269230769230742
0 0.5081889204545454 0.3369326923076923 0.013196022727272756 0.05413461538461539
0 0.4945241477272727 0.3354423076923077 0.016036931818181846 0.047884615384615394
0 0.26365767045454547 0.20947115384615386 0.03174715909090908 0.022749999999999996
0 0.5190411931818182 0.36523076923076925 0.026775568181818133 0.04426923076923079
0 0.4852485795454546 0.3529230769230769 0.04671874999999998 0.05715384615384615
0 0.4109090909090909 0.35133653846153845 0.027499999999999938 0.04082692307692306
0 0.43368607954545463 0.36322115384615383 0.024588068181818187 0.04917307692307691
0 0.4662286931818182 0.3672500000000001 0.044218749999999994 0.045730769230769235
0 0.4470241477272727 0.37372115384615384 0.018849431818181793 0.028365384615384615
0 0.42960227272727275 0.3974134615384615 0.05758522727272722 0.05371153846153848
0 0.39499999999999996 0.3983846153846154 0.02911931818181818 0.07246153846153848
0 0.3365340909090909 0.26584615384615384 0.026789772727272707 0.053153846153846156
0 0.3083522727272727 0.36819230769230765 0.037414772727272734 0.048115384615384636
0 0.2636931818181818 0.19815384615384615 0.027159090909090876 0.022653846153846156
0 0.31022727272727274 0.32206730769230774 0.0409943181818182 0.04090384615384617
0 0.3279403409090909 0.38832692307692307 0.046676136363636385 0.06238461538461538
0 0.3321590909090909 0.3201057692307692 0.02980113636363639 0.07774999999999996
0 0.35254261363636363 0.3234711538461538 0.022073863636363666 0.07428846153846158
0 0.38058948863636366 0.37447115384615387 0.035014204545454515 0.07336538461538462
0 0.3615553977272727 0.2904038461538461 0.024474431818181805 0.05023076923076924
0 0.36800426136363634 0.3419038461538461 0.0332244318181818 0.0661153846153846
0 0.23752840909090908 0.4382403846153846 0.03113636363636366 0.08132692307692306
0 0.2564772727272727 0.43735576923076924 0.03386363636363637 0.06625000000000003
0 0.2945738636363636 0.6579326923076924 0.037414772727272734 0.04386538461538451
0 0.09034801136363636 0.3781346153846154 0.029048295454545448 0.03453846153846155
0 0.47004261363636357 0.6772788461538461 0.04210227272727279 0.06209615384615377
0 0.4378835227272727 0.5682692307692307 0.028011363636363595 0.04280769230769229
0 0.3940696022727272 0.5509519230769231 0.019815340909090894 0.030596153846153783
0 0.45708096590909086 0.559701923076923 0.018877840909090938 0.058288461538461546
0 0.4148295454545455 0.5376057692307692 0.026477272727272707 0.051711538461538434
0 0.4464772727272727 0.530923076923077 0.03846590909090915 0.044846153846153834
0 0.3749005681818182 0.5267115384615384 0.03357954545454544 0.043807692307692256
0 0.39889204545454543 0.5145673076923077 0.03352272727272731 0.04528846153846156
0 0.43183238636363636 0.5060961538461538 0.05008522727272726 0.05373076923076923
0 0.47556107954545457 0.5682596153846154 0.036946022727272716 0.05782692307692306
0 0.06427556818181818 0.37030769230769234 0.025767045454545456 0.035076923076923096
0 0.48473011363636365 0.5893173076923077 0.03142045454545455 0.04009615384615389
0 0.4924928977272728 0.5985576923076923 0.03242897727272725 0.04080769230769236
0 0.4847017045454546 0.6576826923076923 0.026988636363636364 0.04513461538461544
0 0.4854758522727272 0.6212115384615384 0.04450284090909089 0.041884615384615444
0 0.5024076704545455 0.6697211538461538 0.026548295454545453 0.0860192307692308
0 0.5207741477272727 0.6306826923076924 0.02748579545454549 0.08040384615384616
0 0.5517471590909091 0.6673653846153845 0.0758522727272727 0.09157692307692297
0 0.5706036931818183 0.6059519230769231 0.07390625000000005 0.11901923076923085
0 0.15720170454545454 0.9835673076923078 0.021420454545454545 0.03286538461538457
0 0.1271164772727273 0.9792211538461538 0.042244318181818175 0.04155769230769234
0 0.1437286931818182 0.16878846153846153 0.025724431818181816 0.033423076923076916
0 0.14883522727272727 0.9585865384615385 0.04088068181818182 0.029634615384615433
0 0.17671875 0.9461826923076923 0.02997159090909092 0.04628846153846153
0 0.19710937499999998 0.949125 0.030525568181818154 0.0687884615384615
0 0.17925426136363634 0.9808365384615385 0.023167613636363618 0.026596153846153926
0 0.17240767045454544 0.9930769230769231 0.018110795454545456 0.01380769230769243
0 0.19581676136363635 0.994096153846154 0.02910511363636363 0.011807692307692281
0 0.20889204545454546 0.959875 0.03210227272727276 0.03278846153846156
0 0.21882102272727275 0.9804711538461539 0.05602272727272727 0.039057692307692314
0 0.5478551136363636 0.5358173076923077 0.1307386363636363 0.11563461538461538
0 0.18883522727272728 0.5362211538461538 0.03835227272727273 0.028826923076923094
0 0.17373579545454546 0.09786538461538462 0.034375 0.026192307692307702
0 0.16313210227272726 0.5591346153846154 0.03055397727272726 0.03199999999999997
0 0.061889204545454546 0.6910576923076923 0.030539772727272728 0.036038461538461554
0 0.08305397727272727 0.7017980769230769 0.029176136363636352 0.03467307692307687
0 0.08189630681818182 0.7330288461538462 0.03296875000000001 0.03348076923076917
0 0.09701704545454545 0.6871346153846154 0.03039772727272727 0.06088461538461532
0 0.10600852272727272 0.667125 0.02022727272727272 0.051134615384615334
0 0.11873579545454546 0.6852211538461539 0.02403409090909091 0.04282692307692304
0 0.12393465909090909 0.6529038461538461 0.022073863636363624 0.039576923076923044
0 0.118203125 0.7298846153846154 0.04225852272727273 0.050038461538461615
0 0.13941051136363636 0.6981730769230768 0.03316761363636363 0.042423076923076924
0 0.6416264204545454 0.11483653846153846 0.028963068181818163 0.04178846153846153
0 0.17369318181818183 0.07815384615384616 0.02022727272727274 0.028884615384615377
0 0.14544034090909091 0.6714326923076923 0.029573863636363627 0.03428846153846151
0 0.14826704545454544 0.6396153846153847 0.032357954545454544 0.06938461538461535
0 0.1703338068181818 0.592326923076923 0.04879261363636365 0.10199999999999992
0 0.16559659090909093 0.6931153846153846 0.01946022727272728 0.04069230769230774
0 0.17502130681818182 0.64125 0.02444602272727272 0.08173076923076923
0 0.18587357954545453 0.6208942307692308 0.02370738636363634 0.0824807692307692
0 0.18407670454545455 0.6934903846153846 0.025056818181818184 0.06421153846153843
0 0.15004261363636362 0.7270865384615385 0.02161931818181818 0.035057692307692234
0 0.050710227272727275 0.7289615384615384 0.030653409090909092 0.027384615384615403
0 0.02046875 0.7528076923076924 0.01823863636363636 0.03719230769230764
0 0.09352272727272727 0.05438461538461538 0.026676136363636364 0.03923076923076923
0 0.037017045454545455 0.756125 0.018806818181818178 0.04348076923076926
0 0.17207386363636362 0.7279230769230769 0.02289772727272726 0.03715384615384614
0 0.21443181818181814 0.6379903846153846 0.036278409090909076 0.0824807692307692
0 0.2186292613636364 0.22284615384615383 0.019673295454545447 0.032692307692307694
0 0.21473011363636366 0.1742019230769231 0.018693181818181814 0.030596153846153867
0 0.2695525568181818 0.26634615384615384 0.014616477272727262 0.029538461538461565
0 0.5231036931818182 0.08496153846153846 0.015326704545454574 0.022884615384615396
0 0.536534090909091 0.08361538461538462 0.014005681818181757 0.02288461538461538
0 0.5660511363636364 0.08524038461538462 0.02065340909090904 0.031096153846153836
0 0.549112215909091 0.09874038461538462 0.022968750000000024 0.027634615384615393
0 0.07459517045454546 0.1600576923076923 0.03447443181818182 0.04292307692307694
0 0.4705823863636364 0.3017980769230769 0.022926136363636343 0.02494230769230769
0 0.5004332386363637 0.2999615384615385 0.019019886363636343 0.025500000000000037
0 0.4617897727272728 0.27615384615384614 0.02846590909090912 0.0375
0 0.4395667613636363 0.2642019230769231 0.024531249999999973 0.034057692307692324
0 0.43084517045454546 0.27562499999999995 0.012826704545454507 0.026096153846153887
0 0.6523224431818182 0.8647307692307692 0.018991477272727278 0.030692307692307654
0 0.6402698863636364 0.8364519230769232 0.035823863636363674 0.0354038461538462
0 0.4806036931818182 0.23080769230769232 0.02370738636363636 0.027269230769230754
0 0.4995738636363637 0.22085576923076922 0.022982954545454556 0.03048076923076922
0 0.48397727272727276 0.2063269230769231 0.030056818181818216 0.03119230769230769
0 0.17525568181818182 0.11872115384615385 0.01997159090909091 0.028442307692307676
0 0.49212357954545455 0.1765576923076923 0.024502840909090908 0.030846153846153832
0 0.47705965909090914 0.17373076923076924 0.02124999999999997 0.02519230769230768
0 0.4666974431818182 0.197 0.029076704545454583 0.039192307692307686
0 0.45380681818181823 0.1643653846153846 0.027443181818181808 0.032846153846153844
0 0.47610795454545457 0.2480576923076923 0.01877840909090913 0.02953846153846151
0 0.45853693181818184 0.21590384615384614 0.02556818181818182 0.028961538461538466
0 0.45642045454545455 0.23111538461538464 0.022244318181818136 0.021192307692307684
0 0.4395525568181819 0.21571153846153845 0.016235795454545465 0.021923076923076934
0 0.47824573863636366 0.13663461538461538 0.03964488636363632 0.037615384615384606
0 0.5869176136363636 0.11775961538461538 0.017954545454545435 0.027942307692307693
0 0.232890625 0.16325 0.019815340909090932 0.02396153846153848
0 0.5858451704545454 0.08951923076923077 0.020014204545454592 0.03330769230769231
0 0.590518465909091 0.057951923076923074 0.01825284090909086 0.033596153846153845
0 0.6248650568181818 0.045375 0.024105113636363595 0.02125
0 0.5859232954545455 0.02354807692307692 0.02357954545454549 0.04709615384615384
0 0.6042471590909091 0.02086538461538462 0.01900568181818181 0.021384615384615387
0 0.6171022727272727 0.027009615384615385 0.019232954545454494 0.022288461538461538
0 0.6014559659090909 0.007240384615384615 0.020667613636363654 0.014442307692307692
0 0.6225497159090909 0.009538461538461539 0.02524147727272733 0.01903846153846154
0 0.7252414772727271 0.18003846153846154 0.016988636363636334 0.02299999999999999
0 0.7303053977272728 0.20272115384615383 0.017741477272727287 0.03101923076923079
0 0.2558096590909091 0.1770576923076923 0.015795454545454553 0.021846153846153845
0 0.745127840909091 0.17365384615384616 0.02380681818181817 0.03276923076923075
0 0.7434943181818181 0.2070192307692308 0.025880681818181858 0.03503846153846154
0 0.7544247159090909 0.13028846153846155 0.025071022727272855 0.05503846153846155
0 0.7097088068181818 0.14647115384615386 0.022400568181818157 0.039365384615384615
0 0.7295809659090909 0.1519423076923077 0.02080965909090914 0.03942307692307692
0 0.7412926136363637 0.14224038461538463 0.025113636363636452 0.036019230769230776
0 0.7565767045454546 0.08895192307692307 0.020454545454545583 0.033519230769230766
0 0.7669389204545454 0.11701923076923078 0.020298295454545565 0.0305
0 0.7459730113636364 0.06566346153846153 0.016491477272727293 0.037634615384615384
0 0.73390625 0.049499999999999995 0.02227272727272728 0.03538461538461538
0 0.2708238636363636 0.1780576923076923 0.01840909090909088 0.024923076923076912
0 0.7230610795454545 0.05191346153846154 0.019076704545454556 0.025403846153846155
0 0.7839275568181818 0.13791346153846154 0.04132102272727261 0.05290384615384615
0 0.7737428977272726 0.09443269230769231 0.02720170454545451 0.03525000000000001
0 0.7573650568181818 0.05875961538461538 0.01867897727272724 0.028480769230769237
0 0.7760582386363637 0.06446153846153846 0.019928977272727234 0.03457692307692307
0 0.6907102272727272 0.29587500000000005 0.020681818181818187 0.025211538461538435
0 0.8604758522727273 0.3808942307692308 0.018110795454545456 0.0345576923076923
0 0.8673934659090908 0.3874903846153846 0.0191051136363637 0.02517307692307693
0 0.8782244318181818 0.37575961538461533 0.018039772727272793 0.021942307692307685
0 0.8753480113636364 0.39812499999999995 0.023593749999999858 0.02721153846153847
0 0.7222798295454546 0.11696153846153846 0.016036931818181846 0.030846153846153856
0 0.8348224431818181 0.41968269230769234 0.013650568181818201 0.02505769230769231
0 0.8426775568181818 0.40479807692307695 0.018849431818181793 0.03290384615384618
0 0.8240980113636364 0.407875 0.019133522727272766 0.02344230769230769
0 0.8445241477272728 0.36988461538461537 0.01867897727272724 0.03830769230769234
0 0.8274005681818182 0.3807596153846154 0.02482954545454548 0.03521153846153847
0 0.735653409090909 0.25441346153846156 0.013465909090909117 0.02563461538461541
0 0.7484659090909092 0.23444230769230767 0.023664772727272684 0.041230769230769224
0 0.7246377840909091 0.2304903846153846 0.027059659090909027 0.02617307692307692
0 0.7486008522727274 0.2757019230769231 0.027173295454545447 0.04186538461538464
0 0.6472230113636364 0.3577211538461538 0.015667613636363677 0.03424999999999995
0 0.7004190340909091 0.06671153846153846 0.0283096590909091 0.05326923076923077
0 0.709659090909091 0.3056346153846154 0.01803977272727271 0.02653846153846156
0 0.7258238636363636 0.3077115384615384 0.01781250000000003 0.0351153846153846
0 0.7376917613636365 0.33567307692307696 0.01938920454545451 0.035923076923076884
0 0.7290482954545454 0.34276923076923077 0.018863636363636326 0.03807692307692304
0 0.7387499999999999 0.2995769230769231 0.022244318181818136 0.03753846153846151
0 0.6877059659090908 0.35297115384615385 0.021747159090909095 0.033519230769230725
0 0.6977556818181818 0.3236057692307692 0.015426136363636302 0.03101923076923076
0 0.7122727272727273 0.3353846153846154 0.01889204545454539 0.034461538461538495
0 0.9383380681818182 0.7605288461538462 0.01877840909090913 0.04805769230769232
0 0.12769886363636365 0.7435192307692308 0.028607954545454548 0.024230769230769274
0 0.6721732954545455 0.08345192307692306 0.03360795454545458 0.0570576923076923
0 0.20603693181818183 0.7004230769230769 0.026732954545454577 0.05280769230769227
0 0.23492187499999997 0.6825673076923077 0.04007102272727274 0.061057692307692306
0 0.011626420454545455 0.7405865384615385 0.02325284090909091 0.038980769230769194
0 0.162265625 0.755673076923077 0.022286931818181813 0.038423076923076956
0 0.14518465909090908 0.7678365384615384 0.025880681818181817 0.047134615384615365
0 0.19375 0.7381346153846153 0.02446022727272725 0.04684615384615387
0 0.22114346590909092 0.7389903846153846 0.03274147727272729 0.06240384615384613
0 0.25201704545454545 0.7207211538461538 0.038380681818181835 0.06609615384615386
0 0.17985795454545456 0.76525 0.029573863636363648 0.03942307692307692
0 0.1277556818181818 0.780125 0.044744318181818184 0.05259615384615378
0 0.6479403409090909 0.08997115384615384 0.016392045454545482 0.02782692307692309
0 0.5470738636363636 0.20239423076923077 0.01840909090909088 0.02494230769230769
0 0.06097301136363636 0.747048076923077 0.03098011363636363 0.03313461538461531
0 0.08359375 0.7516634615384615 0.04553977272727272 0.027903846153846137
0 0.16133522727272728 0.797875 0.030710227272727278 0.04617307692307691
0 0.18990767045454546 0.7812403846153846 0.05552556818181819 0.046711538461538395
0 0.24304687500000002 0.7645 0.05075284090909089 0.042499999999999934
0 0.23696732954545452 0.783028846153846 0.07399147727272727 0.050634615384615354
0 0.19078835227272728 0.8315096153846153 0.01845170454545456 0.056403846153846124
0 0.2085369318181818 0.8348173076923078 0.021846590909090902 0.06463461538461542
0 0.2218323863636364 0.844173076923077 0.01937500000000002 0.08546153846153846
0 0.2526278409090909 0.8372403846153846 0.045880681818181834 0.07098076923076917
0 0.5317684659090909 0.21535576923076924 0.022144886363636408 0.02340384615384613
0 0.19926136363636363 0.8649615384615384 0.03323863636363633 0.04630769230769228
0 0.17130681818181817 0.8438653846153846 0.03164772727272729 0.09030769230769238
0 0.15826704545454545 0.854375 0.02937500000000001 0.06805769230769239
0 0.136796875 0.8387307692307692 0.031661931818181825 0.08473076923076923
0 0.12052556818181817 0.8160288461538461 0.021107954545454544 0.05648076923076924
0 0.09352272727272727 0.7918653846153846 0.04073863636363637 0.06411538461538457
0 0.054431818181818185 0.7855673076923076 0.0447159090909091 0.046019230769230784
0 0.06700284090909091 0.8143076923076923 0.0515625 0.03753846153846151
0 0.10796164772727272 0.8504134615384616 0.03160511363636364 0.06548076923076926
0 0.01028409090909091 0.7745480769230769 0.02056818181818182 0.030096153846153804
0 0.5195099431818182 0.19497115384615382 0.016463068181818145 0.024288461538461557
0 0.018373579545454547 0.7933173076923077 0.036747159090909094 0.046057692307692286
0 0.07942471590909089 0.8541634615384615 0.03453124999999999 0.046019230769230784
0 0.046051136363636364 0.8309038461538462 0.05286931818181818 0.051269230769230706
0 0.03730113636363636 0.8583557692307693 0.039318181818181815 0.04298076923076916
0 0.019303977272727275 0.8425480769230769 0.03838068181818182 0.0539423076923076
0 0.008927556818181819 0.8884134615384616 0.017855113636363638 0.06609615384615386
0 0.047116477272727275 0.8744326923076924 0.04025568181818182 0.051326923076923076
0 0.02106534090909091 0.8977884615384616 0.03116477272727273 0.04138461538461546
0 0.012670454545454546 0.9344230769230769 0.02534090909090909 0.03823076923076922
0 0.049843750000000006 0.9070192307692307 0.049772727272727274 0.06738461538461542
0 0.5329119318181817 0.1862403846153846 0.023892045454545444 0.03505769230769229
0 0.038657670454545455 0.9514038461538462 0.06887784090909091 0.04238461538461542
0 0.07650568181818182 0.9763365384615386 0.045340909090909085 0.047249999999999986
0 0.04253551136363636 0.9829230769230769 0.056690340909090906 0.03415384615384614
0 0.011242897727272728 0.9767307692307692 0.022485795454545456 0.046538461538461515
0 0.97515625 0.8495576923076923 0.02875000000000001 0.048846153846153914
0 0.9648579545454545 0.8534615384615385 0.04159090909090905 0.05500000000000004
0 0.9144815340909092 0.773298076923077 0.04552556818181828 0.032096153846153844
0 0.9121377840909091 0.8096346153846153 0.041235795454545414 0.04330769230769227
0 0.6324644886363636 0.7806057692307693 0.036406249999999994 0.05098076923076921
0 0.6852769886363635 0.7782884615384617 0.03649147727272727 0.03188461538461535
0 0.7292258522727273 0.0918076923076923 0.01311079545454548 0.018346153846153845
0 0.5963849431818182 0.8866538461538461 0.01765625000000001 0.037807692307692244
0 0.568544034090909 0.974125 0.03740056818181824 0.037211538461538504
0 0.6837571022727272 0.7528846153846154 0.041377840909090906 0.04442307692307697
0 0.7324857954545455 0.8290096153846155 0.05090909090909095 0.030134615384615416
0 0.726484375 0.8545673076923077 0.044218749999999994 0.026596153846153926
0 0.7490056818181817 0.8711057692307693 0.02593749999999999 0.029596153846153928
0 0.7177343749999999 0.8785673076923077 0.037144886363636415 0.03728846153846151
0 0.7179900568181818 0.7836826923076923 0.02461647727272725 0.026750000000000048
0 0.7022940340909091 0.7411634615384615 0.021292613636363648 0.04132692307692298
0 0.7090625 0.7740576923076923 0.04230113636363641 0.05257692307692314
0 0.7418252840909091 0.095 0.01620738636363648 0.02526923076923077
0 0.8988707386363637 0.7373365384615383 0.035468749999999875 0.0735192307692307
0 0.2783806818181818 0.32067307692307695 0.024460227272727272 0.0386923076923077
0 0.3046306818181818 0.30225961538461543 0.03931818181818183 0.05140384615384613
0 0.6007386363636363 0.3765288461538462 0.01707386363636361 0.03048076923076922
0 0.6716193181818182 0.3513269230769231 0.014431818181818136 0.026692307692307682
0 0.6638139204545456 0.37299038461538464 0.026718750000000003 0.029442307692307698
0 0.6783522727272727 0.37658653846153844 0.047130681818181745 0.047903846153846144
0 0.6403267045454545 0.38399038461538465 0.033863636363636325 0.04874999999999999
0 0.61875 0.3926346153846154 0.028863636363636355 0.0437692307692308
0 0.5878622159090909 0.3729807692307692 0.043963068181818166 0.07038461538461538
0 0.733380681818182 0.11350961538461538 0.018863636363636405 0.027442307692307686
0 0.5224928977272728 0.32882692307692307 0.017457386363636394 0.03503846153846154
0 0.42 0.28859615384615384 0.030056818181818136 0.029846153846153866
0 0.3352911931818182 0.09049038461538461 0.025610795454545456 0.03594230769230769
0 0.39311789772727274 0.2623461538461539 0.03137784090909095 0.03850000000000002
0 0.5560085227272727 0.3552980769230769 0.04366477272727274 0.054980769230769236
0 0.43040482954545456 0.0839903846153846 0.04018465909090904 0.030634615384615385
0 0.38594460227272726 0.12783653846153845 0.026832386363636343 0.03975
0 0.4091548295454545 0.06682692307692308 0.016576704545454568 0.03496153846153847
0 0.3846448863636363 0.09852884615384615 0.028267045454545503 0.0309423076923077
0 0.37924005681818185 0.18771153846153846 0.031889204545454526 0.034807692307692296
0 0.5080113636363636 0.01410576923076923 0.02900568181818184 0.02821153846153846
0 0.38795454545454544 0.2772788461538462 0.040369318181818124 0.05024999999999999
0 0.48174715909090904 0.3203173076923077 0.019772727272727296 0.029865384615384617
0 0.5441974431818182 0.3563173076923077 0.02691761363636362 0.03609615384615381
0 0.6666690340909092 0.05693269230769231 0.02776988636363638 0.043250000000000004
0 0.6379190340909091 0.019317307692307693 0.029019886363636373 0.038634615384615385
0 0.6535724431818182 0.02403846153846154 0.03609374999999995 0.04807692307692308
0 0.6825 0.01851923076923077 0.03088068181818183 0.03703846153846154
0 0.69671875 0.02873076923076923 0.0430113636363636 0.05746153846153846
0 0.7496022727272728 0.023923076923076922 0.019772727272727216 0.047846153846153844
0 0.7151136363636363 0.02420192307692308 0.02531250000000007 0.04840384615384616
0 0.5335724431818182 0.013596153846153846 0.02359375000000002 0.027192307692307693
0 0.7720170454545454 0.028105769230769233 0.02755681818181831 0.056211538461538466
0 0.8328125 0.0471826923076923 0.028267045454545423 0.028749999999999998
0 0.8278693181818181 0.017961538461538463 0.03181818181818179 0.035923076923076926
0 0.8415767045454546 0.013009615384615383 0.024687499999999994 0.026019230769230767
0 0.8617471590909092 0.00973076923076923 0.01889204545454555 0.01946153846153846
0 0.9188139204545455 0.04897115384615384 0.039957386363636355 0.05032692307692307
0 0.9326846590909091 0.04647115384615384 0.029034090909090985 0.046519230769230764
0 0.9351136363636363 0.018807692307692307 0.02920454545454554 0.03761538461538461
0 0.9489133522727274 0.017134615384615384 0.02606534090909094 0.03426923076923077
0 0.95984375 0.06393269230769232 0.034176136363636284 0.06228846153846154
0 0.517762784090909 0.03103846153846154 0.021860795454545435 0.02742307692307692
0 0.9619673295454546 0.01628846153846154 0.01808238636363639 0.03257692307692308
0 0.9748508522727274 0.004653846153846153 0.014502840909090799 0.009307692307692307
0 0.9963423295454544 0.014653846153846154 0.007315340909090876 0.02930769230769231
0 0.9780397727272727 0.022567307692307692 0.03357954545454544 0.045134615384615384
0 0.9834019886363637 0.041192307692307695 0.033196022727272734 0.04388461538461538
0 0.9856676136363638 0.07163461538461538 0.028664772727272657 0.03965384615384616
0 0.9903835227272727 0.10685576923076923 0.019232954545454494 0.04267307692307692
0 0.927784090909091 0.08420192307692308 0.03889204545454545 0.03440384615384614
0 0.7667755681818181 0.17957692307692308 0.029545454545454642 0.04461538461538462
0 0.7650071022727274 0.21855769230769231 0.024843749999999852 0.04515384615384616
0 0.6450568181818181 0.06342307692307693 0.017130681818181823 0.031230769230769236
0 0.5058167613636364 0.2710192307692308 0.016292613636363595 0.024769230769230762
0 0.7956463068181818 0.06656730769230768 0.02208806818181812 0.08348076923076922
0 0.7054332386363636 0.363625 0.02455965909090904 0.051634615384615376
0 0.7295454545454546 0.3828557692307692 0.040142045454545444 0.0660576923076923
0 0.8693039772727272 0.6677115384615384 0.034431818181818195 0.0464230769230769
0 0.8456392045454545 0.5698461538461538 0.028920454545454565 0.035538461538461574
0 0.8586434659090909 0.677076923076923 0.05217329545454548 0.054115384615384586
0 0.8355042613636363 0.6894807692307692 0.0297017045454545 0.04811538461538469
0 0.8336150568181818 0.5424423076923077 0.033565340909090906 0.04469230769230771
0 0.8192258522727273 0.5453846153846155 0.02595170454545452 0.050038461538461615
0 0.8175994318181817 0.7004711538461539 0.026903409090909006 0.05040384615384622
0 0.4949644886363636 0.25922115384615385 0.02092329545454548 0.016519230769230776
0 0.7910795454545455 0.6937884615384615 0.03545454545454534 0.04699999999999999
0 0.7910724431818181 0.6719326923076923 0.015213068181818234 0.031634615384615365
0 0.7941477272727273 0.6453076923076924 0.018437500000000027 0.03650000000000003
0 0.7780681818181818 0.659 0.01392045454545448 0.031923076923076964
0 0.8064914772727273 0.5990576923076922 0.02306818181818183 0.03534615384615384
0 0.7853480113636363 0.6148846153846154 0.025298295454545375 0.03976923076923078
0 0.7780823863636364 0.6236442307692308 0.017443181818181778 0.04063461538461537
0 0.7624502840909091 0.6380288461538461 0.02708806818181809 0.02725000000000003
0 0.7626136363636363 0.6167019230769231 0.018920454545454456 0.030134615384615305
0 0.805362215909091 0.5567019230769231 0.017315340909090985 0.050173076923076876
0 0.506015625 0.10366346153846154 0.020184659090909062 0.027019230769230764
0 0.8114133522727273 0.5580480769230769 0.024474431818181843 0.055288461538461536
0 0.7626988636363637 0.6637403846153845 0.01920454545454559 0.026596153846153815
0 0.7344389204545454 0.9100673076923077 0.04333806818181809 0.03528846153846158
0 0.7299360795454546 0.9498653846153846 0.04938920454545452 0.0488076923076923
0 0.6739630681818182 0.9791634615384615 0.03619318181818176 0.04167307692307695
0 0.7340340909090909 0.9791923076923077 0.05400568181818179 0.04161538461538459
0 0.6808522727272728 0.5467692307692308 0.02883522727272729 0.03584615384615382
0 0.6943963068181819 0.570875 0.03191761363636359 0.03571153846153845
0 0.6680610795454546 0.5655096153846154 0.028110795454545402 0.04398076923076924
0 0.6927982954545455 0.610375 0.04718749999999996 0.046596153846153884
0 0.4788849431818182 0.07420192307692308 0.012542613636363614 0.016365384615384625
0 0.7054545454545454 0.5995961538461537 0.029176136363636394 0.03019230769230767
0 0.7270809659090909 0.6177884615384616 0.02177556818181816 0.037884615384615475
0 0.6949289772727273 0.6389903846153846 0.029346590909090944 0.03236538461538459
0 0.7176988636363636 0.6441634615384616 0.02477272727272727 0.04232692307692317
0 0.7345809659090908 0.6907884615384616 0.03901988636363632 0.0607692307692307
0 0.7182528409090909 0.6963173076923077 0.029488636363636352 0.03532692307692309
0 0.7047798295454546 0.6711442307692308 0.023622159090909086 0.033903846153846146
0 0.6877414772727272 0.6564711538461538 0.018920454545454535 0.026249999999999957
0 0.31249289772727273 0.5991634615384616 0.050809659090909065 0.04209615384615382
0 0.32515625000000004 0.5840865384615385 0.03920454545454544 0.04571153846153853
0 0.49585937500000005 0.08462499999999999 0.02365056818181823 0.029519230769230773
0 0.3468181818181818 0.6241057692307692 0.02477272727272727 0.04221153846153844
0 0.33359374999999997 0.6318365384615384 0.019176136363636364 0.04090384615384612
0 0.3028125 0.6322211538461538 0.046250000000000006 0.03794230769230773
0 0.3374928977272727 0.577701923076923 0.0292755681818182 0.05390384615384621
0 0.3682741477272727 0.610153846153846 0.03595170454545455 0.03996153846153852
0 0.3582670454545454 0.6437403846153846 0.03920454545454544 0.029634615384615322
0 0.3746022727272727 0.6472788461538462 0.028920454545454524 0.028403846153846227
0 0.35628551136363634 0.6741250000000001 0.032230113636363675 0.033403846153846166
0 0.3742471590909091 0.6779615384615384 0.026988636363636406 0.03350000000000003
0 0.3866761363636364 0.6532307692307693 0.01599431818181825 0.02592307692307696
0 0.6666619318181818 0.15828846153846154 0.03142045454545455 0.03476923076923077
0 0.3592755681818182 0.7133942307692308 0.027301136363636402 0.05421153846153846
0 0.383643465909091 0.697298076923077 0.025667613636363627 0.04055769230769226
0 0.4006463068181818 0.6606346153846153 0.02765625000000004 0.03630769230769241
0 0.39012784090909086 0.6192115384615384 0.028607954545454607 0.02923076923076921
0 0.4051704545454546 0.6296442307692308 0.03323863636363633 0.03728846153846151
0 0.4032173295454546 0.5984903846153847 0.035355113636363615 0.029673076923076937
0 0.42561079545454544 0.6040673076923078 0.01926136363636364 0.021288461538461527
0 0.4074502840909091 0.6835288461538461 0.0353551136363637 0.03528846153846158
0 0.4271661931818182 0.6706153846153846 0.028110795454545482 0.026461538461538554
0 0.42021306818181814 0.6448750000000001 0.01968750000000002 0.026250000000000065
0 0.6472869318181819 0.16841346153846154 0.03105113636363638 0.027519230769230775
0 0.35620738636363636 0.5808076923076922 0.019602272727272742 0.01946153846153847
0 0.3773721590909091 0.5810384615384615 0.03221590909090906 0.029192307692307705
0 0.3490909090909091 0.5523461538461539 0.03397727272727275 0.046423076923077004
0 0.4403693181818182 0.652701923076923 0.023267045454545447 0.040749999999999995
0 0.46085227272727275 0.6377211538461539 0.024971590909090968 0.020096153846153823
0 0.4305113636363636 0.6212403846153846 0.03838068181818179 0.026826923076923054
0 0.3690625 0.548048076923077 0.0319034090909091 0.04801923076923082
0 0.40085937499999996 0.5756153846153848 0.03677556818181816 0.028269230769230748
0 0.37556107954545453 0.7432019230769231 0.03075284090909096 0.05244230769230777
0 0.39982954545454547 0.7142115384615384 0.022585227272727323 0.0488076923076923
0 0.13328125000000002 0.4011442307692308 0.034602272727272725 0.029057692307692333
0 0.7364488636363636 0.017375 0.027357954545454612 0.03475
0 0.8115624999999999 0.4412403846153846 0.034204545454545515 0.04932692307692309
0 0.7513068181818183 0.6800673076923077 0.04593750000000005 0.09825000000000006
0 0.7740198863636365 0.6945192307692307 0.027102272727272784 0.04388461538461537
0 0.41538352272727275 0.7155576923076924 0.013892045454545416 0.05857692307692304
0 0.4378267045454546 0.7104326923076922 0.03465909090909096 0.06667307692307696
0 0.45768465909090905 0.6866057692307692 0.03355113636363637 0.03574999999999995
0 0.23499289772727272 0.3852884615384615 0.02387784090909091 0.051346153846153826
0 0.2631676136363636 0.3957980769230769 0.02306818181818179 0.06525000000000002
0 0.28219460227272725 0.3956923076923077 0.021377840909090926 0.059692307692307676
0 0.9957102272727273 0.7579038461538462 0.008579545454545402 0.024384615384615397
0 0.17529119318181818 0.3915096153846154 0.03805397727272728 0.028403846153846172
0 0.20166193181818182 0.3899615384615384 0.044744318181818184 0.039961538461538465
0 0.20158380681818186 0.40595192307692307 0.04813920454545457 0.02936538461538458
0 0.21178267045454546 0.470625 0.03299715909090912 0.05398076923076922
0 0.2888565340909091 0.4354903846153846 0.0358096590909091 0.0440192307692308
0 0.385703125 0.0798076923076923 0.03407670454545448 0.03246153846153845
0 0.36669744318181813 0.12623076923076923 0.020525568181818166 0.04457692307692309
0 0.4616832386363636 0.06685576923076923 0.025923295454545456 0.03867307692307692
0 0.25578125 0.1160673076923077 0.03392045454545454 0.03798076923076924
0 0.21458806818181816 0.04343269230769231 0.02053977272727274 0.05586538461538461
0 0.9524076704545454 0.7390288461538461 0.024957386363636272 0.029634615384615433
0 0.23093039772727272 0.04900961538461538 0.02117897727272727 0.03986538461538462
0 0.24003551136363638 0.07491346153846154 0.019275568181818213 0.031788461538461536
0 0.2551988636363636 0.07885576923076923 0.020397727272727293 0.03963461538461539
0 0.2764133522727273 0.07915384615384614 0.026235795454545453 0.04515384615384615
0 0.3252414772727273 0.05857692307692308 0.028863636363636355 0.028653846153846144
0 0.24953125 0.042403846153846146 0.025056818181818204 0.04176923076923077
0 0.2380965909090909 0.016971153846153844 0.03511363636363636 0.03394230769230769
0 0.2731605113636364 0.03723076923076923 0.02504261363636363 0.04330769230769231
0 0.265859375 0.014692307692307692 0.02850852272727272 0.029384615384615384
0 0.2971732954545454 0.03400961538461538 0.03485795454545453 0.06774999999999999
