0 0.5682812500000001 0.7387403846153846 0.02477272727272727 0.04290384615384616
0 0.5214488636363637 0.9464038461538461 0.025397727272727266 0.034384615384615375
0 0.36916903409090907 0.4855 0.05441761363636364 0.05192307692307687
0 0.3889133522727273 0.5731057692307692 0.06336647727272729 0.04705769230769236
0 0.5948224431818182 0.5712788461538462 0.052684659090909136 0.03813461538461546
0 0.5993181818181817 0.5887596153846153 0.043210227272727296 0.04394230769230763
0 0.6908451704545455 0.5986634615384615 0.055582386363636355 0.09190384615384609
0 0.8219247159090909 0.5713269230769231 0.02387784090909083 0.05873076923076927
0 0.8514914772727273 0.543625 0.03696022727272725 0.05563461538461529
0 0.8472230113636363 0.5804615384615385 0.02836647727272715 0.0392307692307693
0 0.8232173295454545 0.5360384615384616 0.021264204545454583 0.027692307692307648
0 0.7014985795454546 0.5306442307692307 0.05785511363636366 0.05098076923076921
0 0.5119602272727273 0.9384903846153846 0.028977272727272695 0.03867307692307695
0 0.7092045454545454 0.496798076923077 0.038948863636363656 0.029903846153846177
0 0.6503125 0.43953846153846154 0.03954545454545459 0.0658076923076923
0 0.6693821022727273 0.4285288461538461 0.022059659090909053 0.056211538461538445
0 0.6799928977272728 0.44899999999999995 0.021178977272727308 0.10642307692307687
0 0.6333451704545454 0.432125 0.03697443181818178 0.04609615384615384
0 0.632528409090909 0.46881730769230767 0.04147727272727271 0.030750000000000017
0 0.6054971590909091 0.47686538461538464 0.025823863636363645 0.025999999999999964
0 0.5987784090909091 0.4404230769230769 0.03596590909090908 0.05673076923076923
0 0.6133451704545454 0.5017115384615385 0.03717329545454548 0.0416538461538462
0 0.592372159090909 0.4933942307692308 0.035170454545454616 0.03298076923076919
0 0.5245809659090909 0.9065288461538461 0.03575284090909085 0.029173076923076954
0 0.572684659090909 0.47053846153846157 0.050653409090909124 0.04619230769230771
0 0.645809659090909 0.48241346153846154 0.04644886363636362 0.04128846153846148
0 0.6237642045454546 0.5297788461538462 0.044744318181818184 0.058134615384615417
0 0.6594176136363636 0.5206442307692308 0.04696022727272728 0.05421153846153846
0 0.6991122159090909 0.46983653846153844 0.03055397727272726 0.08413461538461539
0 0.5798366477272728 0.37050961538461535 0.03129261363636368 0.043019230769230775
0 0.9255681818181817 0.26740384615384616 0.029289772727272734 0.06876923076923078
0 0.9448508522727272 0.23920192307692306 0.038053977272727385 0.03409615384615385
0 0.9527556818181818 0.2712788461538462 0.030909090909090896 0.06490384615384616
0 0.8373508522727273 0.3527980769230769 0.04259943181818183 0.03313461538461537
0 0.541171875 0.8840673076923077 0.05078125 0.04109615384615385
0 0.7621164772727272 0.12320192307692307 0.04943181818181812 0.03882692307692307
0 0.7756889204545455 0.09738461538461539 0.016633522727272778 0.0363076923076923
0 0.7649573863636363 0.09375 0.018011363636363565 0.036653846153846155
0 0.7888423295454546 0.08125961538461537 0.03521306818181813 0.06567307692307692
0 0.8382599431818182 0.025836538461538463 0.055355113636363674 0.04532692307692308
0 0.6701136363636363 0.07870192307692307 0.043693181818181805 0.06986538461538461
0 0.6885511363636364 0.09590384615384615 0.04383522727272729 0.05569230769230768
0 0.5653267045454545 0.1883269230769231 0.02798295454545453 0.053038461538461534
0 0.5878622159090909 0.18371153846153845 0.025184659090909115 0.05219230769230769
0 0.4904758522727272 0.048624999999999995 0.02703125000000004 0.036711538461538455
0 0.5569176136363636 0.9095961538461539 0.030056818181818136 0.05530769230769229
0 0.5143110795454546 0.03243269230769231 0.04078124999999997 0.03301923076923077
0 0.4984161931818182 0.07071153846153845 0.04512784090909088 0.044307692307692305
0 0.5216548295454545 0.0690576923076923 0.03498579545454545 0.04703846153846154
0 0.481875 0.03872115384615384 0.023920454545454592 0.06271153846153846
0 0.5003764204545454 0.014759615384615385 0.051860795454545444 0.02951923076923077
0 0.5726136363636364 0.020961538461538462 0.05843749999999998 0.04161538461538462
0 0.0670596590909091 0.0965673076923077 0.033778409090909095 0.04967307692307693
0 0.06296164772727274 0.046125 0.02262784090909091 0.04609615384615384
0 0.08355823863636364 0.04640384615384615 0.025071022727272737 0.05161538461538461
0 0.09986505681818182 0.0866923076923077 0.04342329545454546 0.03561538461538462
0 0.5525213068181819 0.9360961538461539 0.023536931818181808 0.04992307692307688
0 0.05750710227272727 0.08321153846153845 0.03282670454545455 0.060653846153846155
0 0.10049715909090909 0.05605769230769231 0.036676136363636355 0.054538461538461536
0 0.07828125 0.16855769230769233 0.030482954545454546 0.03738461538461538
0 0.09795454545454545 0.18395192307692307 0.0668465909090909 0.038903846153846136
0 0.0861434659090909 0.1470673076923077 0.05396306818181818 0.03198076923076925
0 0.10963068181818182 0.1532403846153846 0.03758522727272726 0.030519230769230778
0 0.07620738636363636 0.127375 0.038068181818181814 0.047942307692307694
0 0.10608664772727273 0.1074423076923077 0.031122159090909096 0.0546923076923077
0 0.24539772727272727 0.15233653846153847 0.05880681818181819 0.05571153846153846
0 0.2341690340909091 0.11393269230769232 0.02117897727272727 0.038519230769230785
0 0.5856036931818182 0.7225769230769231 0.04169034090909094 0.04065384615384613
0 0.23858664772727273 0.08629807692307692 0.03782670454545454 0.023326923076923068
0 0.252890625 0.11783653846153846 0.0214630681818182 0.05232692307692306
0 0.23443892045454548 0.05776923076923077 0.058139204545454515 0.04238461538461539
0 0.2109375 0.08749038461538462 0.0351988636363636 0.049557692307692316
0 0.2145383522727273 0.1268653846153846 0.03492897727272728 0.051115384615384625
0 0.42538352272727276 0.17171153846153844 0.03076704545454549 0.05603846153846154
0 0.4457812500000001 0.22224038461538462 0.07238636363636361 0.11163461538461537
0 0.3801704545454545 0.11107692307692309 0.04326704545454547 0.06334615384615386
0 0.38789062500000004 0.07648076923076923 0.042514204545454556 0.045961538461538456
0 0.31506392045454545 0.08236538461538462 0.045752840909090924 0.07803846153846153
0 0.20577414772727273 0.7501442307692308 0.041008522727272734 0.039711538461538416
0 0.2757883522727273 0.07295192307692308 0.038423295454545474 0.05374999999999999
0 0.27399857954545453 0.1273173076923077 0.030213068181818195 0.05636538461538462
0 0.24183238636363635 0.2858846153846154 0.03883522727272724 0.08880769230769232
0 0.2740411931818182 0.3228173076923077 0.05447443181818181 0.06386538461538463
0 0.3077201704545454 0.36417307692307693 0.06640625 0.08042307692307692
0 0.31639914772727273 0.3998365384615385 0.06865056818181815 0.07890384615384616
0 0.22999289772727274 0.7388269230769231 0.023849431818181808 0.040961538461538376
0 0.23790482954545455 0.7603653846153846 0.02558238636363639 0.04526923076923081
0 0.5838849431818182 0.7582692307692307 0.027883522727272722 0.03161538461538461
0 0.20828835227272727 0.7255096153846153 0.0367755681818182 0.0294807692307692
0 0.07362215909090909 0.5112884615384615 0.06301136363636364 0.031538461538461494
0 0.09022727272727273 0.4877115384615385 0.05491477272727272 0.05596153846153851
0 0.068515625 0.5356634615384614 0.028650568181818183 0.04148076923076922
0 0.10283380681818181 0.5383461538461539 0.042258522727272714 0.04530769230769231
0 0.07857954545454547 0.5510288461538462 0.03289772727272728 0.043019230769230775
0 0.40322443181818185 0.09057692307692307 0.03389204545454547 0.07169230769230768
0 0.40253551136363636 0.14046153846153844 0.06964488636363632 0.04265384615384614
0 0.855205965909091 0.10824038461538461 0.024218750000000098 0.039365384615384615
0 0.8283593749999999 0.39722115384615386 0.030326704545454577 0.06805769230769228
0 0.571640625 0.7700961538461538 0.03768465909090905 0.04561538461538467
0 0.8519034090909091 0.37660576923076927 0.02465909090909093 0.05024999999999999
0 0.7315056818181819 0.7146730769230769 0.03150568181818191 0.04976923076923076
0 0.7450710227272727 0.6922788461538462 0.026505681818181772 0.048288461538461565
0 0.9230539772727272 0.8882596153846154 0.014715909090909111 0.026250000000000065
0 0.7835511363636364 0.9800384615384615 0.039090909090909065 0.03992307692307691
0 0.017890625 0.8852980769230769 0.03578125 0.024788461538461513
0 0.013110795454545455 0.908625 0.02616477272727273 0.026557692307692313
0 0.030987215909090905 0.905076923076923 0.030099431818181813 0.05253846153846153
0 0.013856534090909091 0.922298076923077 0.027514204545454547 0.03998076923076927
0 0.4164985795454546 0.9006923076923077 0.03802556818181824 0.03765384615384612
0 0.07485085227272727 0.9874711538461539 0.027173295454545447 0.025057692307692257
0 0.41878551136363634 0.8739519230769232 0.03921875000000002 0.025788461538461586
0 0.4370170454545454 0.8559615384615386 0.026079545454545393 0.04680769230769226
0 0.4636789772727273 0.8272403846153846 0.024971590909090968 0.035596153846153826
0 0.44340909090909086 0.8260384615384615 0.01803977272727271 0.04030769230769227
0 0.46860085227272724 0.8744711538461539 0.03921875000000002 0.04728846153846149
0 0.4221519886363636 0.8306730769230769 0.03904829545454547 0.06926923076923074
0 0.50453125 0.7729134615384615 0.02375000000000004 0.04801923076923071
0 0.5193323863636364 0.7727211538461538 0.022073863636363666 0.04236538461538456
0 0.4655681818181818 0.8502019230769231 0.03835227272727273 0.043711538461538496
0 0.4517755681818182 0.8977884615384616 0.048465909090909094 0.05030769230769236
0 0.11599431818181817 0.9854134615384614 0.0409090909090909 0.029173076923076954
0 0.9573579545454546 0.8472307692307692 0.06190340909090899 0.056538461538461496
0 0.9768607954545455 0.8640673076923078 0.028977272727272695 0.04963461538461539
0 0.6206818181818181 0.7947884615384616 0.053437500000000006 0.03242307692307695
0 0.6287571022727273 0.810298076923077 0.05930397727272727 0.05590384615384614
0 0.6093892045454545 0.7607115384615385 0.03883522727272732 0.03584615384615382
0 0.6183025568181818 0.7345961538461538 0.03529829545454541 0.0356923076923077
0 0.6514275568181819 0.7295288461538462 0.03384943181818179 0.03513461538461535
0 0.6294602272727272 0.7663365384615385 0.039829545454545486 0.03148076923076924
0 0.650674715909091 0.7562980769230769 0.042144886363636384 0.046057692307692286
0 0.9102059659090909 0.802096153846154 0.03794034090909096 0.0821923076923076
0 0.36862215909090906 0.9899903846153848 0.018096590909090923 0.0199038461538462
0 0.8758309659090909 0.8143557692307692 0.03768465909090905 0.05732692307692308
0 0.9018678977272727 0.7665961538461539 0.02740056818181813 0.05226923076923078
0 0.8755326704545454 0.7662788461538462 0.028110795454545402 0.06194230769230765
0 0.6952272727272727 0.8210192307692308 0.029886363636363586 0.07073076923076918
0 0.7178196022727273 0.8175096153846154 0.02424715909090908 0.05736538461538458
0 0.40162642045454544 0.18253846153846154 0.04322443181818183 0.057269230769230774
0 0.10079545454545456 0.21871153846153843 0.038380681818181814 0.046499999999999986
0 0.10828125000000001 0.2593173076923077 0.04673295454545456 0.040096153846153865
0 0.12735795454545454 0.2331923076923077 0.03173295454545455 0.06292307692307691
0 0.21606534090909094 0.29726923076923073 0.025426136363636373 0.06203846153846158
0 0.3934872159090909 0.9877884615384614 0.039133522727272746 0.0244230769230769
0 0.2282528409090909 0.2665192307692308 0.02119318181818184 0.04896153846153845
0 0.20306107954545452 0.19269230769230766 0.041718749999999964 0.040115384615384615
0 0.2059019886363636 0.21745192307692307 0.016292613636363636 0.030096153846153856
0 0.22102272727272726 0.22453846153846155 0.029630681818181837 0.03738461538461538
0 0.1756321022727273 0.2534711538461539 0.044133522727272737 0.028865384615384626
0 0.1818252840909091 0.27813461538461537 0.01995738636363636 0.024384615384615397
0 0.1968181818181818 0.2703076923076923 0.017784090909090885 0.03011538461538461
0 0.16872159090909092 0.23210576923076923 0.035653409090909104 0.04278846153846154
0 0.19166193181818184 0.2370096153846154 0.03630681818181818 0.040326923076923045
0 0.21845880681818183 0.25122115384615384 0.04055397727272725 0.0318653846153846
0 0.5830397727272728 0.7359711538461539 0.036619318181818225 0.04736538461538461
0 0.18706676136363634 0.2029423076923077 0.027571022727272743 0.03580769230769232
0 0.13449573863636363 0.27602884615384615 0.03217329545454546 0.08032692307692305
0 0.1576633522727273 0.25864423076923077 0.03129261363636364 0.057557692307692324
0 0.1629758522727273 0.3133846153846154 0.03836647727272728 0.06234615384615382
0 0.19427556818181815 0.31143269230769227 0.05056818181818181 0.057403846153846146
0 0.05647017045454545 0.9482403846153847 0.057599431818181814 0.056288461538461614
0 0.24453835227272727 0.928826923076923 0.023508522727272742 0.05919230769230764
0 0.2607883522727273 0.9309230769230769 0.0204971590909091 0.06392307692307694
0 0.11094460227272727 0.8835480769230769 0.053309659090909095 0.04928846153846153
0 0.1080965909090909 0.918875 0.054460227272727264 0.062288461538461515
0 0.5339985795454546 0.9375096153846154 0.02177556818181824 0.05059615384615385
0 0.1978409090909091 0.7637884615384616 0.054403409090909106 0.06511538461538464
0 0.17919034090909092 0.7596442307692307 0.020369318181818166 0.04282692307692304
0 0.18630681818181818 0.7986634615384616 0.03125 0.048403846153846075
0 0.20313210227272727 0.8086730769230769 0.04333806818181817 0.039192307692307686
0 0.1631463068181818 0.7965480769230769 0.02589488636363637 0.047788461538461585
0 0.16053977272727274 0.7555480769230769 0.02332386363636364 0.04217307692307694
0 0.2615980113636364 0.7721634615384615 0.038508522727272704 0.04405769230769235
0 0.32074573863636363 0.6524038461538462 0.030042613636363645 0.034384615384615375
0 0.3337286931818182 0.6551634615384615 0.0254119318181818 0.03990384615384615
0 0.31291193181818183 0.5956057692307691 0.02738636363636364 0.034865384615384604
