0 0.7294886363636363 0.9014711538461538 0.040710227272727224 0.06494230769230766
0 0.38048295454545455 0.033336538461538466 0.03335227272727275 0.05244230769230769
0 0.758955965909091 0.48583653846153846 0.019985795454545527 0.034096153846153825
0 0.929609375 0.10325 0.05288352272727259 0.04549999999999999
0 0.33103693181818183 0.2913076923076923 0.030198863636363663 0.02611538461538464
0 0.05622869318181818 0.9349807692307692 0.02779829545454545 0.0600769230769231
0 0.9571377840909091 0.5527115384615384 0.032258522727272615 0.05373076923076923
0 0.2687215909090909 0.9009326923076924 0.05039772727272726 0.10413461538461534
0 0.3873366477272727 0.0722596153846154 0.051889204545454544 0.04798076923076922
0 0.45170454545454547 0.8259615384615384 0.03977272727272727 0.04038461538461539
0 0.030951704545454543 0.921125 0.025340909090909094 0.048980769230769286
0 0.7310014204545454 0.4770576923076923 0.03740056818181816 0.03980769230769234
0 0.6543394886363636 0.5878653846153846 0.06853693181818182 0.04853846153846156
0 0.06933238636363637 0.9467403846153847 0.027272727272727268 0.04598076923076917
0 0.736612215909091 0.14284615384615384 0.02697443181818191 0.10838461538461537
0 0.7132386363636364 0.45289423076923074 0.04096590909090905 0.05363461538461536
0 0.9554900568181818 0.4894519230769231 0.024531249999999973 0.03471153846153848
0 0.9301278409090908 0.5484230769230769 0.03170454545454553 0.048884615384615304
0 0.8594318181818181 0.012115384615384615 0.029630681818181837 0.02423076923076923
0 0.5207599431818182 0.19942307692307693 0.01740056818181818 0.06723076923076925
0 0.7507244318181818 0.4579615384615384 0.028551136363636234 0.030615384615384593
0 0.9559659090909091 0.4346153846153846 0.03977272727272727 0.04230769230769231
0 0.7498153409090907 0.7746346153846154 0.02681818181818181 0.04069230769230763
0 0.654971590909091 0.5423269230769231 0.032357954545454586 0.04080769230769236
0 0.0994034090909091 0.9434903846153846 0.046789772727272735 0.06478846153846153
0 0.7805539772727272 0.4870865384615385 0.025056818181818163 0.047403846153846164
0 0.6007954545454546 0.24096153846153848 0.020568181818181763 0.030423076923076938
0 0.07467329545454546 0.9128942307692308 0.021931818181818177 0.026788461538461553
0 0.9819460227272727 0.5079230769230769 0.036107954545454485 0.10600000000000001
0 0.008714488636363637 0.46752884615384616 0.010553977272727272 0.01940384615384616
0 0.7435156249999999 0.8098461538461539 0.01873579545454537 0.017500000000000043
0 0.8905113636363637 0.1289519230769231 0.041079545454545396 0.10136538461538461
0 0.06090198863636364 0.8707307692307692 0.027002840909090917 0.05826923076923079
0 0.48658380681818175 0.9538173076923078 0.05938920454545455 0.048865384615384665
0 0.4509659090909091 0.9862884615384615 0.06048295454545452 0.027423076923076904
0 0.08389914772727272 0.8738076923076923 0.04572443181818182 0.06299999999999999
0 0.13062500000000002 0.13284615384615384 0.0506534090909091 0.03853846153846152
0 0.4657954545454545 0.373375 0.03900568181818179 0.02817307692307688
0 0.7718892045454546 0.5490480769230769 0.0417613636363636 0.05305769230769237
0 0.7287357954545454 0.03368269230769231 0.04568181818181822 0.04432692307692307
0 0.1436931818181818 0.46811538461538466 0.02536931818181818 0.03273076923076925
0 0.7294531249999999 0.790798076923077 0.033934659090909154 0.03021153846153842
0 0.7610440340909093 0.019173076923076925 0.04308238636363642 0.03834615384615385
0 0.2634872159090909 0.6422019230769231 0.030298295454545432 0.03351923076923078
0 0.15016335227272729 0.15244230769230768 0.03569602272727272 0.05553846153846153
0 0.7130042613636364 0.011009615384615383 0.04265625000000004 0.022019230769230767
0 0.886171875 0.05518269230769231 0.046434659090909165 0.05532692307692307
0 0.07139914772727272 0.23488461538461541 0.04072443181818181 0.04015384615384617
0 0.688046875 0.46882692307692314 0.032769886363636355 0.063923076923077
0 0.887421875 0.8324903846153846 0.036178977272727314 0.04248076923076918
0 0.42816761363636363 0.0801826923076923 0.04196022727272722 0.04709615384615384
0 0.6555397727272727 0.7230769230769231 0.03551136363636364 0.07307692307692308
0 0.4120667613636364 0.9387115384615384 0.07941761363636367 0.1225769230769231
0 0.7021803977272727 0.5047019230769231 0.04046875000000001 0.06175000000000003
0 0.7741832386363637 0.4473653846153846 0.05169034090909089 0.04119230769230772
0 0.5992116477272728 0.23453846153846156 0.03828124999999998 0.06296153846153849
0 0.3361931818181818 0.12266346153846153 0.03227272727272727 0.03786538461538461
0 0.5173153409090909 0.6042211538461538 0.04073863636363629 0.030019230769230795
0 0.4016335227272727 0.02589423076923077 0.05056818181818185 0.05178846153846154
0 0.7277130681818181 0.5301346153846154 0.05749999999999995 0.041307692307692344
0 0.4734659090909091 0.4029615384615385 0.05696022727272731 0.05353846153846154
0 0.5386363636363636 0.1878653846153846 0.0215056818181818 0.047538461538461536
0 0.8469673295454545 0.6840961538461539 0.028053977272727272 0.04623076923076927
0 0.9413139204545454 0.1991730769230769 0.0444744318181819 0.04780769230769231
0 0.7203480113636364 0.8407596153846155 0.03140624999999994 0.04340384615384614
0 0.30701704545454545 0.13976923076923076 0.037812499999999964 0.04146153846153845
0 0.922450284090909 0.06534615384615385 0.062230113636363556 0.03146153846153845
0 0.5395880681818181 0.22340384615384615 0.02593749999999999 0.03042307692307691
0 0.04339488636363636 0.9338942307692307 0.025142045454545455 0.05717307692307696
0 0.45074573863636364 0.8839903846153846 0.025383522727272734 0.03986538461538465
0 0.5014630681818182 0.17907692307692308 0.027528409090909166 0.06938461538461538
0 0.044325284090909085 0.8853942307692307 0.041974431818181814 0.047788461538461474
0 0.8284517045454546 0.02618269230769231 0.03517045454545453 0.05221153846153847
0 0.49481534090909096 0.6074038461538462 0.023948863636363574 0.04061538461538462
0 0.43749289772727273 0.04620192307692308 0.04626420454545454 0.06651923076923077
0 0.10872869318181819 0.9003846153846153 0.04305397727272728 0.039692307692307666
0 0.7444886363636364 0.36931730769230775 0.02821022727272713 0.047442307692307666
0 0.7371590909090909 0.5070961538461538 0.03417613636363637 0.018692307692307744
0 0.728806818181818 0.8806442307692308 0.050227272727272745 0.0551346153846153
0 0.9157599431818181 0.8439903846153847 0.04291193181818171 0.06286538461538473
0 0.30420454545454545 0.09471153846153846 0.040312499999999994 0.04273076923076923
0 0.8171946022727273 0.697298076923077 0.04376420454545463 0.04913461538461541
0 0.725909090909091 0.7690961538461537 0.02102272727272737 0.029423076923076944
0 0.7472301136363636 0.8433173076923076 0.03522727272727282 0.059942307692307725
0 0.5296164772727273 0.14181730769230771 0.03826704545454545 0.04967307692307692
0 0.02906960227272727 0.5562307692307692 0.05813920454545454 0.08476923076923074
0 0.7751846590909092 0.8076634615384616 0.03877840909090902 0.08051923076923077
0 0.34631392045454545 0.11695192307692308 0.03558238636363634 0.060942307692307685
0 0.8448721590909091 0.028836538461538462 0.03125 0.03721153846153846
0 0.09314630681818183 0.22845192307692305 0.022542613636363642 0.04551923076923077
0 0.713643465909091 0.8225961538461538 0.03958806818181819 0.05492307692307682
0 0.216171875 0.965125 0.06947443181818179 0.047249999999999986
0 0.6413210227272728 0.6237307692307693 0.05838068181818185 0.05153846153846156
0 0.8633522727272727 0.043826923076923076 0.030000000000000006 0.03626923076923077
0 0.0971875 0.19339423076923076 0.01852272727272727 0.02586538461538462
0 0.7630681818181819 0.7901538461538461 0.030710227272727278 0.04638461538461539
0 0.7456889204545455 0.49463461538461534 0.020269886363636337 0.027115384615384604
0 0.8885440340909092 0.7967307692307691 0.030752840909090876 0.04292307692307691
0 0.9545667613636364 0.20814423076923078 0.05140625000000008 0.06832692307692308
0 0.36591619318181823 0.0634423076923077 0.0292755681818182 0.04880769230769231
0 0.3259375 0.0638173076923077 0.03164772727272727 0.048557692307692316
0 0.019751420454545456 0.4634423076923077 0.01566761363636364 0.027576923076923082
0 0.10904829545454545 0.42859615384615385 0.04275568181818181 0.05588461538461539
0 0.945703125 0.5155769230769232 0.03583806818181821 0.025
0 0.30920454545454545 0.10909615384615386 0.037812500000000006 0.04526923076923077
0 0.2531178977272727 0.013817307692307691 0.05776988636363634 0.027634615384615382
0 0.6820951704545455 0.5502788461538461 0.028877840909090968 0.07990384615384617
0 0.3329474431818182 0.30815384615384617 0.05177556818181821 0.03850000000000002
0 0.07602982954545455 0.19728846153846155 0.02830965909090909 0.04265384615384617
0 0.14060369318181817 0.010913461538461539 0.08501420454545454 0.021826923076923077
0 0.907940340909091 0.786625 0.017386363636363488 0.07525
0 0.3367045454545454 0.1594423076923077 0.05781249999999998 0.05373076923076923
0 0.10475852272727272 0.9944519230769231 0.02005681818181819 0.011096153846153811
0 0.7463991477272728 0.024048076923076925 0.02066761363636357 0.044903846153846155
0 0.5631534090909092 0.22532692307692306 0.03954545454545451 0.032538461538461544
0 0.9016477272727272 0.015192307692307692 0.08258522727272725 0.030384615384615385
0 0.7298011363636363 0.5473173076923077 0.050113636363636326 0.03478846153846149
0 0.7765482954545455 0.5183942307692307 0.04400568181818168 0.04044230769230764
0 0.2272869318181818 0.9925576923076923 0.017215909090909098 0.014692307692307885
0 0.18683948863636363 0.9827115384615385 0.02311079545454543 0.03457692307692311
0 0.7722443181818183 0.8640961538461538 0.048409090909090964 0.07596153846153846
0 0.20747159090909092 0.9902115384615384 0.02900568181818184 0.01957692307692309
0 0.35219460227272725 0.07062500000000001 0.023792613636363636 0.06463461538461539
0 0.7304474431818182 0.56275 0.042400568181818137 0.03088461538461539
0 0.25752130681818186 0.6634903846153846 0.024758522727272695 0.030365384615384655
