0 0.12749999999999997 0.5182019230769231 0.03167613636363636 0.03867307692307684
0 0.5134943181818182 0.20789423076923075 0.02088068181818188 0.03378846153846155
0 0.1678053977272727 0.2478653846153846 0.03717329545454546 0.061346153846153856
0 0.03238636363636363 0.12333653846153847 0.05142045454545454 0.07375
0 0.2253338068181818 0.2901442307692308 0.03512784090909089 0.06686538461538458
0 0.10118607954545454 0.026038461538461538 0.04762784090909091 0.052076923076923076
0 0.7560795454545454 0.40740384615384617 0.02306818181818183 0.03923076923076924
0 0.11207386363636364 0.06959615384615384 0.047102272727272736 0.05138461538461538
0 0.5079190340909091 0.8610000000000001 0.03205965909090908 0.04511538461538458
0 0.4645383522727272 0.9202884615384616 0.03205965909090908 0.026384615384615437
0 0.09194602272727272 0.8326057692307693 0.06261363636363636 0.06409615384615382
0 0.1074715909090909 0.31151923076923077 0.04582386363636364 0.061346153846153856
0 0.9893963068181819 0.38759615384615387 0.021207386363636293 0.06807692307692309
0 0.6016051136363636 0.9752596153846154 0.052187499999999935 0.049480769230769266
0 0.8860724431818183 0.8781634615384615 0.02279829545454555 0.08490384615384622
0 0.05188210227272728 0.058528846153846154 0.027485795454545457 0.04163461538461538
0 0.08394176136363636 0.09263461538461538 0.04842329545454546 0.0868076923076923
0 0.5582244318181818 0.9879711538461539 0.033323863636363686 0.02382692307692316
0 0.22711647727272724 0.7578076923076923 0.03258522727272731 0.08823076923076922
0 0.8941761363636364 0.4400096153846154 0.019431818181818272 0.0291730769230769
0 0.9092613636363637 0.4420769230769231 0.02022727272727274 0.025961538461538463
0 0.8764346590909091 0.493076923076923 0.05204545454545453 0.05684615384615385
0 0.7820241477272728 0.3508557692307692 0.05416193181818181 0.051711538461538434
0 0.4226207386363636 0.10416346153846152 0.03461647727272728 0.11578846153846152
0 0.19427556818181815 0.3177211538461538 0.05039772727272726 0.05582692307692308
0 0.520809659090909 0.9778076923076924 0.04400568181818176 0.044384615384615356
0 0.47303267045454545 0.7493365384615384 0.05029829545454549 0.078326923076923
0 0.30296164772727274 0.7571538461538462 0.02359375000000002 0.04961538461538464
0 0.058600852272727266 0.8325961538461539 0.04990056818181818 0.08476923076923074
0 0.7771803977272728 0.8435576923076923 0.02964488636363637 0.04246153846153843
0 0.48654119318181815 0.8039519230769231 0.03205965909090908 0.04851923076923081
0 0.5438920454545454 0.45621153846153845 0.04704545454545455 0.08311538461538456
0 0.6084446022727273 0.3188653846153846 0.03768465909090913 0.04342307692307689
0 0.9217045454545455 0.8808653846153847 0.03136363636363626 0.04707692307692311
0 0.18308238636363636 0.3601057692307692 0.05752840909090907 0.055134615384615414
0 0.15793323863636363 0.5556153846153845 0.03044034090909092 0.031115384615384628
0 0.41384943181818185 0.22829807692307694 0.045767045454545414 0.05675000000000001
0 0.7136079545454546 0.40372115384615387 0.04275568181818177 0.04940384615384615
0 0.9794602272727272 0.6482692307692308 0.0402272727272728 0.07807692307692302
0 0.3238494318181818 0.018990384615384614 0.10690340909090908 0.03798076923076923
0 0.5223792613636363 0.9364711538461539 0.04086647727272725 0.06213461538461539
0 0.18181107954545456 0.03511538461538462 0.048877840909090885 0.06961538461538462
0 0.020134943181818184 0.047865384615384615 0.04026988636363637 0.09511538461538462
0 0.35515625 0.871201923076923 0.09113636363636367 0.07236538461538461
0 0.4854971590909091 0.38722115384615385 0.05346590909090907 0.1006346153846154
0 0.983515625 0.9856442307692307 0.032968750000000054 0.028711538461538476
0 0.5677130681818182 0.27681730769230767 0.019346590909090914 0.04617307692307691
0 0.4025071022727273 0.10871153846153847 0.023934659090909124 0.06011538461538461
0 0.9149857954545456 0.016874999999999998 0.048892045454545396 0.03309615384615384
0 0.49408380681818187 0.5416153846153846 0.026661931818181873 0.034999999999999976
0 0.3274147727272727 0.9699903846153846 0.06821022727272724 0.055826923076923024
0 0.6647727272727273 0.7051442307692307 0.025710227272727305 0.06771153846153842
0 0.6846377840909091 0.6943942307692307 0.03552556818181817 0.0651730769230769
0 0.7031463068181818 0.07762499999999999 0.03666193181818182 0.044788461538461534
0 0.12384943181818181 0.11522115384615385 0.03664772727272727 0.03986538461538462
0 0.05122869318181818 0.10310576923076922 0.03140625 0.05048076923076922
0 0.6883806818181818 0.11140384615384616 0.03156250000000004 0.04342307692307692
0 0.5057954545454545 0.4556442307692308 0.04832386363636361 0.08336538461538466
0 0.186640625 0.1789423076923077 0.040213068181818204 0.06684615384615386
0 0.4997443181818182 0.211 0.01985795454545457 0.03307692307692305
0 0.15201704545454545 0.8370865384615384 0.045312500000000006 0.06617307692307697
0 0.5053480113636364 0.08278846153846153 0.03717329545454548 0.03723076923076923
0 0.7095028409090909 0.026576923076923078 0.040227272727272716 0.053153846153846156
0 0.09423295454545455 0.782625 0.03258522727272728 0.07444230769230765
0 0.528984375 0.8844038461538462 0.03646306818181821 0.05107692307692308
0 0.26377840909090905 0.6954326923076923 0.058039772727272704 0.09028846153846162
0 0.4376420454545455 0.09037500000000001 0.032073863636363616 0.048249999999999994
0 0.2204971590909091 0.36941346153846155 0.0763636363636364 0.0544423076923077
0 0.8762642045454547 0.025951923076923074 0.0363636363636364 0.05190384615384615
0 0.16882102272727273 0.7926153846153845 0.024943181818181823 0.03515384615384621
0 0.9870525568181818 0.6718653846153846 0.02589488636363639 0.10711538461538471
0 0.5063494318181818 0.9322115384615385 0.0314488636363637 0.03830769230769223
0 0.9193252840909092 0.09594230769230769 0.04336647727272724 0.03934615384615385
0 0.06216619318181818 0.7726346153846153 0.042769886363636364 0.06411538461538457
0 0.32919744318181815 0.9207115384615384 0.036150568181818166 0.034461538461538495
0 0.25639204545454547 0.3225480769230769 0.028011363636363674 0.03101923076923076
0 0.3222159090909091 0.7479038461538461 0.023607954545454553 0.04792307692307696
0 0.1506747159090909 0.06295192307692307 0.036633522727272716 0.05048076923076923
0 0.4581178977272727 0.3205480769230769 0.06927556818181815 0.08336538461538466
0 0.7968465909090909 0.8559038461538462 0.018806818181818195 0.03165384615384623
0 0.8385014204545453 0.019538461538461536 0.028394886363636376 0.038423076923076914
0 0.902606534090909 0.8947499999999999 0.03876420454545466 0.05480769230769231
0 0.34768465909090907 0.7146923076923076 0.042244318181818154 0.060538461538461576
0 0.4247585227272727 0.4492884615384615 0.05815340909090909 0.08684615384615378
0 0.019900568181818182 0.823298076923077 0.038693181818181814 0.09375
0 0.008203125 0.7964134615384615 0.016292613636363636 0.0675576923076923
0 0.46296875 0.952701923076923 0.09556818181818177 0.09459615384615384
0 0.7207315340909091 0.4349807692307692 0.0513210227272728 0.09030769230769227
0 0.7101846590909091 0.5000769230769231 0.05531250000000008 0.044000000000000046
0 0.8952059659090907 0.3401923076923076 0.03526988636363642 0.08742307692307694
0 0.21336647727272728 0.9710288461538461 0.06517045454545456 0.05790384615384618
0 0.673125 0.8754519230769231 0.032499999999999994 0.06098076923076919
0 0.27344460227272727 0.3018653846153846 0.02850852272727272 0.03238461538461534
0 0.23348011363636365 0.04384615384615385 0.051420454545454526 0.07100000000000001
0 0.46894176136363636 0.8330480769230769 0.02703124999999996 0.042557692307692296
0 0.15431107954545456 0.2444230769230769 0.03666193181818182 0.05996153846153845
0 0.06623579545454544 0.42627884615384615 0.045823863636363635 0.07305769230769232
0 0.27828125000000004 0.26843269230769234 0.045312500000000006 0.041365384615384596
0 0.26860795454545455 0.37630769230769234 0.045312500000000006 0.06684615384615383
0 0.42241477272727274 0.8866634615384615 0.03835227272727273 0.040865384615384616
0 0.027769886363636365 0.5274807692307693 0.05553977272727273 0.11234615384615382
0 0.17620738636363636 0.07004807692307692 0.04275568181818181 0.031019230769230775
0 0.795106534090909 0.39339423076923075 0.025440340909091027 0.06086538461538457
0 0.5493892045454545 0.1675673076923077 0.03156249999999996 0.04963461538461539
0 0.6535582386363636 0.7522788461538461 0.027571022727272763 0.09871153846153854
0 0.11725852272727275 0.5388076923076923 0.03602272727272727 0.047923076923076846
0 0.37857244318181815 0.4756153846153846 0.05816761363636366 0.10826923076923084
0 0.5155326704545454 0.12483653846153844 0.046321022727272745 0.055134615384615386
0 0.44473721590909093 0.7930288461538462 0.055326704545454526 0.0800192307692308
0 0.750703125 0.92175 0.023366477272727337 0.04519230769230769
0 0.3101065340909091 0.3645865384615385 0.05294034090909088 0.07513461538461537
0 0.1833309659090909 0.843625 0.04174715909090907 0.07236538461538461
0 0.9793394886363636 0.5019711538461538 0.041321022727272776 0.05536538461538466
0 0.8706107954545454 0.3008461538461538 0.03974431818181821 0.0679230769230769
0 0.5537215909090909 0.12243269230769233 0.03207386363636369 0.05582692307692309
0 0.47832386363636364 0.5848365384615385 0.04525568181818184 0.05578846153846152
0 0.2528267045454546 0.9796538461538461 0.028011363636363636 0.04069230769230774
0 0.1370028409090909 0.7857307692307693 0.06821022727272727 0.06961538461538459
0 0.8028977272727272 0.5307692307692308 0.060312500000000054 0.05919230769230764
0 0.7426420454545454 0.9420865384615384 0.023920454545454592 0.03313461538461542
0 0.1313778409090909 0.022394230769230767 0.050369318181818175 0.044788461538461534
0 0.45061789772727273 0.12036538461538462 0.03055397727272726 0.0516923076923077
0 0.5582244318181818 0.961576923076923 0.04840909090909089 0.044269230769230734
0 0.8116690340909091 0.8318461538461539 0.03134943181818189 0.044769230769230714
0 0.6102272727272727 0.2926730769230769 0.04125000000000003 0.028269230769230748
0 0.09627130681818183 0.21639423076923078 0.028508522727272726 0.05582692307692308
0 0.5366619318181818 0.247875 0.05090909090909095 0.05721153846153849
0 0.8479829545454546 0.04151923076923077 0.03474431818181823 0.04703846153846154
0 0.014815340909090908 0.43742307692307686 0.029517045454545456 0.07099999999999998
0 0.5717897727272727 0.14758653846153846 0.03463068181818181 0.04825000000000001
0 0.4940909090909091 0.8405576923076924 0.023267045454545447 0.04511538461538458
0 0.3415767045454545 0.2210576923076923 0.031221590909090935 0.04342307692307692
0 0.5768821022727273 0.24374038461538464 0.03970170454545461 0.03790384615384614
0 0.7237002840909091 0.9360384615384616 0.0228551136363636 0.03169230769230773
0 0.25486505681818183 0.35115384615384615 0.03512784090909089 0.03584615384615382
0 0.022173295454545452 0.40053846153846157 0.044346590909090905 0.07996153846153843
0 0.3321590909090909 0.6558173076923076 0.0409943181818182 0.08240384615384609
0 0.2981392045454545 0.9513846153846154 0.05346590909090911 0.05857692307692304
0 0.1932599431818182 0.763326923076923 0.05345170454545456 0.07030769230769231
0 0.007436079545454546 0.08026923076923077 0.014758522727272728 0.053769230769230764
0 0.852059659090909 0.19169230769230772 0.06159090909090911 0.0771923076923077
0 0.8153764204545454 0.8728846153846154 0.028508522727272636 0.06561538461538463
0 0.9763210227272726 0.45885576923076926 0.04735795454545459 0.08532692307692313
0 0.9847940340909092 0.1465384615384615 0.030411931818181772 0.14111538461538461
0 0.5486221590909092 0.21202884615384615 0.051420454545454526 0.04478846153846155
0 0.5498437500000001 0.4950192307692308 0.025965909090909133 0.04715384615384617
0 0.15917613636363637 0.5257692307692308 0.03664772727272727 0.042038461538461455
0 0.40337357954545455 0.2549423076923077 0.05302556818181816 0.06484615384615387
0 0.5860440340909091 0.17308653846153846 0.04580965909090909 0.0675576923076923
0 0.8780255681818182 0.4927692307692308 0.024488636363636376 0.028346153846153865
0 0.14609375 0.03018269230769231 0.02616477272727273 0.05048076923076923
0 0.24977272727272729 0.29910576923076926 0.026988636363636364 0.026865384615384614
0 0.8929119318181818 0.8357115384615385 0.042187500000000065 0.06946153846153846
0 0.9775284090909092 0.8200096153846154 0.0449431818181818 0.08490384615384622
0 0.13774857954545452 0.5526730769230769 0.024843749999999994 0.03530769230769233
0 0.3163139204545455 0.7121634615384616 0.029190340909090926 0.047096153846153864
0 0.9333877840909092 0.851528846153846 0.04788352272727278 0.07794230769230776
0 0.02271306818181818 0.6926730769230769 0.045312500000000006 0.05169230769230768
0 0.9005113636363636 0.1478076923076923 0.04605113636363631 0.059076923076923075
0 0.5379332386363637 0.22995192307692308 0.035127840909090935 0.04617307692307696
0 0.254609375 0.26257692307692304 0.026463068181818174 0.05030769230769233
0 0.05482954545454546 0.02771153846153846 0.06869318181818182 0.05542307692307692
0 0.03899857954545455 0.7436826923076924 0.024957386363636366 0.03651923076923068
0 0.6390198863636364 0.6667692307692308 0.04275568181818185 0.059576923076923
0 0.43907670454545455 0.9028461538461539 0.03772727272727273 0.03915384615384618
0 0.08608664772727272 0.3907788461538461 0.053963068181818175 0.050326923076923054
0 0.7834446022727274 0.8146057692307693 0.03649147727272719 0.0509423076923076
0 0.775 0.39740384615384616 0.03372159090909092 0.07046153846153844
0 0.12249289772727275 0.23534615384615384 0.03819602272727273 0.07169230769230772
0 0.5292826704545455 0.17652884615384615 0.027997159090909142 0.04963461538461539
0 0.7914275568181818 0.896298076923077 0.06157670454545458 0.08413461538461539
0 0.7338494318181819 0.3535576923076923 0.05815340909090909 0.07873076923076923
0 0.4692542613636364 0.8564519230769231 0.04401988636363638 0.04340384615384614
0 0.6143039772727273 0.273375 0.05039772727272722 0.048942307692307674
0 0.49821732954545456 0.1655096153846154 0.04836647727272721 0.05790384615384615
0 0.30196022727272726 0.9017596153846155 0.03767045454545456 0.06271153846153849
0 0.9011860795454545 0.12628846153846154 0.03231534090909091 0.04696153846153845
0 0.8492258522727273 0.5171057692307692 0.04850852272727269 0.06967307692307691
0 0.7500923295454546 0.3049230769230769 0.051889204545454586 0.07719230769230767
0 0.9727627840909091 0.4025769230769231 0.03887784090909092 0.05626923076923075
0 0.7024928977272727 0.8905096153846154 0.03876420454545449 0.06482692307692314
0 0.1483877840909091 0.09927884615384615 0.03990056818181819 0.04340384615384614
0 0.682265625 0.03416346153846154 0.05498579545454551 0.06832692307692308
0 0.902890625 0.8121634615384616 0.03478693181818183 0.04863461538461542
0 0.4261860795454545 0.7578557692307691 0.049673295454545414 0.10555769230769228
0 0.1469318181818182 0.802625 0.028011363636363636 0.030326923076923043
0 0.3209730113636364 0.7907884615384616 0.026093750000000006 0.04288461538461541
0 0.8038068181818182 0.0494326923076923 0.0473011363636363 0.08325
0 0.15125710227272726 0.628 0.037684659090909095 0.041346153846153845
0 0.7400568181818182 0.012788461538461538 0.03920454545454541 0.025576923076923077
0 0.2943181818181818 0.29875961538461543 0.049886363636363645 0.08959615384615385
0 0.4455326704545454 0.10932692307692309 0.021377840909090926 0.028269230769230776
0 0.8831321022727271 0.16458653846153848 0.04848011363636363 0.06344230769230769
0 0.2296661931818182 0.3290961538461538 0.02953125000000003 0.03584615384615382
0 0.5745951704545454 0.20926923076923076 0.04836647727272729 0.04203846153846154
0 0.4208380681818182 0.839 0.04653409090909089 0.05788461538461532
0 0.30078835227272727 0.7071153846153846 0.026718750000000003 0.04707692307692311
0 0.5832457386363636 0.2847403846153846 0.01680397727272725 0.056519230769230745
0 0.47468749999999993 0.5263076923076924 0.07838068181818182 0.0612692307692308
0 0.448828125 0.571701923076923 0.04120738636363635 0.04921153846153841
0 0.3063778409090909 0.8025576923076924 0.030426136363636388 0.03953846153846154
0 0.2197372159090909 0.41938461538461536 0.05549715909090908 0.0634230769230769
0 0.5651420454545455 0.9078076923076923 0.047159090909090894 0.08769230769230774
0 0.35058238636363637 0.9362115384615385 0.04633522727272728 0.05307692307692312
0 0.39690340909090904 0.07590384615384616 0.032073863636363616 0.04549999999999999
0 0.5179190340909091 0.5602211538461539 0.04362215909090914 0.07001923076923071
0 0.0972940340909091 0.36251923076923076 0.046832386363636375 0.04757692307692309
0 0.3951988636363637 0.7634519230769231 0.027954545454545465 0.040365384615384636
0 0.20675426136363637 0.8274326923076922 0.053963068181818195 0.059288461538461505
0 0.35233664772727274 0.7663942307692307 0.051548295454545444 0.07651923076923081
0 0.1512571022727273 0.7464423076923077 0.07228693181818181 0.03653846153846154
0 0.16424005681818182 0.11518269230769232 0.04836647727272729 0.05790384615384615
0 0.6916619318181818 0.8658173076923077 0.02622159090909096 0.061749999999999916
0 0.8932883522727273 0.47234615384615386 0.018110795454545456 0.03938461538461542
