0 0.8786576704545456 0.10600961538461538 0.03637784090909093 0.04059615384615386
0 0.6183948863636364 0.3542307692307692 0.04627840909090907 0.05357692307692305
0 0.7540767045454545 0.38908653846153846 0.033096590909090846 0.04717307692307693
0 0.7362926136363637 0.3975096153846154 0.017414772727272713 0.06267307692307693
0 0.33939630681818184 0.9039519230769231 0.021122159090909098 0.03986538461538465
0 0.9843039772727273 0.8848076923076924 0.031392045454545485 0.029307692307692326
0 0.8359801136363636 0.6799903846153846 0.02786931818181819 0.04378846153846161
0 0.9002272727272728 0.9813269230769232 0.02778409090909083 0.03430769230769237
0 0.8498224431818181 0.1253173076923077 0.01856534090909082 0.027403846153846168
0 0.9813920454545456 0.8534711538461539 0.022954545454545408 0.03609615384615381
0 0.9932457386363637 0.9145961538461539 0.013508522727272715 0.033769230769230774
0 0.9217187500000001 0.9933942307692308 0.026477272727272707 0.01321153846153847
0 0.45784801136363645 0.6101153846153846 0.021036931818181823 0.03219230769230771
0 0.4555184659090909 0.7918173076923077 0.03569602272727272 0.04225000000000005
0 0.5055894886363637 0.5506826923076923 0.021491477272727266 0.03636538461538466
0 0.5172798295454545 0.6045096153846155 0.046463068181818154 0.10836538461538454
0 0.48571732954545455 0.5725096153846154 0.017201704545454565 0.03563461538461544
0 0.8700568181818181 0.6747884615384615 0.03150568181818191 0.054769230769230806
0 0.4866548295454546 0.5377788461538461 0.019076704545454556 0.06144230769230767
0 0.46879971590909086 0.6208750000000001 0.02740056818181821 0.05309615384615387
0 0.4931036931818182 0.6156057692307693 0.029815340909090923 0.0556346153846154
0 0.4215269886363636 0.5703365384615385 0.024815340909090947 0.029942307692307678
0 0.8774147727272728 0.6477692307692309 0.029403409090908994 0.04699999999999999
0 0.50625 0.6130673076923078 0.029460227272727287 0.055326923076923044
0 0.8564204545454545 0.6458557692307693 0.03411931818181815 0.0711346153846153
0 0.8901775568181818 0.6138653846153846 0.03853693181818181 0.035769230769230706
0 0.9276278409090909 0.627798076923077 0.052982954545454646 0.037826923076923105
0 0.9010227272727271 0.5180865384615384 0.04264204545454559 0.04844230769230769
0 0.8920809659090909 0.4915480769230769 0.041491477272727326 0.048942307692307674
0 0.3175923295454546 0.984701923076923 0.04120738636363635 0.030596153846153894
0 0.9463281250000001 0.5845673076923077 0.0433948863636363 0.0443269230769231
0 0.9343323863636364 0.6038942307692308 0.06585227272727275 0.03040384615384616
0 0.9387784090909093 0.5588653846153846 0.049829545454545515 0.0458461538461538
0 0.9168963068181818 0.532028846153846 0.03907670454545453 0.0532884615384615
0 0.5865767045454546 0.3086826923076923 0.039886363636363616 0.047403846153846164
0 0.710625 0.5383461538461538 0.03250000000000008 0.021769230769230867
0 0.9500994318181818 0.9504326923076923 0.03812499999999988 0.019288461538461595
0 0.03791193181818182 0.5147596153846155 0.038551136363636364 0.03513461538461535
0 0.3216051136363636 0.45913461538461536 0.03309659090909092 0.03726923076923076
0 0.21345880681818183 0.04370192307692308 0.06083806818181816 0.05401923076923078
0 0.7816051136363636 0.6518076923076923 0.036136363636363716 0.050769230769230726
0 0.9009303977272727 0.5747019230769231 0.03578125000000008 0.04174999999999996
0 0.9710369318181818 0.9914134615384614 0.03414772727272722 0.017173076923076937
0 0.8892329545454545 0.5555096153846154 0.023409090909090935 0.05105769230769233
0 0.43250000000000005 0.7977307692307692 0.031363636363636344 0.04861538461538456
0 0.6229616477272727 0.34784615384615386 0.0456676136363636 0.058961538461538454
0 0.8782244318181818 0.5875576923076923 0.02065340909090904 0.04657692307692302
0 0.4421590909090909 0.8237307692307693 0.031931818181818124 0.033269230769230794
0 0.9528693181818183 0.9735673076923077 0.029488636363636352 0.027750000000000014
0 0.9635866477272728 0.9264711538461539 0.026235795454545494 0.02721153846153842
0 0.7654261363636362 0.6590384615384616 0.060909090909090906 0.05776923076923081
0 0.3709303977272727 0.8844519230769231 0.02080965909090906 0.07021153846153845
0 0.9067471590909091 0.5924326923076924 0.03551136363636364 0.03221153846153846
0 0.9825994318181818 0.2694134615384615 0.03480113636363636 0.07871153846153847
0 0.7609588068181818 0.6809326923076923 0.06779829545454548 0.060557692307692326
0 0.3235085227272727 0.9099807692307692 0.030568181818181793 0.10076923076923072
0 0.594453125 0.2959326923076923 0.04833806818181814 0.04605769230769234
0 0.2932883522727273 0.4195096153846154 0.03990056818181819 0.04409615384615386
0 0.4286221590909091 0.9317307692307693 0.041249999999999946 0.040076923076923135
0 0.18356534090909093 0.026375 0.04105113636363637 0.05275
0 0.20790482954545456 0.010701923076923078 0.03288352272727273 0.021134615384615384
0 0.5180752840909091 0.8004519230769231 0.022002840909090923 0.027788461538461515
0 0.32035511363636365 0.9628942307692308 0.024744318181818204 0.06128846153846155
0 0.19623579545454548 0.8925000000000001 0.046250000000000006 0.05842307692307691
0 0.2983380681818182 0.4452884615384616 0.042670454545454574 0.06334615384615384
0 0.9522727272727273 0.9274903846153846 0.029772727272727326 0.028249999999999997
0 0.33855823863636364 0.9467788461538462 0.01680397727272725 0.04675000000000001
0 0.6309730113636364 0.31289423076923073 0.03330965909090908 0.07417307692307697
0 0.35406960227272727 0.946625 0.019843749999999997 0.04517307692307694
0 0.36375710227272723 0.9303461538461538 0.027997159090909104 0.046115384615384544
0 0.9352201704545454 0.9383461538461538 0.0292755681818182 0.026538461538461452
0 0.9267187500000001 0.96425 0.02477272727272719 0.03173076923076923
0 0.7476065340909092 0.49949038461538464 0.021065340909090968 0.025596153846153796
0 0.9864559659090908 0.3110961538461538 0.017997159090909032 0.02434615384615384
0 0.7470454545454545 0.4775480769230769 0.07034090909090898 0.029019230769230776
0 0.2303693181818182 0.027605769230769232 0.036193181818181805 0.055211538461538465
0 0.47111505681818183 0.5401923076923076 0.022372159090909092 0.05611538461538463
0 0.9921590909090909 0.3103269230769231 0.01568181818181813 0.05992307692307692
0 0.4214062499999999 0.6022596153846154 0.038124999999999964 0.0449038461538462
0 0.5107812500000001 0.9566153846153848 0.047698863636363616 0.06261538461538461
0 0.5306036931818181 0.9455384615384615 0.025127840909090905 0.032615384615384685
0 0.5604829545454546 0.9379903846153846 0.03897727272727272 0.06132692307692305
0 0.9885085227272729 0.9718365384615385 0.0222727272727272 0.022749999999999968
0 0.39849431818181813 0.888875 0.03022727272727277 0.07140384615384615
0 0.9038991477272728 0.6713942307692308 0.04546874999999999 0.036365384615384556
0 0.9094460227272727 0.6469230769230769 0.03795454545454549 0.028115384615384625
0 0.46053977272727276 0.09931730769230769 0.03292613636363637 0.05275
0 0.9935582386363635 0.5046346153846153 0.012883522727272799 0.03746153846153844
0 0.46953124999999996 0.8344230769230769 0.03755681818181818 0.043230769230769156
0 0.6076917613636363 0.3968365384615385 0.03609374999999995 0.041134615384615415
0 0.36666903409090906 0.9733173076923077 0.022173295454545435 0.04990384615384624
0 0.47016335227272726 0.08660576923076922 0.03223011363636363 0.053057692307692306
0 0.36228693181818183 0.8843653846153846 0.03232954545454548 0.0761153846153847
0 0.5537642045454546 0.884201923076923 0.031079545454545447 0.031557692307692356
0 0.49453835227272724 0.8253653846153846 0.02365056818181823 0.028230769230769136
0 0.7794176136363636 0.5255384615384615 0.040767045454545354 0.048923076923076916
0 0.7854900568181816 0.5701538461538462 0.025724431818181837 0.09196153846153844
0 0.548515625 0.9625096153846153 0.043593749999999994 0.03844230769230771
0 0.550497159090909 0.8162403846153846 0.03559659090909091 0.03813461538461546
0 0.9721022727272728 0.9561923076923078 0.021903409090909196 0.035653846153846196
0 0.5896235795454546 0.3935673076923077 0.022542613636363562 0.033788461538461524
0 0.49311079545454545 0.9385865384615385 0.026363636363636367 0.05774999999999995
0 0.5235511363636364 0.9172211538461539 0.04517045454545456 0.039057692307692314
0 0.8897514204545455 0.6314038461538461 0.036519886363636414 0.026192307692307702
0 0.9096377840909091 0.9641538461538461 0.024105113636363674 0.02511538461538462
0 0.9270951704545454 0.9796346153846153 0.02626420454545456 0.01923076923076912
0 0.8841406249999999 0.9925384615384616 0.05532670454545445 0.014923076923076905
0 0.8741193181818182 0.9630480769230769 0.03755681818181826 0.05498076923076929
0 0.8820525568181818 0.9508173076923077 0.036946022727272716 0.04290384615384616
0 0.9449857954545454 0.9911057692307692 0.021107954545454565 0.017788461538461538
0 0.8277982954545454 0.8793076923076923 0.03889204545454545 0.04738461538461536
0 0.9378551136363636 0.1236826923076923 0.01980113636363644 0.062057692307692314
0 0.5898508522727273 0.4099615384615385 0.03714488636363633 0.034000000000000016
0 0.8659019886363637 0.8624519230769231 0.02177556818181824 0.04844230769230769
0 0.8517116477272727 0.8308557692307692 0.04549715909090905 0.026326923076923074
0 0.8549360795454546 0.8556442307692308 0.023622159090909246 0.022942307692307595
0 0.8490980113636364 0.8789615384615385 0.026946022727272766 0.0410000000000001
0 0.833409090909091 0.8580961538461539 0.025000000000000033 0.03384615384615378
0 0.5807670454545455 0.17969230769230768 0.032244318181818166 0.030846153846153832
0 0.5511789772727272 0.16714423076923077 0.01772727272727267 0.022480769230769252
0 0.5666193181818181 0.1492019230769231 0.033409090909090965 0.07759615384615386
0 0.6230681818181818 0.22524999999999998 0.06903409090909095 0.09261538461538464
0 0.5795454545454546 0.23889423076923075 0.04122159090909088 0.0653269230769231
0 0.5658025568181819 0.40301923076923074 0.026519886363636388 0.04884615384615386
0 0.5880965909090908 0.20208653846153848 0.046107954545454514 0.037211538461538476
0 0.6171519886363637 0.1295673076923077 0.024360795454545503 0.06940384615384616
0 0.6326065340909092 0.14752884615384615 0.03345170454545456 0.0984423076923077
0 0.43779119318181825 0.10276923076923077 0.02134943181818186 0.043846153846153854
0 0.5647798295454546 0.10002884615384615 0.028707386363636334 0.07525
0 0.6076491477272726 0.16883653846153845 0.022428977272727302 0.04448076923076922
0 0.5923863636363637 0.1599423076923077 0.025909090909090923 0.038884615384615386
0 0.5696235795454545 0.08935576923076924 0.024275568181818145 0.062480769230769236
0 0.9486150568181819 0.8986826923076923 0.03188920454545445 0.04032692307692313
0 0.5947159090909091 0.12198076923076923 0.03142045454545455 0.04996153846153847
0 0.9180681818181817 0.028875 0.026306818181818317 0.03955769230769231
0 0.5884872159090909 0.09020192307692308 0.03387784090909094 0.06274999999999999
0 0.9745383522727273 0.9029134615384615 0.03129261363636376 0.03590384615384618
0 0.9240340909090908 0.9095673076923078 0.033380681818181816 0.04517307692307694
0 0.8827059659090909 0.9336730769230769 0.03691761363636365 0.03700000000000002
0 0.9133806818181818 0.9364326923076923 0.033153409090909136 0.03148076923076924
0 0.895028409090909 0.913423076923077 0.030056818181818136 0.03657692307692304
0 0.2895241477272727 0.9891057692307693 0.03822443181818181 0.021788461538461507
0 0.7527130681818182 0.9826538461538462 0.04221590909090913 0.03469230769230773
0 0.7677130681818182 0.5724903846153847 0.03295454545454552 0.04578846153846154
0 0.7105681818181818 0.982125 0.044801136363636314 0.035673076923076946
0 0.4880752840909091 0.643423076923077 0.031832386363636396 0.06573076923076925
0 0.3805539772727272 0.10072115384615385 0.033693181818181775 0.057788461538461545
0 0.3516974431818181 0.8602500000000001 0.05092329545454544 0.04411538461538461
0 0.4835014204545454 0.08519230769230769 0.02921874999999999 0.03453846153846154
0 0.4791619318181818 0.058442307692307696 0.03585227272727274 0.021846153846153845
0 0.4738068181818182 0.03471153846153846 0.03661931818181814 0.03880769230769231
0 0.45111505681818187 0.029884615384615388 0.021036931818181823 0.05023076923076923
0 0.4375213068181818 0.06514423076923077 0.034701704545454556 0.03990384615384615
0 0.791065340909091 0.6359711538461538 0.027528409090909086 0.07594230769230771
0 0.5537642045454546 0.8974903846153846 0.03434659090909092 0.031557692307692245
0 0.4226633522727273 0.07946153846153846 0.021633522727272755 0.049230769230769224
0 0.8871306818181818 0.043875000000000004 0.03653409090909095 0.06563461538461539
0 0.35640625 0.10059615384615385 0.032073863636363616 0.056461538461538445
0 0.7590482954545454 0.5272307692307692 0.0308238636363637 0.028576923076922993
0 0.3437713068181818 0.07535576923076924 0.038906250000000024 0.05482692307692307
0 0.3510369318181818 0.9818653846153846 0.027755681818181766 0.0362692307692308
0 0.3658025568181818 0.055538461538461543 0.022911931818181772 0.041884615384615395
0 0.3865198863636364 0.03325 0.02579545454545458 0.0665
0 0.39328125 0.09294230769230769 0.030198863636363624 0.06588461538461536
0 0.37352272727272723 0.03754807692307692 0.03920454545454544 0.0749423076923077
0 0.41112215909090905 0.08905769230769231 0.019460227272727258 0.04392307692307692
0 0.3469957386363636 0.031586538461538465 0.04109375000000001 0.04767307692307692
0 0.8916193181818183 0.0835 0.04210227272727271 0.024115384615384615
0 0.39272727272727276 0.9415288461538462 0.03244318181818178 0.0622499999999999
0 0.2665198863636364 0.9293269230769231 0.05539772727272727 0.0458076923076924
0 0.07492187500000001 0.46248076923076925 0.034019886363636356 0.041807692307692323
0 0.08038352272727273 0.5016634615384615 0.034602272727272725 0.05205769230769224
0 0.734090909090909 0.9167403846153845 0.024062499999999997 0.06201923076923077
0 0.22173295454545452 0.9255 0.032840909090909094 0.04357692307692301
0 0.5465056818181818 0.9134519230769231 0.03133522727272728 0.018019230769230777
0 0.4767045454545455 0.8549423076923077 0.028863636363636355 0.02984615384615381
0 0.11009232954545455 0.9884615384615385 0.04169034090909092 0.022923076923076952
0 0.07225852272727273 0.9784134615384615 0.05136363636363637 0.043173076923076904
0 0.9214559659090908 0.11314423076923077 0.018536931818181914 0.06709615384615385
0 0.7545951704545455 0.7904134615384615 0.03441761363636366 0.04844230769230769
0 0.7589772727272727 0.9571153846153847 0.046789772727272645 0.048192307692307694
0 0.7160511363636364 0.7654807692307692 0.017215909090909098 0.024692307692307753
0 0.9609446022727273 0.9691634615384616 0.033849431818181716 0.025634615384615353
0 0.021740056818181818 0.9856346153846154 0.043480113636363636 0.028153846153846238
0 0.04611505681818182 0.9918557692307692 0.022940340909090907 0.01605769230769246
0 0.019829545454545457 0.45890384615384616 0.039659090909090915 0.04588461538461541
0 0.02355113636363636 0.8052211538461539 0.04710227272727272 0.08094230769230765
0 0.28805397727272725 0.8894423076923077 0.03525568181818181 0.03169230769230773
0 0.9834588068181819 0.9874134615384617 0.03228693181818185 0.025173076923076874
0 0.897762784090909 0.11689423076923076 0.035127840909090935 0.051134615384615376
0 0.27916193181818183 0.9045288461538462 0.031022727272727237 0.02901923076923072
0 0.2564559659090909 0.9024326923076923 0.018338068181818178 0.02863461538461536
0 0.036349431818181815 0.49117307692307693 0.03468749999999999 0.022230769230769235
0 0.03965909090909091 0.4545961538461538 0.023295454545454543 0.060230769230769275
0 0.7115198863636364 0.9091538461538461 0.03954545454545459 0.054884615384615316
0 0.06309659090909091 0.4922403846153846 0.0330965909090909 0.10109615384615384
0 0.10622869318181817 0.22666346153846156 0.030781250000000003 0.052442307692307684
0 0.3478125 0.3885961538461538 0.025880681818181817 0.05946153846153844
0 0.2834232954545455 0.3127403846153846 0.03931818181818183 0.06921153846153848
0 0.45061079545454547 0.9419519230769231 0.0371306818181818 0.045480769230769186
0 0.4616690340909091 0.6385673076923077 0.029985795454545473 0.04524999999999995
0 0.295546875 0.34311538461538466 0.05046875 0.032384615384615394
0 0.2972159090909091 0.8787500000000001 0.02482954545454544 0.03857692307692308
0 0.5511079545454546 0.8502980769230769 0.027755681818181846 0.0384423076923076
0 0.4415909090909091 0.8992692307692308 0.02664772727272726 0.0410384615384616
0 0.524090909090909 0.8633557692307692 0.02664772727272726 0.049942307692307744
0 0.4097940340909091 0.039259615384615386 0.03217329545454542 0.05778846153846153
0 0.422265625 0.9058173076923076 0.029985795454545393 0.03698076923076916
0 0.46093039772727273 0.9127692307692308 0.01990056818181817 0.037884615384615364
0 0.4403480113636364 0.05161538461538462 0.044275568181818124 0.04026923076923077
0 0.9917755681818182 0.9494711538461539 0.016448863636363695 0.05244230769230777
0 0.4385866477272727 0.6292307692307693 0.03211647727272729 0.05603846153846151
0 0.8509161931818183 0.6932692307692307 0.03419034090909098 0.04973076923076926
0 0.9790553977272727 0.9477211538461539 0.013764204545454623 0.024826923076923017
0 0.9845809659090908 0.9285384615384616 0.02049715909090918 0.031038461538461622
0 0.7106036931818182 0.5219807692307692 0.03475852272727276 0.03003846153846155
0 0.8158451704545455 0.7170288461538462 0.04063920454545456 0.057634615384615326
0 0.48048295454545453 0.9385673076923076 0.02798295454545453 0.06117307692307693
0 0.7769957386363638 0.4968461538461539 0.041377840909090906 0.045346153846153814
0 0.5377130681818182 0.8450576923076923 0.020965909090909077 0.024461538461538514
0 0.4221732954545454 0.018509615384615385 0.059488636363636355 0.03578846153846154
0 0.5643394886363636 0.855326923076923 0.02387784090909091 0.05111538461538458
0 0.911825284090909 0.13747115384615385 0.03734375000000011 0.04213461538461538
0 0.6976704545454545 0.9479807692307693 0.03295454545454544 0.07273076923076922
0 0.8224431818181818 0.7489423076923077 0.0363920454545453 0.06530769230769227
0 0.7168110795454545 0.49492307692307697 0.042031249999999964 0.03426923076923075
0 0.7637144886363636 0.7519711538461538 0.03887784090909092 0.032134615384615345
0 0.025298295454545452 0.8777211538461539 0.04857954545454545 0.0764423076923077
0 0.7298153409090908 0.7603653846153846 0.01857954545454551 0.036807692307692284
0 0.29678977272727275 0.849923076923077 0.027926136363636358 0.02903846153846147
0 0.5260014204545455 0.8803461538461538 0.028906250000000033 0.02842307692307698
0 0.3303409090909091 0.8657692307692307 0.02761363636363636 0.05838461538461541
0 0.7153977272727272 0.6465576923076923 0.03843749999999992 0.032115384615384594
0 0.2374147727272727 0.8335 0.026505681818181814 0.04276923076923079
0 0.5011505681818181 0.8704134615384616 0.028863636363636435 0.040173076923076895
0 0.5660369318181818 0.36497115384615386 0.031448863636363615 0.08871153846153845
0 0.3076775568181818 0.30364423076923075 0.04063920454545453 0.049249999999999974
0 0.1308096590909091 0.21959615384615383 0.0334090909090909 0.04319230769230771
0 0.6889985795454545 0.6284615384615384 0.03242897727272733 0.04388461538461537
0 0.5281747159090909 0.9006442307692308 0.03370738636363631 0.01721153846153844
0 0.7434090909090909 0.7713076923076924 0.024431818181818245 0.049384615384615395
0 0.6756463068181818 0.6432307692307693 0.03365056818181818 0.041346153846153845
0 0.4677059659090909 0.8692211538461538 0.04410511363636365 0.035442307692307704
0 0.7581534090909091 0.9138461538461539 0.04383522727272729 0.05623076923076925
0 0.20921164772727271 0.8317788461538461 0.05245738636363637 0.04009615384615378
0 0.45702414772727273 0.8836826923076923 0.03237215909090904 0.034519230769230747
0 0.6197727272727273 0.38803846153846155 0.0414204545454545 0.03549999999999996
0 0.32995738636363636 0.3253846153846154 0.029488636363636352 0.058999999999999955
0 0.08520596590909091 0.2256923076923077 0.030781249999999993 0.04826923076923076
0 0.8229332386363637 0.9824903846153846 0.07626420454545463 0.032326923076922975
0 0.04899147727272728 0.14745192307692306 0.040170454545454544 0.056403846153846166
0 0.035667613636363636 0.17234615384615384 0.039034090909090914 0.05130769230769229
0 0.05406960227272727 0.6324711538461538 0.03657670454545454 0.060634615384615335
0 0.05896306818181818 0.12754807692307693 0.04116477272727273 0.061250000000000006
0 0.4882599431818182 0.8995288461538461 0.04617897727272726 0.029634615384615322
0 0.10487215909090909 0.12601923076923077 0.036193181818181805 0.04469230769230771
0 0.3229119318181818 0.36086538461538464 0.043579545454545426 0.030615384615384645
0 0.6039133522727272 0.3663942307692308 0.03223011363636363 0.021288461538461527
0 0.07592329545454546 0.11927884615384617 0.02622159090909091 0.0630576923076923
0 0.5131463068181819 0.8250865384615385 0.01967329545454549 0.029288461538461572
0 0.7561931818181818 0.2611538461538462 0.01877840909090913 0.028653846153846165
0 0.541455965909091 0.7932211538461539 0.027514204545454553 0.03425
0 0.29440340909090906 0.38282692307692306 0.030482954545454556 0.0479230769230769
0 0.527109375 0.8125480769230768 0.017571022727272734 0.025057692307692364
0 0.026853693181818183 0.6324807692307692 0.029786931818181817 0.0600769230769231
0 0.3171732954545454 0.39015384615384613 0.01900568181818181 0.04392307692307693
0 0.25857244318181816 0.8264423076923076 0.025383522727272734 0.04315384615384626
0 0.9883806818181817 0.5290384615384616 0.02323863636363638 0.036192307692307676
0 0.5901491477272727 0.33995192307692307 0.022542613636363642 0.03867307692307695
0 0.434424715909091 0.8433557692307692 0.03575284090909093 0.054173076923076956
0 0.3258664772727273 0.4134423076923077 0.024573863636363654 0.03726923076923076
0 0.7755823863636363 0.7643173076923077 0.03028409090909082 0.04471153846153846
0 0.7886647727272728 0.7361346153846153 0.06676136363636363 0.08526923076923072
0 0.2972585227272727 0.9606730769230768 0.035000000000000024 0.06380769230769232
0 0.7009090909090909 0.747548076923077 0.04267045454545449 0.03259615384615382
0 0.7896875000000001 0.8255865384615385 0.05505681818181833 0.04705769230769236
0 0.3374928977272727 0.38126923076923075 0.022286931818181813 0.04392307692307693
0 0.7642329545454545 0.812076923076923 0.051619318181818225 0.04984615384615387
0 0.39126420454545463 0.8882115384615384 0.035227272727272746 0.0725769230769231
0 0.5816335227272728 0.36533653846153846 0.013892045454545497 0.029096153846153838
0 0.24009943181818183 0.8478173076923077 0.020596590909090908 0.02863461538461536
0 0.5276633522727273 0.8351538461538461 0.01711647727272729 0.026153846153846087
0 0.8062144886363637 0.7806249999999999 0.06538352272727285 0.07175000000000001
0 0.7559659090909091 0.6266442307692308 0.021335227272727245 0.031211538461538495
0 0.8075852272727272 0.6981634615384614 0.037159090909090864 0.05590384615384614
0 0.5021306818181818 0.848423076923077 0.03230113636363638 0.028038461538461616
0 0.8228977272727271 0.656 0.03889204545454545 0.04238461538461531
0 0.8124005681818183 0.6520480769230769 0.027528409090909086 0.040057692307692384
0 0.8361434659090908 0.7624519230769231 0.023394886363636402 0.06336538461538459
0 0.8495667613636364 0.7680480769230769 0.017883522727272772 0.034480769230769245
0 0.5711363636363637 0.3160576923076924 0.02713068181818185 0.05342307692307693
0 0.855419034090909 0.719125 0.02958806818181824 0.03821153846153847
0 0.42668323863636365 0.8642980769230769 0.027741477272727234 0.052442307692307656
0 0.7222230113636363 0.9533269230769231 0.02933238636363633 0.037923076923076865
0 0.20512073863636363 0.8789423076923076 0.026803977272727278 0.022923076923076952
0 0.7339204545454546 0.4461826923076923 0.024630681818181864 0.046826923076923065
0 0.7435085227272729 0.45915384615384613 0.05025568181818181 0.03030769230769229
0 0.7651491477272727 0.41502884615384616 0.02438920454545449 0.06940384615384616
0 0.9877485795454546 0.5708269230769231 0.024502840909090908 0.049961538461538495
0 0.7463707386363635 0.41502884615384616 0.0171732954545455 0.03167307692307692
0 0.7514630681818182 0.4276634615384615 0.017414772727272713 0.03740384615384618
