0 0.36357954545454546 0.63725 0.041448863636363645 0.060346153846153834
0 0.5649573863636363 0.016653846153846154 0.04500000000000001 0.03330769230769231
0 0.4256392045454545 0.8548269230769231 0.019289772727272704 0.04353846153846151
0 0.449375 0.8514807692307692 0.03017045454545456 0.05423076923076921
0 0.4687713068181818 0.8732115384615384 0.023735795454545426 0.05311538461538463
0 0.6240482954545455 0.8610769230769231 0.03971590909090906 0.05903846153846152
0 0.7340269886363636 0.9361826923076924 0.031008522727272704 0.051826923076923166
0 0.838671875 0.9866153846153846 0.04069602272727269 0.0267692307692308
0 0.7638210227272727 0.9371634615384615 0.03536931818181815 0.06951923076923072
0 0.9702272727272727 0.6504326923076924 0.059545454545454485 0.09359615384615387
0 0.9919318181818181 0.6882596153846153 0.016136363636363657 0.04844230769230769
0 0.9625568181818182 0.7130192307692307 0.036988636363636314 0.06203846153846152
0 0.5596732954545455 0.02985576923076923 0.045397727272727326 0.02490384615384615
0 0.9125071022727272 0.7230865384615385 0.06231534090909092 0.05605769230769227
0 0.9346235795454546 0.7796923076923077 0.05748579545454549 0.05169230769230768
0 0.9263849431818181 0.7497596153846153 0.044218749999999994 0.05824999999999993
0 0.9494957386363637 0.764451923076923 0.036576704545454544 0.057134615384615346
0 0.9736150568181817 0.7149326923076923 0.030156250000000027 0.041903846153846194
0 0.9822869318181818 0.750576923076923 0.035426136363636444 0.09142307692307697
0 0.9167329545454546 0.6836346153846155 0.08119318181818193 0.06096153846153844
0 0.9229616477272727 0.6466153846153846 0.055071022727272705 0.09034615384615388
0 0.7993465909090909 0.7228173076923077 0.02332386363636374 0.04463461538461545
0 0.7762286931818181 0.864596153846154 0.04703125000000002 0.04299999999999992
0 0.5667116477272728 0.06561538461538463 0.05086647727272728 0.06146153846153846
0 0.7637713068181817 0.8303076923076923 0.04220170454545444 0.05388461538461535
0 0.8120099431818182 0.7682596153846154 0.0422017045454546 0.07021153846153845
0 0.7432670454545455 0.738326923076923 0.04463068181818184 0.05169230769230768
0 0.779247159090909 0.7064903846153846 0.03457386363636368 0.03701923076923077
0 0.7561292613636365 0.7236346153846153 0.04140624999999997 0.027769230769230765
0 0.7484943181818182 0.6994134615384615 0.03014204545454533 0.030480769230769273
0 0.7336150568181818 0.6898942307692307 0.025326704545454524 0.029942307692307678
0 0.8210511363636364 0.7092115384615384 0.03457386363636368 0.06530769230769227
0 0.794325284090909 0.686625 0.03819602272727271 0.040826923076923115
0 0.76296875 0.6678461538461538 0.0430113636363636 0.04573076923076929
0 0.5105681818181819 0.014 0.07159090909090905 0.028
0 0.9113068181818181 0.8999711538461539 0.062301136363636385 0.09305769230769229
0 0.881356534090909 0.8610576923076924 0.03779829545454547 0.05442307692307684
0 0.9726207386363637 0.40181730769230767 0.05475852272727266 0.06828846153846152
0 0.7711079545454546 0.5367596153846154 0.09298295454545459 0.06505769230769227
0 0.6103764204545455 0.3815480769230769 0.04254261363636362 0.07040384615384618
0 0.6135227272727272 0.3111442307692308 0.042556818181818154 0.09175000000000001
0 0.6899502840909091 0.3948846153846154 0.07248579545454549 0.03519230769230772
0 0.673409090909091 0.36661538461538457 0.03309659090909092 0.0383846153846154
0 0.7017755681818181 0.3644807692307692 0.03309659090909092 0.04053846153846151
0 0.719737215909091 0.3368557692307692 0.027428977272727275 0.03521153846153847
0 0.5450213068181818 0.34755769230769235 0.025184659090909115 0.046346153846153836
0 0.7474005681818181 0.3307788461538461 0.04869318181818178 0.033288461538461545
0 0.6398437499999999 0.3589423076923077 0.037812500000000006 0.09088461538461537
0 0.6970454545454546 0.3275769230769231 0.02931818181818188 0.04865384615384617
0 0.686171875 0.31477884615384616 0.06430397727272724 0.07425000000000002
0 0.7336860795454545 0.3598942307692307 0.02316761363636356 0.030096153846153856
0 0.7592116477272728 0.3544519230769231 0.03262784090909095 0.05374999999999998
0 0.7306107954545454 0.30260576923076926 0.045397727272727326 0.042249999999999996
0 0.7339204545454545 0.3935 0.04821022727272727 0.06784615384615385
0 0.6838068181818181 0.15348076923076923 0.04349431818181819 0.10496153846153844
0 0.7447940340909092 0.11027884615384616 0.05862215909090915 0.05951923076923076
0 0.022357954545454545 0.17451923076923076 0.04471590909090909 0.0961153846153846
0 0.7109943181818182 0.12307692307692308 0.044914772727272734 0.037769230769230756
0 0.7432670454545455 0.1509230769230769 0.04843749999999995 0.04353846153846154
0 0.7277769886363636 0.16851923076923075 0.04916193181818176 0.05696153846153847
0 0.9208948863636363 0.17396153846153847 0.037357954545454646 0.05376923076923076
0 0.9159303977272728 0.13459615384615384 0.03970170454545445 0.055692307692307694
0 0.8759872159090908 0.27445192307692307 0.03734375000000011 0.11648076923076922
0 0.855419034090909 0.27060576923076923 0.03782670454545454 0.12417307692307691
0 0.8277627840909091 0.26676923076923076 0.06191761363636352 0.12161538461538464
0 0.43480823863636364 0.22164423076923076 0.06779829545454548 0.0915192307692308
0 0.4176420454545454 0.3131730769230769 0.03403409090909088 0.04288461538461541
0 0.7618821022727272 0.7721538461538461 0.07177556818181814 0.04415384615384611
0 0.3895170454545455 0.34805769230769235 0.06383522727272727 0.058884615384615396
0 0.3762855113636363 0.28373076923076923 0.05342329545454543 0.06719230769230769
0 0.4500284090909091 0.7447596153846153 0.0430113636363636 0.06505769230769227
0 0.5883167613636364 0.7532019230769231 0.032144886363636355 0.04351923076923076
0 0.6079332386363636 0.7461634615384616 0.029786931818181858 0.04225000000000005
0 0.5554545454545455 0.5432596153846154 0.04775568181818182 0.056326923076923004
0 0.5452911931818182 0.5141442307692308 0.024588068181818187 0.044173076923076864
0 0.5174005681818182 0.5394230769230769 0.033096590909090846 0.09599999999999997
0 0.5117258522727273 0.5048653846153845 0.027428977272727275 0.04096153846153849
0 0.5698792613636364 0.5096634615384615 0.04538352272727271 0.04544230769230763
0 0.7764488636363637 0.7406538461538461 0.02434659090909105 0.03769230769230773
0 0.5533238636363635 0.4789423076923077 0.04727272727272731 0.03650000000000003
0 0.5277982954545455 0.4690288461538461 0.025539772727272755 0.04736538461538455
0 0.5183451704545454 0.4360576923076923 0.04160511363636366 0.09153846153846158
0 0.5003764204545454 0.4891826923076923 0.031207386363636402 0.04032692307692313
0 0.4826491477272727 0.5419903846153847 0.04964488636363635 0.06913461538461536
0 0.4722443181818182 0.4360576923076923 0.05909090909090904 0.09665384615384613
0 0.4592471590909091 0.5160576923076924 0.052954545454545414 0.07488461538461538
0 0.4332457386363636 0.44598076923076924 0.0595596590909091 0.06146153846153842
0 0.3977911931818181 0.4447019230769231 0.039701704545454526 0.039673076923076915
0 0.35382812500000005 0.37270192307692307 0.05578125000000001 0.09025000000000001
0 0.7129971590909091 0.9375576923076923 0.015340909090909106 0.023499999999999945
0 0.36611505681818185 0.5960673076923078 0.05768465909090911 0.05951923076923075
0 0.20750710227272728 0.8290384615384616 0.03924715909090908 0.07999999999999993
0 0.23161221590909092 0.8332019230769231 0.043963068181818166 0.0716730769230769
0 0.18788352272727274 0.8178461538461538 0.04917613636363639 0.08961538461538456
0 0.25265625 0.791923076923077 0.05389204545454545 0.06592307692307688
0 0.25785511363636365 0.7644038461538462 0.037812500000000006 0.039038461538461564
0 0.22240056818181816 0.785201923076923 0.05957386363636363 0.04863461538461532
0 0.18740767045454546 0.7618461538461538 0.04822443181818182 0.04288461538461541
0 0.21908380681818185 0.749673076923077 0.028366477272727272 0.04288461538461541
0 0.2379971590909091 0.7391153846153847 0.02647727272727275 0.03711538461538464
0 0.8061576704545454 0.8431346153846154 0.04302556818181813 0.05273076923076915
0 0.18174005681818184 0.7407211538461539 0.05294034090909092 0.045442307692307685
0 0.2124644886363636 0.7077596153846153 0.0491619318181818 0.04609615384615379
0 0.17228693181818183 0.7061538461538462 0.034034090909090924 0.04288461538461541
0 0.1952130681818182 0.6836923076923077 0.03639204545454546 0.050192307692307626
0 0.14822443181818182 0.6545673076923076 0.05758522727272728 0.07078846153846144
0 0.011732954545454545 0.5470384615384616 0.02346590909090909 0.05107692307692308
0 0.022649147727272726 0.5067211538461539 0.04529829545454545 0.05824999999999998
0 0.02463778409090909 0.46684615384615386 0.04927556818181818 0.07169230769230764
0 0.055561079545454535 0.7477596153846154 0.047002840909090904 0.07974999999999995
0 0.07938920454545455 0.7553846153846154 0.041704545454545446 0.07526923076923074
0 0.3383948863636364 0.6345384615384616 0.019602272727272704 0.05611538461538463
0 0.7840482954545455 0.8261153846153846 0.02911931818181818 0.04138461538461535
0 0.6252556818181818 0.8932019230769231 0.0488068181818182 0.05540384615384616
0 0.6414346590909091 0.9291346153846154 0.04801136363636365 0.059346153846153764
0 0.11138494318181819 0.9623365384615384 0.03444602272727273 0.04098076923076924
0 0.10112215909090909 0.9802403846153847 0.03826704545454545 0.03721153846153839
0 0.07416193181818181 0.9873076923076922 0.0365340909090909 0.024961538461538386
0 0.04966619318181819 0.9928653846153845 0.02484375 0.013846153846153715
0 0.08156960227272726 0.9622019230769231 0.02921874999999999 0.04351923076923087
0 0.047720170454545456 0.9711057692307693 0.03848011363636364 0.05736538461538458
0 0.057698863636363645 0.9364807692307693 0.046761363636363636 0.059346153846153764
0 0.5065625 0.8002403846153846 0.02034090909090908 0.029326923076923077
0 0.09496448863636364 0.9265961538461538 0.07453125000000001 0.059346153846153875
0 0.09267755681818182 0.2540480769230769 0.034644886363636364 0.03582692307692304
0 0.11745738636363635 0.24883653846153841 0.05147727272727274 0.06448076923076923
0 0.06490056818181818 0.18485576923076924 0.019715909090909093 0.042711538461538474
0 0.04813210227272727 0.2155673076923077 0.02563920454545454 0.06140384615384617
0 0.04213778409090909 0.16548076923076924 0.037116477272727266 0.033884615384615395
0 0.060916193181818186 0.14066346153846154 0.030639204545454546 0.050826923076923075
0 0.03524147727272728 0.12254807692307691 0.05954545454545455 0.05198076923076922
0 0.08917613636363636 0.17161538461538461 0.03883522727272728 0.046153846153846156
0 0.024090909090909093 0.10765384615384614 0.04818181818181819 0.04673076923076923
0 0.30610795454545453 0.9586730769230769 0.040056818181818166 0.05569230769230776
0 0.19608664772727274 0.2104519230769231 0.031661931818181804 0.04205769230769232
0 0.19151988636363634 0.23642307692307693 0.028011363636363636 0.03461538461538462
0 0.16867897727272727 0.21437499999999998 0.03409090909090909 0.05728846153846155
0 0.26549715909090915 0.2675480769230769 0.040795454545454544 0.06225000000000001
0 0.257734375 0.26403846153846156 0.03257102272727274 0.03461538461538462
0 0.24632102272727271 0.26425 0.04872159090909092 0.07296153846153845
0 0.3797372159090909 0.23308653846153848 0.06802556818181817 0.05494230769230771
0 0.4043892045454545 0.2808173076923077 0.034772727272727295 0.04071153846153849
0 0.42384232954545453 0.27842307692307694 0.02771306818181817 0.06465384615384616
0 0.44683238636363637 0.3139423076923077 0.021818181818181837 0.04788461538461534
0 0.3176491477272727 0.9898365384615385 0.025610795454545417 0.020326923076923065
0 0.46805397727272724 0.32990384615384616 0.034772727272727295 0.047884615384615394
0 0.4822017045454546 0.3722019230769231 0.03832386363636358 0.06544230769230769
0 0.43563210227272725 0.3714134615384615 0.03714488636363633 0.09098076923076924
0 0.4571732954545455 0.3609326923076923 0.02477272727272727 0.060326923076923084
0 0.3747230113636364 0.24596153846153848 0.04109374999999997 0.0516153846153846
0 0.1070809659090909 0.2060673076923077 0.053480113636363624 0.12067307692307692
0 0.44711647727272724 0.2620673076923077 0.02548295454545454 0.060711538461538476
0 0.07860085227272727 0.12562500000000001 0.06089488636363636 0.07240384615384617
0 0.5004758522727273 0.3342019230769231 0.02970170454545458 0.05832692307692305
0 0.5272585227272727 0.30897115384615387 0.0320170454545454 0.06148076923076923
0 0.559872159090909 0.9911442307692307 0.05190340909090912 0.01755769230769241
0 0.48446022727272725 0.3113365384615384 0.04426136363636359 0.052019230769230734
0 0.4655326704545455 0.2825673076923077 0.02970170454545458 0.03548076923076921
0 0.5243465909090909 0.35548076923076927 0.026193181818181813 0.034692307692307675
0 0.5359872159090909 0.3767692307692308 0.020383522727272677 0.025230769230769185
0 0.5112428977272727 0.3783461538461539 0.027940340909090932 0.033115384615384616
0 0.5627769886363636 0.376375 0.022713068181818195 0.03548076923076921
0 0.5298792613636363 0.39253846153846156 0.05356534090909088 0.042576923076923054
0 0.5764630681818183 0.38031730769230765 0.038437500000000006 0.04651923076923082
0 0.9608948863636364 0.022826923076923075 0.0782102272727272 0.04565384615384615
0 0.9110227272727273 0.029528846153846156 0.0320170454545454 0.05905769230769231
0 0.8674431818181819 0.0066442307692307695 0.03451704545454555 0.013288461538461539
0 0.8777059659090909 0.03346153846153846 0.03927556818181815 0.06692307692307692
0 0.8492329545454546 0.03988461538461538 0.04238636363636352 0.05407692307692307
0 0.5110724431818182 0.044903846153846155 0.07103693181818181 0.057692307692307696
0 0.4800426136363637 0.01351923076923077 0.041448863636363645 0.02703846153846154
0 0.30439630681818186 0.021759615384615384 0.054133522727272704 0.04351923076923077
0 0.31319602272727276 0.049480769230769224 0.036534090909090905 0.06134615384615384
0 0.14544034090909091 0.005125 0.038380681818181835 0.01025
0 0.12012073863636363 0.010096153846153847 0.07410511363636364 0.020192307692307693
0 0.12254261363636365 0.04536538461538462 0.06411931818181818 0.05361538461538462
0 0.27438210227272725 0.17026923076923076 0.041803977272727284 0.0528076923076923
0 0.8297585227272727 0.01689423076923077 0.04295454545454547 0.03378846153846154
0 0.2850639204545455 0.11116346153846154 0.04458806818181816 0.06036538461538462
0 0.6581178977272727 0.9130865384615383 0.035127840909090935 0.032826923076923066
0 0.6595951704545455 0.887576923076923 0.023252840909090914 0.02892307692307696
0 0.6593536931818181 0.8688942307692308 0.03166193181818177 0.03817307692307697
0 0.6511931818181819 0.9636442307692308 0.03809659090909098 0.032134615384615345
0 0.6338636363636364 0.9841634615384615 0.030198863636363624 0.03167307692307698
0 0.6615767045454546 0.9891923076923077 0.02917613636363631 0.021615384615384634
0 0.6808664772727272 0.9706826923076923 0.03017045454545456 0.035480769230769316
0 0.6954332386363636 0.9840192307692308 0.04061079545454542 0.03196153846153847
0 0.6729545454545455 0.9351923076923077 0.025227272727272713 0.04219230769230769
0 0.591953125 0.016653846153846154 0.05126420454545451 0.03330769230769231
0 0.6522230113636364 0.837423076923077 0.06586647727272728 0.048884615384615415
0 0.6882599431818182 0.9013942307692309 0.03518465909090915 0.11244230769230763
0 0.6813636363636364 0.8417692307692308 0.04204545454545458 0.061615384615384655
0 0.46742897727272725 0.9214615384615384 0.03957386363636366 0.0482307692307692
0 0.4469034090909091 0.9264807692307692 0.056874999999999946 0.06496153846153851
0 0.4466548295454546 0.8883076923076924 0.035610795454545444 0.03415384615384614
0 0.4132741477272727 0.8960192307692306 0.034133522727272686 0.04553846153846155
0 0.3882883522727273 0.9124134615384616 0.0306676136363636 0.04621153846153852
0 0.3907670454545455 0.8735865384615384 0.033636363636363645 0.030134615384615416
0 0.40708806818181825 0.854153846153846 0.0326420454545454 0.040846153846153754
