0 0.9839985795454546 0.348 0.03200284090909087 0.025923076923076903
0 0.978252840909091 0.4182884615384615 0.025198863636363488 0.030923076923076945
0 0.5595951704545454 0.5965288461538462 0.01541193181818185 0.026211538461538453
0 0.503203125 0.10791346153846153 0.015014204545454535 0.04655769230769231
0 0.47830255681818185 0.06591346153846153 0.037144886363636415 0.03959615384615384
0 0.5055681818181817 0.06510576923076923 0.026875000000000024 0.03905769230769231
0 0.529872159090909 0.04773076923076923 0.02647727272727279 0.035307692307692304
0 0.5194105113636364 0.08625000000000001 0.029247159090909056 0.04173076923076924
0 0.5322514204545455 0.10872115384615384 0.025696022727272692 0.032096153846153844
0 0.44945312499999995 0.18550000000000003 0.030838068181818154 0.028346153846153837
0 0.47138494318181823 0.19192307692307695 0.024900568181818225 0.041192307692307695
0 0.4640767045454545 0.16142307692307692 0.04190340909090909 0.02623076923076923
0 0.49490056818181816 0.1552692307692308 0.022926136363636426 0.048153846153846165
0 0.5020951704545454 0.6494903846153847 0.018963068181818133 0.018711538461538498
0 0.5138778409090908 0.13333653846153848 0.026875000000000024 0.08775000000000001
0 0.5259303977272727 0.1443076923076923 0.020156249999999997 0.02407692307692307
0 0.5399573863636363 0.12503846153846154 0.022130681818181876 0.033692307692307695
0 0.40341619318181815 0.03675961538461539 0.024900568181818142 0.033711538461538466
0 0.3852343750000001 0.04825961538461538 0.020156249999999997 0.05886538461538461
0 0.3670525568181818 0.05467307692307692 0.025696022727272692 0.06634615384615385
0 0.32556107954545455 0.14135576923076923 0.033593750000000006 0.056711538461538466
0 0.3528267045454545 0.13548076923076924 0.04701704545454544 0.05457692307692308
0 0.3536150568181818 0.1025673076923077 0.034389204545454556 0.03690384615384615
0 0.4075568181818181 0.05468269230769231 0.04505681818181814 0.04601923076923077
0 0.5487286931818182 0.5933173076923076 0.013423295454545438 0.019788461538461578
0 0.39017045454545457 0.09507692307692307 0.049005681818181816 0.040115384615384615
0 0.429296875 0.06403846153846153 0.030042613636363683 0.03692307692307692
0 0.415859375 0.09775961538461539 0.047428977272727255 0.033711538461538466
0 0.30243607954545454 0.16142307692307692 0.02529829545454546 0.04442307692307691
0 0.29967329545454546 0.19352884615384613 0.021335227272727245 0.025134615384615398
0 0.31844460227272725 0.1895096153846154 0.043082386363636344 0.0556346153846154
0 0.31943181818181815 0.22322115384615385 0.026875000000000024 0.026749999999999993
0 0.34709517045454547 0.1777403846153846 0.026093750000000006 0.03532692307692309
0 0.3555965909090909 0.14698076923076925 0.03911931818181821 0.03584615384615385
0 0.38919034090909094 0.16223076923076923 0.02252840909090911 0.03638461538461536
0 0.571846590909091 0.5949134615384616 0.014630681818181834 0.032634615384615324
0 0.4162571022727272 0.12344230769230768 0.039531249999999976 0.030500000000000013
0 0.37120028409090905 0.16169230769230772 0.020553977272727272 0.035307692307692304
0 0.3812784090909091 0.130125 0.031221590909090935 0.03424999999999999
0 0.2241832386363636 0.11326923076923077 0.05532670454545457 0.05084615384615385
0 0.24374289772727273 0.15339423076923078 0.04228693181818179 0.06474999999999999
0 0.2644957386363636 0.1750673076923077 0.04188920454545452 0.07490384615384615
0 0.3858238636363636 0.24327884615384615 0.049801136363636325 0.039057692307692314
0 0.3405752840909091 0.26655769230769233 0.050980113636363615 0.0503076923076923
0 0.3255539772727273 0.26655769230769233 0.061250000000000006 0.08238461538461539
0 0.26232954545454545 0.23686538461538462 0.09366477272727272 0.09257692307692311
0 0.6771732954545455 0.6088269230769231 0.04505681818181814 0.07223076923076924
0 0.2805042613636364 0.27458653846153847 0.06441761363636363 0.09201923076923078
0 0.33583096590909095 0.3299615384615384 0.041491477272727284 0.08399999999999996
0 0.31924005681818185 0.33290384615384616 0.050980113636363615 0.07703846153846149
0 0.35223721590909096 0.31873076923076926 0.03714488636363637 0.06473076923076923
0 0.37298295454545455 0.2876923076923077 0.01937499999999998 0.04976923076923076
0 0.358359375 0.3074903846153846 0.022514204545454497 0.06151923076923073
0 0.4854190340909091 0.29572115384615383 0.028451704545454506 0.05617307692307694
0 0.4196164772727272 0.2668269230769231 0.03832386363636358 0.0369230769230769
0 0.39985795454545453 0.25372115384615385 0.048607954545454586 0.046019230769230784
0 0.39115767045454547 0.2860865384615384 0.024105113636363674 0.036903846153846204
0 0.574609375 0.6334423076923077 0.024900568181818225 0.02299999999999996
0 0.4259375 0.2941153846153846 0.04940340909090905 0.05511538461538461
0 0.4547940340909091 0.30374999999999996 0.04228693181818179 0.059384615384615376
0 0.4828480113636363 0.34360576923076924 0.04149147727272724 0.054557692307692314
0 0.38542613636363643 0.33290384615384616 0.03636363636363631 0.055653846153846206
0 0.3990625 0.3393269230769231 0.02093750000000001 0.05350000000000004
0 0.4190269886363636 0.34253846153846157 0.02370738636363636 0.05884615384615383
0 0.45063920454545453 0.3492211538461538 0.04110795454545462 0.06259615384615387
0 0.3976278409090909 0.4001923076923077 0.018153409090909053 0.02511538461538462
0 0.4341193181818182 0.37017307692307694 0.03306818181818178 0.058961538461538454
0 0.6461505681818182 0.6069519230769231 0.027272727272727258 0.039596153846153906
0 0.5896306818181819 0.6492211538461539 0.02647727272727279 0.022480769230769228
0 0.5931889204545455 0.6262115384615384 0.026491477272727323 0.03103846153846151
0 0.6068181818181819 0.610971153846154 0.022130681818181796 0.044403846153846106
0 0.9572514204545454 0.47721153846153846 0.02285511363636368 0.020461538461538434
0 0.5860724431818182 0.5898269230769231 0.023309659090909127 0.05457692307692307
0 0.6048508522727273 0.5860865384615385 0.05927556818181821 0.0556346153846154
0 0.5611789772727273 0.57325 0.01937499999999998 0.02780769230769227
0 0.53390625 0.5965288461538462 0.014630681818181753 0.026211538461538453
0 0.5647372159090909 0.5574615384615385 0.019360795454545447 0.04334615384615378
0 0.539247159090909 0.5660288461538462 0.02687499999999994 0.05082692307692309
0 0.536875 0.5010192307692307 0.022926136363636343 0.03423076923076925
0 0.5451704545454545 0.5366057692307692 0.022926136363636343 0.07544230769230761
0 0.523828125 0.6125673076923077 0.011065340909090938 0.026211538461538453
0 0.5226491477272727 0.5234807692307691 0.024502840909090908 0.08453846153846155
0 0.9959303977272728 0.41988461538461536 0.008139204545454571 0.017730769230769227
0 0.514346590909091 0.6275576923076923 0.017386363636363648 0.030500000000000027
0 0.521065340909091 0.5764519230769231 0.011846590909090874 0.0502884615384615
0 0.49636363636363634 0.6326346153846154 0.02488636363636361 0.024615384615384636
0 0.5173082386363637 0.5994615384615385 0.009872159090909155 0.03530769230769223
0 0.4605965909090909 0.684 0.018977272727272745 0.027807692307692377
0 0.44854403409090904 0.6767788461538462 0.019360795454545447 0.028365384615384615
0 0.4376775568181818 0.6995192307692307 0.03794034090909096 0.038538461538461466
0 0.5066406250000001 0.5761923076923077 0.020951704545454544 0.04869230769230768
0 0.4341193181818182 0.7211826923076923 0.021335227272727245 0.027288461538461536
0 0.5078267045454545 0.5272307692307692 0.021732954545454562 0.05884615384615378
0 0.9522088068181819 0.4949519230769231 0.01680397727272717 0.03413461538461538
0 0.5052556818181819 0.6048173076923077 0.0165909090909091 0.038519230769230715
0 0.48490767045454547 0.650826923076923 0.01541193181818185 0.03423076923076925
0 0.49004261363636364 0.6141826923076923 0.01937499999999998 0.03371153846153841
0 0.46731534090909094 0.6639326923076924 0.023721590909090894 0.02086538461538466
0 0.4758167613636364 0.6157788461538461 0.014616477272727302 0.040134615384615394
0 0.4163352272727273 0.7190480769230768 0.02133522727272733 0.03586538461538468
0 0.4661292613636363 0.6329038461538462 0.02370738636363636 0.046538461538461515
0 0.40033380681818187 0.7161057692307692 0.024900568181818225 0.038519230769230715
0 0.37365056818181813 0.7227884615384615 0.03082386363636362 0.04334615384615389
0 0.2392897727272727 0.8105384615384615 0.035568181818181804 0.016576923076923086
0 0.9774147727272727 0.4428557692307693 0.03159090909090911 0.053673076923076914
0 0.26912642045454543 0.8046538461538462 0.037542613636363645 0.02407692307692304
0 0.2900710227272727 0.8180288461538462 0.017784090909090923 0.027288461538461643
0 0.28631392045454546 0.7918173076923077 0.02291193181818181 0.027288461538461536
0 0.3070596590909091 0.795826923076923 0.02647727272727275 0.02569230769230772
0 0.3309730113636364 0.7690673076923076 0.018963068181818175 0.039596153846153795
0 0.314375 0.7674711538461538 0.0165909090909091 0.03317307692307692
0 0.34480113636363635 0.777375 0.022926136363636385 0.03371153846153841
0 0.11143465909090908 0.9740000000000001 0.02252840909090909 0.022461538461538585
0 0.11262784090909089 0.9929903846153847 0.017784090909090902 0.013365384615384703
0 0.2766335227272727 0.9550096153846154 0.021732954545454562 0.027288461538461536
0 0.9390980113636364 0.49290384615384614 0.014786931818181935 0.03003846153846155
0 0.27149857954545453 0.9705192307692307 0.020156249999999997 0.02299999999999996
0 0.2703125 0.9887019230769231 0.02173295454545452 0.02086538461538455
0 0.2513352272727273 0.9732019230769231 0.02093750000000001 0.02086538461538466
0 0.2519247159090909 0.9918173076923077 0.024502840909090908 0.016365384615384598
0 0.18198153409090911 0.9336057692307693 0.020553977272727272 0.019788461538461578
0 0.18988636363636366 0.9860288461538462 0.026079545454545473 0.027288461538461643
0 0.2106321022727273 0.9940576923076925 0.024900568181818183 0.011230769230769292
0 0.2187286931818182 0.9753365384615383 0.019758522727272722 0.032634615384615324
0 0.23375 0.9827211538461538 0.021335227272727245 0.03455769230769236
0 0.22821732954545457 0.9536634615384615 0.027656249999999997 0.024596153846153886
0 0.9722017045454546 0.46424038461538464 0.019147727272727136 0.030019230769230795
0 0.2050994318181818 0.9327980769230769 0.028068181818181846 0.03101923076923076
0 0.19067471590909094 0.9156730769230769 0.028451704545454547 0.025692307692307608
0 0.20193181818181818 0.9030961538461538 0.02252840909090911 0.029423076923076944
0 0.2193252840909091 0.9092596153846155 0.019360795454545447 0.022480769230769228
0 0.22525568181818179 0.9298557692307692 0.020937499999999973 0.02194230769230774
0 0.17091619318181817 0.8661826923076923 0.03319602272727271 0.031557692307692356
0 0.17941051136363637 0.8413076923076923 0.027258522727272746 0.024615384615384636
0 0.19976562499999997 0.8570865384615385 0.02529829545454546 0.02086538461538466
0 0.19561079545454546 0.8306057692307692 0.03517045454545455 0.03532692307692309
0 0.2112215909090909 0.8145576923076923 0.021335227272727287 0.02569230769230772
0 0.9426349431818182 0.5215673076923077 0.016463068181818065 0.030019230769230687
0 0.22802556818181818 0.79075 0.02252840909090911 0.03584615384615382
0 0.2092471590909091 0.7811153846153847 0.020539772727272698 0.0422692307692308
0 0.19659801136363636 0.784048076923077 0.02370738636363636 0.05778846153846156
0 0.17901988636363636 0.8035865384615385 0.021732954545454562 0.03798076923076923
0 0.15115767045454545 0.8902596153846154 0.025298295454545438 0.032634615384615435
0 0.16202414772727272 0.8303461538461538 0.03200284090909091 0.024076923076923152
0 0.15984375 0.8546826923076923 0.021335227272727287 0.028903846153846103
0 0.1286221590909091 0.9183461538461538 0.036363636363636355 0.047076923076923
0 0.13890624999999998 0.8704615384615384 0.03082386363636364 0.059384615384615376
0 0.09187500000000001 0.9853942307692307 0.022130681818181817 0.029211538461538455
0 0.9906889204545454 0.4408076923076923 0.017144886363636435 0.026846153846153808
0 0.08601562499999998 0.8507403846153846 0.0320028409090909 0.030865384615384638
0 0.1388210227272727 0.835298076923077 0.025596590909090902 0.03574999999999995
0 0.0998153409090909 0.8477596153846154 0.02440340909090909 0.04659615384615377
0 0.12382102272727273 0.8672596153846154 0.0244034090909091 0.07367307692307692
0 0.09740767045454546 0.8770096153846154 0.03160511363636364 0.030326923076923043
0 0.0998153409090909 0.956625 0.028409090909090898 0.031403846153846234
0 0.07880681818181819 0.9736923076923076 0.0344034090909091 0.03196153846153847
0 0.06380681818181819 0.9910384615384616 0.04039772727272727 0.01792307692307691
0 0.04540482954545455 0.9593365384615385 0.022798295454545457 0.038980769230769194
0 0.099609375 0.9046346153846153 0.026406250000000006 0.03465384615384623
0 0.8311292613636364 0.5888365384615386 0.02160511363636369 0.029903846153846177
0 0.05880681818181818 0.8659038461538461 0.03599431818181818 0.04061538461538462
0 0.08160511363636364 0.8929807692307693 0.024005681818181825 0.0601153846153846
0 0.06560369318181819 0.9019230769230769 0.03200284090909091 0.0422307692307693
0 0.09521306818181818 0.9352307692307693 0.040795454545454544 0.05038461538461536
0 0.06700994318181817 0.9625865384615384 0.02279829545454546 0.03574999999999995
0 0.0652059659090909 0.9390288461538461 0.03600852272727273 0.030865384615384638
0 0.032798295454545455 0.8718653846153847 0.03840909090909091 0.06338461538461546
0 0.03440340909090909 0.911125 0.030397727272727274 0.03032692307692315
0 0.014801136363636362 0.8729423076923077 0.02880681818181818 0.044961538461538456
0 0.048004261363636364 0.9254903846153846 0.021605113636363634 0.03736538461538463
0 0.989375 0.33411538461538465 0.02125000000000005 0.021846153846153817
0 0.7545454545454546 0.5534038461538461 0.01920454545454543 0.02534615384615386
0 0.010802556818181819 0.9046346153846153 0.021605113636363638 0.04007692307692303
0 0.028203124999999996 0.9387596153846154 0.02279829545454545 0.03032692307692315
0 0.0077982954545454545 0.9284711538461539 0.015596590909090909 0.02275000000000008
0 0.058394886363636364 0.4208173076923077 0.04792613636363636 0.031750000000000035
0 0.03223011363636364 0.39067307692307696 0.043153409090909096 0.03773076923076924
0 0.20335937500000004 0.4767211538461538 0.02242897727272726 0.03313461538461537
0 0.14013494318181818 0.5273365384615384 0.032627840909090905 0.048788461538461544
0 0.1620596590909091 0.5397596153846154 0.019375 0.04232692307692306
0 0.13368607954545456 0.5542596153846154 0.02311079545454545 0.03267307692307683
0 0.20794744318181815 0.5273365384615385 0.05811079545454545 0.06717307692307693
0 0.8263210227272727 0.5540576923076923 0.018721590909091 0.02146153846153851
0 0.19945312500000004 0.5503461538461538 0.0608380681818182 0.04969230769230775
0 0.21066761363636363 0.6078653846153846 0.03499999999999998 0.04969230769230765
0 0.1865340909090909 0.5797884615384615 0.05607954545454546 0.05153846153846156
0 0.15 0.5659807692307692 0.025823863636363627 0.027615384615384642
0 0.1058096590909091 0.5409134615384615 0.01835227272727273 0.021634615384615384
0 0.12297585227272728 0.5395288461538462 0.018025568181818177 0.030826923076923026
0 0.11431107954545454 0.5179038461538461 0.02311079545454545 0.034499999999999996
0 0.08966619318181818 0.5160576923076924 0.03365056818181818 0.024384615384615397
0 0.06451704545454545 0.4465769230769231 0.029573863636363638 0.034499999999999996
0 0.06297585227272727 0.5185673076923076 0.03188920454545455 0.031057692307692373
0 0.8217613636363637 0.6063846153846154 0.023039772727272766 0.03249999999999996
0 0.03556107954545455 0.44091346153846156 0.03973011363636364 0.0318269230769231
0 0.036953125 0.46211538461538465 0.04700284090909091 0.027269230769230726
0 0.03975142045454545 0.4905288461538461 0.05930397727272727 0.034096153846153825
0 0.010376420454545454 0.5117403846153846 0.020696022727272726 0.03713461538461539
0 0.006178977272727273 0.49260576923076915 0.011193181818181817 0.024596153846153886
0 0.060454545454545455 0.3231057692307692 0.06826704545454546 0.061365384615384606
0 0.11053977272727272 0.3352307692307692 0.03525568181818183 0.04469230769230771
0 0.09066761363636364 0.30832692307692305 0.04252840909090909 0.027269230769230726
0 0.053742897727272726 0.29204807692307694 0.03245738636363636 0.026519230769230753
0 0.07528409090909091 0.28408653846153853 0.03525568181818181 0.021211538461538462
0 0.5140980113636364 0.8339230769230769 0.02484375000000001 0.028538461538461492
0 0.09206676136363635 0.26894230769230776 0.025184659090909098 0.031807692307692294
0 0.06912642045454545 0.2693173076923077 0.02183238636363637 0.018942307692307682
0 0.04198863636363636 0.26401923076923073 0.032443181818181815 0.05680769230769232
0 0.06493607954545455 0.24659615384615388 0.030213068181818185 0.028038461538461564
0 0.09039772727272727 0.23105769230769233 0.03525568181818182 0.04546153846153846
0 0.09906250000000001 0.1818173076923077 0.0346875 0.056057692307692315
0 0.044786931818181816 0.16099038461538462 0.026846590909090907 0.061365384615384606
0 0.3855184659090909 0.6072788461538461 0.020724431818181784 0.043596153846153875
0 0.40669034090909084 0.6237019230769231 0.02690340909090909 0.03582692307692307
0 0.4091193181818182 0.5968269230769231 0.021164772727272775 0.021500000000000012
0 0.628330965909091 0.6232115384615384 0.02370738636363636 0.025999999999999964
0 0.39897017045454547 0.5604134615384615 0.0238210227272727 0.03225000000000008
0 0.41793323863636367 0.6466923076923077 0.02294034090909096 0.05315384615384624
0 0.39941761363636363 0.6529711538461539 0.01676136363636357 0.03701923076923077
0 0.38529829545454547 0.6646153846153846 0.01588068181818175 0.03642307692307692
0 0.4250355113636364 0.49768269230769224 0.015809659090909086 0.03286538461538457
0 0.4258735795454545 0.5206153846153847 0.019190340909090896 0.0267692307692308
0 0.4113423295454546 0.49882692307692306 0.016093749999999976 0.0351538461538461
0 0.4018821022727272 0.48870192307692306 0.02370738636363636 0.02636538461538463
0 0.43815340909090916 0.5026538461538461 0.01835227272727275 0.03669230769230772
0 0.45297585227272724 0.501125 0.014105113636363647 0.03132692307692311
0 0.6097017045454546 0.6474134615384615 0.022585227272727323 0.03363461538461529
0 0.4469034090909091 0.5326538461538461 0.026250000000000027 0.032500000000000064
0 0.466953125 0.5017019230769231 0.018906250000000003 0.05694230769230767
0 0.46525568181818183 0.5378076923076922 0.0234375 0.02369230769230768
0 0.39017045454545446 0.5087692307692308 0.03133522727272728 0.02980769230769231
0 0.3862144886363636 0.5374326923076924 0.02455965909090912 0.034403846153846236
0 0.4000497159090909 0.5322788461538461 0.023423295454545467 0.033250000000000036
0 0.4185369318181818 0.5372403846153846 0.016931818181818204 0.03936538461538467
0 0.4209375 0.5594134615384615 0.027954545454545465 0.05159615384615381
0 0.4251704545454546 0.5752596153846153 0.027954545454545465 0.06421153846153843
0 0.4313778409090909 0.6043173076923077 0.02681818181818181 0.039749999999999924
0 0.5814772727272728 0.6627019230769231 0.02258522727272724 0.03975000000000003
0 0.43490767045454537 0.6346923076923077 0.02370738636363636 0.025615384615384602
0 0.4445099431818182 0.6545673076923076 0.025980113636363586 0.02867307692307686
0 0.4474715909090909 0.6381346153846155 0.018920454545454535 0.025615384615384602
0 0.44705255681818185 0.6146250000000001 0.01637784090909095 0.04967307692307689
0 0.36899147727272724 0.6079423076923077 0.017784090909090885 0.04011538461538464
0 0.4449289772727273 0.5722115384615385 0.02681818181818181 0.04738461538461536
0 0.46313920454545454 0.6008653846153846 0.01920454545454543 0.030576923076923033
0 0.46398437499999995 0.5697211538461538 0.024275568181818145 0.04471153846153846
0 0.47880681818181825 0.5764038461538462 0.018920454545454535 0.04815384615384619
0 0.484453125 0.5137403846153846 0.02285511363636368 0.07644230769230764
0 0.7790767045454546 0.8627115384615385 0.0210795454545455 0.029038461538461582
0 0.3337073863636364 0.6129134615384616 0.029630681818181837 0.07528846153846161
0 0.32030539772727273 0.6259038461538462 0.011860795454545447 0.04699999999999999
0 0.33737926136363633 0.6450192307692307 0.016661931818181805 0.011846153846153895
0 0.31183238636363636 0.6067884615384614 0.018636363636363642 0.0607692307692307
0 0.31352982954545455 0.6578173076923077 0.02879261363636365 0.04128846153846159
0 0.3046306818181818 0.6883846153846155 0.03980113636363638 0.04815384615384619
0 0.2848792613636364 0.6650769230769231 0.02850852272727272 0.04511538461538458
0 0.27457386363636366 0.6545673076923076 0.018636363636363642 0.026365384615384686
0 0.3015269886363636 0.6148173076923078 0.016093749999999976 0.07682692307692306
0 0.2737215909090909 0.6918269230769231 0.023721590909090932 0.022923076923076845
0 0.6454545454545454 0.9088269230769231 0.022585227272727323 0.022423076923076973
0 0.2687855113636364 0.640625 0.018906250000000003 0.027519230769230664
0 0.28910511363636365 0.6052692307692308 0.022301136363636346 0.08600000000000005
0 0.28078125000000004 0.5911346153846153 0.025397727272727308 0.08446153846153849
0 0.30745738636363634 0.7491538461538462 0.027954545454545423 0.02980769230769231
0 0.2919318181818182 0.7258461538461538 0.03471590909090909 0.042038461538461566
0 0.3156392045454546 0.7224038461538461 0.03133522727272728 0.037461538461538386
0 0.3623650568181818 0.7533557692307692 0.03839488636363637 0.03821153846153847
0 0.33384943181818183 0.741326923076923 0.032187500000000036 0.0363076923076923
0 0.3526207386363636 0.7143750000000001 0.03188920454545457 0.04051923076923076
0 0.3365340909090909 0.6610673076923077 0.025681818181818198 0.021019230769230783
0 0.6763210227272727 0.6756923076923077 0.019573863636363598 0.027000000000000038
0 0.33243607954545457 0.7032884615384616 0.020326704545454547 0.03669230769230766
0 0.33610795454545456 0.6794134615384616 0.02991477272727273 0.02713461538461541
0 0.3571377840909091 0.6920192307692308 0.02964488636363637 0.03707692307692313
0 0.36157670454545454 0.5834230769230769 0.026250000000000027 0.041269230769230836
0 0.3540980113636364 0.6153461538461539 0.019758522727272722 0.023307692307692317
0 0.3490127840909091 0.6040673076923078 0.019758522727272722 0.034403846153846125
0 0.34436079545454545 0.6321634615384616 0.022301136363636346 0.026365384615384575
0 0.3583309659090909 0.6319615384615385 0.02146306818181816 0.024461538461538514
0 0.35381392045454546 0.661201923076923 0.020326704545454547 0.03171153846153848
0 0.36764204545454543 0.6443846153846153 0.02258522727272724 0.030961538461538506
0 0.9940838068181819 0.36710576923076926 0.011832386363636422 0.02321153846153845
0 0.6893110795454546 0.6558173076923076 0.02069602272727272 0.0300576923076923
0 0.38176136363636365 0.6367403846153846 0.020312500000000015 0.033250000000000036
0 0.3687713068181818 0.6720961538461538 0.02370738636363632 0.03134615384615387
0 0.3799289772727273 0.6955961538461539 0.018920454545454535 0.025615384615384602
0 0.4049076704545454 0.6860384615384616 0.03330965909090908 0.030961538461538506
0 0.4263636363636364 0.6684615384615386 0.025397727272727266 0.04011538461538453
0 0.23002840909090908 0.7353461538461539 0.025113636363636373 0.042423076923076924
0 0.2255184659090909 0.760951923076923 0.033025568181818184 0.03171153846153848
0 0.24301136363636366 0.783875 0.03133522727272728 0.045480769230769186
0 0.28931107954545454 0.7655384615384615 0.03416193181818179 0.04396153846153849
0 0.26235085227272725 0.7800576923076923 0.0338778409090909 0.02865384615384611
0 0.6938210227272728 0.6306057692307692 0.02446022727272731 0.02344230769230769
0 0.2600923295454546 0.7552115384615384 0.03669034090909093 0.040884615384615366
0 0.26742897727272724 0.7448942307692308 0.030482954545454556 0.027903846153846244
0 0.2657386363636363 0.7156634615384615 0.04573863636363639 0.03821153846153847
0 0.24795454545454546 0.7139326923076923 0.027102272727272704 0.02713461538461541
0 0.2557173295454545 0.6892884615384616 0.02455965909090908 0.022153846153846118
0 0.2277698863636364 0.6978846153846153 0.04318181818181819 0.047769230769230724
0 0.26023437499999996 0.6680865384615384 0.022855113636363642 0.027903846153846244
0 0.23257102272727276 0.6709519230769231 0.03076704545454545 0.05198076923076929
0 0.22001420454545453 0.6646346153846154 0.027102272727272746 0.06688461538461533
0 0.23764914772727275 0.6268076923076923 0.020042613636363657 0.05542307692307702
0 0.7043678977272727 0.6000192307692308 0.041775568181818136 0.04688461538461538
0 0.25980823863636365 0.5998653846153846 0.02879261363636361 0.07719230769230767
0 0.2531747159090909 0.6482115384615385 0.016093750000000018 0.04930769230769228
0 0.25345880681818184 0.5797980769230769 0.02455965909090912 0.07375000000000004
0 0.23215198863636363 0.5746442307692308 0.03274147727272729 0.07490384615384624
0 0.88546875 0.3155192307692308 0.023721590909090973 0.02607692307692308
0 0.886455965909091 0.33324038461538463 0.025696022727272772 0.02809615384615387
0 0.8642258522727272 0.3222115384615385 0.019758522727272684 0.034115384615384575
0 0.9380894886363635 0.474375 0.016292613636363674 0.053519230769230736
0 0.9227769886363636 0.4750480769230769 0.018281250000000006 0.024096153846153847
0 0.9227698863636363 0.45598076923076925 0.024204545454545402 0.022076923076923056
0 0.7105681818181818 0.6339134615384615 0.013551136363636312 0.025980769230769214
0 0.9872017045454545 0.6345865384615385 0.025596590909090885 0.054173076923076956
0 0.9904119318181818 0.6125096153846153 0.019176136363636364 0.01805769230769228
0 0.9786079545454546 0.5907692307692308 0.025198863636363488 0.0267692307692308
0 0.9677343750000001 0.6071634615384616 0.022230113636363603 0.04213461538461543
0 0.9931321022727272 0.5797307692307693 0.013735795454545396 0.06088461538461543
0 0.9509375000000001 0.6008076923076924 0.02125000000000005 0.0374615384615385
0 0.9625426136363636 0.6288942307692307 0.017784090909090885 0.03344230769230778
0 0.9637286931818182 0.6793461538461538 0.021690340909090885 0.01957692307692309
0 0.9513352272727272 0.6352788461538462 0.025823863636363728 0.032173076923076846
0 0.9623508522727271 0.6606923076923077 0.017571022727272734 0.01676923076923082
0 0.7096306818181819 0.6515 0.02071022727272725 0.018346153846153887
0 0.942890625 0.6567307692307692 0.023423295454545467 0.04150000000000008
0 0.9744105113636364 0.6478653846153846 0.021008522727272674 0.034961538461538474
0 0.9251917613636365 0.5186634615384617 0.020071022727272722 0.03501923076923073
0 0.8593536931818182 0.5421538461538461 0.017684659090909157 0.02026923076923081
0 0.8593607954545455 0.5642596153846154 0.014971590909090858 0.026711538461538436
0 0.859190340909091 0.5882115384615385 0.015312499999999962 0.030384615384615298
0 0.8437073863636364 0.5981153846153846 0.018380681818181897 0.01888461538461537
0 0.9940767045454545 0.6609807692307693 0.01156249999999998 0.036846153846153896
0 0.9859801136363636 0.6823942307692308 0.02803977272727274 0.032711538461538556
0 0.9932954545454545 0.4645480769230769 0.013409090909090987 0.02255769230769234
0 0.7028551136363637 0.670096153846154 0.018437500000000027 0.022923076923076952
0 0.9777414772727272 0.4887307692307692 0.012926136363636397 0.038692307692307644
0 0.971796875 0.4972403846153846 0.021434659090909136 0.04467307692307696
0 0.9765553977272727 0.5651826923076922 0.023480113636363598 0.03594230769230769
0 0.9311363636363637 0.604326923076923 0.022443181818181755 0.039615384615384656
0 0.9340340909090908 0.5748557692307692 0.029602272727272772 0.03317307692307692
0 0.8361647727272729 0.5644615384615385 0.017272727272727228 0.02015384615384619
0 0.7627130681818183 0.5309807692307693 0.028806818181818305 0.031192307692307745
0 0.8115340909090908 0.6195769230769231 0.012954545454545462 0.03703846153846152
0 0.8031818181818182 0.6418076923076923 0.018721590909090837 0.02534615384615386
0 0.9930184659090909 0.9177115384615384 0.01396306818181824 0.042038461538461566
0 0.6994673295454544 0.6863942307692308 0.026718750000000003 0.0300576923076923
0 0.9893536931818182 0.9544038461538461 0.021292613636363648 0.03134615384615387
0 0.982578125 0.9704519230769231 0.03484374999999996 0.03286538461538457
0 0.9736221590909092 0.9238365384615385 0.03386363636363641 0.043557692307692374
0 0.979190340909091 0.9884807692307692 0.04161931818181812 0.023038461538461574
0 0.9828622159090908 0.8676538461538462 0.03427556818181818 0.03823076923076922
0 0.9603480113636365 0.9616730769230769 0.03782670454545454 0.05503846153846155
0 0.9750284090909092 0.8921153846153845 0.04911931818181824 0.05503846153846155
0 0.9403125 0.9793076923076923 0.037272727272727284 0.04138461538461535
0 0.9820099431818182 0.8225576923076924 0.03598011363636369 0.08407692307692302
0 0.0960653409090909 0.03427884615384616 0.02775568181818183 0.05859615384615385
0 0.6853551136363637 0.7006634615384616 0.025596590909090885 0.022942307692307706
0 0.09065340909090909 0.031153846153846153 0.031051136363636364 0.06230769230769231
0 0.12099431818181819 0.03619230769230769 0.02681818181818183 0.043307692307692304
0 0.0621875 0.027971153846153847 0.0428125 0.055942307692307694
0 0.12781960227272726 0.019307692307692307 0.04046875000000001 0.036307692307692305
0 0.018977272727272728 0.15338461538461537 0.037954545454545456 0.05350000000000001
0 0.45950284090909094 0.2562596153846154 0.06022727272727269 0.027403846153846154
0 0.5011434659090909 0.2623076923076923 0.028707386363636414 0.049692307692307675
0 0.4825568181818182 0.23110576923076923 0.0310511363636363 0.026749999999999993
0 0.5053764204545454 0.22186538461538463 0.01740056818181818 0.03757692307692309
0 0.07723721590909091 0.40626923076923077 0.052230113636363644 0.0407692307692308
0 0.6887428977272727 0.7307307692307693 0.028593749999999994 0.03719230769230764
0 0.17534090909090908 0.46645192307692307 0.039517045454545444 0.031211538461538443
0 0.15534090909090909 0.47855769230769235 0.03340909090909092 0.03250000000000001
0 0.17933948863636362 0.496076923076923 0.03904829545454545 0.033115384615384616
0 0.16522017045454546 0.5059423076923076 0.034332386363636364 0.03630769230769224
0 0.193046875 0.6907211538461537 0.02484375000000001 0.035673076923076946
0 0.05434659090909091 0.840798076923077 0.034999999999999996 0.019865384615384583
0 0.16839488636363634 0.5964519230769231 0.04855113636363635 0.03975000000000003
0 0.167265625 0.8122596153846153 0.019190340909090917 0.01886538461538451
0 0.15088778409090908 0.8000288461538462 0.015809659090909103 0.031096153846153878
0 0.20772727272727273 0.7419423076923077 0.027102272727272746 0.03619230769230779
0 0.685731534090909 0.7613076923076924 0.02708806818181817 0.033115384615384665
0 0.20734375 0.716971153846154 0.02258522727272724 0.022942307692307706
0 0.29316051136363636 0.9908461538461538 0.023338068181818192 0.01830769230769227
0 0.27095170454545453 0.937875 0.013551136363636392 0.01732692307692306
0 0.27810369318181816 0.9233461538461538 0.015809659090909086 0.017846153846153793
0 0.6448934659090909 0.6683076923076923 0.017684659090909157 0.021384615384615394
0 0.6262642045454545 0.6665192307692308 0.019573863636363598 0.024961538461538386
0 0.5784588068181818 0.8331538461538461 0.020326704545454547 0.02088461538461541
0 0.9706036931818183 0.5380096153846153 0.023139204545454654 0.04236538461538456
0 0.9874431818181818 0.5193557692307692 0.02482954545454548 0.027173076923076914
0 0.9871022727272728 0.5421538461538461 0.0132670454545455 0.018423076923076893
0 0.9755681818181817 0.3700673076923077 0.029232954545454604 0.028211538461538493
0 0.6975923295454546 0.774298076923077 0.02220170454545454 0.02548076923076923
0 0.9585227272727272 0.5697884615384616 0.02755681818181815 0.032230769230769216
0 0.9362428977272728 0.5504423076923077 0.03061079545454539 0.04238461538461542
0 0.955127840909091 0.5294903846153847 0.02755681818181815 0.04559615384615381
0 0.994325284090909 0.546798076923077 0.010724431818181753 0.02867307692307697
0 0.9910795454545455 0.48831730769230763 0.017784090909090885 0.04701923076923075
0 0.9206534090909091 0.49692307692307686 0.016931818181818284 0.025230769230769185
0 0.9063991477272727 0.48641346153846154 0.016093749999999896 0.02713461538461541
0 0.9035724431818182 0.4667307692307692 0.018906249999999923 0.013769230769230763
0 0.9049857954545453 0.4445576923076923 0.014403409090909071 0.031346153846153815
0 0.9250284090909091 0.4364807692307692 0.021164772727272695 0.04499999999999996
0 0.7085014204545454 0.7574807692307692 0.02220170454545454 0.03873076923076921
0 0.9120383522727273 0.42449038461538463 0.01214488636363646 0.03859615384615389
0 0.8976420454545455 0.41245192307692313 0.020596590909090908 0.03286538461538462
0 0.8891761363636363 0.3950673076923077 0.017215909090909098 0.01948076923076922
0 0.8838139204545455 0.4141730769230769 0.011008522727272728 0.023307692307692317
0 0.906818181818182 0.3971730769230769 0.018636363636363642 0.02523076923076924
0 0.9327840909090909 0.4103557692307692 0.03161931818181817 0.02636538461538463
0 0.8811292613636365 0.3864711538461538 0.022571022727272707 0.025211538461538487
0 0.8764701704545456 0.36754807692307695 0.023991477272727255 0.021788461538461507
0 0.8729474431818183 0.347875 0.019758522727272684 0.020634615384615366
0 0.8898792613636363 0.3604807692307692 0.024275568181818228 0.02523076923076924
0 0.712265625 0.7360769230769231 0.014673295454545513 0.02242307692307686
0 0.897080965909091 0.37443269230769227 0.015525568181818111 0.02636538461538463
0 0.9028693181818181 0.3501730769230769 0.022017045454545456 0.018346153846153887
0 0.9135511363636364 0.37729807692307693 0.021079545454545337 0.03048076923076922
0 0.9131960227272727 0.3560288461538461 0.022499999999999885 0.013057692307692293
0 0.9078338068181818 0.32942307692307693 0.024644886363636234 0.02176923076923081
0 0.9130184659090911 0.31177884615384616 0.03143465909090908 0.017403846153846176
0 0.8983664772727273 0.2992019230769231 0.019289772727272784 0.024173076923076908
0 0.9210511363636364 0.29339423076923077 0.028210227272727293 0.029980769230769238
0 0.8992613636363636 0.27815384615384614 0.02465909090909093 0.022730769230769273
0 0.9208735795454547 0.33328846153846153 0.017144886363636435 0.037230769230769255
0 0.7083948863636365 0.7099519230769231 0.022130681818181796 0.04975000000000001
0 0.8894389204545454 0.4466923076923077 0.02643465909090911 0.0464230769230769
0 0.873359375 0.41502884615384616 0.016434659090909163 0.03336538461538466
0 0.8626491477272729 0.3826153846153846 0.01572443181818189 0.029500000000000005
0 0.8580042613636365 0.3470673076923077 0.021434659090909136 0.042557692307692296
0 0.842109375 0.3427211538461538 0.022514204545454577 0.0309423076923077
0 0.9339133522727271 0.3862403846153846 0.03893465909090905 0.02224999999999999
0 0.9385511363636364 0.3753653846153846 0.031079545454545447 0.025615384615384602
0 0.9351633522727273 0.33087500000000003 0.032144886363636355 0.07398076923076922
0 0.9606960227272726 0.3543269230769231 0.026079545454545473 0.030961538461538506
0 0.9925852272727272 0.3028173076923077 0.014829545454545533 0.045942307692307664
0 0.7206392045454546 0.6347788461538463 0.0142329545454546 0.038519230769230826
0 0.8680113636363636 0.6918846153846153 0.01428977272727281 0.03480769230769224
0 0.8576491477272726 0.7010673076923077 0.012855113636363573 0.029980769230769293
0 0.868544034090909 0.720173076923077 0.019644886363636423 0.027576923076923138
0 0.8515696022727273 0.758375 0.021434659090908973 0.020788461538461544
0 0.8369318181818183 0.6236923076923077 0.02428977272727276 0.026115384615384693
0 0.845859375 0.5755769230769231 0.015014204545454456 0.026615384615384676
0 0.8442542613636363 0.5538076923076923 0.01606534090909083 0.02369230769230768
0 0.8499644886363636 0.5330192307692307 0.013934659090909013 0.02465384615384614
0 0.7356605113636363 0.5586538461538462 0.021065340909090968 0.027576923076923138
0 0.7303053977272728 0.5717115384615384 0.021065340909090804 0.02465384615384614
0 0.7180681818181818 0.6695480769230769 0.017784090909090885 0.03317307692307692
0 0.7185156250000001 0.5506634615384616 0.014644886363636367 0.02321153846153845
0 0.7063707386363637 0.5601057692307693 0.026803977272727278 0.03336538461538466
0 0.8512144886363636 0.6154711538461538 0.027855113636363494 0.024173076923076908
0 0.8519318181818182 0.6406153846153846 0.022869318181818053 0.026115384615384693
0 0.729765625 0.5352019230769229 0.035724431818181863 0.02321153846153845
0 0.7492329545454546 0.5211634615384615 0.020369318181818228 0.029980769230769293
0 0.7560227272727272 0.4994134615384615 0.018920454545454456 0.036750000000000026
0 0.7731676136363635 0.4948173076923077 0.023920454545454592 0.024673076923077002
0 0.7779900568181817 0.46821153846153846 0.014275568181818278 0.029499999999999953
0 0.7853125 0.48030769230769227 0.011789772727272663 0.030461538461538467
0 0.734666193181818 0.6727596153846155 0.020156249999999917 0.046019230769230784
0 0.7604829545454546 0.478375 0.023579545454545325 0.03144230769230768
0 0.8460369318181818 0.49869230769230766 0.016789772727272636 0.04303846153846153
0 0.8562215909090909 0.512951923076923 0.01857954545454551 0.03771153846153849
0 0.8631818181818183 0.49360576923076926 0.0210795454545455 0.045442307692307685
0 0.8031747159090908 0.4420961538461538 0.014644886363636448 0.029500000000000005
0 0.7894176136363636 0.4503173076923077 0.019289772727272624 0.0333653846153846
0 0.8156747159090909 0.43750961538461536 0.01606534090909083 0.029019230769230776
0 0.8299644886363637 0.4285576923076923 0.02535511363636367 0.04207692307692307
0 0.8160369318181818 0.4072884615384616 0.017499999999999908 0.0372307692307692
0 0.7987073863636364 0.4171923076923077 0.02357954545454549 0.031923076923076964
0 0.7305255681818181 0.7024615384615384 0.026079545454545473 0.04442307692307686
0 0.8808664772727273 0.4945769230769231 0.019289772727272624 0.0580384615384615
0 0.8705042613636365 0.6352980769230769 0.01856534090909098 0.02321153846153845
0 0.869431818181818 0.6125673076923076 0.02000000000000006 0.030942307692307644
0 0.9299857954545455 0.6831730769230769 0.0167897727272728 0.020307692307692204
0 0.9106889204545454 0.6459423076923076 0.014644886363636285 0.03288461538461543
0 0.9256960227272728 0.6560961538461538 0.023210227272727316 0.039653846153846165
0 0.929978693181818 0.6309423076923077 0.02322443181818185 0.026115384615384585
0 0.9096164772727273 0.6251442307692308 0.027499999999999858 0.03771153846153849
0 0.9005113636363636 0.6096730769230768 0.02071022727272733 0.03288461538461532
0 0.8887286931818181 0.6352980769230769 0.016434659090909163 0.03190384615384611
0 0.7267684659090908 0.7206538461538462 0.021747159090909015 0.03157692307692311
0 0.8853267045454545 0.608951923076923 0.018210227272727184 0.026596153846153815
0 0.9112286931818182 0.5842884615384615 0.016434659090909 0.0488461538461538
0 0.912294034090909 0.5458365384615386 0.02643465909090895 0.029980769230769182
0 0.8931889204545456 0.5772692307692308 0.024644886363636397 0.0464230769230769
0 0.8740767045454546 0.5787211538461539 0.014999999999999923 0.03771153846153849
0 0.8924715909090909 0.5308461538461539 0.0453693181818181 0.03773076923076924
0 0.883359375 0.5610673076923077 0.03143465909090908 0.025634615384615464
0 0.8740838068181819 0.532298076923077 0.021434659090909136 0.03771153846153849
0 0.9019460227272728 0.4986826923076923 0.03428977272727271 0.05755769230769227
0 0.814609375 0.8166538461538461 0.043934659090909184 0.06384615384615383
0 0.726377840909091 0.766403846153846 0.017784090909090885 0.029961538461538432
0 0.7351207386363637 0.6166826923076923 0.022144886363636408 0.03336538461538466
0 0.7158309659090909 0.5883942307692308 0.03143465909090908 0.03190384615384611
0 0.8266619318181818 0.6882211538461539 0.014119318181818259 0.019557692307692227
0 0.8239701704545456 0.6725288461538462 0.01680397727272733 0.022749999999999968
0 0.8123721590909092 0.6882211538461539 0.015795454545454553 0.0222884615384616
0 0.4073934659090908 0.1772692307692308 0.03629261363636365 0.0323076923076923
0 0.7273863636363637 0.2981923076923077 0.01749999999999999 0.057538461538461566
0 0.7443607954545454 0.3105288461538462 0.019289772727272784 0.06867307692307693
0 0.7338210227272728 0.34171153846153846 0.02536931818181812 0.029500000000000005
0 0.7470383522727272 0.35815384615384616 0.020355113636363695 0.02465384615384614
0 0.9658167613636363 0.37984615384615383 0.02654829545454537 0.028653846153846165
0 0.7342755681818183 0.7538269230769231 0.029630681818181837 0.046538461538461515
0 0.7618607954545453 0.34436538461538463 0.025710227272727305 0.02611538461538464
0 0.7634730113636362 0.36830769230769234 0.024644886363636397 0.021769230769230756
0 0.7541832386363635 0.300375 0.03251420454545453 0.06286538461538461
0 0.7743607954545454 0.30713461538461534 0.04286931818181827 0.07253846153846154
0 0.7868607954545456 0.3562211538461539 0.029289772727272734 0.03144230769230768
0 0.8024005681818182 0.32817307692307696 0.017499999999999908 0.018846153846153867
0 0.808302556818182 0.3455865384615385 0.02643465909090911 0.01886538461538462
0 0.8211576704545455 0.3322884615384616 0.020724431818181864 0.028038461538461564
0 0.8274076704545454 0.3610576923076923 0.03322443181818196 0.0362692307692308
0 0.7895454545454544 0.3085865384615385 0.028210227272727293 0.03771153846153849
0 0.7346732954545455 0.7864615384615385 0.02252840909090911 0.02192307692307699
0 0.6968536931818182 0.27763461538461537 0.020724431818181784 0.052230769230769226
0 0.6754190340909091 0.27884615384615385 0.02643465909090911 0.06238461538461538
0 0.6513139204545454 0.29794230769230773 0.038934659090909124 0.0464230769230769
0 0.6547017045454546 0.3366346153846154 0.02786931818181819 0.03288461538461537
0 0.6713068181818183 0.3242980769230769 0.016079545454545444 0.02659615384615387
0 0.6861363636363635 0.31922115384615385 0.015710227272727275 0.036750000000000026
0 0.6262997159090908 0.34389423076923076 0.03751420454545458 0.04836538461538463
0 0.640234375 0.3622692307692308 0.048224431818181805 0.03773076923076924
0 0.6686363636363637 0.36782692307692305 0.023579545454545405 0.029500000000000005
0 0.6572017045454545 0.37822115384615385 0.02071022727272725 0.029019230769230776
0 0.7431676136363637 0.7958269230769232 0.035568181818181846 0.032115384615384594
0 0.6775639204545455 0.35065384615384615 0.02714488636363638 0.026115384615384585
0 0.6916690340909091 0.33929807692307695 0.018224431818181876 0.027557692307692276
0 0.7013139204545454 0.3039903846153846 0.01606534090909091 0.046903846153846185
0 0.7143536931818182 0.3192307692307692 0.012855113636363652 0.03288461538461543
0 0.7156036931818182 0.28077884615384613 0.015355113636363639 0.04401923076923074
0 0.6839914772727272 0.3765288461538462 0.028579545454545382 0.04594230769230772
0 0.6552414772727272 0.39683653846153844 0.04178977272727275 0.019826923076923082
0 0.6686292613636363 0.4101442307692308 0.03001420454545454 0.014519230769230791
0 0.6325568181818182 0.39298076923076924 0.03499999999999998 0.04207692307692307
0 0.8704545454545454 0.454875 0.01857954545454551 0.04690384615384613
0 0.7119460227272728 0.7920769230769231 0.032414772727272716 0.0374615384615385
0 0.7809730113636365 0.4287596153846154 0.027514204545454553 0.04013461538461534
0 0.7693678977272728 0.44448076923076923 0.021434659090908973 0.03773076923076924
0 0.7575781250000001 0.4200576923076923 0.025724431818181837 0.03530769230769233
0 0.7745383522727274 0.40966346153846156 0.023934659090909124 0.02321153846153845
0 0.7774005681818181 0.3816057692307692 0.022500000000000044 0.029980769230769238
0 0.7604332386363637 0.3941826923076924 0.01927556818181825 0.029019230769230776
0 0.791328125 0.3835480769230769 0.0375142045454545 0.04351923076923076
0 0.806690340909091 0.3743557692307693 0.018920454545454615 0.03674999999999997
0 0.8458096590909091 0.46213461538461537 0.01428977272727281 0.04980769230769226
0 0.8441974431818182 0.42731730769230764 0.012514204545454629 0.02659615384615387
0 0.6921875000000001 0.8078653846153847 0.026079545454545473 0.04011538461538453
0 0.829552556818182 0.38813461538461536 0.028934659090909098 0.05465384615384613
0 0.8461576704545454 0.38669230769230767 0.021434659090909136 0.05465384615384613
0 0.8547372159090909 0.41207692307692306 0.021434659090908973 0.030961538461538506
0 0.8597372159090909 0.45125 0.02285511363636352 0.05707692307692309
0 0.7198934659090909 0.5121826923076924 0.03893465909090905 0.029980769230769182
0 0.7200710227272726 0.5008269230769231 0.04928977272727271 0.0362692307692308
0 0.7406107954545454 0.4892115384615384 0.022499999999999885 0.03434615384615382
0 0.7456107954545456 0.4640673076923077 0.023210227272727316 0.01886538461538462
0 0.7593607954545454 0.4454423076923077 0.021420454545454604 0.0386923076923077
0 0.7445383522727272 0.43964423076923076 0.018934659090909148 0.0309423076923077
0 0.6099857954545455 0.8335384615384616 0.02767045454545457 0.02407692307692304
0 0.7397159090909091 0.4224807692307692 0.022869318181818053 0.0362692307692308
0 0.7472159090909091 0.3879038461538461 0.02000000000000006 0.031923076923076915
0 0.738465909090909 0.37459615384615386 0.016079545454545364 0.021769230769230756
0 0.7259659090909092 0.3576730769230769 0.022499999999999964 0.040153846153846144
0 0.7206036931818182 0.3767692307692308 0.020355113636363695 0.02611538461538464
0 0.7316761363636364 0.3927307692307692 0.02536931818181812 0.026115384615384585
0 0.731143465909091 0.4582596153846154 0.0185653409090909 0.02755769230769233
0 0.7198934659090909 0.47204807692307693 0.02535511363636367 0.02321153846153845
0 0.7172088068181819 0.45125 0.03285511363636363 0.045461538461538435
0 0.7072088068181818 0.3494519230769231 0.023565340909090956 0.044980769230769206
0 0.5884446022727272 0.8506634615384616 0.020156249999999997 0.032634615384615324
0 0.7300710227272728 0.41836538461538464 0.028579545454545382 0.029000000000000026
0 0.6879190340909092 0.3937019230769231 0.025724431818181837 0.03771153846153849
0 0.7045241477272728 0.3837884615384615 0.028934659090909098 0.060461538461538455
0 0.6430965909090909 0.4169134615384616 0.031079545454545447 0.023211538461538502
0 0.7041690340909091 0.44326923076923075 0.028934659090909098 0.06915384615384612
0 0.6609517045454546 0.43916346153846153 0.03821022727272724 0.04351923076923076
0 0.6893536931818182 0.43988461538461543 0.022144886363636408 0.06526923076923076
0 0.9183167613636362 0.10039423076923076 0.03001420454545454 0.033365384615384616
0 0.906171875 0.07960576923076923 0.021434659090909136 0.02078846153846153
0 0.8967045454545454 0.0626826923076923 0.02750000000000002 0.018865384615384614
0 0.6032670454545455 0.8514711538461538 0.011846590909090954 0.020326923076923065
0 0.9031392045454545 0.0955576923076923 0.03178977272727272 0.05465384615384616
0 0.8999218750000001 0.1136923076923077 0.02322443181818185 0.03384615384615385
0 0.912421875 0.05687500000000001 0.01606534090909083 0.02755769230769231
0 0.895099431818182 0.049625 0.02071022727272733 0.02467307692307692
0 0.882244318181818 0.09870192307692308 0.01857954545454551 0.029019230769230762
0 0.8838494318181819 0.07597115384615384 0.016789772727272636 0.029980769230769224
0 0.8972443181818183 0.13763461538461538 0.02428977272727276 0.02561538461538463
0 0.8963494318181818 0.15576923076923077 0.022500000000000044 0.015461538461538447
0 0.9202840909090909 0.13135576923076925 0.025369318181818038 0.033365384615384616
0 0.828125 0.17366346153846154 0.0753693181818181 0.13055769230769232
0 0.5973366477272727 0.8736826923076925 0.02845170454545459 0.027288461538461536
0 0.8734872159090908 0.1359423076923077 0.028934659090909098 0.043538461538461554
0 0.8725923295454546 0.11321153846153846 0.02643465909090911 0.026115384615384613
0 0.8613494318181818 0.1431923076923077 0.016789772727272636 0.03192307692307694
0 0.6795241477272728 0.007038461538461539 0.014644886363636367 0.014076923076923077
0 0.6663139204545455 0.0063076923076923076 0.013934659090909095 0.012615384615384615
0 0.6652414772727273 0.019634615384615386 0.018210227272727263 0.015961538461538465
0 0.6511292613636364 0.03173076923076923 0.02714488636363638 0.029500000000000002
0 0.6532741477272727 0.010903846153846153 0.0185653409090909 0.021807692307692306
0 0.641484375 0.008759615384615387 0.013565340909090924 0.017403846153846155
0 0.6370170454545455 0.04817307692307692 0.020369318181818145 0.02176923076923077
0 0.6305326704545454 0.8378269230769231 0.02370738636363636 0.028346153846153865
0 0.6966761363636365 0.007759615384615385 0.02107954545454542 0.01551923076923077
0 0.6822017045454545 0.019153846153846157 0.019999999999999976 0.024653846153846155
0 0.6672017045454546 0.0385 0.02071022727272725 0.02176923076923077
0 0.8990269886363635 0.17221153846153844 0.023565340909090956 0.022230769230769235
0 0.8650923295454546 0.17222115384615386 0.049303977272727326 0.03578846153846154
0 0.8838494318181819 0.19470192307692308 0.016079545454545364 0.034326923076923095
0 0.8975994318181819 0.19759615384615384 0.01642045454545463 0.029500000000000005
0 0.8563423295454545 0.19179807692307693 0.03893465909090921 0.023711538461538485
0 0.8659872159090909 0.20945192307692306 0.04680397727272734 0.023211538461538474
0 0.8842045454545455 0.22348076923076923 0.028210227272727293 0.020307692307692284
0 0.9834659090909091 0.3944038461538461 0.03159090909090911 0.03684615384615384
0 0.6429900568181818 0.8273942307692308 0.020156249999999997 0.02782692307692313
0 0.8590198863636364 0.23170192307692308 0.024289772727272597 0.02224999999999999
0 0.8652769886363636 0.24765384615384617 0.024644886363636397 0.02515384615384615
0 0.9106392045454544 0.19276923076923078 0.018210227272727343 0.021769230769230784
0 0.9160014204545455 0.17752884615384615 0.024644886363636234 0.029019230769230776
0 0.9179616477272727 0.15722115384615384 0.02214488636363625 0.03190384615384616
0 0.9286789772727272 0.167375 0.01428977272727281 0.017403846153846148
0 0.8986718749999999 0.2534519230769231 0.02285511363636368 0.029980769230769238
0 0.9120667613636364 0.26481730769230766 0.016775568181818103 0.024673076923076947
0 0.8829545454545453 0.2462019230769231 0.02357954545454549 0.024173076923076936
0 0.7845454545454544 0.20122115384615383 0.01750000000000007 0.042557692307692324
0 0.6224360795454545 0.8549423076923077 0.024105113636363674 0.030500000000000027
0 0.9329616477272729 0.27715384615384614 0.03072443181818181 0.031923076923076915
0 0.9354616477272728 0.24910576923076921 0.03001420454545454 0.03386538461538462
0 0.023238636363636364 0.19128846153846155 0.03860795454545454 0.05226923076923078
0 0.03723011363636364 0.21136538461538462 0.041960227272727274 0.060615384615384606
0 0.06912642045454545 0.19697115384615385 0.025184659090909098 0.07271153846153847
0 0.11500710227272727 0.4022788461538462 0.03413352272727273 0.021211538461538462
0 0.12816761363636364 0.38484615384615384 0.036931818181818184 0.04092307692307692
0 0.21992897727272728 0.37045192307692304 0.06826704545454546 0.06213461538461539
0 0.16285511363636365 0.3818173076923077 0.04252840909090909 0.039403846153846116
0 0.20650568181818182 0.35984615384615387 0.054829545454545464 0.0681923076923077
0 0.6218465909090909 0.875548076923077 0.022130681818181796 0.023557692307692307
0 0.03443892045454545 0.32916346153846154 0.05651988636363636 0.1068269230769231
0 0.08144176136363636 0.37613461538461535 0.05987215909090909 0.05076923076923078
0 0.10438210227272728 0.37159615384615385 0.06211647727272727 0.037115384615384585
0 0.17628551136363638 0.28788461538461535 0.061548295454545474 0.07273076923076927
0 0.1961505681818182 0.3322019230769231 0.05875000000000002 0.06590384615384612
0 0.16117897727272726 0.3431730769230769 0.03244318181818182 0.042423076923076924
0 0.13683238636363637 0.34318269230769227 0.02741477272727272 0.04698076923076919
0 0.13543323863636364 0.29773076923076924 0.030213068181818195 0.046961538461538437
0 0.11389204545454547 0.3011442307692308 0.04196022727272728 0.046211538461538464
0 0.1256463068181818 0.2670480769230769 0.04532670454545454 0.028019230769230755
0 0.7925710227272728 0.9911153846153846 0.022926136363636343 0.01711538461538468
0 0.15753551136363636 0.2606057692307692 0.028536931818181822 0.059096153846153826
0 0.4903764204545455 0.5593173076923077 0.015923295454545426 0.09451923076923084
0 0.6529048295454545 0.9705673076923077 0.013764204545454543 0.018326923076923025
0 0.6627414772727273 0.9725673076923077 0.017215909090909098 0.03163461538461547
0 0.678359375 0.9750576923076922 0.01697443181818188 0.029307692307692215
0 0.6553622159090909 0.9897211538461538 0.03001420454545454 0.019980769230769312
0 0.8647869318181818 0.75475 0.01857954545454551 0.042538461538461435
0 0.6959943181818182 0.853201923076923 0.029602272727272692 0.03040384615384616
0 0.7159019886363637 0.8522692307692307 0.024502840909090908 0.03592307692307694
0 0.6779687499999999 0.993673076923077 0.02210227272727273 0.011961538461538515
0 0.7315127840909091 0.8635096153846153 0.024105113636363674 0.03798076923076923
0 0.6934446022727273 0.9840000000000001 0.01632102272727274 0.03130769230769236
0 0.7124928977272728 0.9687980769230768 0.020411931818181742 0.0294807692307692
0 0.7637002840909091 0.8527403846153845 0.048650568181818184 0.0294807692307692
0 0.8087713068181818 0.8548076923076923 0.061235795454545314 0.03361538461538465
0 0.827315340909091 0.8838269230769231 0.05204545454545453 0.03638461538461542
0 0.8244247159090908 0.8967211538461539 0.02177556818181808 0.026249999999999957
0 0.8296946022727273 0.924125 0.03572443181818179 0.041442307692307716
0 0.8274786931818183 0.945548076923077 0.034019886363636266 0.062173076923077004
0 0.815234375 0.9881442307692309 0.0238210227272727 0.023019230769230823
0 0.7640411931818182 0.9910769230769231 0.033678977272727326 0.017846153846153793
0 0.6623508522727272 0.8394423076923077 0.024105113636363595 0.02407692307692304
0 0.7332528409090909 0.9874519230769231 0.026534090909090837 0.02440384615384626
0 0.7053551136363637 0.9917692307692308 0.030625000000000003 0.016461538461538465
0 0.84796875 0.9345576923076924 0.009999999999999948 0.019730769230769322
0 0.8459730113636365 0.9560288461538461 0.016292613636363515 0.030173076923076917
0 0.8346803977272728 0.9693846153846155 0.021150568181818163 0.03134615384615387
0 0.8561150568181817 0.970346153846154 0.02171875000000011 0.02630769230769232
0 0.8366832386363637 0.9913653846153846 0.020014204545454592 0.017269230769230804
0 0.8542542613636364 0.9896250000000001 0.021434659090909136 0.02075000000000004
0 0.8706889204545455 0.9792500000000001 0.03487215909090902 0.039461538461538534
0 0.8865482954545456 0.9791730769230769 0.04315340909090908 0.0416538461538462
0 0.6554332386363636 0.8164326923076923 0.026093750000000006 0.02086538461538466
0 0.9012642045454545 0.9888461538461539 0.020568181818181843 0.02230769230769235
0 0.6339346590909091 0.9875673076923076 0.019715909090909086 0.024365384615384646
0 0.6177911931818182 0.9894326923076923 0.013139204545454546 0.0211346153846154
0 0.63921875 0.9709326923076923 0.019999999999999976 0.022826923076923085
0 0.65421875 0.9568076923076922 0.02028409090909087 0.016230769230769226
0 0.6546519886363636 0.9409423076923076 0.021150568181818163 0.018576923076923126
0 0.6487926136363636 0.9274038461538462 0.02829545454545449 0.024769230769230762
0 0.6353622159090908 0.9471346153846154 0.0185653409090909 0.028615384615384605
0 0.6237855113636364 0.9235288461538462 0.021150568181818163 0.030173076923076917
0 0.6213565340909091 0.9709230769230769 0.016292613636363674 0.02592307692307696
0 0.6734161931818182 0.8351538461538461 0.024900568181818225 0.028346153846153754
0 0.6176491477272728 0.9453942307692308 0.021434659090909136 0.025903846153846097
0 0.569921875 0.9907884615384616 0.0197301136363637 0.018423076923076893
0 0.5890696022727273 0.9905865384615385 0.02086647727272727 0.018826923076923116
0 0.6012073863636364 0.9803365384615385 0.024005681818181787 0.03932692307692306
0 0.6087855113636363 0.9595192307692307 0.022571022727272707 0.03249999999999996
0 0.7038068181818182 0.8242980769230769 0.03428977272727271 0.029019230769230832
0 0.7275213068181817 0.8285576923076924 0.026860795454545408 0.03365384615384615
0 0.758380681818182 0.8260384615384615 0.038863636363636385 0.032500000000000064
0 0.5474857954545455 0.9562307692307692 0.0234375 0.024384615384615397
0 0.6569389204545455 0.8556346153846153 0.022286931818181813 0.024384615384615397
0 0.6726278409090909 0.8116057692307692 0.02252840909090903 0.02086538461538455
0 0.6429332386363636 0.8517692307692307 0.0160085227272727 0.02746153846153852
0 0.6412144886363635 0.8726538461538461 0.016576704545454568 0.025923076923076847
0 0.5186292613636364 0.986403846153846 0.020014204545454592 0.025923076923076847
0 0.503622159090909 0.9909807692307692 0.020852272727272737 0.01803846153846153
0 0.5057670454545454 0.9728653846153846 0.01829545454545454 0.019730769230769215
0 0.5513494318181817 0.9898846153846154 0.019715909090909086 0.018961538461538377
0 0.5939275568181818 0.9382307692307692 0.026576704545454598 0.027076923076923155
0 0.5876420454545456 0.9150192307692308 0.028863636363636355 0.027076923076923155
0 0.5833522727272727 0.8952884615384614 0.02028409090909087 0.02630769230769232
0 0.6075 0.9237307692307692 0.013721590909090864 0.02050000000000005
0 0.6755894886363637 0.7861923076923077 0.030838068181818234 0.03423076923076925
0 0.6013565340909092 0.8991634615384615 0.015156250000000022 0.027865384615384632
0 0.6186434659090909 0.9009038461538462 0.020582386363636376 0.026692307692307793
0 0.6353622159090908 0.8950961538461538 0.023139204545454574 0.026692307692307682
0 0.5437784090909091 0.8587307692307692 0.020568181818181843 0.025923076923076847
0 0.5293394886363636 0.8684038461538461 0.01742897727272733 0.022038461538461607
0 0.5400568181818182 0.8836923076923077 0.0234375 0.03173076923076923
0 0.576356534090909 0.8569903846153846 0.017144886363636355 0.030942307692307755
0 0.5602059659090909 0.8687884615384615 0.022571022727272707 0.026692307692307682
0 0.5569176136363636 0.8889038461538462 0.015426136363636383 0.02592307692307696
0 0.5730681818181819 0.8836923076923077 0.0191477272727273 0.027076923076923047
0 0.9436363636363635 0.4451346153846154 0.01781250000000011 0.04184615384615383
0 0.65484375 0.7757596153846154 0.027272727272727258 0.028365384615384615
0 0.563203125 0.9086346153846154 0.02171874999999995 0.025153846153846124
0 0.5756392045454546 0.9749903846153847 0.02599431818181812 0.020903846153846054
0 0.5874928977272728 0.9602884615384616 0.022286931818181813 0.03403846153846152
0 0.5290553977272728 0.8945192307692307 0.016292613636363595 0.0208846153846153
0 0.5001988636363636 0.8747884615384615 0.0191477272727273 0.025538461538461486
0 0.5182031250000001 0.8860096153846154 0.02086647727272727 0.03405769230769227
0 0.5114843750000001 0.9043846153846153 0.017144886363636355 0.03596153846153844
0 0.5087713068181817 0.937076923076923 0.02086647727272727 0.028615384615384716
0 0.5191974431818182 0.9194711538461539 0.022286931818181813 0.029019230769230832
0 0.5369176136363637 0.9041826923076922 0.025710227272727305 0.02321153846153845
0 0.6819105113636363 0.7369711538461539 0.019758522727272684 0.025673076923076858
0 0.5550639204545454 0.9169615384615385 0.022002840909090923 0.02784615384615388
0 0.5412073863636363 0.9840096153846154 0.024005681818181787 0.03198076923076922
0 0.5113352272727273 0.9517788461538461 0.024289772727272677 0.02321153846153845
0 0.5256249999999999 0.9699615384615384 0.023153409090909106 0.02784615384615388
0 0.5267755681818183 0.9488749999999999 0.018579545454545432 0.038288461538461584
0 0.5400568181818183 0.929721153846154 0.024573863636363654 0.030173076923076917
0 0.5577769886363636 0.9434615384615385 0.018849431818181793 0.028230769230769243
0 0.5556321022727272 0.9747980769230769 0.021434659090909056 0.022826923076923196
0 0.5690625 0.9571923076923077 0.019715909090909086 0.02784615384615388
0 0.5752130681818183 0.9339807692307691 0.024573863636363654 0.025538461538461597
0 0.6623508522727272 0.7356346153846154 0.024105113636363595 0.025153846153846124
0 0.3914488636363636 0.5676153846153845 0.0339488636363636 0.049461538461538404
0 0.38507812500000005 0.5801153846153846 0.027798295454545444 0.050153846153846125
0 0.9097443181818182 0.23532692307692307 0.03215909090909089 0.03530769230769233
0 0.912606534090909 0.21138461538461537 0.03072443181818181 0.02419230769230769
0 0.9443963068181819 0.22613461538461538 0.032144886363636355 0.06238461538461538
0 0.9281392045454546 0.22153846153846152 0.01750000000000007 0.02419230769230769
0 0.9288565340909091 0.19252884615384613 0.022514204545454577 0.0309423076923077
0 0.7968678977272727 0.2950384615384616 0.02285511363636352 0.02611538461538464
0 0.7802556818181817 0.2701442307692308 0.028210227272727293 0.04109615384615385
0 0.803828125 0.2802980769230769 0.023934659090909124 0.026596153846153815
0 0.6696590909090909 0.7578365384615385 0.023721590909090973 0.022480769230769228
0 0.7947230113636362 0.24596153846153848 0.025014204545454565 0.04496153846153848
0 0.8140127840909092 0.3080961538461538 0.020014204545454592 0.02611538461538464
0 0.8177698863636365 0.29771153846153847 0.0167897727272728 0.028538461538461544
0 0.8163352272727273 0.2628846153846154 0.020369318181818228 0.04980769230769232
0 0.834552556818182 0.2860961538461539 0.020355113636363695 0.022730769230769218
0 0.8290127840909091 0.3042403846153846 0.012144886363636299 0.01644230769230766
0 0.8354474431818182 0.32382692307692307 0.025014204545454565 0.023692307692307735
0 0.844559659090909 0.3114807692307692 0.021789772727272772 0.03288461538461543
0 0.8209801136363637 0.23919230769230768 0.0210795454545455 0.044961538461538456
0 0.8413423295454546 0.2208076923076923 0.02535511363636367 0.035307692307692304
0 0.6524715909090909 0.750076923076923 0.016193181818181867 0.02299999999999996
0 0.8370525568181819 0.2667596153846154 0.02322443181818185 0.03917307692307693
0 0.8327627840909091 0.23170192307692308 0.01964488636363626 0.03578846153846151
0 0.8547301136363636 0.2582884615384615 0.02428977272727276 0.04061538461538462
0 0.8538423295454546 0.29045192307692314 0.024644886363636397 0.03144230769230768
0 0.8795596590909092 0.28973076923076924 0.026789772727272745 0.025153846153846124
0 0.8661647727272727 0.2824807692307692 0.021420454545454604 0.027076923076923103
0 0.8788494318181819 0.26724038461538463 0.02750000000000002 0.020788461538461544
0 0.36375710227272723 0.014048076923076922 0.021065340909090926 0.028096153846153844
0 0.3816122159090909 0.011173076923076924 0.028934659090909018 0.02223076923076923
0 0.4100142045454545 0.017673076923076923 0.033579545454545515 0.03534615384615385
0 0.42068181818181816 0.7931538461538461 0.020539772727272698 0.04065384615384613
0 0.44627130681818183 0.008971153846153846 0.03893465909090905 0.01794230769230769
0 0.4453764204545454 0.027134615384615382 0.04072443181818184 0.02515384615384615
0 0.4537713068181819 0.03970192307692308 0.04322443181818183 0.034826923076923075
0 0.4743110795454545 0.027125 0.023565340909090873 0.03578846153846154
0 0.4760937499999999 0.005134615384615383 0.019289772727272704 0.010153846153846152
0 0.6391690340909091 0.06509615384615385 0.014644886363636367 0.021769230769230763
0 0.6552414772727272 0.05518269230769231 0.021789772727272692 0.023211538461538454
0 0.6518394886363637 0.07791346153846154 0.017144886363636355 0.02225
0 0.6727414772727273 0.056625 0.018210227272727263 0.023211538461538454
0 0.6859588068181818 0.07451923076923077 0.020355113636363612 0.02030769230769231
0 0.28868607954545455 0.9796153846153846 0.014218750000000028 0.0369230769230769
0 0.7123934659090909 0.093625 0.020355113636363612 0.02467307692307692
0 0.7532954545454544 0.019875 0.02428977272727276 0.024173076923076922
0 0.7559659090909091 0.04309615384615385 0.015369318181818253 0.025153846153846155
0 0.7666832386363635 0.03510576923076924 0.028224431818181826 0.03240384615384616
0 0.7986576704545455 0.058807692307692304 0.02214488636363625 0.03142307692307692
0 0.8107954545454544 0.06678846153846155 0.030000000000000006 0.029000000000000005
0 0.8079403409090908 0.044298076923076926 0.030000000000000006 0.02467307692307692
0 0.8190127840909092 0.07670192307692307 0.01856534090909098 0.027557692307692304
0 0.7784730113636364 0.05397115384615384 0.022514204545454577 0.026596153846153842
0 0.7857954545454546 0.07863461538461539 0.02071022727272733 0.025615384615384616
0 0.28532670454545456 0.9386826923076923 0.017784090909090885 0.022480769230769228
0 0.8061576704545456 0.08878846153846154 0.01856534090909098 0.02273076923076923
0 0.8199076704545454 0.09459615384615384 0.018224431818181876 0.031423076923076915
0 0.800078125 0.10596153846153847 0.021434659090908973 0.04353846153846154
0 0.6334517045454545 0.030278846153846156 0.026789772727272745 0.03917307692307692
0 0.6116619318181818 0.06629807692307692 0.04107954545454548 0.048365384615384616
0 0.6234446022727272 0.07864423076923076 0.02964488636363629 0.026596153846153856
0 0.7863352272727272 0.031000000000000003 0.026079545454545473 0.024192307692307694
0 0.7745454545454545 0.012865384615384615 0.023210227272727316 0.024653846153846155
0 0.6229119318181818 0.014778846153846153 0.022869318181818133 0.029557692307692306
0 0.6114772727272727 0.032942307692307694 0.019289772727272704 0.03288461538461539
0 0.16735795454545455 0.9713269230769231 0.0284659090909091 0.024615384615384636
0 0.6002272727272727 0.015288461538461539 0.022500000000000044 0.03046153846153846
0 0.5870099431818182 0.006826923076923077 0.018934659090909148 0.01353846153846154
0 0.5779048295454546 0.02399038461538461 0.030724431818181894 0.03336538461538461
0 0.7949005681818182 0.12723076923076923 0.021789772727272613 0.03288461538461537
0 0.7847230113636363 0.10450000000000001 0.020014204545454592 0.026115384615384627
0 0.7756178977272729 0.08686538461538462 0.023934659090909124 0.03626923076923077
0 0.7684659090909091 0.06388461538461539 0.016079545454545364 0.026115384615384613
0 0.753643465909091 0.06436538461538462 0.013565340909091006 0.020307692307692304
0 0.7579332386363636 0.08661538461538461 0.02285511363636368 0.028038461538461536
0 0.7413210227272727 0.08733653846153848 0.016789772727272636 0.03432692307692308
0 0.14818892045454546 0.9894038461538461 0.02251420454545454 0.021192307692307656
0 0.7604332386363637 0.10402884615384615 0.021434659090909136 0.0309423076923077
0 0.7781178977272728 0.13110576923076925 0.0375142045454545 0.055134615384615386
0 0.7981178977272727 0.15577884615384616 0.0346448863636365 0.04932692307692306
0 0.7907954545454546 0.014048076923076922 0.014999999999999923 0.028096153846153844
0 0.8041903409090909 0.010451923076923077 0.011789772727272663 0.02078846153846154
0 0.8070525568181818 0.027134615384615382 0.020355113636363695 0.02223076923076923
0 0.8243749999999999 0.04526923076923077 0.022869318181818213 0.04399999999999999
0 0.8211576704545455 0.013115384615384616 0.025014204545454565 0.026115384615384617
0 0.8170454545454546 0.11539423076923076 0.022500000000000044 0.03917307692307692
0 0.837940340909091 0.03801923076923078 0.019289772727272784 0.043038461538461546
0 0.9427982954545455 0.4253461538461539 0.018153409090909053 0.04596153846153847
0 0.16696022727272727 0.9923461538461538 0.02053977272727272 0.015307692307692378
0 0.8372372159090908 0.008009615384615384 0.02714488636363638 0.016019230769230768
0 0.8461576704545454 0.02423076923076923 0.021434659090909136 0.019346153846153843
0 0.854375 0.006826923076923077 0.02071022727272717 0.012576923076923078
0 0.8604545454545455 0.016971153846153844 0.014999999999999923 0.010634615384615385
0 0.8761647727272727 0.007278846153846154 0.02786931818181819 0.014557692307692308
0 0.8717045454545456 0.02641346153846154 0.03749999999999997 0.01982692307692308
0 0.8883167613636364 0.01335576923076923 0.04072443181818192 0.019826923076923075
0 0.882244318181818 0.04720192307692308 0.02428977272727276 0.030480769230769228
0 0.8666974431818182 0.07984615384615386 0.018934659090909148 0.04353846153846155
0 0.8609872159090909 0.045028846153846155 0.024644886363636234 0.029019230769230773
0 0.47423295454545455 0.881173076923077 0.02488636363636361 0.024076923076923152
0 0.8436647727272728 0.06485576923076922 0.03286931818181816 0.06190384615384615
0 0.8433025568181818 0.09266346153846154 0.032144886363636355 0.033365384615384616
0 0.9272514204545456 0.08275 0.022144886363636408 0.03773076923076924
0 0.9043821022727272 0.008759615384615387 0.032144886363636355 0.017403846153846155
0 0.9054616477272727 0.031480769230769236 0.03643465909090906 0.02707692307692308
0 0.931356534090909 0.008730769230769231 0.022514204545454577 0.017461538461538462
0 0.9267116477272727 0.05422115384615385 0.030355113636363642 0.04351923076923077
0 0.9365340909090908 0.03511538461538461 0.03215909090909089 0.03819230769230769
0 0.9463565340909091 0.006096153846153845 0.020355113636363532 0.012076923076923075
0 0.9568963068181818 0.03679807692307692 0.027855113636363657 0.05513461538461538
0 0.47284801136363636 0.9025673076923078 0.02055397727272731 0.02086538461538455
0 0.8053196022727271 0.6741153846153846 0.017798295454545577 0.03138461538461537
0 0.8190980113636364 0.6559134615384616 0.02521306818181818 0.02321153846153845
0 0.8254829545454547 0.6352115384615384 0.027897727272727255 0.024576923076923024
0 0.7705397727272728 0.6691153846153846 0.024857954545454544 0.024115384615384546
0 0.7841477272727272 0.6891250000000001 0.01647727272727276 0.0259423076923076
0 0.7665056818181818 0.6866249999999999 0.02082386363636375 0.027288461538461536
0 0.7352485795454545 0.6477307692307692 0.01680397727272725 0.03411538461538463
0 0.751377840909091 0.6629711538461539 0.019488636363636402 0.0336730769230769
0 0.751384943181818 0.6873076923076923 0.020838068181818124 0.03411538461538463
0 0.7767542613636365 0.7107403846153847 0.015127840909090877 0.02913461538461545
0 0.4615838068181819 0.9649038461538462 0.014616477272727302 0.02996153846153854
0 0.7675142045454545 0.7132403846153846 0.02352272727272736 0.02867307692307686
0 0.7665056818181818 0.7382596153846154 0.025539772727272755 0.020480769230769295
0 0.8199431818181818 0.7155096153846154 0.019488636363636402 0.03594230769230769
0 0.815234375 0.7332596153846154 0.016122159090909124 0.029557692307692316
0 0.8019602272727272 0.7027788461538461 0.017130681818181902 0.02594230769230771
0 0.7901988636363636 0.7057307692307693 0.011761363636363759 0.03003846153846155
0 0.7870028409090909 0.7394038461538461 0.016136363636363657 0.03457692307692311
0 0.8017968749999999 0.7273461538461539 0.01680397727272733 0.036846153846153896
0 0.797421875 0.7596538461538461 0.01813920454545452 0.047769230769230724
0 0.8091832386363635 0.7753365384615385 0.020156249999999917 0.05459615384615382
0 0.46850142045454546 0.9897788461538463 0.014218749999999987 0.019788461538461578
0 0.7942329545454547 0.8247115384615386 0.0339488636363636 0.029576923076923067
0 0.77625 0.794 0.032272727272727314 0.04457692307692309
0 0.7821377840909091 0.7662403846153846 0.03461647727272712 0.04640384615384614
0 0.7581036931818183 0.7728461538461538 0.02419034090909087 0.029576923076923067
0 0.751384943181818 0.7482692307692308 0.028906250000000033 0.037769230769230853
0 0.7475213068181819 0.7136923076923077 0.021178977272727387 0.03138461538461537
0 0.9058025568181818 0.7548750000000001 0.02384943181818193 0.03821153846153847
0 0.9259659090909093 0.7632884615384615 0.015795454545454553 0.036846153846153896
0 0.9155468750000001 0.7753461538461538 0.015127840909090877 0.04096153846153849
0 0.9009303977272727 0.77375 0.014105113636363726 0.021384615384615394
0 0.4777911931818182 0.9705192307692307 0.020156249999999997 0.037999999999999874
0 0.8942045454545454 0.7594134615384615 0.015454545454545448 0.02548076923076923
0 0.8800923295454546 0.7562403846153847 0.01680397727272733 0.030019230769230795
0 0.8879900568181818 0.7412211538461538 0.01311079545454548 0.030019230769230795
0 0.8790838068181818 0.7293942307692307 0.018821022727272728 0.02640384615384608
0 0.8811008522727272 0.7048173076923077 0.012769886363636377 0.02821153846153838
0 0.8957173295454546 0.7293942307692307 0.012428977272727272 0.02913461538461545
0 0.8950497159090909 0.7086923076923076 0.015127840909091039 0.020461538461538434
0 0.9444460227272728 0.7398557692307692 0.021164772727272695 0.027288461538461536
0 0.9461292613636364 0.713923076923077 0.018480113636363624 0.027307692307692286
0 0.9478125 0.6911730769230768 0.02318181818181809 0.0291153846153847
0 0.4710724431818182 0.9349423076923077 0.025696022727272772 0.03530769230769233
0 0.9673011363636363 0.7082307692307692 0.0238636363636363 0.035038461538461484
0 0.9822230113636364 0.7054903846153846 0.03555397727272724 0.03871153846153845
0 0.9837357954545454 0.72575 0.03252840909090906 0.027307692307692286
0 0.9791974431818182 0.7462211538461538 0.041605113636363586 0.054596153846153926
0 0.9677982954545453 0.7471346153846153 0.0336079545454545 0.05276923076923076
0 0.821953125 0.7830865384615384 0.01813920454545452 0.06005769230769234
0 0.8347230113636364 0.782625 0.020838068181818284 0.039134615384615316
0 0.8563991477272727 0.7821730769230769 0.025866477272727326 0.027307692307692286
0 0.8767329545454546 0.789451923076923 0.014119318181818259 0.04459615384615384
0 0.9573863636363636 0.7682884615384615 0.028238636363636518 0.03776923076923074
0 0.48490767045454547 0.9897788461538463 0.020156250000000077 0.019788461538461578
0 0.9466335227272729 0.7758076923076922 0.03494318181818185 0.04550000000000005
0 0.9325142045454545 0.796951923076923 0.025539772727272755 0.03594230769230769
0 0.8918536931818182 0.7976346153846153 0.01813920454545452 0.05369230769230772
0 0.9229403409090909 0.8224423076923076 0.03931818181818191 0.05323076923076924
0 0.9026136363636365 0.8174326923076923 0.0215056818181818 0.06778846153846153
0 0.8886647727272727 0.8665673076923077 0.03125 0.0550576923076923
0 0.8742116477272727 0.8620192307692308 0.03731534090909105 0.061423076923077025
0 0.5196377840909091 0.2764615384615384 0.028906250000000033 0.05323076923076924
0 0.5216548295454545 0.24414423076923075 0.020838068181818124 0.03321153846153848
0 0.42385653409090907 0.21549038461538464 0.03359375000000005 0.04321153846153849
0 0.4882599431818182 0.9287788461538462 0.02055397727272731 0.039057692307692314
0 0.42133522727272726 0.18977884615384616 0.027897727272727255 0.0245576923076923
0 0.4060440340909091 0.20638461538461536 0.026207386363636346 0.0341153846153846
0 0.3880610795454546 0.20798076923076925 0.026548295454545453 0.029115384615384616
0 0.37899147727272725 0.18932692307692306 0.0238636363636363 0.027307692307692314
0 0.37865767045454546 0.22208653846153847 0.03529829545454544 0.02455769230769233
0 0.3662215909090909 0.2088846153846154 0.01713068181818186 0.010923076923076909
0 0.3495880681818182 0.22367307692307692 0.034289772727272745 0.03503846153846154
0 0.36235795454545455 0.19227884615384616 0.015454545454545488 0.027750000000000014
0 0.34203125 0.20297115384615383 0.025198863636363648 0.03548076923076924
0 0.4339417613636364 0.16679807692307694 0.01680397727272733 0.01228846153846154
0 0.4799644886363636 0.8664519230769231 0.02765624999999996 0.038519230769230715
0 0.9660014204545455 0.010932692307692308 0.024644886363636397 0.021750000000000002
0 0.9733238636363637 0.048413461538461544 0.015710227272727195 0.0609423076923077
0 0.9843963068181818 0.029307692307692305 0.012855113636363573 0.058499999999999996
0 0.9954119318181818 0.02544230769230769 0.009176136363636416 0.05076923076923077
0 0.561825284090909 0.008009615384615384 0.03072443181818181 0.016019230769230768
0 0.5998721590909091 0.0989423076923077 0.028210227272727293 0.035307692307692304
0 0.6075497159090909 0.12313461538461538 0.032144886363636355 0.02273076923076923
0 0.583799715909091 0.09435576923076923 0.014644886363636367 0.029019230769230762
0 0.591122159090909 0.13908653846153846 0.023579545454545405 0.04498076923076922
0 0.6123721590909091 0.13739423076923077 0.022499999999999964 0.02128846153846155
0 0.9597727272727273 0.4305673076923077 0.023863636363636462 0.07825
0 0.49024147727272727 0.9651730769230769 0.021335227272727245 0.0369230769230769
0 0.6196946022727272 0.14924038461538464 0.024303977272727293 0.021750000000000005
0 0.6198721590909091 0.10015384615384615 0.020369318181818145 0.026115384615384613
0 0.6936363636363636 0.09459615384615384 0.02428977272727276 0.02949999999999999
0 0.6304119318181818 0.11151923076923076 0.02000000000000006 0.02757692307692307
0 0.6257670454545454 0.12796153846153846 0.017159090909090888 0.02080769230769231
0 0.6448792613636364 0.1214326923076923 0.018934659090909148 0.02709615384615384
0 0.6339772727272727 0.09 0.019289772727272784 0.03480769230769231
0 0.6834517045454546 0.10112499999999999 0.021789772727272692 0.024173076923076922
0 0.6738139204545455 0.09145192307692308 0.018934659090909068 0.02321153846153846
0 0.6672088068181818 0.07427884615384615 0.017144886363636355 0.020788461538461544
0 0.4937926136363636 0.9041730769230768 0.021335227272727245 0.0369230769230769
0 0.6513068181818181 0.10353846153846155 0.01749999999999999 0.03480769230769231
0 0.6391619318181818 0.1431923076923077 0.026789772727272666 0.027076923076923075
0 0.6557741477272727 0.14223076923076924 0.021434659090909056 0.026115384615384613
0 0.6661292613636364 0.13328846153846155 0.027855113636363657 0.030461538461538467
0 0.6625568181818182 0.093625 0.015710227272727275 0.027557692307692304
0 0.665234375 0.11322115384615385 0.018934659090909068 0.02321153846153845
0 0.6807741477272727 0.12361538461538461 0.0228551136363636 0.02273076923076923
0 0.5736150568181818 0.12675 0.02285511363636368 0.03773076923076923
0 0.571825284090909 0.152625 0.021434659090909136 0.03144230769230771
0 0.6166548295454546 0.17390384615384616 0.020355113636363695 0.03626923076923077
0 0.4965625000000001 0.8477211538461539 0.015028409090909068 0.02782692307692313
0 0.6271946022727272 0.18454807692307693 0.02214488636363633 0.032403846153846144
0 0.5791548295454546 0.17971153846153848 0.024644886363636317 0.06238461538461538
0 0.6277272727272727 0.20848076923076922 0.01749999999999999 0.01934615384615385
0 0.6084446022727273 0.19590384615384615 0.021065340909090888 0.03192307692307694
0 0.6014772727272727 0.17801923076923076 0.02000000000000006 0.05996153846153845
0 0.6346946022727273 0.1678653846153846 0.017855113636363627 0.0328846153846154
0 0.6173792613636363 0.2193653846153846 0.028934659090909098 0.023692307692307707
0 0.6711363636363636 0.16084615384615386 0.018579545454545432 0.027576923076923082
0 0.652919034090909 0.16277884615384614 0.02214488636363633 0.020788461538461544
0 0.653984375 0.18453846153846154 0.025014204545454485 0.028538461538461516
0 0.514346590909091 0.8565576923076923 0.022130681818181796 0.02299999999999996
0 0.646484375 0.19928846153846153 0.02285511363636368 0.026115384615384613
0 0.6902414772727273 0.14416346153846155 0.026789772727272745 0.020326923076923065
0 0.6725639204545455 0.17728846153846153 0.027855113636363657 0.02369230769230768
0 0.6711292613636364 0.2024423076923077 0.03143465909090908 0.02465384615384617
0 0.6941761363636364 0.16641346153846154 0.02750000000000002 0.024173076923076908
0 0.6945241477272727 0.18429807692307693 0.028934659090909098 0.017403846153846148
0 0.7097088068181818 0.16424038461538462 0.022144886363636408 0.02563461538461538
0 0.71453125 0.1545673076923077 0.04036931818181821 0.03917307692307693
0 0.7011363636363637 0.12192307692307693 0.02071022727272725 0.026115384615384613
0 0.71453125 0.1161153846153846 0.021789772727272692 0.04061538461538461
0 0.435703125 0.7645192307692308 0.021349431818181778 0.02407692307692304
0 0.7254261363636364 0.15117307692307694 0.02357954545454549 0.03819230769230769
0 0.7436434659090909 0.12553846153846154 0.045014204545454545 0.036269230769230755
0 0.736143465909091 0.0975 0.03214488636363628 0.035307692307692304
0 0.5611150568181817 0.12699038461538462 0.03001420454545454 0.06528846153846155
0 0.5948721590909091 0.07138461538461538 0.04607954545454545 0.055615384615384615
0 0.5907599431818181 0.04309615384615384 0.02856534090909093 0.04738461538461538
0 0.5346448863636364 0.018778846153846156 0.03613636363636363 0.03755769230769231
0 0.2712642045454545 0.02304807692307692 0.061335227272727284 0.04609615384615384
0 0.2618110795454545 0.029596153846153845 0.03990056818181819 0.04096153846153846
0 0.25214488636363636 0.03870192307692308 0.04661931818181817 0.06255769230769231
0 0.4149502840909091 0.7444615384615385 0.020156250000000077 0.019269230769230733
0 0.2891122159090909 0.011951923076923077 0.03822443181818181 0.023903846153846154
0 0.27482954545454547 0.07367307692307692 0.01889204545454543 0.04834615384615385
0 0.29142045454545457 0.07111538461538462 0.021846590909090902 0.050038461538461546
0 0.2970951704545455 0.06400961538461537 0.02311079545454543 0.046057692307692306
0 0.2737784090909091 0.11575961538461539 0.020994318181818183 0.05290384615384616
0 0.2918465909090909 0.11974038461538461 0.017642045454545438 0.0574423076923077
0 0.3239772727272727 0.01991346153846154 0.03150568181818179 0.03982692307692308
0 0.31977982954545453 0.04978846153846154 0.03822443181818185 0.06084615384615385
0 0.3054900568181818 0.11177884615384616 0.026463068181818174 0.07336538461538462
0 0.3336363636363636 0.09954807692307692 0.035710227272727255 0.04094230769230769
0 0.4181107954545455 0.7666634615384614 0.017784090909090965 0.023019230769230712
0 0.582734375 0.20415384615384616 0.01839488636363643 0.06065384615384617
0 0.5605255681818182 0.1949423076923077 0.019602272727272742 0.06499999999999999
0 0.532919034090909 0.2937980769230769 0.035610795454545444 0.030865384615384638
0 0.5351207386363637 0.2677980769230769 0.026406249999999964 0.04386538461538462
0 0.5299289772727273 0.19522115384615382 0.06321022727272728 0.11321153846153845
0 0.7207528409090909 0.1995480769230769 0.044801136363636314 0.06336538461538459
0 0.6799502840909091 0.2258269230769231 0.0512073863636363 0.07150000000000001
0 0.5533309659090908 0.2645480769230769 0.021207386363636373 0.05036538461538461
0 0.5653267045454545 0.22933653846153845 0.028409090909090908 0.03628846153846155
0 0.5809303977272727 0.25398076923076923 0.033196022727272734 0.039
0 0.4347159090909091 0.7455288461538462 0.02252840909090911 0.025673076923076965
0 0.5783309659090908 0.2740192307692308 0.03600852272727268 0.05307692307692306
0 0.59953125 0.24152884615384615 0.028011363636363674 0.07040384615384615
0 0.6187357954545455 0.24315384615384614 0.03281249999999995 0.03357692307692307
0 0.6469389204545455 0.23177884615384614 0.03080965909090909 0.04767307692307691
0 0.5629261363636363 0.09880769230769232 0.04519886363636363 0.047115384615384615
0 0.34249289772727276 0.06875 0.02759943181818183 0.0325
0 0.5625284090909091 0.07714423076923077 0.04201704545454543 0.04386538461538462
0 0.5359232954545454 0.0760576923076923 0.012812500000000055 0.03738461538461539
0 0.5597301136363636 0.06386538461538462 0.03721590909090908 0.026
0 0.5587286931818182 0.03273076923076923 0.03680397727272731 0.038461538461538464
0 0.4036860795454546 0.7805769230769231 0.016605113636363633 0.033692307692307764
0 0.5183238636363636 0.01 0.025596590909090965 0.02
0 0.49151278409090904 0.023807692307692307 0.027201704545454595 0.047615384615384615
0 0.5101207386363636 0.02704807692307692 0.026803977272727278 0.049826923076923074
0 0.3504971590909091 0.01325 0.0244034090909091 0.0265
0 0.3496875 0.04166346153846154 0.03480113636363636 0.03032692307692308
0 0.25247159090909094 0.061163461538461535 0.030000000000000006 0.05959615384615384
0 0.23407670454545454 0.07578846153846153 0.03400568181818182 0.03142307692307692
0 0.25767755681818183 0.10666346153846154 0.017997159090909112 0.05090384615384617
0 0.21546875 0.04328846153846153 0.042414772727272745 0.04657692307692307
0 0.21406960227272726 0.080125 0.04441761363636365 0.042249999999999996
0 0.5694744318181818 0.6133750000000001 0.021732954545454562 0.01498076923076927
0 0.47651278409090914 0.21498076923076925 0.04120738636363643 0.039
0 0.4203053977272727 0.15053846153846154 0.05521306818181819 0.033576923076923094
0 0.45651278409090906 0.13239423076923076 0.03240056818181818 0.03736538461538461
0 0.49571732954545455 0.18465384615384617 0.022002840909090923 0.024923076923076912
0 0.46131392045454545 0.14972115384615386 0.037201704545454545 0.04171153846153846
0 0.4695170454545454 0.10043269230769229 0.01920454545454551 0.03736538461538461
0 0.4831107954545455 0.12588461538461537 0.024801136363636334 0.04061538461538461
0 0.4507102272727272 0.10828846153846154 0.032017045454545486 0.05957692307692307
0 0.4873934659090909 0.10123076923076924 0.021349431818181778 0.06207692307692308
0 0.4504474431818182 0.07153846153846155 0.028849431818181823 0.038
