0 0.47715198863636366 0.2592403846153846 0.022372159090909092 0.03305769230769233
0 0.4177911931818182 0.7202788461538461 0.022883522727272745 0.02324999999999995
0 0.8797514204545455 0.1521730769230769 0.04686079545454547 0.04784615384615384
0 0.21273437500000003 0.47741346153846154 0.07742897727272728 0.0666730769230769
0 0.8608877840909092 0.10755769230769233 0.028991477272727228 0.04676923076923077
0 0.068046875 0.620173076923077 0.04373579545454545 0.04000000000000002
0 0.7057457386363637 0.8909230769230768 0.0209232954545454 0.049576923076923136
0 0.2175 0.5319807692307692 0.05758522727272726 0.05753846153846146
0 0.8936505681818182 0.11266346153846153 0.05400568181818179 0.0795576923076923
0 0.7474218749999999 0.9070673076923077 0.033678977272727166 0.061519230769230784
0 0.1646164772727273 0.5041730769230769 0.04857954545454546 0.05376923076923073
0 0.8968252840909091 0.058096153846153846 0.02620738636363643 0.05323076923076922
0 0.39408380681818184 0.69925 0.03268465909090908 0.044269230769230734
0 0.9123153409090908 0.7372403846153847 0.01423295454545452 0.029134615384615342
0 0.17006392045454544 0.8548749999999999 0.05328124999999999 0.05509615384615391
0 0.9130823863636363 0.83275 0.06727272727272729 0.0744230769230769
0 0.030973011363636362 0.4169711538461538 0.061946022727272725 0.1178653846153846
0 0.6662713068181818 0.9543846153846154 0.030213068181818157 0.031153846153846133
0 0.36036931818181817 0.39587500000000003 0.02107954545454546 0.048596153846153865
0 0.7777130681818182 0.9867211538461539 0.03502840909090921 0.025288461538461496
0 0.38698863636363634 0.826875 0.03573863636363632 0.030480769230769166
0 0.01775568181818182 0.3053653846153846 0.03551136363636364 0.0476153846153846
0 0.20362926136363635 0.5543365384615384 0.06419034090909088 0.06482692307692314
0 0.5127627840909091 0.07467307692307693 0.02279829545454547 0.052884615384615384
0 0.34436079545454545 0.6052980769230769 0.037642045454545456 0.054173076923076845
0 0.09789062500000001 0.3717211538461539 0.03657670454545456 0.05078846153846153
0 0.024254261363636363 0.38282692307692306 0.03563920454545454 0.05142307692307694
0 0.6375852272727273 0.8590576923076924 0.035624999999999976 0.05488461538461542
0 0.6647159090909092 0.8329423076923077 0.02778409090909091 0.06019230769230761
0 0.9301846590909091 0.016278846153846154 0.030965909090909027 0.03255769230769231
0 0.22566761363636365 0.8813076923076922 0.022840909090909068 0.030923076923076893
0 0.9214488636363637 0.04304807692307692 0.03335227272727275 0.03709615384615384
0 0.20894886363636367 0.844798076923077 0.0397159090909091 0.046596153846153884
0 0.39844460227272727 0.24098076923076925 0.041178977272727284 0.08265384615384619
0 0.5576846590909091 0.6539038461538461 0.04747159090909093 0.0428461538461539
0 0.19759943181818185 0.6025865384615385 0.03227272727272727 0.04609615384615379
0 0.15770596590909092 0.5656153846153846 0.046803977272727275 0.08161538461538462
0 0.20349431818181818 0.8725673076923077 0.02284090909090911 0.03405769230769227
0 0.9605681818181818 0.025028846153846155 0.036136363636363716 0.03440384615384615
0 0.33022727272727276 0.44799999999999995 0.030852272727272725 0.03169230769230767
0 0.41214488636363633 0.843 0.031107954545454595 0.03403846153846152
0 0.03975142045454546 0.041644230769230774 0.05296875000000001 0.08328846153846155
0 0.875987215909091 0.8017788461538462 0.03691761363636365 0.054134615384615344
0 0.29992187499999995 0.17258653846153846 0.03973011363636363 0.06705769230769232
0 0.19472301136363634 0.8853365384615385 0.023821022727272743 0.032711538461538445
0 0.08242897727272727 0.8732596153846154 0.02835227272727274 0.037326923076923126
0 0.19703835227272729 0.9502980769230769 0.017201704545454565 0.036288461538461436
0 0.9709446022727274 0.7268269230769232 0.03921875000000002 0.058307692307692296
0 0.8867542613636364 0.7679423076923078 0.015383522727272786 0.033307692307692295
0 0.05789772727272727 0.038461538461538464 0.027471590909090907 0.041846153846153845
0 0.3241974431818182 0.42975 0.027315340909090893 0.02784615384615388
0 0.3694460227272728 0.9151346153846154 0.01786931818181816 0.04926923076923078
0 0.17652698863636365 0.8985576923076923 0.04103693181818182 0.06449999999999993
0 0.9349573863636365 0.07207692307692308 0.053210227272727326 0.04892307692307692
0 0.9546093750000001 0.04358653846153846 0.038508522727272745 0.03601923076923077
0 0.21213778409090908 0.16460576923076922 0.07208806818181818 0.06440384615384617
0 0.5772727272727273 0.8977788461538462 0.03531249999999994 0.059749999999999984
0 0.3502556818181818 0.8945288461538461 0.029119318181818142 0.02955769230769221
0 0.9173153409090908 0.7624807692307692 0.020369318181818228 0.03384615384615389
0 0.9003977272727273 0.7864230769230769 0.025767045454545598 0.030692307692307762
0 0.34689630681818184 0.4309519230769231 0.021633522727272755 0.0360192307692308
0 0.9348082386363636 0.7864230769230769 0.043053977272727195 0.04319230769230776
0 0.27032670454545454 0.15566346153846153 0.027528409090909086 0.039634615384615386
0 0.9831605113636364 0.013057692307692308 0.033678977272727326 0.026115384615384617
0 0.9003977272727273 0.7619615384615385 0.01423295454545452 0.021346153846153782
0 0.9871306818181819 0.036326923076923076 0.02573863636363637 0.026884615384615382
0 0.19816051136363635 0.10319230769230768 0.050014204545454556 0.08365384615384615
0 0.19389204545454544 0.7829711538461538 0.06386363636363636 0.08871153846153845
0 0.47004971590909084 0.7343557692307693 0.027798295454545444 0.07482692307692301
0 0.16626420454545457 0.9366346153846155 0.043693181818181825 0.06630769230769235
0 0.08732244318181819 0.0540673076923077 0.0451278409090909 0.06640384615384616
0 0.40750710227272724 0.8777307692307693 0.033082386363636314 0.052423076923076906
0 0.6867826704545454 0.8820673076923077 0.022230113636363603 0.044249999999999984
0 0.6190696022727272 0.9253365384615384 0.02643465909090911 0.045557692307692306
0 0.3412144886363636 0.3980673076923077 0.026321022727272728 0.03401923076923077
0 0.2221875 0.9824326923076924 0.023835227272727275 0.03513461538461535
0 0.975419034090909 0.09653846153846155 0.04916193181818184 0.07526923076923077
0 0.9867329545454546 0.06239423076923077 0.026534090909090837 0.04140384615384616
0 0.49282670454545463 0.08128846153846153 0.01872159090909092 0.02865384615384615
0 0.1937428977272727 0.24262499999999998 0.05688920454545452 0.07171153846153848
0 0.5103480113636363 0.9279807692307692 0.06538352272727277 0.038461538461538464
0 0.31970170454545455 0.23751923076923076 0.029659090909090902 0.03246153846153845
0 0.4392755681818182 0.8613653846153846 0.03772727272727265 0.05107692307692308
0 0.3241974431818182 0.40574038461538464 0.023053977272727257 0.03744230769230769
0 0.20134232954545456 0.9831057692307693 0.02117897727272727 0.033788461538461524
0 0.6642045454545454 0.9746057692307692 0.021278409090909035 0.025096153846153976
0 0.5017897727272728 0.9852019230769232 0.08093750000000002 0.02959615384615382
0 0.15997869318181818 0.9828846153846155 0.03441761363636362 0.03423076923076925
0 0.23224431818181818 0.121125 0.03678977272727269 0.08763461538461537
0 0.4749147727272728 0.08926923076923077 0.021164772727272775 0.035807692307692304
0 0.4925568181818182 0.7442115384615384 0.04963068181818182 0.07303846153846158
0 0.6818821022727272 0.791125 0.05819602272727269 0.06240384615384613
0 0.3747443181818182 0.7495865384615384 0.03176136363636366 0.07482692307692312
0 0.2395596590909091 0.9429134615384616 0.04997159090909092 0.03944230769230767
0 0.6523650568181818 0.9886923076923076 0.018877840909090938 0.022615384615384596
0 0.35008522727272723 0.3634903846153846 0.03582386363636363 0.039365384615384615
0 0.3250852272727273 0.3769423076923077 0.015596590909090895 0.025923076923076903
0 0.30345170454545456 0.4023846153846154 0.026250000000000027 0.07873076923076923
0 0.49634232954545454 0.95775 0.03424715909090911 0.026346153846153825
0 0.7160440340909091 0.871 0.04544034090909092 0.06461538461538466
0 0.5867471590909091 0.5861346153846154 0.06426136363636364 0.06996153846153845
0 0.3311150568181818 0.3517403846153846 0.03333806818181818 0.03409615384615388
0 0.3911292613636364 0.79775 0.022173295454545473 0.029576923076923067
0 0.36035511363636363 0.8044711538461539 0.04136363636363637 0.05913461538461538
0 0.1871164772727273 0.9823365384615385 0.022500000000000006 0.03494230769230761
0 0.9573934659090909 0.006336538461538461 0.028196022727272597 0.012673076923076922
0 0.010561079545454545 0.04742307692307692 0.02112215909090909 0.09030769230769231
0 0.6447727272727273 0.9672692307692308 0.02076704545454546 0.025769230769230836
0 0.728671875 0.9227115384615384 0.02723011363636374 0.05215384615384616
0 0.9320170454545454 0.9804519230769232 0.03619318181818185 0.039096153846153815
0 0.32859374999999996 0.5878557692307692 0.06105113636363635 0.08632692307692305
0 0.22583096590909094 0.8347115384615384 0.037059659090909094 0.05330769230769236
0 0.4186079545454545 0.6793365384615384 0.04576704545454549 0.06086538461538457
0 0.09737926136363638 0.01939423076923077 0.07796875 0.03878846153846154
0 0.23806818181818185 0.9099807692307692 0.03573863636363636 0.030923076923077
0 0.6583309659090909 0.921798076923077 0.02134943181818186 0.04332692307692313
0 0.8927059659090908 0.9933653846153845 0.04163352272727281 0.013269230769230726
0 0.383515625 0.8981057692307692 0.023508522727272663 0.046596153846153884
0 0.3826917613636363 0.8577884615384614 0.02845170454545459 0.034961538461538474
0 0.2091122159090909 0.9193846153846155 0.026803977272727278 0.06138461538461541
0 0.21408380681818182 0.9570288461538461 0.01953125 0.02463461538461539
0 0.7189843749999999 0.8205576923076923 0.04478693181818178 0.049576923076923025
0 0.9857173295454544 0.9632884615384616 0.027627840909090814 0.024769230769230762
0 0.46738636363636366 0.13170192307692308 0.026448863636363642 0.056749999999999995
0 0.6629190340909091 0.8752115384615385 0.026150568181818136 0.05
0 0.6846590909090909 0.8402499999999999 0.02451704545454544 0.04292307692307691
0 0.4292045454545454 0.26492307692307693 0.02713068181818177 0.039999999999999994
0 0.33030539772727274 0.971048076923077 0.03566761363636366 0.05771153846153855
0 0.3661434659090909 0.8817596153846153 0.021832386363636328 0.021057692307692284
0 0.9143039772727274 0.9717115384615385 0.04670454545454545 0.04161538461538459
0 0.05544034090909091 0.39616346153846155 0.030482954545454542 0.05778846153846156
0 0.8806036931818181 0.7145961538461539 0.03151988636363628 0.030692307692307654
0 0.8725284090909091 0.6851826923076924 0.024602272727272636 0.05621153846153849
0 0.9549715909090909 0.9659230769230769 0.022954545454545408 0.033192307692307785
0 0.39592329545454547 0.7462788461538461 0.03147727272727276 0.06198076923076926
0 0.8700284090909091 0.7369807692307693 0.032670454545454544 0.03592307692307694
0 0.8611860795454547 0.7780961538461538 0.04345170454545459 0.05776923076923081
0 0.8521519886363635 0.695076923076923 0.02461647727272733 0.06038461538461534
0 0.900205965909091 0.6974230769230768 0.020752840909090766 0.054653846153846185
0 0.4530113636363636 0.6956057692307692 0.038068181818181834 0.05913461538461538
0 0.9448508522727272 0.9414230769230768 0.02529829545454554 0.0368846153846154
0 0.6404545454545455 0.939951923076923 0.02306818181818183 0.03278846153846156
0 0.8235085227272727 0.6820673076923077 0.05573863636363638 0.08432692307692312
0 0.48577414772727273 0.826875 0.02745738636363634 0.05913461538461538
0 0.8871377840909092 0.6511057692307693 0.04075284090909082 0.04528846153846156
0 0.5649502840909091 0.603625 0.03811079545454543 0.057711538461538446
0 0.9713139204545456 0.9377211538461538 0.03151988636363628 0.03582692307692307
0 0.27745028409090905 0.9873653846153847 0.04103693181818184 0.025269230769230742
0 0.9086647727272728 0.6729519230769231 0.022301136363636266 0.03174999999999998
0 0.2458522727272727 0.9927403846153846 0.03607954545454546 0.014519230769230682
0 0.4587997159090909 0.8365096153846154 0.03441761363636366 0.060480769230769206
0 0.24386363636363637 0.9718076923076923 0.042017045454545474 0.028230769230769136
0 0.4942045454545454 0.7984230769230769 0.035738636363636396 0.07480769230769227
0 0.290859375 0.9573461538461538 0.059900568181818166 0.08530769230769233
0 0.9440340909090907 0.645375 0.021534090909090864 0.04113461538461547
0 0.26025568181818187 0.1689326923076923 0.0465625 0.09301923076923078
0 0.555262784090909 0.616951923076923 0.03552556818181825 0.05201923076923068
0 0.8957883522727272 0.7354134615384614 0.02268465909090913 0.036942307692307656
0 0.518252840909091 0.3655769230769231 0.02889204545454542 0.052884615384615384
0 0.9686008522727273 0.39125 0.023934659090909124 0.053615384615384606
0 0.9163494318181818 0.6417307692307693 0.03767045454545452 0.043192307692307655
0 0.5510156249999999 0.35042307692307695 0.045582386363636325 0.05453846153846156
0 0.943643465909091 0.6110192307692308 0.030752840909090876 0.04215384615384619
0 0.2696803977272727 0.9072980769230768 0.03541193181818183 0.05778846153846156
0 0.5206960227272728 0.29284615384615387 0.027272727272727258 0.0374615384615385
0 0.5213068181818182 0.23527884615384614 0.033380681818181816 0.07878846153846156
0 0.5211079545454546 0.32755769230769227 0.03622159090909091 0.033038461538461496
0 0.888096590909091 0.6820673076923076 0.019602272727272663 0.03644230769230767
0 0.9530681818181819 0.548826923076923 0.03806818181818192 0.09369230769230774
0 0.5542684659090908 0.2694326923076923 0.05453124999999998 0.04351923076923076
0 0.4993323863636363 0.31488461538461543 0.03744318181818176 0.04519230769230769
0 0.4783735795454545 0.3763173076923077 0.05413352272727267 0.08098076923076926
0 0.29863636363636364 0.8087307692307693 0.04897727272727271 0.06584615384615386
0 0.24986505681818183 0.8777884615384615 0.039389204545454574 0.03892307692307694
0 0.42404119318181815 0.33968269230769227 0.07080965909090904 0.06501923076923077
0 0.5284446022727273 0.9537980769230769 0.02995738636363633 0.04690384615384624
0 0.9101988636363636 0.5951442307692308 0.04843750000000003 0.08848076923076921
0 0.5404332386363637 0.3085480769230769 0.02686079545454549 0.032519230769230766
0 0.6550426136363636 0.3795576923076923 0.04843749999999995 0.0765
0 0.5906960227272727 0.33361538461538465 0.050056818181818195 0.06061538461538463
0 0.5015696022727273 0.2699807692307692 0.0240198863636364 0.04461538461538465
0 0.5725852272727273 0.29973076923076925 0.05534090909090906 0.03911538461538462
0 0.9428764204545456 0.39476923076923076 0.03382102272727281 0.04580769230769229
0 0.9225071022727271 0.4447307692307692 0.04151988636363623 0.0603846153846154
0 0.26660511363636363 0.8639230769230769 0.05002840909090909 0.03253846153846157
0 0.9513352272727272 0.4465480769230769 0.040738636363636456 0.06505769230769233
0 0.6081889204545454 0.27852884615384615 0.060639204545454545 0.06501923076923077
0 0.48284801136363636 0.23251923076923076 0.05819602272727276 0.041307692307692316
0 0.48142755681818183 0.2848557692307692 0.029303977272727266 0.03140384615384612
0 0.6545596590909091 0.4383653846153846 0.04875000000000007 0.06996153846153845
0 0.4435795454545454 0.03335576923076923 0.042329545454545474 0.05840384615384615
0 0.27265625 0.7567596153846153 0.04335227272727274 0.05601923076923076
0 0.8160156249999999 0.5058942307692308 0.03998579545454542 0.06713461538461532
0 0.25951704545454546 0.8460576923076922 0.03269886363636365 0.01707692307692307
0 0.8365838068181817 0.5300865384615384 0.044218749999999994 0.09159615384615379
0 0.4234375 0.06502884615384615 0.043551136363636396 0.06886538461538462
0 0.8348579545454545 0.46243269230769224 0.04767045454545447 0.06244230769230769
0 0.48041193181818187 0.025923076923076924 0.043551136363636396 0.05123076923076923
0 0.6929900568181818 0.9810865384615384 0.02484375000000001 0.037826923076923105
0 0.47613636363636364 0.06089423076923077 0.026051136363636408 0.0330576923076923
0 0.5991690340909092 0.9081826923076923 0.02157670454545454 0.046019230769230784
0 0.26868607954545454 0.8051538461538461 0.03870738636363636 0.040769230769230745
0 0.8825213068181817 0.4660673076923077 0.06458806818181823 0.058288461538461546
0 0.7851065340909091 0.9246057692307692 0.015269886363636364 0.026557692307692313
0 0.7716974431818181 0.9324134615384616 0.01845170454545456 0.02028846153846156
0 0.9151988636363636 0.4837692307692308 0.046903409090909065 0.06453846153846149
0 0.7724147727272727 0.9134807692307693 0.01701704545454548 0.02226923076923074
0 0.25263494318181823 0.8221634615384615 0.03839488636363637 0.03628846153846155
0 0.4658096590909091 0.7827980769230768 0.029829545454545456 0.03763461538461537
0 0.3580397727272727 0.855326923076923 0.03673295454545456 0.04973076923076926
0 0.45313920454545453 0.08651923076923078 0.026448863636363642 0.05234615384615385
0 0.49688920454545454 0.1275673076923077 0.03988636363636369 0.06721153846153846
0 0.43392755681818185 0.7194423076923078 0.018394886363636346 0.022692307692307713
0 0.4163139204545454 0.10415384615384615 0.04313920454545455 0.03911538461538461
0 0.4257599431818182 0.7473846153846153 0.018394886363636346 0.033192307692307674
0 0.9019389204545454 0.5215 0.049588068181818136 0.059846153846153854
0 0.42526988636363633 0.14271153846153845 0.03255681818181821 0.05234615384615383
0 0.4441903409090909 0.13390384615384615 0.022386363636363624 0.058961538461538454
0 0.8344673295454546 0.7463461538461539 0.04228693181818179 0.0702692307692308
0 0.5017755681818182 0.0490576923076923 0.025227272727272713 0.038
0 0.47186079545454546 0.31377884615384616 0.02482954545454548 0.0330576923076923
0 0.8715624999999999 0.4884519230769231 0.030369318181818174 0.03955769230769224
0 0.669453125 0.9868461538461538 0.028110795454545482 0.02630769230769232
0 0.9184659090909091 0.7112211538461539 0.019602272727272663 0.039557692307692294
0 0.24519176136363638 0.7719903846153846 0.042684659090909065 0.0461346153846154
0 0.8586860795454545 0.538673076923077 0.04612215909090913 0.0702692307692308
0 0.6130681818181819 0.14850961538461538 0.040284090909090846 0.07713461538461538
0 0.6129048295454546 0.8692307692307693 0.03987215909090908 0.07346153846153855
0 0.6863707386363637 0.4003365384615385 0.023252840909090914 0.037596153846153814
0 0.8106463068181817 0.010615384615384615 0.01546874999999998 0.02123076923076923
0 0.7475710227272727 0.04850961538461539 0.026051136363636408 0.044634615384615384
0 0.7548934659090908 0.07825961538461539 0.024417613636363553 0.041326923076923074
0 0.43462357954545455 0.29863461538461544 0.033366477272727284 0.03911538461538462
0 0.5838494318181818 0.189875 0.054119318181818137 0.1041346153846154
0 0.8563707386363636 0.01864423076923077 0.022968750000000104 0.03728846153846154
0 0.4629119318181818 0.3462980769230769 0.03866477272727276 0.048480769230769244
0 0.08813920454545454 0.8465865384615385 0.036647727272727276 0.05548076923076917
0 0.8290909090909092 0.011192307692307692 0.02775568181818193 0.022384615384615385
0 0.8398650568181818 0.022721153846153846 0.019616477272727195 0.034326923076923074
0 0.8228764204545456 0.03438461538461538 0.02296874999999994 0.03303846153846154
0 0.059190340909090915 0.858596153846154 0.02994318181818182 0.044269230769230845
0 0.8755184659090909 0.06385576923076923 0.020099431818181947 0.03240384615384616
0 0.04165482954545455 0.8849903846153847 0.02796875 0.04267307692307692
0 0.6647301136363637 0.40710576923076924 0.02647727272727279 0.03190384615384616
0 0.057215909090909095 0.7289807692307693 0.037812500000000006 0.04853846153846156
0 0.6844247159090909 0.4414230769230769 0.023252840909090914 0.06119230769230768
0 0.06647727272727272 0.5932403846153846 0.044517045454545455 0.059749999999999984
0 0.8570951704545454 0.052519230769230776 0.02728693181818187 0.05376923076923077
0 0.7764559659090909 0.07973076923076923 0.030639204545454456 0.029153846153846148
0 0.8467826704545455 0.9772980769230769 0.10001420454545466 0.045403846153846183
0 0.7972727272727272 0.09592307692307692 0.028238636363636358 0.029153846153846162
0 0.7412784090909091 0.09042307692307691 0.03397727272727283 0.0285
0 0.07435369318181818 0.8988557692307692 0.04688920454545453 0.04375
0 0.7649644886363638 0.1241153846153846 0.025838068181818098 0.04403846153846152
0 0.9906605113636363 0.7021057692307693 0.01867897727272724 0.07025000000000006
0 0.029438920454545457 0.4844326923076923 0.05711647727272728 0.0895961538461538
0 0.7754971590909091 0.10695192307692308 0.026789772727272745 0.026557692307692313
0 0.23029829545454544 0.7921538461538461 0.028125000000000015 0.03180769230769235
0 0.6925 0.3574903846153846 0.043267045454545426 0.05421153846153846
0 0.12931107954545454 0.7228461538461538 0.0338778409090909 0.05973076923076923
0 0.7087357954545456 0.08135576923076925 0.05502840909090918 0.08551923076923078
0 0.7163991477272728 0.37802884615384613 0.04455965909090902 0.05421153846153846
0 0.7333806818181817 0.02253846153846154 0.02775568181818193 0.04507692307692308
0 0.7133309659090908 0.42896153846153845 0.03973011363636359 0.05026923076923074
0 0.6998792613636364 0.026605769230769228 0.04211647727272732 0.05248076923076923
0 0.5292258522727273 0.5997115384615385 0.04964488636363635 0.07580769230769234
0 0.8462286931818181 0.06284615384615384 0.022514204545454417 0.048769230769230766
0 0.39043323863636364 0.6623557692307692 0.04367897727272727 0.043019230769230775
0 0.2859090909090909 0.8417884615384615 0.02875000000000001 0.03519230769230772
0 0.5151278409090909 0.6462211538461539 0.04130681818181816 0.07955769230769232
0 0.800362215909091 0.035798076923076926 0.029815340909090923 0.038865384615384614
0 0.29830965909090906 0.6494519230769231 0.02622159090909092 0.03763461538461537
0 0.16279829545454547 0.6860384615384616 0.09139204545454546 0.12053846153846155
0 0.8268110795454546 0.07047115384615385 0.03771306818181828 0.05790384615384616
0 0.0735653409090909 0.6615096153846154 0.07602272727272727 0.09386538461538461
0 0.4006178977272727 0.2914807692307692 0.03779829545454539 0.047230769230769236
0 0.4180610795454545 0.2508173076923077 0.026150568181818136 0.04067307692307694
0 0.7391832386363636 0.11616346153846153 0.02541193181818188 0.032788461538461544
0 0.7099857954545454 0.11965384615384615 0.03534090909090908 0.04838461538461538
0 0.5805397727272728 0.9550961538461538 0.05164772727272729 0.05842307692307691
0 0.7238920454545454 0.1551346153846154 0.036931818181818184 0.06773076923076923
0 0.34040482954545453 0.6559038461538461 0.05004261363636362 0.05376923076923084
0 0.7552627840909092 0.14841346153846155 0.030582386363636326 0.034942307692307696
0 0.6429758522727272 0.9048653846153846 0.025497159090909074 0.04292307692307691
0 0.7421519886363636 0.18227884615384615 0.025809659090909032 0.059673076923076926
0 0.7884232954545454 0.13309615384615386 0.03494318181818185 0.04623076923076924
0 0.37236505681818177 0.6177307692307693 0.029786931818181817 0.031192307692307634
0 0.8241548295454546 0.0879326923076923 0.0238210227272727 0.04301923076923076
0 0.8174076704545453 0.12395192307692307 0.026207386363636266 0.040865384615384616
0 0.6802485795454545 0.9181442307692308 0.03007102272727275 0.05886538461538464
0 0.4476491477272727 0.31378846153846157 0.02686079545454549 0.031961538461538416
0 0.09858664772727273 0.3339423076923077 0.041747159090909085 0.056499999999999995
0 0.839247159090909 0.12126923076923077 0.02144886363636367 0.04299999999999998
0 0.8078764204545454 0.1645480769230769 0.03970170454545461 0.0650576923076923
0 0.9901917613636364 0.9353557692307692 0.01867897727272724 0.036365384615384556
0 0.36522017045454547 0.644076923076923 0.02899147727272727 0.04407692307692311
0 0.8430255681818182 0.1425 0.03295454545454552 0.0489230769230769
0 0.399375 0.6247211538461539 0.04170454545454539 0.03655769230769229
0 0.10882102272727273 0.6199134615384616 0.053579545454545456 0.07040384615384618
0 0.37911931818181815 0.5763269230769231 0.061562500000000006 0.06880769230769225
0 0.8926633522727272 0.1997596153846154 0.047258522727272864 0.06128846153846155
