0 0.2542471590909091 0.1409423076923077 0.04553977272727273 0.061115384615384634
0 0.22026988636363634 0.41633653846153845 0.03230113636363638 0.04059615384615387
0 0.9069886363636364 0.7367403846153846 0.017443181818181778 0.05559615384615389
0 0.8409019886363637 0.7588076923076923 0.039786931818181805 0.041346153846153845
0 0.44097301136363637 0.45457692307692305 0.04265624999999996 0.058307692307692296
0 0.4722159090909091 0.43674038461538467 0.04971590909090909 0.054250000000000013
0 0.10776988636363637 0.013778846153846155 0.017585227272727266 0.019750000000000004
0 0.08250710227272727 0.06136538461538461 0.05004261363636364 0.07088461538461538
0 0.053245738636363636 0.05301923076923077 0.02643465909090909 0.05142307692307692
0 0.42859375000000005 0.018451923076923074 0.06556818181818186 0.03644230769230769
0 0.3884375 0.018144230769230767 0.048835227272727266 0.03625
0 0.30074573863636367 0.19207692307692306 0.05649147727272729 0.04799999999999999
0 0.22923295454545453 0.4427692307692308 0.03673295454545456 0.046846153846153815
0 0.2155681818181818 0.34099999999999997 0.05727272727272726 0.059384615384615376
0 0.04990056818181818 0.5495865384615384 0.04991477272727273 0.05732692307692308
0 0.05043323863636364 0.5166634615384615 0.03833806818181818 0.03821153846153847
0 0.07686789772727272 0.5410288461538463 0.03643465909090909 0.06301923076923084
0 0.12574573863636365 0.9676538461538462 0.06240056818181817 0.06469230769230766
0 0.1332599431818182 0.9817403846153846 0.03234375 0.03651923076923079
0 0.9708735795454545 0.9326346153846155 0.04507102272727275 0.050576923076923096
0 0.9444744318181818 0.9175096153846154 0.028835227272727207 0.08355769230769229
0 0.6888849431818183 0.538201923076923 0.039701704545454526 0.06963461538461546
0 0.5857244318181819 0.5462692307692307 0.048465909090909094 0.04188461538461533
0 0.20988636363636362 0.3988076923076923 0.035312499999999976 0.06415384615384619
0 0.9794886363636363 0.6639903846153846 0.040482954545454544 0.10875000000000003
0 0.9910795454545455 0.22389423076923076 0.017840909090909015 0.0306346153846154
0 0.8650710227272728 0.2950576923076923 0.03093749999999996 0.0613076923076923
0 0.6329332386363636 0.09030769230769231 0.05365056818181824 0.06384615384615386
0 0.5898082386363637 0.05861538461538462 0.05365056818181824 0.075
0 0.6063778409090909 0.03441346153846154 0.0566193181818182 0.06882692307692308
0 0.9460795454545454 0.027278846153846154 0.021619318181818222 0.02109615384615385
0 0.9763636363636364 0.031615384615384615 0.046846590909090935 0.06284615384615384
0 0.8423792613636365 0.05782692307692307 0.05941761363636369 0.07588461538461537
0 0.8208167613636363 0.019096153846153846 0.05882102272727268 0.03819230769230769
0 0.27280539772727275 0.46067307692307696 0.04578124999999999 0.05430769230769227
0 0.9376988636363636 0.20823076923076922 0.06105113636363639 0.0725769230769231
0 0.9362286931818182 0.17687499999999998 0.03416193181818175 0.04598076923076925
0 0.9829332386363636 0.19002884615384616 0.034133522727272686 0.05794230769230768
0 0.9051846590909091 0.2468173076923077 0.0269602272727273 0.036480769230769254
0 0.8437073863636364 0.32492307692307687 0.09522727272727267 0.08769230769230768
0 0.8055042613636364 0.30865384615384617 0.04791193181818185 0.06353846153846157
0 0.8971377840909092 0.28855769230769235 0.049644886363636266 0.07273076923076927
0 0.9367613636363636 0.14518269230769232 0.04446022727272721 0.052173076923076926
0 0.8973082386363636 0.19536538461538464 0.05404829545454555 0.0679230769230769
0 0.6915838068181818 0.32471153846153844 0.07123579545454542 0.16703846153846152
0 0.26064630681818185 0.4351923076923077 0.03177556818181819 0.04276923076923073
0 0.6418892045454545 0.3176442307692308 0.03815340909090911 0.036326923076923104
0 0.7545667613636362 0.6497403846153846 0.05771306818181818 0.06448076923076917
0 0.3640909090909091 0.7680192307692307 0.03826704545454549 0.06915384615384622
0 0.433203125 0.8472692307692309 0.054275568181818154 0.05492307692307693
0 0.46585227272727275 0.9496153846153846 0.06235795454545459 0.06557692307692312
0 0.5262926136363636 0.900576923076923 0.05409090909090907 0.07403846153846154
0 0.6090838068181817 0.8811442307692308 0.05600852272727274 0.061519230769230784
0 0.17528409090909092 0.8840673076923078 0.06392045454545454 0.06678846153846146
0 0.16019886363636363 0.815625 0.09298295454545454 0.08075000000000002
0 0.2043536931818182 0.9118846153846154 0.028593749999999994 0.02996153846153854
0 0.2452911931818182 0.4128557692307692 0.022713068181818195 0.035557692307692325
0 0.2211292613636364 0.8805865384615384 0.032627840909090905 0.060403846153846204
0 0.12826704545454548 0.9174038461538462 0.0603409090909091 0.1089230769230769
0 0.011143465909090908 0.6204519230769231 0.022286931818181817 0.06763461538461542
0 0.049453124999999994 0.6576634615384616 0.024076704545454543 0.06798076923076928
0 0.08340198863636364 0.64275 0.05098011363636363 0.061730769230769166
0 0.22279119318181817 0.48710576923076926 0.05268465909090905 0.04563461538461542
0 0.24583806818181816 0.4805673076923077 0.04139204545454544 0.04740384615384622
0 0.2625923295454546 0.38524038461538457 0.05117897727272727 0.06890384615384618
0 0.16949573863636364 0.40901923076923075 0.03927556818181819 0.04330769230769227
0 0.15370738636363637 0.4481826923076923 0.06227272727272726 0.04851923076923075
0 0.22168323863636363 0.21004807692307692 0.05478693181818181 0.06498076923076924
0 0.10915482954545454 0.19802884615384614 0.04305397727272728 0.03825
0 0.12080965909090909 0.1735576923076923 0.06636363636363636 0.06630769230769229
0 0.47744318181818185 0.14121153846153847 0.04156249999999999 0.06234615384615385
0 0.09474431818181818 0.2200096153846154 0.03778409090909091 0.04617307692307691
0 0.09946732954545455 0.2587596153846154 0.06495738636363636 0.07463461538461538
0 0.13329545454545455 0.33222115384615386 0.06014204545454546 0.05767307692307694
0 0.12982244318181818 0.2335769230769231 0.045497159090909095 0.06707692307692309
0 0.44325284090909095 0.4048942307692308 0.04525568181818184 0.060634615384615384
0 0.34237215909090907 0.4424711538461538 0.03582386363636363 0.04274999999999998
0 0.34372159090909093 0.4130576923076923 0.047471590909090894 0.060923076923076934
0 0.2340625 0.23077884615384614 0.038295454545454514 0.039480769230769264
0 0.6146519886363637 0.31490384615384615 0.031321022727272746 0.07653846153846156
0 0.627137784090909 0.25874038461538457 0.04728693181818177 0.08917307692307691
0 0.6635085227272728 0.2457403846153846 0.05633522727272731 0.0758653846153846
0 0.6478196022727273 0.2646538461538462 0.042769886363636385 0.10396153846153847
0 0.6661931818181818 0.5524230769230769 0.051676136363636355 0.0868846153846154
0 0.7472514204545454 0.5052884615384615 0.05819602272727269 0.07315384615384614
0 0.89453125 0.4578942307692308 0.03696022727272725 0.10936538461538468
0 0.8911150568181818 0.40859615384615383 0.02933238636363633 0.027692307692307648
0 0.622471590909091 0.4748269230769231 0.03747159090909098 0.09873076923076918
0 0.5698011363636364 0.4898269230769231 0.018977272727272745 0.026038461538461576
0 0.2601278409090909 0.20167307692307693 0.03534090909090908 0.06419230769230769
0 0.8144886363636364 0.5041442307692308 0.01761363636363633 0.02336538461538468
0 0.9280113636363635 0.7436153846153847 0.04633522727272728 0.056576923076923
0 0.898018465909091 0.7780576923076923 0.02842329545454544 0.04926923076923078
0 0.9233167613636364 0.687423076923077 0.039786931818181805 0.06734615384615392
0 0.9783451704545455 0.6222115384615384 0.04330965909090911 0.09557692307692306
0 0.9872088068181818 0.5553173076923077 0.025582386363636352 0.09655769230769227
0 0.9762144886363636 0.7679711538461539 0.047542613636363674 0.052211538461538524
0 0.9814488636363637 0.8440192307692307 0.037102272727272734 0.05873076923076927
0 0.9825497159090908 0.8869519230769232 0.03464488636363634 0.038596153846153836
0 0.3880894886363636 0.839346153846154 0.06336647727272725 0.07823076923076924
0 0.23185369318181817 0.16489423076923077 0.014133522727272712 0.02532692307692308
0 0.4841690340909091 0.6539423076923077 0.04842329545454542 0.058076923076923054
0 0.4074005681818182 0.6019807692307692 0.06792613636363644 0.06180769230769239
0 0.47063920454545455 0.5984903846153847 0.05522727272727272 0.06182692307692314
0 0.3901846590909091 0.6322596153846154 0.03497159090909092 0.07751923076923077
0 0.34746448863636364 0.6585576923076923 0.05265624999999995 0.09073076923076924
0 0.31889204545454547 0.8065 0.05880681818181815 0.05646153846153849
0 0.31125 0.7641057692307692 0.05056818181818181 0.04736538461538461
0 0.6094957386363636 0.9612211538461539 0.038167613636363645 0.043596153846153875
0 0.6198650568181818 0.9353846153846154 0.03532670454545455 0.029076923076923087
0 0.6677911931818182 0.9411346153846154 0.030411931818181772 0.040153846153846144
0 0.29009232954545455 0.15139423076923075 0.04356534090909093 0.04128846153846154
0 0.24855823863636364 0.17685576923076923 0.020468749999999994 0.02571153846153847
0 0.6748721590909091 0.9704999999999999 0.019829545454545426 0.023423076923076935
0 0.6938778409090909 0.9829134615384616 0.05903409090909091 0.03409615384615388
0 0.6630681818181817 0.8382788461538461 0.04661931818181817 0.07575000000000008
0 0.6535866477272727 0.8081442307692308 0.047258522727272705 0.03767307692307687
0 0.16378551136363637 0.923903846153846 0.05151988636363636 0.0595
0 0.15149857954545454 0.9544615384615385 0.04174715909090909 0.05461538461538457
0 0.24217329545454547 0.9148461538461539 0.03295454545454548 0.05542307692307691
0 0.24277698863636366 0.9595961538461538 0.035752840909090894 0.03892307692307694
0 0.2424715909090909 0.9776346153846154 0.07150568181818183 0.04473076923076921
0 0.18974431818181817 0.9406730769230769 0.0315625 0.045423076923076934
0 0.7964062500000001 0.5387019230769231 0.03676136363636363 0.059942307692307614
0 0.7432954545454545 0.6061730769230769 0.03383522727272734 0.0410769230769231
0 0.8049005681818183 0.5728173076923078 0.027840909090909124 0.04448076923076922
0 0.8523792613636364 0.5509423076923077 0.03606534090909089 0.05049999999999998
0 0.743856534090909 0.581673076923077 0.03606534090909089 0.032038461538461585
0 0.8436647727272728 0.5970384615384615 0.054715909090909225 0.0714230769230769
0 0.6461363636363636 0.5576538461538462 0.015511363636363578 0.04415384615384611
0 0.885049715909091 0.5051730769230769 0.04768465909090916 0.07688461538461543
0 0.6523366477272727 0.4729326923076923 0.0515482954545454 0.08498076923076917
0 0.6721732954545455 0.4227692307692308 0.026505681818181855 0.0416923076923077
0 0.6610085227272727 0.4109519230769231 0.02815340909090908 0.0556730769230769
0 0.6298437499999999 0.5179807692307693 0.04852272727272731 0.04234615384615392
0 0.6918394886363637 0.43488461538461537 0.044928977272727266 0.0598461538461538
0 0.5934019886363636 0.36962500000000004 0.05603693181818188 0.04951923076923077
0 0.823409090909091 0.5504903846153846 0.03494318181818185 0.048980769230769286
0 0.6270951704545454 0.38381730769230765 0.046406250000000024 0.06340384615384616
0 0.3595596590909091 0.20332692307692304 0.040624999999999994 0.06084615384615385
0 0.3790411931818182 0.229 0.030099431818181813 0.05415384615384615
0 0.40014204545454546 0.19042307692307692 0.026250000000000027 0.06623076923076923
0 0.5415198863636363 0.06326923076923079 0.01508522727272728 0.030961538461538464
0 0.6706036931818182 0.08072115384615385 0.03663352272727276 0.04228846153846154
0 0.6730752840909091 0.047644230769230765 0.030298295454545432 0.03975
0 0.8113707386363637 0.23396153846153844 0.04436079545454548 0.043
0 0.8313352272727272 0.25611538461538463 0.01392045454545448 0.029269230769230766
0 0.8460724431818182 0.23306730769230768 0.04600852272727271 0.0629423076923077
0 0.7711221590909091 0.6020673076923077 0.05409090909090899 0.04809615384615383
0 0.5946022727272727 0.4016826923076923 0.03735795454545456 0.032634615384615435
0 0.842365056818182 0.49553846153846154 0.07470170454545459 0.06449999999999999
0 0.5853551136363637 0.9553461538461538 0.03227272727272723 0.04069230769230774
0 0.5784730113636364 0.9137788461538461 0.05481534090909095 0.07025000000000006
0 0.5890198863636363 0.9316442307692309 0.022727272727272728 0.032519230769230814
0 0.7203551136363636 0.5577307692307691 0.03406250000000002 0.05746153846153845
0 0.8109446022727272 0.6132403846153845 0.041235795454545414 0.0514807692307692
0 0.7134161931818181 0.6009807692307693 0.03194602272727274 0.06315384615384621
0 0.7472798295454546 0.5528269230769232 0.034076704545454556 0.03603846153846145
0 0.6696732954545455 0.3824711538461538 0.03724431818181822 0.03701923076923077
0 0.7741051136363637 0.5685961538461538 0.03301136363636365 0.05438461538461544
0 0.8749431818181819 0.7527788461538462 0.04971590909090909 0.041403846153846104
0 0.008167613636363634 0.6729807692307692 0.016193181818181815 0.05507692307692305
0 0.08906960227272727 0.8357884615384615 0.05583806818181818 0.052961538461538504
0 0.1009375 0.7691442307692308 0.03258522727272727 0.04109615384615385
0 0.13241477272727273 0.7670865384615384 0.04633522727272728 0.061634615384615406
0 0.5557528409090909 0.9514711538461538 0.028068181818181805 0.04344230769230764
0 0.4358309659090909 0.9861634615384617 0.05183238636363638 0.027673076923076897
0 0.5438636363636363 0.9237115384615384 0.029346590909090864 0.03584615384615382
0 0.6460582386363637 0.04416346153846154 0.029360795454545476 0.07651923076923077
0 0.6949431818181818 0.03532692307692308 0.0234375 0.07065384615384616
0 0.7222727272727273 0.5229423076923077 0.03383522727272726 0.053384615384615364
0 0.8774147727272728 0.23131730769230768 0.04255681818181807 0.04809615384615383
0 0.8055681818181818 0.2584711538461538 0.04011363636363638 0.038019230769230764
0 0.868955965909091 0.2581826923076923 0.03166193181818177 0.038980769230769194
0 0.797684659090909 0.2673942307692308 0.034659090909090876 0.04886538461538461
0 0.8373721590909091 0.2710769230769231 0.02923295454545444 0.04461538461538459
0 0.6708806818181818 0.3546057692307692 0.021647727272727287 0.024903846153846186
0 0.6607599431818182 0.3421538461538462 0.02038352272727276 0.021461538461538456
0 0.6864488636363636 0.41170192307692305 0.02221590909090907 0.041019230769230794
0 0.6463991477272727 0.3507692307692307 0.034957386363636385 0.04176923076923077
0 0.777634943181818 0.5303749999999999 0.03424715909090911 0.04921153846153841
0 0.5719389204545454 0.9673173076923077 0.010497159090909071 0.012557692307692256
0 0.6239772727272727 0.5459423076923077 0.03687499999999997 0.04730769230769235
0 0.6973721590909091 0.4766730769230769 0.055681818181818166 0.07488461538461533
0 0.6307173295454546 0.4121826923076923 0.043963068181818166 0.05886538461538459
0 0.9755113636363636 0.2466346153846154 0.04886363636363649 0.07030769230769231
0 0.8757315340909091 0.5847596153846154 0.04268465909090902 0.048365384615384574
0 0.883387784090909 0.5646634615384616 0.04933238636363639 0.05548076923076928
0 0.6215838068181818 0.5841346153846154 0.04802556818181818 0.046538461538461626
0 0.5925710227272728 0.5893173076923077 0.05982954545454546 0.07313461538461533
0 0.3673224431818182 0.6241826923076924 0.04061079545454542 0.07028846153846156
0 0.4363139204545454 0.621625 0.03413352272727277 0.03794230769230773
0 0.19950994318181817 0.4510576923076923 0.03620738636363636 0.06776923076923073
0 0.4161931818181818 0.6482596153846154 0.02767045454545457 0.04159615384615395
0 0.23142755681818183 0.3833365384615385 0.022713068181818154 0.0324423076923077
0 0.1821803977272727 0.3910288461538461 0.038167613636363645 0.05982692307692305
0 0.19717329545454546 0.36567307692307693 0.027329545454545467 0.0398846153846154
0 0.28725142045454544 0.4155384615384615 0.03566761363636366 0.05646153846153843
0 0.39078125 0.18250961538461538 0.03755681818181818 0.039865384615384594
0 0.2889204545454545 0.21096153846153845 0.037329545454545456 0.03938461538461539
0 0.2609090909090909 0.25117307692307694 0.12923295454545453 0.06926923076923079
0 0.9903480113636363 0.9662115384615385 0.019303977272727316 0.06757692307692305
0 0.8669531250000001 0.801548076923077 0.05441761363636372 0.061519230769230784
