0 0.6403196022727272 0.2849230769230769 0.031321022727272746 0.04992307692307688
0 0.4871803977272728 0.6763269230769231 0.04566761363636369 0.07346153846153855
0 0.8125923295454546 0.5850961538461539 0.03464488636363634 0.03880769230769221
0 0.4628693181818182 0.366 0.027528409090909086 0.034192307692307695
0 0.8645951704545454 0.6649807692307693 0.04262784090909089 0.0386923076923077
0 0.8515838068181818 0.7064230769230769 0.033309659090909154 0.0416538461538462
0 0.030589488636363637 0.7490769230769231 0.04237215909090909 0.04461538461538459
0 0.6021235795454545 0.27566346153846155 0.02498579545454542 0.026596153846153815
0 0.4629332386363636 0.9621826923076923 0.023366477272727258 0.03582692307692307
0 0.4991051136363636 0.6352692307692308 0.03977272727272727 0.0380769230769231
0 0.9083238636363636 0.5950192307692307 0.020340909090909163 0.05507692307692316
0 0.18073863636363635 0.020432692307692308 0.02198863636363635 0.02455769230769231
0 0.19546164772727276 0.7709134615384615 0.027741477272727275 0.03421153846153839
0 0.8197301136363635 0.6788557692307692 0.025113636363636293 0.032711538461538445
0 0.9084019886363636 0.5562019230769231 0.02526988636363631 0.03198076923076922
0 0.20566051136363636 0.4897692307692308 0.021122159090909098 0.026230769230769203
0 0.9000497159090909 0.4292596153846153 0.028053977272727272 0.03275
0 0.8334730113636365 0.7727692307692309 0.031065340909090914 0.043076923076923145
0 0.2094318181818182 0.36553846153846153 0.039687499999999994 0.030230769230769228
0 0.26433948863636364 0.4252403846153846 0.03203125000000002 0.04090384615384612
0 0.8652059659090909 0.5824038461538462 0.03149147727272738 0.047807692307692225
0 0.9411363636363635 0.07884615384615384 0.030056818181818136 0.028730769230769226
0 0.15290482954545453 0.34334615384615386 0.029332386363636373 0.040730769230769244
0 0.8720880681818183 0.37285576923076924 0.021676136363636352 0.028019230769230755
0 0.7660298295454546 0.7021442307692308 0.028536931818181864 0.028365384615384615
0 0.42839488636363643 0.04556730769230769 0.039886363636363616 0.04432692307692307
0 0.8245241477272726 0.7040576923076923 0.026832386363636343 0.024576923076923024
0 0.5319105113636364 0.45861538461538465 0.04376420454545455 0.03961538461538461
0 0.8954758522727272 0.7453365384615385 0.03808238636363645 0.040173076923076895
0 0.24298295454545454 0.7262115384615384 0.05241477272727269 0.043000000000000024
0 0.3967116477272727 0.3550384615384615 0.024105113636363595 0.03565384615384614
0 0.8800355113636364 0.6122403846153847 0.0214630681818182 0.027019230769230792
0 0.7019815340909091 0.023923076923076925 0.01615056818181819 0.027230769230769232
0 0.1991974431818182 0.4815865384615385 0.013934659090909053 0.015903846153846175
0 0.8361718749999999 0.9411346153846154 0.05112215909090911 0.027653846153846143
0 0.7686647727272727 0.7331057692307693 0.02991477272727265 0.04809615384615394
0 0.5558877840909091 0.44294230769230764 0.028394886363636296 0.04773076923076927
0 0.2541690340909091 0.8032403846153846 0.0322585227272727 0.0472884615384616
0 0.36878551136363635 0.6793173076923077 0.02279829545454543 0.042134615384615326
0 0.013657670454545455 0.06615384615384616 0.027173295454545453 0.06076923076923077
0 0.8391335227272727 0.4055096153846154 0.04392045454545465 0.07505769230769231
0 0.959559659090909 0.6215865384615386 0.01900568181818181 0.041942307692307695
0 0.15001420454545455 0.4880865384615385 0.023039772727272725 0.04317307692307685
0 0.17242897727272724 0.07104807692307692 0.04846590909090908 0.04486538461538461
0 0.4052627840909091 0.5695288461538461 0.04265624999999996 0.042057692307692206
0 0.9834872159090909 0.7902884615384617 0.03279829545454534 0.0393076923076923
0 0.18784090909090911 0.6821442307692307 0.03130681818181817 0.05625
0 0.8996235795454546 0.8364038461538461 0.04259943181818183 0.06288461538461536
0 0.472109375 0.5307115384615385 0.03919034090909095 0.06773076923076918
0 0.8937997159090909 0.3601923076923077 0.020241477272727272 0.06546153846153845
0 0.4928551136363637 0.42501923076923076 0.032414772727272716 0.047538461538461536
0 0.5939559659090908 0.34158653846153847 0.03723011363636361 0.029980769230769182
0 0.9837357954545454 0.8146923076923077 0.03178977272727272 0.028461538461538483
0 0.17212357954545454 0.42326923076923073 0.02339488636363636 0.02534615384615386
0 0.18352982954545458 0.7907211538461538 0.025667613636363648 0.026634615384615427
0 0.6650355113636364 0.05230769230769231 0.032144886363636355 0.04230769230769232
0 0.118671875 0.6874807692307693 0.03546875 0.06346153846153846
0 0.705078125 0.00725 0.025440340909090864 0.0145
0 0.17833096590909092 0.22753846153846155 0.018963068181818175 0.05184615384615386
0 0.5221732954545455 0.4078557692307692 0.029659090909090902 0.035865384615384625
0 0.8555397727272727 0.9174519230769231 0.020028409090909124 0.029942307692307678
0 0.7928622159090909 0.6246826923076924 0.019105113636363538 0.015903846153846227
0 0.8618039772727273 0.7436153846153847 0.019829545454545506 0.03542307692307684
0 0.037201704545454545 0.5596346153846153 0.044829545454545455 0.023423076923076935
0 0.05100852272727272 0.8085673076923077 0.04173295454545455 0.07213461538461537
0 0.4279332386363636 0.9564615384615385 0.031576704545454574 0.04853846153846156
0 0.5773650568181818 0.7056057692307691 0.04146306818181818 0.053326923076923
0 0.37730823863636365 0.6251634615384615 0.03240056818181814 0.04855769230769231
0 0.9778480113636363 0.04286538461538461 0.04430397727272735 0.0575
0 0.37625 0.6454615384615384 0.018551136363636367 0.018769230769230753
0 0.5361292613636364 0.6080096153846153 0.04680397727272734 0.06028846153846147
0 0.6480397727272728 0.014538461538461538 0.041164772727272675 0.029076923076923077
0 0.41924715909090904 0.12354807692307693 0.030056818181818216 0.034942307692307696
0 0.663877840909091 0.009980769230769232 0.04772727272727276 0.019192307692307693
0 0.9450710227272726 0.06276923076923077 0.022556818181818174 0.03461538461538462
0 0.32392755681818186 0.6812019230769231 0.02026988636363638 0.034519230769230747
0 0.4783522727272727 0.24857692307692306 0.03110795454545451 0.029653846153846156
0 0.8568394886363637 0.34904807692307693 0.025610795454545417 0.04232692307692306
0 0.8902201704545454 0.5721730769230768 0.018593750000000044 0.06146153846153842
0 0.457421875 0.6146250000000001 0.02944602272727267 0.05944230769230774
0 0.18198863636363638 0.375625 0.022499999999999985 0.03790384615384617
0 0.878046875 0.7151346153846154 0.02984374999999999 0.035576923076923075
0 0.6862073863636364 0.018980769230769228 0.03488636363636364 0.0375
0 0.18170454545454545 0.7018557692307693 0.03039772727272728 0.04348076923076915
0 0.8288352272727273 0.9897596153846153 0.04312499999999986 0.020480769230769188
0 0.9850994318181818 0.8505384615384615 0.02980113636363639 0.06334615384615384
0 0.797734375 0.9357403846153847 0.025610795454545417 0.021519230769230766
0 0.5290553977272727 0.49003846153846153 0.047599431818181805 0.04469230769230771
0 0.7514630681818182 0.9610961538461538 0.018806818181818195 0.02015384615384619
0 0.4464559659090909 0.12448076923076921 0.04666193181818185 0.06957692307692306
0 0.5146519886363636 0.9950769230769232 0.029928977272727343 0.00969230769230784
0 0.14453125 0.37246153846153846 0.05522727272727272 0.07303846153846152
0 0.18553977272727273 0.5377596153846154 0.023409090909090935 0.04175000000000007
0 0.7071946022727272 0.31719230769230766 0.04586647727272722 0.0661153846153846
0 0.17404119318181818 0.33960576923076924 0.026690340909090896 0.036750000000000026
0 0.7635227272727273 0.8873269230769231 0.032926136363636456 0.054692307692307686
0 0.24871448863636364 0.38530769230769235 0.04433238636363634 0.04307692307692309
0 0.7771661931818182 0.6526346153846154 0.0160085227272727 0.020461538461538434
0 0.15878551136363636 0.026596153846153846 0.027798295454545444 0.032346153846153844
0 0.8385014204545453 0.6288942307692307 0.033366477272727284 0.033250000000000036
0 0.6495454545454545 0.39195192307692306 0.017642045454545476 0.03309615384615381
0 0.4792897727272727 0.9351730769230769 0.02232954545454541 0.048307692307692315
0 0.3921590909090909 0.5435192307692308 0.025397727272727266 0.06834615384615378
0 0.08571022727272727 0.06746153846153846 0.04556818181818181 0.04646153846153846
0 0.9334872159090909 0.6420288461538461 0.02529829545454554 0.03609615384615381
0 0.8063849431818181 0.6062019230769231 0.03132102272727282 0.04528846153846156
0 0.44392045454545453 0.9096538461538461 0.029630681818181837 0.05103846153846158
0 0.8920241477272726 0.3994230769230769 0.027173295454545447 0.03334615384615385
0 0.1981321022727273 0.33938461538461534 0.051775568181818186 0.044846153846153834
0 0.16195312500000003 0.6873076923076923 0.04183238636363637 0.07349999999999994
0 0.49596590909090904 0.5051249999999999 0.0560795454545454 0.02609615384615383
0 0.9960369318181819 0.2102019230769231 0.007926136363636422 0.034249999999999975
0 0.7800994318181819 0.8914326923076922 0.02374999999999988 0.07732692307692304
0 0.815 0.5615 0.037215909090909154 0.036192307692307676
0 0.8829403409090908 0.46760576923076924 0.07298295454545455 0.05848076923076928
0 0.46191761363636363 0.932625 0.017642045454545396 0.035557692307692214
0 0.7662642045454546 0.9900480769230771 0.04204545454545458 0.0199038461538462
0 0.1922940340909091 0.4510192307692308 0.030213068181818178 0.02549999999999998
0 0.1885369318181818 0.8222884615384616 0.0405681818181818 0.03884615384615382
0 0.6596661931818182 0.2768942307692308 0.012514204545454549 0.03855769230769227
0 0.4285440340909091 0.5083557692307692 0.06623579545454544 0.05067307692307691
0 0.7635014204545455 0.9751634615384615 0.028650568181818284 0.029173076923076843
0 0.5025355113636363 0.9560576923076922 0.01632102272727266 0.020423076923076933
0 0.4970951704545455 0.9165096153846155 0.011434659090909106 0.03228846153846158
0 0.6107173295454547 0.983875 0.0439346590909091 0.032249999999999966
0 0.2649360795454545 0.7613846153846153 0.03254261363636363 0.04103846153846149
0 0.9426704545454547 0.5717115384615385 0.028551136363636397 0.025961538461538463
0 0.8301136363636363 0.7287884615384616 0.028863636363636272 0.029961538461538432
0 0.16496448863636362 0.5391057692307692 0.021860795454545456 0.048942307692307674
0 0.21745738636363637 0.23515384615384616 0.03301136363636365 0.020653846153846172
0 0.9452201704545454 0.4125288461538461 0.024190340909091033 0.03974999999999997
0 0.9775994318181819 0.1880192307692308 0.029715909090909196 0.02442307692307693
0 0.17313920454545453 0.7688076923076923 0.022414772727272728 0.028269230769230748
0 0.9316193181818182 0.4165384615384616 0.03198863636363634 0.05246153846153846
0 0.8344389204545454 0.9154807692307693 0.024190340909091033 0.03149999999999999
0 0.39704545454545453 0.6738749999999999 0.03755681818181818 0.03132692307692311
0 0.7559375 0.016259615384615386 0.040369318181818124 0.03175
0 0.4327840909090909 0.3555865384615385 0.027698863636363636 0.04901923076923079
0 0.12907670454545456 0.007086538461538462 0.026477272727272728 0.014173076923076924
0 0.6465624999999999 0.2702211538461538 0.02017045454545453 0.052096153846153855
0 0.4378835227272727 0.5633269230769231 0.025596590909090885 0.049538461538461524
0 0.9105184659090909 0.6408461538461538 0.02365056818181831 0.018461538461538505
0 0.24411221590909093 0.25053846153846154 0.02129261363636361 0.04765384615384613
0 0.020035511363636363 0.9144326923076923 0.040071022727272726 0.06528846153846163
0 0.7752130681818182 0.957375 0.03071022727272712 0.028134615384615376
0 0.6839559659090909 0.41154807692307693 0.024105113636363674 0.049557692307692275
0 0.6425355113636364 0.9916826923076922 0.020156249999999997 0.016480769230769327
0 0.17061789772727273 0.8063653846153845 0.017940340909090923 0.02488461538461538
0 0.7593963068181818 0.9419519230769231 0.04203124999999988 0.030250000000000034
0 0.6420809659090909 0.9790769230769231 0.02953125000000003 0.033807692307692275
0 0.9097017045454546 0.7785 0.06437500000000007 0.03996153846153841
0 0.4574573863636363 0.09575 0.027812499999999976 0.035615384615384604
0 0.7907954545454546 0.8766057692307692 0.02718749999999998 0.04978846153846151
0 0.2916761363636364 0.07006730769230769 0.05715909090909092 0.0650576923076923
0 0.2654971590909091 0.13424038461538462 0.01284090909090912 0.03717307692307692
0 0.2234588068181818 0.5184903846153847 0.030468749999999985 0.03982692307692315
0 0.13811079545454547 0.4555961538461538 0.018323863636363645 0.03426923076923075
0 0.6799857954545455 0.273375 0.023664772727272763 0.03255769230769232
0 0.543515625 0.7183653846153847 0.030099431818181813 0.03442307692307688
0 0.18591619318181818 0.05175961538461538 0.043821022727272736 0.047096153846153836
0 0.33171875 0.6155096153846153 0.02846590909090912 0.03948076923076918
0 0.20499289772727272 0.4639807692307692 0.02723011363636366 0.020769230769230738
0 0.035830965909090906 0.9663461538461539 0.02558238636363636 0.0673076923076923
0 0.010774147727272728 0.5417692307692308 0.021548295454545455 0.05380769230769223
0 0.9193181818181819 0.6148269230769231 0.0277272727272727 0.04130769230769223
0 0.33250710227272723 0.9595192307692307 0.03271306818181818 0.0809615384615385
0 0.008458806818181818 0.5860961538461538 0.016690340909090908 0.05884615384615378
0 0.45274857954545455 0.22901923076923078 0.025980113636363666 0.06688461538461536
0 0.8477201704545455 0.7202115384615384 0.025781249999999967 0.022153846153846118
0 0.4508522727272727 0.9901538461538462 0.0342329545454545 0.01969230769230771
0 0.3206747159090909 0.010836538461538462 0.04467329545454544 0.021403846153846152
0 0.6007173295454545 0.25158653846153844 0.01740056818181818 0.02355769230769228
0 0.41395596590909084 0.5255961538461539 0.040411931818181805 0.0601538461538461
0 0.8150781250000001 0.9656634615384615 0.017940340909090902 0.032019230769230834
0 0.9804119318181819 0.7743653846153846 0.026846590909090876 0.03296153846153844
0 0.4917755681818182 0.9650096153846154 0.024999999999999953 0.031096153846153766
0 0.2828409090909091 0.5594807692307693 0.018664772727272707 0.024461538461538514
0 0.18234375 0.4724519230769231 0.020795454545454548 0.0327115384615385
0 0.13726562499999997 0.015817307692307696 0.026207386363636367 0.03105769230769231
0 0.4229829545454545 0.6006538461538462 0.026136363636363683 0.04415384615384611
0 0.23177556818181821 0.1651153846153846 0.03528409090909091 0.05707692307692309
0 0.7386931818181818 0.9721826923076923 0.024090909090909062 0.02936538461538458
0 0.5882315340909091 0.39815384615384614 0.029673295454545435 0.03100000000000001
0 0.781299715909091 0.7548942307692307 0.026860795454545408 0.030865384615384638
0 0.01474431818181818 0.9714423076923077 0.029375 0.057038461538461586
0 0.5714417613636363 0.3811538461538461 0.04086647727272725 0.02999999999999999
0 0.4422798295454546 0.025086538461538462 0.03365056818181818 0.050173076923076924
0 0.7321875000000001 0.03510576923076923 0.03184659090909085 0.045634615384615385
0 0.9169318181818181 0.6797115384615384 0.030909090909090896 0.04042307692307689
0 0.5506463068181818 0.3267211538461538 0.030838068181818154 0.04709615384615381
0 0.9684588068181817 0.151125 0.029446022727272755 0.03321153846153845
0 0.4636008522727273 0.061778846153846156 0.02964488636363637 0.03528846153846153
0 0.6454829545454546 0.21033653846153846 0.034602272727272745 0.048288461538461565
0 0.6681889204545454 0.30653846153846154 0.03424715909090903 0.027153846153846164
0 0.3496590909090909 0.6157211538461538 0.02707386363636364 0.03228846153846158
0 0.8901136363636364 0.6168365384615384 0.034318181818181935 0.043711538461538496
0 0.9911576704545454 0.891798076923077 0.017684659090909157 0.018673076923076883
0 0.8705752840909091 0.9330576923076923 0.020525568181818245 0.019192307692307727
0 0.1031036931818182 0.01826923076923077 0.043565340909090915 0.03653846153846154
0 0.7865269886363635 0.946076923076923 0.030411931818181772 0.029115384615384588
0 0.397109375 0.5626538461538462 0.025639204545454482 0.033884615384615395
0 0.5825284090909091 0.2632980769230769 0.030426136363636388 0.035596153846153826
0 0.9099928977272728 0.41218269230769233 0.028707386363636414 0.03798076923076923
0 0.7909161931818183 0.7339807692307692 0.021264204545454423 0.033769230769230774
0 0.966796875 0.17455769230769233 0.02626420454545456 0.036192307692307704
0 0.23805397727272729 0.42139423076923077 0.02139204545454546 0.03824999999999997
0 0.5241974431818182 0.9828365384615384 0.04666193181818177 0.03432692307692312
0 0.21172585227272728 0.7664134615384615 0.019928977272727275 0.04217307692307694
0 0.7892826704545454 0.6385288461538461 0.04075284090909099 0.02344230769230769
0 0.5563068181818182 0.4135 0.043693181818181805 0.03707692307692308
0 0.9831889204545454 0.01721153846153846 0.033196022727272734 0.03338461538461538
0 0.0795596590909091 0.055057692307692314 0.026193181818181824 0.024192307692307697
0 0.8435511363636364 0.9546826923076923 0.03196022727272727 0.03178846153846149
0 0.24875 0.21675000000000003 0.06465909090909089 0.047576923076923065
0 0.9944602272727273 0.7587211538461538 0.01107954545454539 0.024211538461538413
0 0.14269176136363637 0.09421153846153847 0.038025568181818195 0.060000000000000005
0 0.6676917613636364 0.3265480769230769 0.0343892045454546 0.01940384615384616
0 0.7827272727272727 0.7176538461538462 0.016164772727272722 0.020846153846153907
0 0.8346661931818182 0.9699615384615384 0.029815340909090923 0.0375
0 0.5373153409090908 0.6724615384615383 0.02204545454545452 0.017653846153846166
0 0.08566761363636365 0.026807692307692307 0.03977272727272727 0.05361538461538461
0 0.24375 0.007596153846153846 0.047869318181818166 0.01376923076923077
0 0.005575284090909091 0.9583365384615385 0.010951704545454546 0.03594230769230769
0 0.8752769886363635 0.6223365384615385 0.05981534090909093 0.05263461538461539
0 0.9555255681818182 0.664701923076923 0.025000000000000033 0.04248076923076918
0 0.8317897727272726 0.6079038461538462 0.026789772727272745 0.019807692307692328
0 0.2750852272727273 0.006798076923076923 0.017045454545454544 0.013596153846153846
0 0.0059232954545454545 0.4907788461538462 0.011846590909090909 0.02194230769230774
0 0.02465909090909091 0.7005480769230769 0.030568181818181824 0.044826923076923084
0 0.2165340909090909 0.4099519230769231 0.0390625 0.0315576923076923
0 0.8375284090909091 0.5705961538461539 0.02846590909090904 0.04676923076923076
0 0.24487926136363633 0.7595288461538461 0.02782670454545455 0.031519230769230744
0 0.5341903409090909 0.43964423076923076 0.01670454545454544 0.03774999999999999
0 0.012386363636363638 0.824673076923077 0.02440340909090909 0.04626923076923077
0 0.321015625 0.9698269230769231 0.030894886363636364 0.060346153846153834
0 0.17554687500000002 0.4944038461538461 0.019730113636363636 0.03169230769230767
0 0.23121448863636365 0.05211538461538462 0.035610795454545444 0.04511538461538462
0 0.933046875 0.051500000000000004 0.02759943181818191 0.03484615384615385
0 0.9759090909090908 0.7516442307692308 0.048181818181818124 0.061019230769230805
0 0.24137073863636366 0.1549903846153846 0.015696022727272704 0.05232692307692309
0 0.12084517045454544 0.41075961538461536 0.035980113636363636 0.055250000000000035
0 0.810859375 0.7116538461538462 0.03285511363636363 0.03176923076923074
0 0.1136434659090909 0.08263461538461538 0.022713068181818175 0.036076923076923076
0 0.49958096590909096 0.3845865384615385 0.026747159090909068 0.04244230769230773
0 0.4506463068181818 0.3576346153846154 0.022173295454545473 0.052384615384615404
0 0.017826704545454545 0.7187211538461539 0.03565340909090909 0.05882692307692303
0 0.26835227272727274 0.03058653846153846 0.0364772727272727 0.04451923076923077
0 0.27636363636363637 0.5330576923076923 0.032414772727272716 0.03030769230769229
0 0.25862926136363634 0.46198076923076925 0.036747159090909094 0.04346153846153845
0 0.6673224431818181 0.9895769230769229 0.028707386363636334 0.020423076923076933
0 0.007492897727272727 0.11743269230769231 0.014275568181818183 0.04978846153846155
0 0.5145454545454545 0.9004615384615384 0.029403409090909074 0.05873076923076916
0 0.2363494318181818 0.49399038461538464 0.035937499999999976 0.03736538461538457
0 0.8509019886363636 0.7412596153846154 0.02098011363636361 0.031211538461538495
0 0.5805113636363637 0.6475288461538462 0.040482954545454544 0.10225000000000004
0 0.21189630681818183 0.4817596153846154 0.024417613636363633 0.03136538461538462
0 0.05580965909090909 0.6101153846153846 0.03613636363636363 0.061076923076923056
0 0.32131392045454543 0.6638750000000001 0.03433238636363634 0.04178846153846146
0 0.8673153409090909 0.4264038461538462 0.035823863636363674 0.04092307692307692
0 0.8662713068181819 0.39775961538461535 0.049303977272727326 0.03805769230769229
0 0.4135369318181818 0.5824999999999999 0.03806818181818175 0.032692307692307694
0 0.19546875000000002 0.39961538461538465 0.030596590909090896 0.04319230769230771
0 0.8234019886363636 0.658451923076923 0.017883522727272772 0.023980769230769174
0 0.2609872159090909 0.5682211538461539 0.02473011363636363 0.026596153846153815
0 0.5936434659090909 0.2921153846153846 0.05288352272727275 0.02453846153846152
0 0.3125710227272727 0.6260480769230768 0.03661931818181818 0.06267307692307687
0 0.05466619318181818 0.9835384615384616 0.03285511363636363 0.03253846153846146
0 0.8359730113636364 0.6841923076923077 0.03572443181818179 0.026846153846153808
0 0.4595951704545454 0.20127884615384617 0.024758522727272737 0.036057692307692304
0 0.5501917613636365 0.6213461538461539 0.02069602272727272 0.04407692307692311
0 0.46550426136363643 0.040721153846153844 0.026491477272727323 0.023557692307692307
0 0.2811079545454545 0.187625 0.02659090909090909 0.03971153846153847
0 0.8153551136363636 0.7938653846153846 0.03105113636363638 0.036769230769230776
0 0.5115127840909092 0.9341923076923077 0.031207386363636323 0.03126923076923086
0 0.15834517045454544 0.5479326923076923 0.02348011363636364 0.051826923076923055
0 0.5165909090909091 0.685923076923077 0.030312500000000044 0.08926923076923068
0 0.6166264204545455 0.27008653846153846 0.01765625000000001 0.031326923076923065
0 0.20422585227272727 0.7377884615384614 0.031718749999999976 0.03207692307692309
0 0.9822017045454546 0.6398076923076924 0.035596590909090835 0.02803846153846151
0 0.18829545454545454 0.7482884615384615 0.024744318181818204 0.033307692307692295
0 0.2343181818181818 0.2791442307692308 0.025170454545454544 0.035557692307692325
0 0.46703125 0.8931634615384616 0.02911931818181818 0.060442307692307705
0 0.5776775568181818 0.35344230769230767 0.03884943181818185 0.033423076923076916
0 0.26791193181818185 0.2021923076923077 0.04931818181818182 0.036653846153846155
0 0.8065056818181818 0.6887692307692307 0.01670454545454544 0.019384615384615354
0 0.559872159090909 0.30764423076923075 0.04176136363636369 0.060442307692307705
0 0.1900568181818182 0.008153846153846154 0.05951704545454546 0.015038461538461539
0 0.2540340909090909 0.40770192307692305 0.02670454545454547 0.025673076923076913
0 0.9482315340909092 0.6795961538461538 0.05654829545454554 0.06976923076923072
0 0.9436292613636365 0.6078365384615385 0.02600852272727281 0.02924999999999996
0 0.6707670454545455 0.35629807692307686 0.02877840909090916 0.030249999999999982
0 0.34994318181818185 0.6990673076923076 0.0348863636363636 0.041326923076923094
0 0.47830255681818185 0.2241826923076923 0.03703124999999999 0.032519230769230766
0 0.5608167613636363 0.3701634615384616 0.02390625000000006 0.02471153846153845
0 0.7529829545454544 0.9182596153846154 0.04525568181818184 0.028788461538461593
0 0.052514204545454544 0.9620865384615384 0.02863636363636363 0.04274999999999993
0 0.8007386363636364 0.9854711538461537 0.03335227272727275 0.02874999999999987
0 0.012713068181818181 0.6741826923076922 0.025085227272727273 0.054865384615384566
0 0.9937855113636364 0.8726634615384616 0.012428977272727272 0.027634615384615393
0 0.19274147727272728 0.2691153846153846 0.044431818181818204 0.05423076923076921
0 0.2257244318181818 0.8412596153846154 0.033806818181818195 0.05798076923076919
0 0.22369318181818185 0.7522115384615384 0.03127840909090911 0.0369230769230769
0 0.9330326704545455 0.38275 0.029957386363636408 0.05019230769230774
0 0.2133380681818182 0.18198076923076922 0.025028409090909098 0.04350000000000001
0 0.1729403409090909 0.5274038461538462 0.035653409090909104 0.06434615384615391
0 0.1947727272727273 0.1951923076923077 0.042642045454545446 0.09973076923076926
0 0.8762642045454545 0.745 0.014176136363636389 0.029730769230769193
0 0.8060298295454544 0.9580961538461538 0.031008522727272784 0.02430769230769228
0 0.8905326704545454 0.6959038461538462 0.03467329545454541 0.03761538461538462
0 0.5344460227272727 0.34 0.027897727272727255 0.04699999999999999
0 0.3985014204545454 0.5230673076923077 0.015014204545454535 0.031442307692307735
0 0.9253835227272728 0.7159326923076923 0.03954545454545459 0.04728846153846149
0 0.12287642045454544 0.4872692307692308 0.02376420454545455 0.021346153846153834
0 0.8259161931818181 0.8832307692307692 0.017627840909090864 0.03819230769230761
0 0.0066335227272727275 0.7563557692307692 0.013238636363636364 0.05886538461538464
0 0.48351562499999995 0.4882115384615385 0.04637784090909096 0.04207692307692307
0 0.4176278409090909 0.0714326923076923 0.02846590909090904 0.042019230769230774
0 0.20521306818181817 0.542826923076923 0.031079545454545447 0.03984615384615379
0 0.37567471590909096 0.7124519230769231 0.03879261363636364 0.0342115384615385
0 0.4845738636363636 0.5924807692307693 0.06130681818181822 0.05684615384615385
0 0.80390625 0.6601634615384615 0.02048295454545449 0.047211538461538485
0 0.9084446022727274 0.05579807692307692 0.04092329545454554 0.03821153846153847
0 0.9341193181818181 0.6007692307692307 0.020965909090909077 0.04011538461538453
0 0.21909090909090911 0.45441346153846157 0.02306818181818183 0.02374999999999999
0 0.7573650568181818 0.6539038461538461 0.024900568181818305 0.0643461538461538
0 0.469375 0.3893076923076923 0.038863636363636385 0.03707692307692308
0 0.5482457386363637 0.35537500000000005 0.023536931818181808 0.029134615384615394
0 0.6961150568181819 0.3486442307692308 0.04384943181818182 0.05694230769230767
0 0.8276136363636364 0.8290288461538462 0.05389204545454553 0.05151923076923081
0 0.669502840909091 0.3690769230769231 0.024943181818181823 0.033499999999999974
0 0.8557741477272726 0.8019134615384615 0.07438920454545456 0.0551346153846153
0 0.5330752840909091 0.9056442307692307 0.0334232954545455 0.04740384615384611
0 0.9518252840909092 0.5813461538461538 0.021036931818181902 0.026692307692307682
0 0.5484232954545455 0.6699134615384615 0.03428977272727279 0.06201923076923077
0 0.6914701704545455 0.29465384615384616 0.028764204545454544 0.03726923076923076
0 0.9176420454545454 0.3740288461538462 0.03011363636363643 0.047711538461538465
0 0.6239204545454545 0.24728846153846154 0.026789772727272745 0.042423076923076924
0 0.9155539772727272 0.8142019230769231 0.05031249999999994 0.050634615384615354
0 0.4313352272727272 0.3925673076923077 0.029176136363636394 0.04078846153846155
0 0.5648579545454545 0.6518750000000001 0.02809659090909095 0.061711538461538415
0 0.8368252840909091 0.36399999999999993 0.03893465909090921 0.039961538461538465
0 0.7903409090909093 0.6785673076923078 0.015852272727272684 0.02451923076923077
0 0.27401278409090907 0.1598653846153846 0.051889204545454544 0.052730769230769234
0 0.22090909090909092 0.28456730769230776 0.03960227272727272 0.06617307692307692
0 0.4970880681818182 0.6951057692307693 0.03292613636363637 0.07413461538461541
0 0.2694176136363637 0.5540096153846155 0.027755681818181808 0.029173076923076954
0 0.12470170454545454 0.4727980769230769 0.024687500000000015 0.028249999999999997
0 0.30643465909090906 0.6415961538461539 0.037102272727272734 0.050615384615384604
0 0.2386647727272727 0.46581730769230767 0.03372159090909088 0.030865384615384638
0 0.16170454545454546 0.07920192307692309 0.035710227272727275 0.029365384615384623
0 0.45454545454545453 0.5664326923076922 0.022017045454545456 0.03563461538461544
0 0.8765838068181818 0.34728846153846155 0.018877840909090858 0.07065384615384618
0 0.1271875 0.033817307692307695 0.02730113636363636 0.03536538461538462
0 0.4386079545454545 0.9748076923076923 0.03772727272727273 0.04423076923076923
0 0.7816122159090909 0.6154423076923077 0.033139204545454444 0.037884615384615364
0 0.9491051136363636 0.6351923076923077 0.03088068181818183 0.030807692307692272
0 0.9421235795454546 0.4350576923076923 0.025696022727272613 0.027153846153846164
0 0.20874999999999996 0.799548076923077 0.032897727272727266 0.036211538461538434
0 0.15015625000000002 0.4666826923076923 0.03221590909090908 0.04886538461538461
0 0.4693181818181818 0.11059615384615384 0.02926136363636359 0.035307692307692304
0 0.8682670454545455 0.3830192307692307 0.025113636363636452 0.026923076923076925
0 0.9193607954545455 0.04035576923076923 0.04167613636363641 0.028365384615384615
0 0.6562286931818182 0.3405673076923077 0.03822443181818185 0.015980769230769236
0 0.6352698863636363 0.3016346153846154 0.03463068181818181 0.039692307692307666
0 0.5730681818181819 0.40688461538461534 0.05375000000000005 0.037115384615384585
0 0.6191051136363637 0.3871826923076923 0.015454545454545448 0.03078846153846152
0 0.48631392045454547 0.9235192307692308 0.028139204545454547 0.056499999999999995
0 0.8546519886363636 0.5881826923076924 0.016775568181818266 0.022096153846153863
0 0.4395880681818182 0.6032403846153847 0.017102272727272758 0.04051923076923086
0 0.16103693181818182 0.7961057692307693 0.0365909090909091 0.04444230769230761
0 0.4719886363636363 0.016951923076923076 0.028977272727272775 0.03371153846153846
0 0.7113636363636364 0.0486826923076923 0.021874999999999967 0.02932692307692307
0 0.9112144886363637 0.08043269230769232 0.036690340909090804 0.02648076923076924
0 0.8642897727272728 0.8392115384615384 0.03730113636363635 0.038038461538461486
0 0.16039772727272725 0.6541730769230768 0.055284090909090915 0.060499999999999964
0 0.786818181818182 0.9752596153846154 0.023920454545454592 0.02686538461538467
0 0.12291903409090908 0.6618749999999999 0.04032670454545455 0.06455769230769229
0 0.7620241477272726 0.6747788461538461 0.024048295454545385 0.04121153846153847
0 0.8010298295454544 0.9135192307692307 0.02600852272727281 0.023999999999999924
0 0.8040838068181819 0.7447692307692307 0.02879261363636361 0.037769230769230853
0 0.038558238636363644 0.6808557692307693 0.04615056818181818 0.03921153846153844
0 0.580653409090909 0.3241057692307692 0.026193181818181813 0.027750000000000014
0 0.44344460227272725 0.3964326923076923 0.021690340909090885 0.02455769230769233
0 0.6146875 0.2313076923076923 0.029744318181818177 0.04430769230769232
0 0.6529900568181818 0.04075961538461539 0.044758522727272716 0.03751923076923076
0 0.15918323863636363 0.08967307692307691 0.02563920454545454 0.024923076923076926
0 0.020419034090909092 0.6253557692307692 0.040838068181818184 0.056403846153846235
0 0.8123579545454547 0.9265480769230768 0.0253693181818182 0.02509615384615387
0 0.6435298295454545 0.42158653846153843 0.03384943181818179 0.048903846153846166
0 0.4943394886363636 0.577076923076923 0.04907670454545456 0.05669230769230773
0 0.004318181818181818 0.052759615384615384 0.008522727272727272 0.03682692307692308
0 0.9893821022727274 0.768826923076923 0.020127840909090852 0.02769230769230776
0 0.19463068181818183 0.23103846153846153 0.05088068181818183 0.05930769230769231
0 0.9745951704545455 0.5768942307692307 0.05049715909090902 0.050057692307692254
0 0.9830752840909092 0.674923076923077 0.033849431818181876 0.047692307692307714
0 0.8445738636363636 0.8911634615384615 0.025994318181818278 0.0353653846153847
0 0.8461647727272728 0.920701923076923 0.014119318181818098 0.021250000000000022
0 0.851015625 0.8733653846153846 0.045894886363636284 0.03226923076923083
0 0.15421164772727272 0.7679615384615385 0.04001420454545455 0.04292307692307691
0 0.11008522727272728 0.5133653846153846 0.022329545454545453 0.03876923076923071
0 0.6047301136363636 0.36280769230769233 0.03198863636363634 0.021576923076923073
0 0.4797798295454545 0.6214615384615384 0.040838068181818184 0.05157692307692306
0 0.3399147727272727 0.6903653846153847 0.03784090909090911 0.04511538461538468
0 0.2994744318181818 0.014461538461538461 0.04710227272727272 0.028923076923076923
0 0.9408451704545455 0.6981346153846153 0.036576704545454544 0.03426923076923075
0 0.8314133522727274 0.7529807692307693 0.04362215909090898 0.043807692307692256
0 0.8402130681818182 0.661875 0.022698863636363663 0.032673076923076944
0 0.20722301136363636 0.029701923076923077 0.03748579545454547 0.04855769230769231
0 0.1138849431818182 0.46367307692307697 0.03992897727272727 0.07042307692307694
0 0.19982954545454545 0.43457692307692314 0.034744318181818196 0.032538461538461516
0 0.17154119318181818 0.4484807692307692 0.026122159090909113 0.03188461538461541
0 0.13094460227272728 0.517201923076923 0.04035511363636363 0.05136538461538463
0 0.7315980113636363 0.9888173076923076 0.03788352272727275 0.021942307692307633
0 0.15184659090909092 0.4240865384615385 0.029147727272727266 0.043019230769230775
0 0.8744815340909091 0.9147403846153846 0.02740056818181813 0.028826923076923094
0 0.14153409090909091 0.7331923076923077 0.044346590909090905 0.05915384615384613
0 0.25453835227272725 0.13942307692307693 0.015582386363636362 0.033884615384615395
0 0.8093181818181818 0.6549423076923077 0.01235795454545461 0.03180769230769224
0 0.6690411931818182 0.3891346153846154 0.024360795454545423 0.03334615384615385
0 0.5283309659090909 0.6443942307692309 0.02044034090909089 0.02367307692307693
0 0.48100852272727274 0.9892307692307691 0.03957386363636366 0.021500000000000012
0 0.6381534090909091 0.23449038461538463 0.0199147727272727 0.03259615384615385
0 0.13776278409090909 0.07350961538461538 0.021207386363636373 0.029173076923076927
0 0.667109375 0.2826730769230769 0.020838068181818204 0.027692307692307704
0 0.4999289772727273 0.4434711538461539 0.028607954545454527 0.02809615384615382
0 0.9863636363636363 0.1581153846153846 0.018494318181818157 0.041230769230769224
0 0.8864275568181817 0.6636923076923077 0.03830965909090913 0.048230769230769306
0 0.30191761363636366 0.043673076923076926 0.038380681818181835 0.038730769230769235
0 0.47832386363636364 0.20192307692307693 0.025965909090909053 0.01826923076923077
0 0.9396732954545454 0.5393076923076923 0.05218750000000001 0.02557692307692299
0 0.5999928977272727 0.3099519230769231 0.039360795454545426 0.033596153846153845
0 0.19803267045454545 0.8410288461538462 0.030099431818181813 0.0490961538461539
0 0.47946732954545457 0.40559615384615383 0.024531249999999973 0.04553846153846155
0 0.24636363636363637 0.779875 0.04968750000000002 0.0306730769230769
0 0.12191051136363634 0.1023173076923077 0.020923295454545462 0.03725
0 0.8249928977272728 0.9125 0.018963068181818213 0.019653846153846206
0 0.499715909090909 0.8806442307692308 0.05281250000000001 0.045365384615384675
0 0.22774147727272728 0.714346153846154 0.01926136363636364 0.03207692307692309
0 0.9813423295454545 0.6212115384615384 0.03504261363636374 0.030923076923076893
0 0.04253551136363636 0.9278269230769232 0.057826704545454535 0.049499999999999905
0 0.2556747159090909 0.05654807692307692 0.027002840909090896 0.050249999999999996
0 0.7202485795454545 0.9782884615384615 0.02975852272727271 0.03688461538461529
0 0.6486008522727272 0.364625 0.021264204545454583 0.03713461538461539
0 0.389375 0.696 0.037102272727272734 0.04749999999999998
0 0.5372301136363636 0.948548076923077 0.028323863636363633 0.0502884615384615
0 0.6800497159090909 0.24733653846153847 0.028821022727272674 0.04486538461538461
0 0.20183238636363637 0.7164519230769231 0.03417613636363637 0.019557692307692227
0 0.9092045454545453 0.7449711538461539 0.048011363636363734 0.07078846153846154
0 0.03844460227272727 0.6507019230769231 0.0504971590909091 0.04225000000000005
0 0.02573863636363636 0.7963076923076923 0.028124999999999997 0.03003846153846155
0 0.044694602272727264 0.766423076923077 0.04882102272727273 0.03580769230769232
0 0.43890625 0.9389038461538461 0.03335227272727275 0.03469230769230773
0 0.961122159090909 0.01858653846153846 0.030426136363636468 0.03717307692307692
0 0.6272230113636363 0.40693269230769236 0.03146306818181815 0.05194230769230773
0 0.11239346590909091 0.051798076923076926 0.023536931818181808 0.03225
0 0.917705965909091 0.5579999999999999 0.03436079545454537 0.051807692307692305
0 0.7821803977272727 0.6871826923076922 0.028394886363636376 0.058673076923076904
0 0.23014914772727274 0.2227596153846154 0.036946022727272716 0.02913461538461537
0 0.848075284090909 0.6098173076923077 0.04120738636363635 0.03878846153846157
0 0.5236150568181818 0.42626923076923084 0.03149147727272721 0.03611538461538462
0 0.16391335227272727 0.7246634615384616 0.05626420454545453 0.062096153846153884
0 0.2186292613636364 0.6857788461538462 0.04654829545454547 0.05082692307692309
0 0.9145454545454546 0.47654807692307694 0.03724431818181822 0.04128846153846159
0 0.1420383522727273 0.549826923076923 0.015014204545454556 0.03265384615384608
0 0.5134090909090909 0.37095192307692304 0.029545454545454482 0.04082692307692306
0 0.4797230113636364 0.4699519230769231 0.06725852272727267 0.047826923076923086
0 0.2176846590909091 0.3820769230769231 0.028011363636363674 0.029576923076923067
0 0.35072443181818175 0.6622211538461539 0.03088068181818179 0.021442307692307757
0 0.012571022727272728 0.7893173076923078 0.024999999999999998 0.04817307692307694
0 0.9186576704545455 0.4630961538461538 0.038082386363636284 0.0609615384615385
0 0.9538068181818182 0.5535769230769231 0.03846590909090899 0.0291538461538462
0 0.1386221590909091 0.5309711538461539 0.04019886363636363 0.04882692307692305
0 0.8633096590909091 0.7693653846153846 0.0398295454545454 0.027923076923076887
0 0.03022017045454545 0.8354326923076923 0.049360795454545456 0.05451923076923081
0 0.13267755681818183 0.3922788461538462 0.031974431818181805 0.0446346153846154
0 0.36878551136363635 0.9710096153846153 0.05671874999999997 0.057596153846153825
0 0.3489630681818182 0.6451250000000001 0.03784090909090911 0.029288461538461465
0 0.2238636363636364 0.25329807692307693 0.04363636363636363 0.0233653846153846
0 0.6304616477272728 0.37250961538461536 0.021150568181818243 0.019942307692307648
0 0.9733451704545455 0.7819615384615385 0.029815340909090923 0.02230769230769235
0 0.25770596590909095 0.17507692307692307 0.02467329545454546 0.028961538461538438
0 0.3016477272727273 0.9702980769230769 0.06105113636363635 0.05940384615384613
0 0.6334446022727273 0.32358653846153845 0.04098011363636367 0.03205769230769229
0 0.9067329545454546 0.6608653846153846 0.028124999999999935 0.028115384615384625
0 0.16590198863636363 0.4807980769230769 0.01771306818181818 0.03863461538461539
0 0.13311079545454546 0.054134615384615385 0.020255681818181825 0.021153846153846155
0 0.27043323863636365 0.16800961538461537 0.021036931818181823 0.020788461538461544
0 0.8638707386363635 0.6810288461538462 0.02947443181818182 0.03751923076923075
0 0.7282599431818183 0.954951923076923 0.038366477272727344 0.05548076923076928
0 0.02846590909090909 0.5922980769230769 0.049005681818181816 0.050634615384615465
0 0.5978693181818181 0.3842019230769231 0.02786931818181819 0.0300576923076923
0 0.8829900568181818 0.5680192307692308 0.018593749999999885 0.054192307692307706
0 0.9386292613636364 0.46306730769230775 0.028849431818181902 0.0434423076923077
0 0.45472301136363635 0.4276826923076923 0.05933238636363634 0.05305769230769231
0 0.808778409090909 0.8959519230769231 0.02499999999999987 0.025288461538461603
0 0.1708877840909091 0.3958942307692308 0.02728693181818181 0.03128846153846156
0 0.8913352272727273 0.4385576923076923 0.02622159090909096 0.0401923076923077
0 0.5207954545454545 0.9585961538461539 0.046420454545454556 0.044884615384615335
0 0.8650994318181818 0.8956153846153847 0.03991477272727276 0.022807692307692223
0 0.20688920454545456 0.511375 0.015539772727272723 0.027403846153846154
0 0.28240767045454546 0.1320769230769231 0.029559659090909095 0.03288461538461539
0 0.18864346590909092 0.5168846153846154 0.023707386363636382 0.02346153846153844
0 0.4848366477272727 0.9756153846153847 0.03424715909090911 0.0356923076923077
0 0.03803977272727273 0.5293365384615385 0.041647727272727274 0.04932692307692303
0 0.6078977272727273 0.4095384615384615 0.016335227272727272 0.026653846153846125
0 0.7945241477272728 0.6975192307692308 0.020042613636363657 0.024692307692307645
0 0.1554119318181818 0.010221153846153847 0.018948863636363642 0.019480769230769232
0 0.010553977272727272 0.16109615384615383 0.021107954545454544 0.057269230769230774
0 0.15058238636363638 0.04584615384615385 0.028011363636363636 0.026961538461538467
0 0.80078125 0.7791057692307692 0.046960227272727195 0.044173076923076975
0 0.5322940340909091 0.3665576923076923 0.041946022727272686 0.05807692307692311
0 0.7917116477272728 0.6614903846153847 0.018480113636363624 0.025673076923076858
0 0.01674715909090909 0.512798076923077 0.03301136363636364 0.07694230769230773
0 0.24168323863636362 0.02342307692307692 0.042372159090909106 0.025230769230769227
0 0.818068181818182 0.9042115384615386 0.01428977272727281 0.015269230769230764
0 0.8695028409090909 0.6371346153846154 0.03650568181818188 0.026153846153846198
0 0.6640625 0.4229134615384616 0.037755681818181876 0.055019230769230744
0 0.44169744318181825 0.07465384615384615 0.024105113636363595 0.04361538461538461
0 0.9816548295454546 0.6098653846153846 0.036690340909090964 0.0428846153846153
0 0.40454545454545454 0.6421634615384615 0.034772727272727295 0.051326923076923076
0 0.2271661931818182 0.43756730769230767 0.03146306818181819 0.0312884615384615
0 0.8242329545454545 0.6375673076923076 0.03545454545454551 0.030019230769230687
0 0.1941619318181818 0.5005096153846154 0.017897727272727305 0.029634615384615433
0 0.25236505681818183 0.5389326923076924 0.030468749999999985 0.03913461538461543
0 0.9850994318181818 0.08186538461538462 0.02980113636363639 0.08476923076923076
0 0.23801136363636363 0.80975 0.035710227272727255 0.07049999999999994
0 0.09769176136363637 0.1 0.02910511363636363 0.04657692307692307
0 0.6879829545454546 0.05415384615384615 0.03164772727272731 0.044884615384615384
0 0.4450497159090909 0.5302692307692308 0.02461647727272733 0.05184615384615392
0 0.5391974431818182 0.6954038461538462 0.03916193181818181 0.04011538461538464
0 0.6113636363636363 0.3315096153846154 0.026448863636363642 0.027596153846153836
0 0.6579900568181819 0.2335769230769231 0.02188920454545458 0.05003846153846153
0 0.9112855113636364 0.5778269230769232 0.02714488636363638 0.039576923076923044
0 0.6217116477272727 0.3513269230769231 0.03538352272727268 0.027884615384615386
0 0.3694602272727273 0.6567692307692308 0.01284090909090908 0.013461538461538462
0 0.7203835227272727 0.020673076923076922 0.030738636363636426 0.037307692307692306
0 0.7001562499999999 0.38982692307692307 0.039687499999999994 0.06396153846153844
0 0.3836860795454546 0.6552788461538461 0.014701704545454579 0.01332692307692309
