0 0.9904687499999999 0.9540000000000001 0.018380681818181734 0.039115384615384566
0 0.9256676136363636 0.8754615384615385 0.02451704545454544 0.034961538461538474
0 0.9921022727272728 0.3881538461538462 0.015227272727272605 0.0470384615384615
0 0.9745383522727273 0.39978846153846154 0.0214630681818182 0.04069230769230769
0 0.9696519886363636 0.3720384615384615 0.024985795454545337 0.0496923076923077
0 0.9815625 0.355125 0.029289772727272734 0.04440384615384616
0 0.9889275568181817 0.3236826923076923 0.022144886363636408 0.09567307692307692
0 0.9107102272727274 0.44814423076923077 0.045284090909090906 0.03594230769230769
0 0.9128551136363636 0.4185480769230769 0.0628409090909091 0.03805769230769229
0 0.9407670454545454 0.37679807692307693 0.04372159090909103 0.04967307692307689
0 0.9325710227272727 0.2946153846153846 0.032784090909090964 0.05761538461538463
0 0.9056321022727274 0.28114423076923073 0.041377840909090906 0.03805769230769229
0 0.953693181818182 0.9625961538461537 0.03502840909090905 0.03853846153846158
0 0.8788920454545455 0.280875 0.023039772727272766 0.033288461538461545
0 0.8755823863636365 0.30359615384615385 0.040596590909090964 0.024846153846153875
0 0.9038778409090908 0.30676923076923074 0.02616477272727267 0.02696153846153848
0 0.9382315340909091 0.33134615384615385 0.03240056818181811 0.028538461538461544
0 0.8884588068181819 0.37230769230769234 0.046065340909091 0.05761538461538463
0 0.8962713068181817 0.39978846153846154 0.041377840909090906 0.08192307692307692
0 0.9947798295454546 0.18310576923076924 0.01044034090909094 0.039634615384615386
0 0.979609375 0.1709423076923077 0.0238210227272727 0.05653846153846155
0 0.9766832386363636 0.20107692307692307 0.025752840909090902 0.04703846153846156
0 0.9614559659090909 0.1661923076923077 0.026548295454545533 0.036461538461538476
0 0.9606960227272726 0.9891538461538462 0.029772727272727163 0.02169230769230764
0 0.9912713068181819 0.09669230769230769 0.01745738636363631 0.07503846153846155
0 0.9317897727272727 0.1617019230769231 0.042159090909091 0.03594230769230772
0 0.7919247159090909 0.3311923076923077 0.05177556818181825 0.0476153846153846
0 0.8233380681818183 0.22097115384615384 0.040312499999999994 0.040134615384615394
0 0.8126704545454545 0.30255769230769225 0.04267045454545449 0.04707692307692306
0 0.8288778409090909 0.1985 0.026079545454545473 0.0305
0 0.8059517045454545 0.18004807692307692 0.02923295454545444 0.04386538461538462
0 0.7858025568181817 0.16265384615384615 0.03714488636363633 0.060461538461538455
0 0.7579332386363636 0.17629807692307692 0.024105113636363674 0.02459615384615383
0 0.012734375 0.7774711538461538 0.02546875 0.05559615384615389
0 0.9377130681818181 0.9852980769230769 0.02670454545454539 0.029403846153846194
0 0.03732244318181818 0.7334423076923077 0.018224431818181817 0.03519230769230772
0 0.011583806818181818 0.6830096153846155 0.023167613636363635 0.03940384615384617
0 0.02509943181818182 0.7048173076923077 0.024829545454545455 0.028365384615384615
0 0.016178977272727272 0.737375 0.02948863636363636 0.038865384615384684
0 0.009055397727272728 0.7260769230769231 0.018110795454545456 0.04569230769230768
0 0.07941761363636363 0.6964038461538461 0.04656249999999999 0.043076923076923034
0 0.07786931818181818 0.7310769230769231 0.024829545454545462 0.043076923076923145
0 0.765049715909091 0.15301923076923077 0.0343892045454546 0.02407692307692307
0 0.7782883522727272 0.13456730769230768 0.050582386363636385 0.024596153846153858
0 0.7316548295454546 0.17844230769230768 0.03794034090909096 0.046000000000000006
0 0.9287357954545455 0.9338461538461539 0.03940340909090911 0.032000000000000084
0 0.7004332386363636 0.2215096153846154 0.02845170454545459 0.04440384615384616
0 0.7371875 0.19396153846153846 0.03161931818181817 0.029961538461538484
0 0.7411434659090909 0.3006923076923077 0.04583806818181815 0.0658076923076923
0 0.7000426136363637 0.1647980769230769 0.03161931818181817 0.07436538461538462
0 0.7273082386363636 0.15275961538461538 0.025298295454545375 0.04278846153846154
0 0.7399573863636365 0.13483653846153845 0.022130681818181876 0.04121153846153846
0 0.7877698863636364 0.09391346153846154 0.05215909090909095 0.07598076923076924
0 0.76703125 0.11182692307692307 0.03911931818181813 0.029423076923076916
0 0.7668252840909091 0.06983653846153846 0.03794034090909096 0.04921153846153846
0 0.7565553977272728 0.05218269230769231 0.03478693181818183 0.056711538461538466
0 0.9223863636363635 0.9737403846153847 0.031079545454545447 0.052519230769230776
0 0.736796875 0.10648076923076924 0.02529829545454546 0.027269230769230768
0 0.7403551136363636 0.05859615384615385 0.022926136363636343 0.07276923076923078
0 0.712890625 0.12440384615384614 0.037542613636363645 0.023538461538461543
0 0.7148650568181818 0.10460576923076922 0.024105113636363674 0.03209615384615386
0 0.7016264204545455 0.08775961538461538 0.021349431818181778 0.058326923076923075
0 0.6956960227272727 0.04495192307692308 0.025284090909090926 0.058326923076923075
0 0.6731676136363636 0.04200961538461538 0.03082386363636362 0.04278846153846154
0 0.6864133522727273 0.1680096153846154 0.03279829545454542 0.06901923076923078
0 0.6810724431818183 0.14072115384615383 0.02529829545454546 0.054019230769230764
0 0.6810795454545455 0.10675 0.022926136363636343 0.020346153846153844
0 0.894794034090909 0.954 0.05473011363636376 0.033192307692307674
0 0.6824573863636364 0.08240384615384616 0.02568181818181816 0.0305
0 0.6589488636363636 0.05966346153846153 0.03872159090909089 0.04921153846153846
0 0.6494602272727273 0.09604807692307693 0.04346590909090904 0.03317307692307692
0 0.6573650568181818 0.13858653846153846 0.02845170454545459 0.06151923076923077
0 0.645703125 0.19048076923076923 0.04149147727272724 0.04976923076923076
0 0.6241690340909091 0.16826923076923078 0.026093750000000006 0.024615384615384636
0 0.6415553977272727 0.1458076923076923 0.04583806818181824 0.04173076923076924
0 0.6265411931818182 0.11878846153846155 0.03794034090909088 0.042269230769230774
0 0.6219957386363636 0.20358653846153849 0.031207386363636402 0.05671153846153845
0 0.5953196022727273 0.2300673076923077 0.02845170454545459 0.033711538461538466
0 0.8755397727272727 0.9811538461538462 0.07224431818181803 0.03769230769230773
0 0.5929545454545454 0.2089423076923077 0.03161931818181817 0.028884615384615377
0 0.5969034090909091 0.18539423076923078 0.026875000000000024 0.021403846153846145
0 0.6057954545454546 0.16051923076923078 0.031221590909090935 0.03584615384615385
0 0.6036221590909091 0.13270192307692308 0.02767045454545457 0.0315576923076923
0 0.594140625 0.11772115384615385 0.05137784090909093 0.040134615384615394
0 0.6042116477272728 0.24585576923076924 0.051775568181818166 0.03744230769230772
0 0.6186363636363637 0.26324038461538457 0.06244318181818179 0.05509615384615386
0 0.5895951704545456 0.2755480769230769 0.028849431818181823 0.026211538461538453
0 0.5702272727272727 0.27206730769230775 0.0320170454545454 0.03851923076923077
0 0.5617329545454545 0.25253846153846154 0.03872159090909089 0.042269230769230774
0 0.8621803977272726 0.9882596153846154 0.0402698863636364 0.02348076923076919
0 0.5340696022727273 0.25147115384615387 0.024502840909090908 0.036903846153846176
0 0.5162855113636364 0.23889423076923075 0.04742897727272733 0.07063461538461539
0 0.5162855113636364 0.21508653846153847 0.0505823863636363 0.04975000000000001
0 0.5599573863636365 0.21909615384615386 0.04940340909090913 0.05350000000000001
0 0.5232031250000001 0.19048076923076926 0.034389204545454514 0.03476923076923077
0 0.5417755681818182 0.18085576923076924 0.024886363636363693 0.027288461538461536
0 0.5712144886363636 0.1947596153846154 0.029247159090909136 0.03048076923076925
0 0.5692400568181818 0.17443269230769232 0.04268465909090902 0.027288461538461536
0 0.570625 0.1498173076923077 0.044659090909090905 0.029442307692307698
0 0.569637784090909 0.093375 0.05612215909090908 0.04278846153846154
0 0.8486079545454547 0.9510384615384615 0.04377840909090916 0.02488461538461538
0 0.5698366477272727 0.12146153846153847 0.02964488636363637 0.02623076923076923
0 0.6121164772727272 0.3006923076923077 0.03437499999999998 0.03369230769230771
0 0.6494602272727273 0.2945384615384615 0.041107954545454545 0.04173076923076921
0 0.6800852272727272 0.3218269230769231 0.044659090909090905 0.05992307692307692
0 0.6447230113636363 0.336 0.033196022727272734 0.058307692307692296
0 0.6528196022727273 0.35794230769230767 0.054133522727272745 0.05296153846153845
0 0.6160653409090909 0.3699711538461538 0.026477272727272707 0.04067307692307694
0 0.6097443181818182 0.3854903846153846 0.03991477272727276 0.04601923076923073
0 0.6253551136363636 0.32343269230769234 0.024488636363636376 0.03959615384615385
0 0.6063849431818181 0.33172115384615386 0.019758522727272763 0.052980769230769255
0 0.986036931818182 0.9832211538461538 0.02792613636363632 0.03355769230769229
0 0.8895525568181818 0.933548076923077 0.039843749999999935 0.031403846153846234
0 0.5876207386363637 0.35339423076923077 0.03359374999999997 0.027826923076923075
0 0.5988778409090909 0.40047115384615384 0.0363636363636364 0.03532692307692309
0 0.6111292613636364 0.43310576923076916 0.02370738636363636 0.03851923076923077
0 0.6316832386363637 0.4309711538461538 0.033196022727272734 0.0556346153846154
0 0.6492684659090909 0.40823076923076923 0.03359375000000005 0.059384615384615376
0 0.6520241477272727 0.4494230769230769 0.024105113636363595 0.02942307692307689
0 0.6721875 0.4363173076923077 0.02252840909090903 0.0556346153846154
0 0.6777130681818182 0.40929807692307696 0.027272727272727258 0.061519230769230784
0 0.6713991477272727 0.47510576923076925 0.024105113636363595 0.03798076923076923
0 0.6514346590909091 0.4769711538461538 0.026079545454545473 0.03317307692307687
0 0.851015625 0.923471153846154 0.04072443181818192 0.036173076923076926
0 0.6378053977272727 0.48046153846153844 0.020951704545454544 0.05403846153846153
0 0.6202201704545455 0.48259615384615384 0.018963068181818213 0.0658076923076923
0 0.6925355113636363 0.3991346153846154 0.018963068181818213 0.05296153846153845
0 0.6913565340909091 0.4553076923076923 0.019758522727272763 0.05296153846153845
0 0.7053764204545455 0.4282884615384615 0.024105113636363595 0.031038461538461567
0 0.7176278409090909 0.4585192307692308 0.034374999999999906 0.030500000000000027
0 0.727705965909091 0.43176923076923074 0.02134943181818186 0.03157692307692305
0 0.7105113636363636 0.3969903846153846 0.017784090909090885 0.05724999999999997
0 0.7198082386363637 0.3846826923076923 0.024502840909090908 0.07544230769230773
0 0.7383735795454546 0.39191346153846157 0.02370738636363628 0.08132692307692306
0 0.8599928977272726 0.9050961538461538 0.04552556818181828 0.04207692307692307
0 0.7545809659090907 0.40261538461538465 0.033196022727272734 0.08238461538461539
0 0.5994744318181818 0.48125961538461537 0.027272727272727258 0.03317307692307692
0 0.5635085227272728 0.48259615384615384 0.05176136363636363 0.02407692307692304
0 0.5519034090909091 0.3585865384615385 0.05079545454545453 0.03867307692307695
0 0.5228835227272728 0.3635 0.03446022727272726 0.030076923076923105
0 0.5123508522727274 0.3822307692307692 0.03595170454545455 0.030692307692307706
0 0.4952840909090909 0.3851538461538462 0.048664772727272716 0.047230769230769236
0 0.50125 0.4221346153846154 0.05693181818181824 0.07273076923076922
0 0.5997230113636364 0.4438846153846154 0.02157670454545454 0.05157692307692306
0 0.5831960227272727 0.45290384615384616 0.017897727272727305 0.036038461538461554
0 0.9009303977272727 0.9089519230769231 0.03546875000000004 0.029634615384615433
0 0.5808948863636364 0.4146826923076923 0.023409090909090935 0.03294230769230768
0 0.5742400568181818 0.3863942307692308 0.030298295454545432 0.03728846153846157
0 0.54578125 0.3895 0.03397727272727275 0.023615384615384618
0 0.538203125 0.4093846153846154 0.03901988636363632 0.027346153846153843
0 0.5760795454545454 0.43798076923076923 0.025710227272727305 0.028576923076923104
0 0.5632244318181818 0.4662692307692307 0.025710227272727305 0.03169230769230767
0 0.5554190340909091 0.4569326923076923 0.02203124999999999 0.03667307692307691
0 0.5547301136363636 0.4267980769230769 0.0380965909090909 0.04351923076923076
0 0.5267258522727273 0.4407788461538461 0.025241477272727245 0.030442307692307716
0 0.5324644886363636 0.46749999999999997 0.031207386363636323 0.03542307692307695
0 0.869403409090909 0.8899807692307692 0.031079545454545447 0.028461538461538483
0 0.5689559659090908 0.33356730769230764 0.02708806818181817 0.026096153846153887
0 0.5453196022727272 0.32983653846153843 0.01927556818181817 0.033557692307692344
0 0.5274147727272728 0.33698076923076925 0.02204545454545452 0.026730769230769242
0 0.49849431818181816 0.3519038461538462 0.02937499999999993 0.036653846153846155
0 0.5108877840909091 0.32859615384615387 0.020213068181818127 0.033576923076923094
0 0.460390625 0.35097115384615385 0.049588068181818136 0.07086538461538461
0 0.4693465909090909 0.34413461538461537 0.028920454545454565 0.03730769230769232
0 0.4479971590909091 0.31119230769230766 0.02846590909090912 0.04973076923076926
0 0.4351420454545455 0.2580480769230769 0.06519886363636368 0.05282692307692305
0 0.45303977272727275 0.2900576923076923 0.025710227272727305 0.043499999999999955
0 0.9596022727272726 0.8748653846153845 0.02670454545454555 0.034961538461538474
0 0.4766832386363637 0.32082692307692307 0.036264204545454586 0.04538461538461537
0 0.49665482954545453 0.3171057692307693 0.021122159090909098 0.03294230769230768
0 0.48242897727272727 0.27452884615384615 0.02937500000000001 0.07209615384615384
0 0.5039985795454546 0.291 0.021122159090909098 0.0354230769230769
0 0.5097372159090909 0.26861538461538464 0.02984374999999999 0.055307692307692315
0 0.7298863636363637 0.462875 0.027272727272727337 0.040134615384615394
0 0.7411505681818181 0.4730384615384616 0.026875000000000104 0.05511538461538461
0 0.7089346590909091 0.48025961538461537 0.021732954545454562 0.032096153846153844
0 0.7119034090909091 0.49738461538461537 0.03397727272727267 0.02888461538461535
0 0.6881960227272728 0.4960480769230769 0.025284090909090926 0.02944230769230775
0 0.9832457386363636 0.8810961538461538 0.025838068181818098 0.04030769230769227
0 0.668231534090909 0.5086153846153847 0.020156249999999997 0.0342307692307692
0 0.7022230113636364 0.522 0.019360795454545447 0.02888461538461535
0 0.6867684659090909 0.5282884615384617 0.022116477272727263 0.04330769230769238
0 0.6653622159090908 0.5601346153846154 0.03387784090909086 0.04330769230769227
0 0.6571306818181818 0.5426249999999999 0.04281249999999998 0.04267307692307692
0 0.6686576704545455 0.5792403846153847 0.0254119318181818 0.035673076923076946
0 0.6898295454545454 0.5738269230769231 0.02446022727272731 0.027384615384615403
0 0.7034730113636364 0.5588653846153846 0.04140624999999997 0.022923076923076952
0 0.71359375 0.5375288461538461 0.035284090909090876 0.02228846153846149
0 0.6463139204545455 0.5142788461538462 0.0324573863636364 0.04586538461538466
0 0.9928764204545455 0.8882019230769231 0.013565340909090845 0.04148076923076922
0 0.7959161931818183 0.5684134615384616 0.05691761363636371 0.035673076923076946
0 0.7930965909090909 0.5505865384615384 0.06539772727272722 0.035673076923076946
0 0.7872159090909091 0.5295576923076923 0.04045454545454548 0.020384615384615428
0 0.8086221590909091 0.585298076923077 0.037159090909090864 0.06432692307692306
0 0.7949786931818181 0.6222307692307693 0.0324573863636364 0.05669230769230773
0 0.7702769886363637 0.7117115384615386 0.03953125000000006 0.053499999999999985
0 0.7465198863636363 0.7365576923076923 0.02681818181818181 0.07642307692307694
0 0.7820383522727272 0.6696826923076923 0.03762784090909092 0.07132692307692302
0 0.7545525568181819 0.6759134615384615 0.024872159090909077 0.027750000000000014
0 0.7153977272727272 0.7656346153846154 0.05014204545454539 0.04569230769230768
0 0.9011505681818183 0.8831634615384616 0.03502840909090905 0.032596153846153934
0 0.7252769886363636 0.727125 0.037116477272727266 0.06267307692307687
0 0.6975568181818183 0.6909038461538461 0.026022727272727263 0.04373076923076925
0 0.7158806818181819 0.7359326923076923 0.04724431818181817 0.054173076923076845
0 0.6828551136363636 0.7277788461538461 0.028437499999999973 0.027403846153846154
0 0.6840553977272728 0.6967788461538461 0.024105113636363674 0.05024999999999999
0 0.6251633522727272 0.8653076923076923 0.05288352272727275 0.07992307692307693
0 0.6136860795454545 0.8186826923076924 0.01680397727272725 0.036634615384615404
0 0.5950426136363636 0.8156346153846153 0.029517045454545497 0.051615384615384674
0 0.5868394886363636 0.8239711538461539 0.0327982954545455 0.05605769230769237
0 0.5794602272727273 0.833125 0.034431818181818195 0.059942307692307725
0 0.9031178977272728 0.8636057692307694 0.0214630681818182 0.03140384615384612
0 0.5812997159090909 0.8564326923076924 0.05370738636363637 0.08878846153846157
0 0.5552698863636363 0.7962115384615384 0.022130681818181796 0.031653846153846116
0 0.5347727272727273 0.7865000000000001 0.04673295454545459 0.06438461538461542
0 0.5622372159090909 0.7792884615384615 0.026235795454545494 0.03996153846153852
0 0.6919886363636363 0.7717980769230769 0.020909090909090867 0.06271153846153849
0 0.6735440340909091 0.7928846153846154 0.026633522727272728 0.0649230769230769
0 0.6733380681818182 0.7590288461538461 0.019687499999999938 0.02275000000000008
0 0.6716974431818182 0.7332211538461538 0.02049715909090902 0.0288653846153846
0 0.5716690340909091 0.7687403846153846 0.030326704545454577 0.05105769230769222
0 0.5290340909090909 0.739326923076923 0.0336079545454545 0.06438461538461542
0 0.972080965909091 0.9507403846153846 0.02626420454545456 0.033788461538461524
0 0.8869176136363638 0.859451923076923 0.017954545454545435 0.03971153846153853
0 0.5466690340909092 0.7609711538461538 0.014758522727272709 0.04105769230769235
0 0.5462571022727273 0.7235096153846154 0.036889204545454586 0.048288461538461454
0 0.5724928977272726 0.7301634615384616 0.02214488636363633 0.03163461538461547
0 0.6292684659090909 0.7998173076923076 0.023366477272727337 0.06548076923076926
0 0.5925781250000001 0.7778942307692308 0.026235795454545494 0.07382692307692305
0 0.6108167613636364 0.7845576923076923 0.01680397727272725 0.032730769230769306
0 0.3863068181818182 0.2992980769230769 0.03477272727272722 0.041634615384615395
0 0.29624289772727275 0.44649038461538465 0.03697443181818182 0.033711538461538466
0 0.6101704545454546 0.6081153846153846 0.03176136363636366 0.034384615384615486
0 0.2909446022727273 0.3805769230769231 0.024161931818181846 0.022807692307692334
0 0.8584659090909091 0.8656826923076922 0.037215909090909154 0.04978846153846162
0 0.5991335227272727 0.7687403846153846 0.01803977272727271 0.046634615384615385
0 0.5972940340909091 0.7298942307692307 0.040582386363636355 0.036634615384615404
0 0.15303977272727273 0.592576923076923 0.035568181818181825 0.036615384615384654
0 0.2587286931818182 0.5089326923076922 0.04612215909090909 0.049557692307692275
0 0.5487571022727272 0.5581057692307693 0.019502840909090935 0.026980769230769287
0 0.5737215909090909 0.6380384615384614 0.03525568181818181 0.029423076923076944
0 0.5753125 0.5550192307692308 0.03610795454545457 0.029769230769230805
0 0.1728693181818182 0.5674903846153847 0.02187500000000001 0.04163461538461545
0 0.37732954545454545 0.33249999999999996 0.02562500000000003 0.03369230769230771
0 0.5956534090909091 0.6907596153846154 0.021732954545454562 0.04163461538461534
0 0.829786931818182 0.974625 0.03502840909090905 0.050749999999999976
0 0.15674715909090908 0.5647211538461538 0.017045454545454544 0.028096153846153764
0 0.07643465909090909 0.14864423076923078 0.05201704545454546 0.047596153846153844
0 0.29148437499999996 0.47450000000000003 0.03038352272727275 0.03519230769230766
0 0.5860227272727273 0.509 0.018863636363636326 0.03219230769230771
0 0.616612215909091 0.5676538461538462 0.01825284090909086 0.026961538461538426
0 0.012201704545454545 0.024163461538461536 0.020880681818181816 0.04832692307692307
0 0.30612926136363633 0.4194807692307692 0.03330965909090911 0.02726923076923078
0 0.3586647727272727 0.4417788461538462 0.05565340909090906 0.038173076923076914
0 0.2537855113636364 0.4207115384615384 0.024531250000000015 0.029730769230769245
0 0.14266335227272728 0.5652307692307693 0.018536931818181814 0.02407692307692304
0 0.8124857954545455 0.9427403846153847 0.037215909090909154 0.0557115384615384
0 0.6365269886363637 0.56625 0.024900568181818142 0.02865384615384611
0 0.21250710227272726 0.2891923076923077 0.023252840909090914 0.03250000000000001
0 0.26513494318181813 0.3446346153846154 0.034048295454545456 0.034192307692307695
0 0.3147372159090909 0.3315096153846154 0.023423295454545426 0.033711538461538466
0 0.6280397727272727 0.5156538461538461 0.020085227272727255 0.029961538461538432
0 0.6015980113636363 0.5173173076923077 0.019673295454545405 0.04440384615384622
0 0.5714630681818181 0.6996442307692308 0.025823863636363565 0.033865384615384644
0 0.5925781250000001 0.6191634615384616 0.03606534090909089 0.027211538461538527
0 0.30284090909090905 0.2987980769230769 0.04136363636363637 0.035673076923076946
0 0.6276420454545455 0.5928269230769231 0.02857954545454546 0.029615384615384682
0 0.8030752840909091 0.9838173076923078 0.05342329545454547 0.03236538461538459
0 0.5612073863636364 0.5859134615384616 0.02863636363636367 0.046634615384615385
0 0.5458451704545454 0.6863173076923077 0.031150568181818192 0.05605769230769227
0 0.04622159090909091 0.01810576923076923 0.02284090909090909 0.03621153846153846
0 0.1271022727272727 0.5662307692307692 0.025937500000000006 0.07426923076923078
0 0.4823011363636363 0.5492307692307693 0.039346590909090894 0.07603846153846158
0 0.6001207386363636 0.5490961538461538 0.03450284090909094 0.041538461538461476
0 0.17379261363636364 0.5288557692307693 0.03335227272727273 0.04767307692307685
0 0.5606036931818181 0.6677211538461539 0.02623579545454541 0.036634615384615404
0 0.1448934659090909 0.5426442307692307 0.028906250000000012 0.02709615384615391
0 0.13173295454545456 0.5223269230769231 0.024829545454545462 0.03361538461538465
0 0.8934872159090909 0.8334903846153845 0.02532670454545444 0.03686538461538465
0 0.5746946022727273 0.6022115384615384 0.03401988636363635 0.03426923076923075
0 0.5007528409090909 0.5930769230769231 0.04673295454545459 0.05826923076923079
0 0.6437642045454546 0.5931249999999999 0.023522727272727275 0.03355769230769229
0 0.5831463068181818 0.681875 0.02214488636363633 0.03828846153846148
0 0.26952414772727273 0.3706634615384615 0.036235795454545444 0.033711538461538466
0 0.2269460227272727 0.23332692307692307 0.02738636363636364 0.030461538461538467
0 0.1563778409090909 0.5130576923076924 0.03261363636363635 0.03411538461538463
0 0.27062499999999995 0.46408653846153847 0.025994318181818157 0.045096153846153876
0 0.5105894886363637 0.6280384615384615 0.04836647727272729 0.059384615384615376
0 0.6214772727272727 0.7118557692307693 0.015170454545454555 0.03940384615384617
0 0.9191335227272727 0.8414134615384615 0.03039772727272724 0.03471153846153848
0 0.29752840909090905 0.4316153846153846 0.03440340909090909 0.029730769230769193
0 0.057251420454545454 0.07861538461538461 0.028366477272727272 0.03573076923076923
0 0.1911221590909091 0.2836057692307693 0.022500000000000006 0.04874999999999999
0 0.6194673295454546 0.5332788461538461 0.02509943181818184 0.025019230769230752
0 0.6151278409090909 0.6974230769230768 0.018863636363636326 0.03830769230769234
0 0.6048792613636363 0.6641153846153847 0.021321022727272713 0.046076923076923036
0 0.031448863636363636 0.05301923076923077 0.0271875 0.035730769230769226
0 0.5409303977272727 0.6366442307692308 0.031974431818181805 0.05440384615384608
0 0.5526065340909091 0.6274903846153846 0.033196022727272734 0.033865384615384644
0 0.31887784090909094 0.3581153846153846 0.022500000000000006 0.021500000000000012
0 0.9419247159090909 0.8463461538461539 0.018366477272727364 0.03515384615384621
0 0.2106321022727273 0.2632884615384615 0.024019886363636358 0.02642307692307694
0 0.2750213068181818 0.39965384615384614 0.02086647727272727 0.03519230769230772
0 0.6198224431818182 0.640625 0.026036931818181796 0.052326923076923146
0 0.5437926136363637 0.6094519230769231 0.0286931818181818 0.0288653846153846
0 0.2896590909090909 0.3148942307692308 0.028920454545454524 0.05005769230769231
0 0.5868394886363636 0.6521826923076923 0.027059659090909106 0.0288653846153846
0 0.310234375 0.27090384615384616 0.02214488636363633 0.024384615384615397
0 0.3062926136363636 0.24272115384615386 0.018749999999999985 0.03198076923076922
0 0.2843536931818182 0.26938461538461533 0.031889204545454526 0.03861538461538464
0 0.5470738636363636 0.5903076923076924 0.026250000000000027 0.01942307692307686
0 0.9633025568181818 0.8495673076923076 0.02754261363636362 0.03044230769230766
0 0.42639204545454545 0.2992980769230769 0.02562499999999995 0.041634615384615395
0 0.6271306818181818 0.5474423076923076 0.019517045454545467 0.022192307692307733
0 0.4038778409090909 0.2958173076923077 0.02380681818181817 0.041634615384615395
0 0.26428267045454545 0.2665961538461538 0.03001420454545454 0.052307692307692284
0 0.5357954545454545 0.5844807692307692 0.02664772727272726 0.03219230769230771
0 0.2792258522727273 0.4980384615384616 0.032940340909090905 0.0356923076923077
0 0.2579900568181818 0.3875192307692307 0.024900568181818142 0.043615384615384625
0 0.6003693181818183 0.6372019230769231 0.02130681818181818 0.022211538461538484
0 0.27009232954545453 0.23789423076923077 0.011633522727272723 0.026403846153846135
0 0.028686079545454546 0.024509615384615383 0.022457386363636367 0.049019230769230766
0 0.9626633522727271 0.8300576923076923 0.025014204545454565 0.026576923076923064
0 0.0654190340909091 0.11111538461538462 0.06850852272727273 0.04373076923076925
0 0.5271946022727273 0.5608942307692307 0.025014204545454565 0.05494230769230768
0 0.28710227272727273 0.3500961538461539 0.04502840909090908 0.05600000000000001
0 0.26402698863636365 0.4499615384615385 0.030383522727272707 0.03073076923076921
0 0.24096590909090906 0.4365769230769231 0.03551136363636364 0.043615384615384625
0 0.5605823863636363 0.5314134615384615 0.045653409090909154 0.03651923076923079
0 0.5136647727272727 0.5334134615384616 0.05125000000000006 0.06548076923076915
0 0.29350142045454547 0.4023846153846154 0.024900568181818142 0.02576923076923078
0 0.26678267045454546 0.42765384615384616 0.021235795454545438 0.029730769230769245
0 0.24477272727272725 0.2861538461538462 0.04727272727272727 0.02742307692307696
0 0.95171875 0.9279230769230769 0.029346590909091027 0.03199999999999997
0 0.9435085227272727 0.8187019230769231 0.013295454545454565 0.027865384615384632
0 0.5867329545454546 0.5734807692307693 0.026079545454545473 0.028499999999999987
0 0.24298295454545454 0.46234615384615385 0.038068181818181834 0.04757692307692304
0 0.226875 0.48168269230769234 0.030738636363636343 0.05055769230769229
0 0.24444602272727273 0.5240576923076923 0.0644318181818182 0.036192307692307676
0 0.24865767045454545 0.5560192307692308 0.05819602272727273 0.043615384615384625
0 0.40277698863636363 0.3362115384615385 0.027457386363636423 0.04411538461538461
0 0.6031178977272728 0.5830288461538462 0.021178977272727308 0.030096153846153804
0 0.5595738636363636 0.5053846153846154 0.05125000000000006 0.038307692307692286
0 0.4241974431818182 0.34760576923076925 0.0204971590909091 0.05898076923076926
0 0.38831676136363635 0.35083653846153845 0.024900568181818142 0.026749999999999993
0 0.9818181818181819 0.8422692307692308 0.01582386363636362 0.035576923076923075
0 0.40571022727272726 0.3758653846153846 0.04869318181818178 0.04311538461538459
0 0.31205255681818184 0.9844711538461539 0.01967329545454549 0.031057692307692265
0 0.7199076704545455 0.04406730769230769 0.02455965909090912 0.06190384615384615
0 0.7219957386363636 0.0824423076923077 0.020894886363636334 0.030423076923076924
0 0.7484019886363636 0.9373749999999998 0.07967329545454542 0.12498076923076915
0 0.7804048295454545 0.8955288461538462 0.10276988636363639 0.13794230769230773
0 0.9667755681818182 0.7960673076923077 0.015312499999999962 0.04975000000000001
0 0.95453125 0.7960769230769231 0.015312499999999962 0.04457692307692309
0 0.3703267045454545 0.2802115384615384 0.02343749999999996 0.028653846153846165
0 0.35263494318181815 0.31376923076923074 0.024900568181818142 0.025884615384615346
0 0.9940767045454545 0.8506346153846155 0.011846590909090954 0.052307692307692284
0 0.3455255681818182 0.2836730769230769 0.032017045454545486 0.058384615384615354
0 0.32609375 0.23840384615384616 0.025340909090909094 0.05992307692307695
0 0.3599786931818182 0.28577884615384613 0.02535511363636367 0.05540384615384616
0 0.33174005681818186 0.2893942307692308 0.024900568181818183 0.045749999999999985
0 0.3190625 0.40076923076923077 0.03247159090909093 0.07346153846153844
0 0.6451420454545455 0.6364519230769231 0.032840909090909094 0.03548076923076921
0 0.6772443181818182 0.6589423076923077 0.02471590909090914 0.03646153846153842
0 0.6883167613636364 0.6516923076923077 0.01808238636363639 0.03296153846153844
0 0.7051065340909091 0.6619326923076924 0.022883522727272745 0.0294807692307692
0 0.6628551136363636 0.6079711538461539 0.02028409090909095 0.02548076923076923
0 0.9132741477272727 0.8056346153846153 0.03134943181818189 0.050576923076923096
0 0.6394247159090909 0.6209711538461538 0.026576704545454518 0.03148076923076913
0 0.808302556818182 0.46298076923076925 0.020525568181818086 0.06580769230769236
0 0.7931747159090908 0.504423076923077 0.03276988636363627 0.035576923076923075
0 0.5049289772727273 0.660423076923077 0.024488636363636296 0.038499999999999965
0 0.44515625 0.7626346153846154 0.038948863636363656 0.05503846153846155
0 0.4282173295454546 0.7852788461538462 0.02370738636363636 0.026942307692307783
0 0.4261008522727273 0.8099423076923076 0.02203124999999999 0.030384615384615406
0 0.4417684659090909 0.8257019230769231 0.047428977272727255 0.04701923076923075
0 0.45384232954545456 0.8500673076923076 0.03430397727272724 0.06363461538461533
0 0.44291193181818184 0.8024134615384615 0.028806818181818142 0.030326923076923043
0 0.8952272727272728 0.8180576923076923 0.02375000000000004 0.03600000000000005
0 0.4148082386363636 0.7780961538461538 0.020980113636363693 0.04526923076923081
0 0.43183238636363636 0.7238173076923077 0.02531249999999999 0.03425
0 0.42480113636363637 0.7468846153846154 0.029517045454545417 0.023307692307692317
0 0.4627911931818182 0.6160961538461539 0.023565340909090956 0.03973076923076917
0 0.5805255681818182 0.891576923076923 0.04914772727272731 0.028615384615384605
0 0.5596732954545455 0.8419326923076923 0.06431818181818177 0.07732692307692314
0 0.5794744318181818 0.9764903846153846 0.020965909090909077 0.04701923076923075
0 0.5919673295454545 0.9830000000000001 0.023394886363636402 0.03384615384615389
0 0.6093110795454545 0.9813653846153847 0.016122159090909124 0.03711538461538464
0 0.6222088068181818 0.9915 0.017741477272727204 0.016999999999999953
0 0.8858948863636364 0.784201923076923 0.024687499999999994 0.03944230769230778
0 0.5939914772727272 0.9379711538461538 0.029034090909090905 0.04640384615384614
0 0.6022514204545455 0.9551634615384614 0.021377840909090926 0.03713461538461539
0 0.6272585227272728 0.9589807692307691 0.04556818181818179 0.05130769230769232
0 0.6435795454545455 0.9851923076923076 0.029034090909090905 0.027307692307692286
0 0.3888494318181818 0.655625 0.016732954545454506 0.030750000000000017
0 0.3922301136363636 0.6151826923076923 0.03386363636363641 0.04905769230769229
0 0.37689630681818187 0.6602115384615385 0.015923295454545426 0.0410000000000001
0 0.3729119318181818 0.6227307692307692 0.023892045454545444 0.04692307692307688
0 0.35558238636363637 0.6642596153846154 0.029886363636363666 0.04690384615384613
0 0.35717329545454546 0.694451923076923 0.054573863636363656 0.03398076923076926
0 0.8735440340909091 0.8420576923076923 0.023423295454545467 0.03257692307692307
0 0.4079616477272728 0.726548076923077 0.03186079545454546 0.0312884615384615
0 0.40757102272727275 0.8128269230769231 0.02071022727272733 0.029115384615384588
0 0.3954190340909091 0.7820865384615384 0.022713068181818195 0.036673076923077016
0 0.3916335227272727 0.7459615384615385 0.03585227272727274 0.04207692307692307
0 0.36235795454545455 0.7168365384615385 0.04181818181818182 0.03774999999999999
0 0.3591690340909091 0.7448846153846155 0.050582386363636385 0.051769230769230797
0 0.3585724431818182 0.7718461538461538 0.052571022727272716 0.036653846153846155
0 0.4725994318181818 0.7824711538461538 0.03463068181818181 0.04474999999999996
0 0.47574573863636355 0.8117884615384615 0.024389204545454568 0.042615384615384555
0 0.5052556818181819 0.7928749999999999 0.04093749999999999 0.055942307692307645
0 0.8605681818181818 0.8219134615384615 0.043693181818181805 0.05486538461538467
0 0.47318892045454547 0.8504038461538462 0.02714488636363638 0.03888461538461533
0 0.507421875 0.8189807692307692 0.04683238636363632 0.056999999999999974
0 0.5046661931818182 0.845875 0.06808238636363638 0.05967307692307698
0 0.5119460227272726 0.9811826923076924 0.022812500000000003 0.03409615384615388
0 0.5190269886363637 0.9145961538461538 0.03384943181818179 0.03196153846153847
0 0.49226562499999993 0.9196634615384616 0.022826704545454535 0.030365384615384655
0 0.480859375 0.9393750000000001 0.03461647727272728 0.037826923076923105
0 0.49738636363636357 0.9505576923076923 0.03619318181818176 0.04103846153846149
0 0.4924644886363636 0.978 0.022428977272727222 0.042615384615384555
0 0.47220170454545446 0.9785288461538462 0.017301136363636373 0.04155769230769234
0 0.9268963068181819 0.805423076923077 0.02365056818181815 0.05130769230769232
0 0.45606534090909095 0.9897980769230768 0.01889204545454547 0.02040384615384618
0 0.45587357954545454 0.9636057692307692 0.02478693181818188 0.03728846153846151
0 0.4391477272727272 0.9548269230769231 0.03147727272727276 0.03249999999999996
0 0.4381676136363637 0.9826057692307693 0.017698863636363606 0.03478846153846149
0 0.4206534090909091 0.9887307692307692 0.0244034090909091 0.02253846153846159
0 0.39192471590909084 0.9751442307692307 0.0299005681818182 0.04971153846153851
0 0.4041335227272727 0.9598846153846153 0.05036931818181823 0.042615384615384666
0 0.39782670454545455 0.9710673076923076 0.03147727272727268 0.02874999999999987
0 0.42990056818181815 0.9273846153846154 0.09011363636363635 0.037307692307692264
0 0.4865625 0.8911538461538461 0.03659090909090908 0.03196153846153847
0 0.9071377840909091 0.7736249999999999 0.03012784090909096 0.033326923076923046
0 0.42990056818181815 0.9031442307692308 0.0830397727272727 0.043134615384615396
0 0.4167258522727273 0.845875 0.04092329545454538 0.04901923076923079
0 0.38524147727272723 0.8075192307692307 0.02911931818181818 0.03834615384615384
0 0.42124289772727275 0.8762403846153846 0.04052556818181814 0.03517307692307696
0 0.3858309659090909 0.8530673076923078 0.03896306818181811 0.061249999999999936
0 0.3659588068181818 0.8258942307692309 0.028338068181818207 0.03463461538461548
0 0.3480539772727273 0.7899326923076923 0.05548295454545455 0.04155769230769234
0 0.3279829545454545 0.8189711538461538 0.05232954545454546 0.049557692307692275
0 0.35178977272727274 0.8554711538461539 0.04565340909090911 0.05540384615384616
0 0.32169034090909093 0.8709134615384615 0.017698863636363606 0.06817307692307702
0 0.993046875 0.9219903846153846 0.013906249999999948 0.03794230769230773
0 0.9364559659090911 0.7848076923076923 0.03109374999999998 0.0600769230769231
0 0.3031960227272727 0.8301634615384615 0.030312500000000006 0.08151923076923075
0 0.2854829545454546 0.8418749999999999 0.018494318181818195 0.06232692307692313
0 0.2703409090909091 0.856 0.018096590909090923 0.04580769230769229
0 0.24869318181818179 0.8586538461538461 0.04249999999999998 0.05753846153846146
0 0.2638494318181818 0.8903557692307693 0.03974431818181821 0.03463461538461537
0 0.29532670454545457 0.8773076923076922 0.023210227272727278 0.02984615384615381
0 0.34313920454545455 0.8943557692307692 0.03463068181818181 0.03409615384615388
0 0.30968749999999995 0.8876923076923078 0.02045454545454546 0.03888461538461533
0 0.29139204545454545 0.9154038461538462 0.02556818181818182 0.04634615384615389
0 0.35632102272727273 0.915125 0.028721590909090867 0.04048076923076925
0 0.9131321022727273 0.7499423076923077 0.020724431818181864 0.044730769230769324
0 0.3388068181818182 0.923923076923077 0.021250000000000012 0.026115384615384693
0 0.31558948863636366 0.9156634615384615 0.029900568181818157 0.021326923076923028
0 0.31441051136363635 0.9329807692307692 0.03305397727272725 0.02076923076923079
0 0.3122443181818182 0.9500288461538461 0.02872159090909091 0.030365384615384655
0 0.36634943181818186 0.9601538461538461 0.02045454545454546 0.04634615384615378
0 0.37166903409090907 0.9751442307692307 0.0247869318181818 0.04971153846153851
0 0.35867897727272724 0.94975 0.032670454545454544 0.050076923076923005
0 0.34038352272727274 0.9524230769230769 0.03147727272727272 0.0405
0 0.3191335227272727 0.9732019230769231 0.022812500000000003 0.026634615384615427
0 0.35061789772727275 0.9806538461538461 0.017315340909090905 0.03623076923076929
0 0.9013139204545454 0.7361346153846153 0.02299715909090917 0.046038461538461535
0 0.3325071022727273 0.9865961538461538 0.02203124999999999 0.026807692307692303
0 0.2776207386363636 0.9042115384615385 0.025582386363636352 0.0452692307692307
0 0.2445667613636364 0.9018076923076923 0.02558238636363639 0.05753846153846146
0 0.2734872159090909 0.92525 0.03305397727272725 0.03623076923076929
0 0.29492897727272727 0.9713365384615386 0.021647727272727287 0.055942307692307645
0 0.2748650568181818 0.9727500000000001 0.03345170454545456 0.05449999999999995
0 0.2705397727272727 0.9604134615384615 0.039744318181818165 0.03836538461538459
0 0.24928267045454547 0.9820673076923078 0.01927556818181817 0.03586538461538457
0 0.2494815340909091 0.9441634615384616 0.018877840909090896 0.04101923076923074
0 0.2374786931818182 0.9799423076923077 0.020071022727272722 0.04011538461538464
0 0.8817116477272727 0.7490769230769231 0.02268465909090913 0.03946153846153843
0 0.23492897727272724 0.9196538461538462 0.01809659090909088 0.0815000000000001
0 0.22331676136363637 0.9895288461538463 0.023991477272727255 0.020942307692307666
0 0.2125 0.918326923076923 0.023607954545454553 0.07457692307692314
0 0.2201633522727273 0.9319134615384616 0.020071022727272722 0.10494230769230768
0 0.203046875 0.9905192307692307 0.02203124999999999 0.01757692307692305
0 0.20659090909090908 0.97 0.014943181818181793 0.03196153846153858
0 0.1947940340909091 0.9774615384615384 0.011803977272727277 0.02557692307692299
0 0.19517755681818183 0.9409615384615385 0.02203124999999999 0.04634615384615389
0 0.18082386363636363 0.991125 0.024005681818181825 0.017750000000000037
0 0.17983664772727273 0.9593461538461538 0.027542613636363657 0.050076923076923116
0 0.8583948863636363 0.7578461538461538 0.05247159090909082 0.056999999999999974
0 0.15700994318181818 0.9785961538461538 0.043906249999999994 0.04280769230769229
0 0.16737215909090908 0.643298076923077 0.028409090909090908 0.04032692307692313
0 0.1833096590909091 0.6688653846153846 0.020795454545454548 0.02300000000000007
0 0.1652911931818182 0.6817596153846154 0.0242471590909091 0.04221153846153844
0 0.19300426136363635 0.6503365384615384 0.02424715909090908 0.033788461538461524
0 0.1869602272727273 0.68275 0.036278409090909076 0.03892307692307683
0 0.13836647727272727 0.6996634615384616 0.030795454545454556 0.035673076923076946
0 0.14297585227272727 0.7150576923076923 0.05578125000000001 0.02653846153846156
0 0.17492897727272727 0.7166538461538462 0.018267045454545473 0.028846153846153848
0 0.20857244318181814 0.6747692307692308 0.029417613636363648 0.07780769230769238
0 0.8472159090909092 0.7773557692307693 0.053437500000000006 0.0758653846153846
0 0.19862926136363637 0.7180384615384615 0.03549715909090911 0.0339615384615384
0 0.23386363636363636 0.6180192307692308 0.04221590909090909 0.041346153846153845
0 0.267265625 0.6254519230769231 0.03220170454545457 0.04975000000000001
0 0.23403409090909089 0.639846153846154 0.06545454545454547 0.044307692307692347
0 0.23219460227272729 0.6694711538461539 0.021036931818181823 0.03209615384615395
0 0.24772727272727274 0.6782788461538461 0.02071022727272725 0.03798076923076923
0 0.22651988636363637 0.6907211538461538 0.020369318181818145 0.02667307692307693
0 0.218671875 0.7160384615384616 0.022713068181818195 0.03480769230769224
0 0.26910511363636364 0.6717307692307692 0.02872159090909091 0.08273076923076919
0 0.24338778409090908 0.6988653846153845 0.020042613636363657 0.01853846153846162
0 0.857578125 0.7343846153846154 0.03271306818181814 0.042538461538461546
0 0.24789062499999998 0.7173942307692308 0.03305397727272729 0.03028846153846154
0 0.289140625 0.6904903846153846 0.04208806818181818 0.09948076923076926
0 0.2777840909090909 0.7180769230769231 0.02872159090909091 0.045230769230769304
0 0.2413849431818182 0.7318653846153846 0.028053977272727272 0.04115384615384611
0 0.26158380681818183 0.7447499999999999 0.03705965909090905 0.031653846153846116
0 0.2944815340909091 0.7639711538461538 0.043423295454545444 0.07190384615384612
0 0.23108664772727272 0.7464134615384616 0.021321022727272713 0.047096153846153864
0 0.22463778409090907 0.7843942307692308 0.0241335227272727 0.04405769230769225
0 0.20404829545454542 0.8005673076923078 0.03707386363636363 0.04448076923076922
0 0.2068678977272727 0.7575961538461539 0.02987215909090909 0.044653846153846204
0 0.8752343749999999 0.7120192307692308 0.04728693181818177 0.04692307692307688
0 0.27651278409090907 0.7856923076923077 0.03879261363636364 0.05042307692307697
0 0.2487713068181818 0.7793942307692308 0.027542613636363657 0.04413461538461536
0 0.2611931818181818 0.8080192307692307 0.03142045454545455 0.032038461538461585
0 0.2567258522727273 0.831923076923077 0.038025568181818195 0.029423076923076944
0 0.23460937500000004 0.8198461538461538 0.02794034090909089 0.04726923076923085
0 0.2237428977272727 0.846375 0.03103693181818181 0.06986538461538458
0 0.20279829545454542 0.8440096153846154 0.031051136363636343 0.04517307692307694
0 0.17874289772727273 0.7489326923076923 0.046548295454545446 0.05463461538461532
0 0.1597301136363636 0.7809711538461539 0.026392045454545453 0.03886538461538458
0 0.17990767045454545 0.7838653846153847 0.032599431818181805 0.04569230769230768
0 0.8990411931818181 0.7074038461538462 0.04762784090909103 0.040346153846153775
0 0.1818465909090909 0.8145865384615385 0.03414772727272726 0.03886538461538458
0 0.17816051136363636 0.8474134615384615 0.03919034090909091 0.06671153846153846
0 0.14731534090909093 0.855826923076923 0.039573863636363636 0.06776923076923068
0 0.1457599431818182 0.8124903846153846 0.038025568181818174 0.0472884615384616
0 0.10424715909090909 0.8492500000000001 0.06207386363636363 0.09350000000000001
0 0.13936079545454547 0.6612115384615386 0.037642045454545456 0.05253846153846153
0 0.11162642045454546 0.6780192307692308 0.040355113636363654 0.03573076923076931
0 0.10948863636363636 0.7134807692307692 0.04230113636363637 0.03834615384615384
0 0.11220170454545456 0.7925288461538462 0.025994318181818177 0.0336346153846154
0 0.14750710227272726 0.7360576923076924 0.04384943181818182 0.02888461538461535
0 0.9283593750000001 0.7168461538461538 0.02396306818181819 0.025
0 0.13839488636363637 0.770201923076923 0.04190340909090909 0.04675000000000001
0 0.12112926136363637 0.7528653846153847 0.03376420454545454 0.04569230769230768
0 0.08873579545454545 0.7938461538461538 0.03724431818181818 0.06146153846153842
0 0.09493607954545456 0.7452596153846153 0.04035511363636364 0.03571153846153845
0 0.019928977272727275 0.7915865384615385 0.02150568181818182 0.034403846153846125
0 0.03231534090909091 0.7635673076923077 0.025426136363636363 0.03575000000000006
0 0.009801136363636364 0.8158461538461539 0.01960227272727273 0.03530769230769233
0 0.03394886363636364 0.8083461538461539 0.045625000000000006 0.05823076923076929
0 0.058394886363636364 0.792471153846154 0.03454545454545455 0.03705769230769238
0 0.06279119318181818 0.7659903846153847 0.032258522727272726 0.025596153846153852
0 0.9766761363636364 0.9184326923076923 0.022329545454545494 0.036750000000000026
0 0.9325710227272727 0.7446826923076924 0.025909090909090923 0.03771153846153849
0 0.050731534090909094 0.7523076923076922 0.023139204545454543 0.030000000000000044
0 0.05578125 0.7214326923076922 0.026732954545454546 0.04059615384615387
0 0.04861505681818182 0.6995865384615384 0.029985795454545452 0.041903846153846194
0 0.03280539772727273 0.6795192307692308 0.032258522727272726 0.029999999999999933
0 0.015049715909090907 0.565451923076923 0.029985795454545452 0.03574999999999995
0 0.007876420454545455 0.5978846153846153 0.015639204545454546 0.03442307692307699
0 0.025958806818181815 0.584201923076923 0.023139204545454543 0.03705769230769238
0 0.012436079545454547 0.6142115384615384 0.020866477272727276 0.028230769230769243
0 0.011136363636363637 0.6393557692307693 0.020852272727272726 0.02736538461538454
0 0.008991477272727273 0.6552403846153847 0.017982954545454545 0.02382692307692316
0 0.9511931818181818 0.7558653846153847 0.021704545454545417 0.04692307692307688
0 0.027428977272727275 0.6212692307692308 0.02346590909090909 0.04057692307692312
0 0.03199573863636363 0.6545865384615385 0.027372159090909086 0.03398076923076926
0 0.053828125 0.6437692307692308 0.04302556818181818 0.051192307692307704
0 0.04649147727272727 0.6060480769230769 0.029005681818181816 0.05955769230769225
0 0.06539772727272727 0.6084711538461538 0.024431818181818186 0.05559615384615389
0 0.021150568181818184 0.5184326923076924 0.04230113636363637 0.06013461538461546
0 0.037634943181818176 0.5467596153846154 0.03637784090909091 0.027903846153846137
0 0.046171875 0.5681153846153847 0.02575284090909091 0.026153846153846198
0 0.0765909090909091 0.5696442307692309 0.037017045454545455 0.036173076923076926
0 0.07691051136363637 0.5413076923076924 0.04538352272727273 0.037923076923076865
0 0.9249573863636364 0.6889903846153845 0.03207386363636369 0.031557692307692356
0 0.057109375 0.5210480769230769 0.03606534090909091 0.05144230769230769
0 0.040696022727272727 0.5147307692307692 0.034772727272727275 0.044884615384615335
0 0.01502840909090909 0.49812499999999993 0.03005681818181818 0.020673076923076867
0 0.016051136363636365 0.4791346153846153 0.03210227272727273 0.02669230769230763
0 0.01583096590909091 0.42740384615384613 0.03166193181818182 0.09238461538461543
0 0.03201704545454545 0.43530769230769234 0.028465909090909094 0.06176923076923072
0 0.13348011363636364 0.3527980769230769 0.03721590909090908 0.03309615384615386
0 0.12618607954545455 0.37354807692307695 0.04160511363636365 0.028173076923076933
0 0.12198153409090909 0.4083846153846154 0.03541193181818183 0.04546153846153849
0 0.0969815340909091 0.4286442307692308 0.035042613636363636 0.06621153846153847
0 0.8962855113636362 0.6747307692307692 0.06089488636363637 0.03815384615384611
0 0.09753551136363635 0.3831826923076923 0.025184659090909098 0.0306346153846154
0 0.07071022727272727 0.4266634615384616 0.02846590909090909 0.07213461538461537
0 0.05757102272727273 0.40739423076923076 0.03576704545454545 0.07509615384615387
0 0.072890625 0.37008653846153844 0.029928977272727274 0.052865384615384634
0 0.027819602272727274 0.37255769230769237 0.03393465909090909 0.09238461538461537
0 0.05738636363636363 0.3510673076923077 0.026647727272727274 0.04348076923076926
0 0.051725852272727274 0.3196923076923077 0.035042613636363636 0.035076923076923096
0 0.08128551136363636 0.3174711538461538 0.027741477272727265 0.06325000000000003
0 0.10045454545454545 0.3609423076923077 0.02809659090909091 0.05138461538461538
0 0.12782670454545456 0.3219230769230769 0.035397727272727275 0.04842307692307694
0 0.887862215909091 0.6604807692307693 0.07774147727272714 0.06226923076923076
0 0.10136363636363636 0.3169807692307692 0.024090909090909093 0.04546153846153849
0 0.10975852272727274 0.28065384615384614 0.04818181818181819 0.055846153846153886
0 0.07070312499999999 0.28016346153846156 0.03867897727272728 0.04794230769230771
0 0.046803977272727275 0.27349038461538455 0.031022727272727268 0.03755769230769231
0 0.03713068181818182 0.30141346153846155 0.032840909090909094 0.03309615384615386
0 0.021988636363636363 0.2680576923076923 0.04269886363636364 0.033615384615384596
0 0.016924715909090907 0.30610576923076926 0.03384943181818181 0.047442307692307666
0 0.010717329545454546 0.33748076923076925 0.02143465909090909 0.035076923076923096
0 0.010127840909090911 0.37033653846153847 0.018977272727272728 0.03755769230769231
0 0.23800426136363637 0.25580769230769235 0.03271306818181818 0.038730769230769235
0 0.8206463068181816 0.7074134615384615 0.046321022727272745 0.07367307692307692
0 0.25429687500000003 0.149 0.0214630681818182 0.03369230769230769
0 0.21008522727272727 0.12052884615384615 0.030909090909090896 0.03951923076923078
0 0.27382102272727277 0.14725000000000002 0.02531249999999999 0.048807692307692316
0 0.28519886363636365 0.1620769230769231 0.027471590909090873 0.03892307692307694
0 0.31180397727272724 0.18445192307692307 0.031761363636363615 0.05113461538461536
0 0.3084588068181818 0.14342307692307693 0.05046875 0.0488076923076923
0 0.3332599431818182 0.06279807692307693 0.06316761363636368 0.03386538461538462
0 0.32159801136363636 0.10125961538461539 0.03646306818181821 0.06717307692307693
0 0.34597301136363634 0.03525 0.04791193181818185 0.03042307692307692
0 0.2838636363636363 0.063375 0.023749999999999997 0.040749999999999995
0 0.9481178977272726 0.6425000000000001 0.04663352272727279 0.02807692307692301
0 0.29531250000000003 0.09408653846153846 0.02034090909090908 0.048211538461538465
0 0.2862002840909091 0.10757692307692307 0.031803977272727296 0.03157692307692309
0 0.2707173295454545 0.08949038461538461 0.025440340909090906 0.0344423076923077
0 0.25566761363636364 0.094375 0.028409090909090908 0.03501923076923077
0 0.2571519886363636 0.119625 0.035610795454545444 0.024673076923076933
0 0.2325639204545455 0.1098653846153846 0.023735795454545464 0.037307692307692306
0 0.2613920454545454 0.06107692307692307 0.023749999999999997 0.03615384615384615
0 0.22005681818181821 0.0900673076923077 0.04196022727272726 0.02524999999999999
0 0.24592329545454544 0.04873076923076923 0.02332386363636366 0.029846153846153852
0 0.22832386363636364 0.05332692307692307 0.03306818181818182 0.04707692307692307
0 0.9332173295454546 0.6229807692307692 0.03240056818181811 0.03815384615384621
0 0.23680397727272728 0.071125 0.02798295454545453 0.027557692307692304
0 0.4446235795454545 0.019201923076923075 0.04546874999999999 0.03840384615384615
0 0.41859375 0.02081730769230769 0.05085227272727266 0.04163461538461538
0 0.3765625 0.012923076923076923 0.04218749999999998 0.025846153846153845
0 0.3497940340909091 0.014336538461538461 0.03410511363636362 0.028673076923076923
0 0.16721590909090908 0.2322403846153846 0.022187500000000006 0.020403846153846154
0 0.1565340909090909 0.2622884615384615 0.05025568181818181 0.048769230769230766
0 0.16973011363636364 0.27760576923076924 0.026392045454545453 0.04309615384615384
0 0.16240056818181817 0.12621153846153846 0.02178977272727273 0.0238076923076923
0 0.16323863636363634 0.14661538461538462 0.022613636363636367 0.030615384615384617
0 0.9490909090909091 0.611153846153846 0.0473011363636363 0.05130769230769232
0 0.16993607954545453 0.16987500000000003 0.02680397727272726 0.027211538461538447
0 0.15486505681818183 0.20445192307692306 0.023451704545454553 0.05555769230769231
0 0.14145596590909093 0.22628846153846152 0.030156250000000006 0.048192307692307666
0 0.14544034090909091 0.16759615384615387 0.024715909090909097 0.020423076923076905
0 0.13140624999999997 0.18348076923076923 0.023465909090909086 0.054423076923076914
0 0.2005184659090909 0.07687499999999999 0.026803977272727278 0.027211538461538457
0 0.1399502840909091 0.14858653846153846 0.027428977272727275 0.02667307692307693
0 0.13348011363636364 0.13297115384615385 0.0384090909090909 0.05067307692307691
0 0.1787997159090909 0.09380769230769231 0.015639204545454533 0.042807692307692304
0 0.16055397727272727 0.0996923076923077 0.023636363636363636 0.04234615384615385
0 0.9009446022727272 0.6205865384615384 0.04473011363636365 0.04228846153846155
0 0.14891335227272728 0.09334615384615384 0.01910511363636364 0.034346153846153846
0 0.20503551136363637 0.049817307692307695 0.029190340909090926 0.03294230769230769
0 0.17966619318181817 0.06581730769230769 0.029190340909090905 0.03294230769230769
0 0.18401278409090913 0.03475961538461538 0.023991477272727293 0.031057692307692304
0 0.16142045454545453 0.06110576923076923 0.02536931818181818 0.03671153846153846
0 0.1434659090909091 0.011596153846153846 0.01909090909090909 0.023192307692307693
0 0.14659801136363637 0.04227884615384615 0.01566761363636364 0.05436538461538461
0 0.1206818181818182 0.03572115384615385 0.019659090909090893 0.035096153846153846
0 0.10558238636363636 0.047490384615384615 0.01852272727272726 0.03317307692307692
0 0.13079545454545458 0.049221153846153845 0.019375 0.05901923076923077
0 0.9620099431818182 0.9092403846153846 0.021008522727272674 0.027865384615384632
0 0.9217755681818183 0.5853461538461538 0.04164772727272734 0.030269230769230788
0 0.09802556818181819 0.07198076923076924 0.02107954545454546 0.024307692307692308
0 0.11512073863636364 0.07100961538461538 0.01879261363636362 0.03701923076923076
0 0.13776988636363635 0.08084615384615386 0.01909090909090909 0.028923076923076923
0 0.12310369318181819 0.09145192307692307 0.014247159090909093 0.030096153846153856
0 0.13264204545454544 0.10398076923076924 0.016249999999999997 0.028923076923076937
0 0.11113636363636364 0.11729807692307694 0.03247159090909091 0.03701923076923078
0 0.10708806818181818 0.09632692307692309 0.017727272727272713 0.028961538461538452
0 0.09118607954545456 0.08947115384615384 0.019133522727272735 0.03275
0 0.055681818181818186 0.03114423076923077 0.018125 0.02721153846153846
0 0.07419034090909091 0.08608653846153846 0.023636363636363636 0.054942307692307686
0 0.86296875 0.6425192307692308 0.060539772727272734 0.08196153846153847
0 0.046619318181818185 0.061548076923076914 0.0330965909090909 0.04001923076923076
0 0.8407883522727272 0.6085865384615385 0.05089488636363642 0.0997115384615384
0 0.8801278409090909 0.5892596153846155 0.030852272727272766 0.04228846153846155
0 0.8729900568181819 0.5681249999999999 0.031235795454545467 0.03132692307692311
0 0.8467684659090909 0.5469711538461538 0.046661931818181686 0.04751923076923073
0 0.8793536931818182 0.5370576923076923 0.020042613636363657 0.0381153846153846
0 0.9042258522727273 0.5689038461538461 0.02044034090909089 0.0673461538461538
0 0.8953622159090909 0.5475 0.025838068181818098 0.045423076923076934
0 0.8878338068181818 0.5065192307692308 0.0277698863636363 0.05638461538461543
0 0.9298224431818182 0.9036153846153846 0.024957386363636435 0.030807692307692272
0 0.8610369318181817 0.5177307692307693 0.04434659090909095 0.060038461538461485
0 0.9208025568181818 0.560548076923077 0.021207386363636452 0.04959615384615389
0 0.9451065340909092 0.6615769230769231 0.05822443181818183 0.03653846153846154
0 0.9811292613636362 0.6062307692307692 0.03774147727272734 0.07100000000000004
0 0.9535866477272728 0.5673365384615384 0.041264204545454646 0.056903846153846104
0 0.9792258522727273 0.5456730769230769 0.0277698863636363 0.05742307692307695
0 0.9603338068181819 0.52975 0.016974431818181722 0.02661538461538457
0 0.9915696022727274 0.5328750000000001 0.01620738636363632 0.09240384615384617
0 0.9294815340909092 0.5409711538461539 0.03240056818181811 0.039673076923076915
0 0.9422088068181819 0.5247884615384615 0.03393465909090907 0.033423076923076916
0 0.9484375 0.8882019230769231 0.026278409090909092 0.04148076923076922
0 0.9570525568181818 0.49815384615384606 0.03586647727272727 0.04176923076923071
0 0.9853977272727273 0.4905865384615385 0.026988636363636364 0.05586538461538458
0 0.9851065340909091 0.4467596153846154 0.029389204545454625 0.05032692307692311
0 0.9575639204545454 0.4700673076923077 0.03671874999999987 0.04474999999999996
0 0.9313991477272726 0.49524038461538467 0.02754261363636362 0.04786538461538464
0 0.9062215909090909 0.49676923076923074 0.03551136363636364 0.06765384615384622
0 0.92046875 0.47086538461538463 0.032784090909090804 0.03488461538461536
0 0.9413565340909091 0.45184615384615384 0.02771306818181817 0.03700000000000002
0 0.9552130681818182 0.4196153846153846 0.024204545454545402 0.0591923076923077
0 0.9828764204545454 0.4217211538461539 0.03424715909090911 0.054980769230769236
