0 0.19684659090909087 0.8361538461538461 0.053437499999999985 0.05319230769230763
0 0.24034801136363634 0.45852884615384615 0.0442471590909091 0.05648076923076924
0 0.32930397727272726 0.6317307692307692 0.04954545454545458 0.06388461538461544
0 0.9027414772727272 0.43856730769230773 0.034545454545454615 0.02428846153846153
0 0.9640127840909091 0.1720576923076923 0.029815340909090923 0.05999999999999998
0 0.029623579545454547 0.8031923076923076 0.03529829545454546 0.027538461538461526
0 0.6649502840909091 0.32275 0.03691761363636365 0.03276923076923075
0 0.6319957386363636 0.32149038461538465 0.03714488636363633 0.031865384615384656
0 0.8342329545454544 0.9842692307692308 0.04139204545454544 0.031461538461538485
0 0.7925568181818182 0.7035 0.020568181818181843 0.040076923076923135
0 0.9804332386363637 0.18142307692307694 0.028139204545454467 0.04884615384615386
0 0.53625 0.714125 0.04718749999999996 0.04055769230769226
0 0.6394034090909091 0.4220673076923077 0.020909090909090947 0.03851923076923077
0 0.4074289772727273 0.07734615384615384 0.040227272727272716 0.07203846153846155
0 0.28162642045454545 0.06218269230769231 0.05836647727272728 0.0760576923076923
0 0.038181818181818185 0.5942692307692308 0.042045454545454546 0.03876923076923082
0 0.4430823863636364 0.9882211538461538 0.03678977272727269 0.023134615384615333
0 0.815909090909091 0.9193076923076923 0.02005681818181819 0.04419230769230762
0 0.9011576704545454 0.8275192307692307 0.03830965909090913 0.03696153846153851
0 0.9706818181818182 0.5570865384615384 0.045454545454545456 0.054096153846153835
0 0.1675568181818182 0.4628076923076923 0.030625000000000003 0.031153846153846133
0 0.7683806818181819 0.6884615384615385 0.03869318181818167 0.04734615384615386
0 0.4684943181818182 0.35824999999999996 0.04886363636363633 0.050615384615384604
0 0.3161008522727273 0.6256442307692308 0.033991477272727284 0.037903846153846114
0 0.4663352272727272 0.22166346153846153 0.05105113636363636 0.026980769230769232
0 0.5342684659090909 0.9423365384615384 0.03171875000000006 0.03701923076923077
0 0.4793821022727273 0.24677884615384613 0.03268465909090908 0.05040384615384617
0 0.5252698863636364 0.43077884615384615 0.03017045454545456 0.02463461538461539
0 0.15463778409090911 0.4457596153846154 0.02612215909090909 0.028826923076923038
0 0.652265625 0.39349038461538466 0.01740056818181818 0.0324423076923077
0 0.037734374999999994 0.833951923076923 0.034957386363636364 0.039057692307692314
0 0.8061363636363637 0.6387499999999999 0.03204545454545447 0.05088461538461535
0 0.22186079545454546 0.024971153846153848 0.04548295454545452 0.042019230769230774
0 0.7749147727272727 0.9909999999999999 0.03502840909090905 0.018000000000000026
0 0.8246022727272727 0.9407788461538461 0.027840909090909124 0.02840384615384612
0 0.8464701704545454 0.7034134615384615 0.015440340909090916 0.022442307692307723
0 0.18577414772727271 0.015192307692307692 0.03933238636363636 0.030384615384615385
0 0.5318465909090909 0.6535 0.0253693181818182 0.02888461538461535
0 0.24741477272727275 0.035750000000000004 0.02465909090909093 0.030807692307692314
0 0.5367826704545454 0.6851923076923078 0.02776988636363638 0.03488461538461536
0 0.5117542613636363 0.39389423076923075 0.028196022727272677 0.06878846153846156
0 0.20159090909090913 0.5182403846153847 0.023607954545454512 0.02901923076923072
0 0.5366335227272727 0.39191346153846157 0.04093749999999999 0.05340384615384618
0 0.9090625 0.46971153846153846 0.048295454545454544 0.06330769230769229
0 0.183671875 0.3742884615384615 0.036491477272727287 0.05265384615384615
0 0.12542613636363636 0.6770673076923078 0.04039772727272727 0.06836538461538463
0 0.8883948863636365 0.47436538461538463 0.04625000000000008 0.03650000000000003
0 0.5574147727272728 0.6844326923076922 0.023778409090909104 0.03375000000000002
0 0.6902272727272727 0.019298076923076925 0.0244034090909091 0.023711538461538458
0 0.013011363636363637 0.6984711538461538 0.02519886363636364 0.05551923076923078
0 0.2565625 0.42563461538461533 0.04710227272727272 0.09684615384615382
0 0.36855113636363634 0.667471153846154 0.018806818181818154 0.0181346153846154
0 0.6075994318181818 0.25538461538461543 0.033267045454545396 0.053615384615384634
0 0.792684659090909 0.7367884615384616 0.023210227272727316 0.031576923076922996
0 0.6616619318181818 0.4230288461538461 0.0351136363636364 0.04159615384615384
0 0.14014204545454545 0.028480769230769233 0.014147727272727263 0.056961538461538466
0 0.21005681818181818 0.006538461538461538 0.0269602272727273 0.013076923076923076
0 0.8803125 0.35565384615384615 0.019943181818181766 0.08734615384615388
0 0.8078196022727273 0.5938942307692308 0.022372159090909092 0.04513461538461544
0 0.4666619318181818 0.9487884615384615 0.020312500000000015 0.03196153846153847
0 0.8669318181818181 0.6212788461538461 0.03667613636363643 0.04117307692307686
0 0.7609019886363636 0.9151826923076922 0.03561079545454553 0.05498076923076918
0 0.34072443181818185 0.9737211538461539 0.06730113636363635 0.05255769230769228
0 0.7516619318181817 0.015884615384615386 0.05997159090909087 0.03153846153846154
0 0.5065696022727273 0.6540673076923077 0.030696022727272745 0.03421153846153839
0 0.6597443181818182 0.015182692307692307 0.014971590909090938 0.02148076923076923
0 0.9896235795454544 0.01460576923076923 0.02075284090909093 0.028557692307692308
0 0.9361931818181819 0.3988557692307692 0.03159090909090911 0.03925000000000005
0 0.6463494318181818 0.27021153846153845 0.018636363636363562 0.03880769230769232
0 0.21750710227272727 0.061826923076923085 0.037286931818181816 0.0425
0 0.21255681818181815 0.7267692307692308 0.04139204545454547 0.10076923076923072
0 0.3789701704545454 0.63925 0.040923295454545455 0.03996153846153852
0 0.21987926136363634 0.3990192307692308 0.027968749999999997 0.0351153846153846
0 0.47220170454545457 0.6199134615384616 0.032727272727272674 0.045980769230769276
0 0.924921875 0.5652403846153846 0.02941761363636369 0.030711538461538512
0 0.42913352272727273 0.047288461538461536 0.04576704545454549 0.05680769230769231
0 0.750575284090909 0.9294807692307692 0.051406249999999994 0.034384615384615375
0 0.46811789772727264 0.537076923076923 0.04038352272727274 0.06476923076923079
0 0.7655894886363636 0.9813653846153847 0.041775568181818136 0.030846153846153884
0 0.8849360795454545 0.6576826923076923 0.024701704545454686 0.03332692307692316
0 0.9071519886363636 0.5893653846153847 0.016406249999999935 0.061038461538461444
0 0.8029403409090908 0.7780288461538463 0.026363636363636287 0.03640384615384617
0 0.4449076704545455 0.09624038461538462 0.03723011363636361 0.04628846153846154
0 0.869609375 0.7990480769230769 0.06637784090909093 0.0585961538461539
0 0.928125 0.4336730769230769 0.021960227272727326 0.043769230769230755
0 0.151328125 0.5091153846153846 0.017144886363636355 0.04396153846153849
0 0.4483096590909091 0.5463173076923078 0.03076704545454549 0.06086538461538468
0 0.413046875 0.13965384615384616 0.04399147727272723 0.06257692307692307
0 0.8879616477272727 0.4522596153846154 0.01941761363636374 0.021826923076923067
0 0.8532741477272728 0.76075 0.01637784090909087 0.054769230769230695
0 0.8544673295454547 0.9186442307692307 0.02248579545454551 0.03078846153846152
0 0.43527698863636366 0.36080769230769233 0.03248579545454546 0.04042307692307689
0 0.4532173295454545 0.25134615384615383 0.03561079545454553 0.04203846153846154
0 0.2427059659090909 0.1636153846153846 0.0452130681818182 0.05703846153846153
0 0.15911221590909091 0.5547115384615385 0.033565340909090906 0.03469230769230773
0 0.8679545454545454 0.6551923076923076 0.03860795454545447 0.04469230769230771
0 0.7737428977272726 0.9494230769230769 0.03492897727272732 0.023576923076923058
0 0.11906960227272728 0.6981057692307692 0.040440340909090905 0.048942307692307674
0 0.2275284090909091 0.18383653846153847 0.03409090909090909 0.046480769230769235
0 0.13188210227272726 0.040817307692307694 0.014758522727272728 0.03336538461538461
0 0.5425994318181818 0.45552884615384615 0.020482954545454568 0.03863461538461534
0 0.8206676136363636 0.658028846153846 0.02923295454545444 0.03228846153846158
0 0.35242187500000005 0.6600384615384616 0.02311079545454547 0.032000000000000084
0 0.21916903409090913 0.5406153846153846 0.031008522727272746 0.027615384615384642
0 0.6682315340909091 0.9845384615384616 0.03589488636363634 0.030923076923076893
0 0.928877840909091 0.6012115384615384 0.02693181818181807 0.0351153846153846
0 0.9257670454545455 0.7063942307692308 0.045738636363636426 0.04667307692307689
0 0.68625 0.35041346153846153 0.035823863636363674 0.05086538461538459
0 0.19706676136363638 0.45902884615384615 0.04291193181818183 0.02494230769230769
0 0.6449857954545455 0.37207692307692314 0.027528409090909086 0.034076923076923074
0 0.2584872159090909 0.8136153846153846 0.03799715909090909 0.06080769230769232
0 0.16544744318181817 0.10106730769230769 0.030951704545454553 0.030173076923076917
0 0.472578125 0.5926730769230769 0.06856534090909089 0.060538461538461576
0 0.43698153409090906 0.5743653846153846 0.027315340909090935 0.044307692307692347
0 0.6159588068181818 0.304875 0.04708806818181815 0.04959615384615389
0 0.6868963068181819 0.254625 0.04302556818181821 0.06694230769230769
0 0.9705397727272728 0.5896250000000001 0.058920454545454574 0.04736538461538461
0 0.1756818181818182 0.08427884615384616 0.03409090909090909 0.036480769230769226
0 0.696640625 0.05121153846153846 0.025525568181818222 0.04057692307692308
0 0.48480823863636363 0.4042211538461538 0.04208806818181818 0.06563461538461537
0 0.011605113636363636 0.7959423076923077 0.022897727272727274 0.05319230769230774
0 0.2606960227272727 0.7553846153846154 0.04815340909090906 0.056499999999999995
0 0.12693181818181817 0.48338461538461536 0.02139204545454546 0.021307692307692278
0 0.8395880681818181 0.5775673076923078 0.03349431818181824 0.048980769230769175
0 0.20387784090909092 0.44061538461538463 0.04488636363636365 0.021153846153846155
0 0.5966335227272727 0.28208653846153847 0.05312500000000005 0.038596153846153836
0 0.1575994318181818 0.06228846153846154 0.03335227272727273 0.028499999999999994
0 0.18657670454545458 0.75325 0.03909090909090911 0.05873076923076916
0 0.561015625 0.3317307692307692 0.03620738636363638 0.04315384615384615
0 0.8728764204545455 0.5934615384615385 0.03211647727272713 0.05673076923076923
0 0.033835227272727274 0.5386442307692308 0.05090909090909091 0.061557692307692397
0 0.7352130681818181 0.9638269230769232 0.04741477272727272 0.05826923076923079
0 0.7975568181818182 0.9245576923076922 0.02235795454545456 0.04526923076923081
0 0.8061931818181818 0.9909230769230769 0.034204545454545515 0.01815384615384615
0 0.8711647727272727 0.4476923076923077 0.023551136363636423 0.04192307692307689
0 0.17960227272727272 0.5073365384615385 0.02139204545454546 0.03882692307692313
0 0.6041051136363635 0.4010288461538462 0.035085227272727254 0.04994230769230769
0 0.38785511363636355 0.7064134615384616 0.037017045454545455 0.04071153846153849
0 0.7827982954545455 0.7322596153846154 0.014573863636363623 0.01913461538461536
0 0.6070951704545454 0.35289423076923077 0.05464488636363632 0.028596153846153854
0 0.4251775568181818 0.5487115384615385 0.03109374999999998 0.027769230769230765
0 0.14076704545454544 0.4231057692307692 0.028863636363636373 0.04363461538461544
0 0.45188920454545456 0.411 0.03937500000000004 0.033307692307692295
0 0.624815340909091 0.406125 0.022130681818181876 0.055134615384615414
0 0.7966264204545456 0.961923076923077 0.04268465909090919 0.03403846153846152
0 0.37750710227272727 0.6562596153846154 0.016832386363636397 0.019288461538461487
0 0.8427627840909092 0.6278557692307692 0.041491477272727166 0.04913461538461541
0 0.8304048295454546 0.9616634615384615 0.034019886363636426 0.03313461538461542
0 0.4235653409090909 0.6086057692307693 0.03579545454545461 0.03825000000000008
0 0.8330894886363637 0.7336923076923076 0.03134943181818173 0.02334615384615382
0 0.6204900568181818 0.3636634615384616 0.018963068181818213 0.01375000000000001
0 0.9485795454545454 0.6219711538461539 0.02548295454545446 0.02594230769230771
0 0.5285014204545454 0.40794230769230766 0.033735795454545456 0.03653846153846154
0 0.9272727272727272 0.5552596153846154 0.05201704545454546 0.04740384615384611
0 0.029580965909090907 0.5537980769230769 0.05876420454545454 0.05555769230769239
0 0.5855184659090908 0.3051826923076923 0.04794034090909091 0.021634615384615384
0 0.8628480113636363 0.7557980769230769 0.016775568181818266 0.04463461538461534
0 0.2391690340909091 0.21117307692307694 0.014332386363636328 0.022538461538461535
0 0.1913565340909091 0.5323557692307693 0.01813920454545452 0.03644230769230767
0 0.01450994318181818 0.5279230769230769 0.028934659090909087 0.058076923076923054
0 0.9856036931818182 0.06450961538461539 0.02879261363636361 0.054711538461538464
0 0.8305610795454544 0.7767115384615384 0.02044034090909089 0.019846153846153833
0 0.9021093750000001 0.366298076923077 0.03276988636363643 0.058480769230769225
0 0.4729332386363636 0.07857692307692307 0.05041193181818183 0.048269230769230766
0 0.8163352272727273 0.7930192307692308 0.03352272727272731 0.06407692307692306
0 0.6390767045454545 0.29977884615384615 0.027329545454545388 0.03717307692307695
0 0.873828125 0.6999711538461538 0.03720170454545446 0.0348269230769231
0 0.49063210227272724 0.46407692307692305 0.0478835227272727 0.05761538461538463
0 0.23661931818181817 0.5031442307692308 0.03312500000000003 0.040365384615384636
0 0.955859375 0.6848942307692307 0.021264204545454423 0.06167307692307691
0 0.5329545454545455 0.962326923076923 0.023778409090909104 0.03126923076923086
0 0.680674715909091 0.010153846153846154 0.018394886363636346 0.020307692307692308
0 0.12696732954545453 0.42751923076923076 0.03580965909090908 0.04115384615384611
0 0.09868607954545454 0.035769230769230775 0.03830965909090908 0.05361538461538461
0 0.15487926136363636 0.6653076923076924 0.04183238636363637 0.06884615384615386
0 0.04301846590909091 0.9775865384615385 0.04399147727272728 0.044788461538461576
0 0.3981107954545454 0.36417307692307693 0.02477272727272727 0.03753846153846151
0 0.9890411931818183 0.09338461538461539 0.021917613636363565 0.060269230769230776
0 0.5181960227272727 0.9863557692307692 0.043806818181818225 0.027288461538461536
0 0.7725426136363637 0.6590576923076923 0.035710227272727414 0.0363076923076923
0 0.9877627840909091 0.8578173076923077 0.024474431818181843 0.05178846153846144
0 0.7071875 0.34989423076923076 0.03772727272727273 0.10598076923076925
0 0.23229403409090912 0.21901923076923077 0.029247159090909094 0.02450000000000002
0 0.8529545454545455 0.6912211538461538 0.01974431818181815 0.022480769230769228
0 0.9078693181818182 0.7180865384615384 0.043948863636363716 0.037288461538461624
0 0.4764204545454545 0.9556538461538461 0.030795454545454556 0.06288461538461536
0 0.21046164772727274 0.19360576923076925 0.026519886363636346 0.05578846153846155
0 0.6622230113636364 0.03767307692307692 0.037201704545454545 0.0338076923076923
0 0.5074360795454546 0.931 0.02461647727272725 0.03453846153846161
0 0.16201704545454546 0.7011153846153847 0.03792613636363637 0.08526923076923072
0 0.4391477272727272 0.6097307692307691 0.01840909090909088 0.05011538461538462
0 0.006754261363636363 0.13316346153846154 0.012599431818181817 0.11678846153846154
0 0.4129403409090909 0.5788557692307692 0.03977272727272727 0.041442307692307605
0 0.9369176136363635 0.6505480769230768 0.03184659090909085 0.03805769230769235
0 0.23272727272727273 0.40007692307692305 0.028068181818181805 0.06019230769230771
0 0.9915553977272729 0.03257692307692308 0.016661931818181683 0.036153846153846154
0 0.6322585227272728 0.34679807692307696 0.01900568181818181 0.03425
0 0.1569247159090909 0.7345769230769231 0.03546875 0.04673076923076925
0 0.19792613636363637 0.250375 0.05042613636363636 0.058519230769230754
0 0.5216264204545454 0.4885576923076923 0.06626420454545459 0.0627692307692308
0 0.1633380681818182 0.35908653846153843 0.0431534090909091 0.04917307692307691
0 0.5138707386363636 0.8993173076923077 0.030326704545454577 0.03690384615384615
0 0.9728835227272729 0.6856730769230769 0.02616477272727267 0.06696153846153845
0 0.3125213068181818 0.6464134615384616 0.030582386363636364 0.05051923076923073
0 0.9259872159090908 0.6885576923076924 0.030696022727272745 0.03434615384615387
0 0.27288352272727273 0.5737115384615384 0.05372159090909094 0.03576923076923081
0 0.099453125 0.09446153846153847 0.041235795454545456 0.055
0 0.6647088068181819 0.019115384615384617 0.014332386363636328 0.020153846153846154
0 0.4911931818181818 0.6360865384615384 0.03627840909090912 0.047096153846153864
0 0.5814488636363637 0.6727403846153845 0.04400568181818176 0.07067307692307692
0 0.3413991477272727 0.9953653846153845 0.014474431818181815 0.009269230769230865
0 0.16889204545454548 0.038490384615384614 0.025397727272727287 0.04040384615384615
0 0.8780823863636363 0.7267307692307692 0.032272727272727314 0.03365384615384615
0 0.46753551136363636 0.99325 0.023309659090909127 0.013346153846153952
0 0.9853906249999999 0.670298076923077 0.02921875000000007 0.056942307692307716
0 0.639453125 0.9722211538461538 0.03740056818181816 0.05555769230769228
0 0.011484375000000002 0.6350288461538462 0.022428977272727274 0.051250000000000066
0 0.4249786931818182 0.5148846153846154 0.057457386363636426 0.04038461538461539
0 0.23836647727272728 0.2896730769230769 0.027755681818181846 0.04873076923076924
0 0.8097869318181817 0.7442788461538461 0.015539772727272643 0.016711538461538458
0 0.18434659090909092 0.3978269230769231 0.023096590909090896 0.03034615384615385
0 0.24646306818181818 0.010163461538461538 0.04630681818181817 0.020326923076923076
0 0.1537002840909091 0.38848076923076924 0.02927556818181818 0.030615384615384593
0 0.010348011363636363 0.5939807692307693 0.020667613636363637 0.05307692307692312
0 0.6421875 0.2350576923076923 0.014346590909090861 0.05299999999999998
0 0.7235937499999999 0.011557692307692309 0.02593749999999999 0.022653846153846156
0 0.3602485795454546 0.7004711538461539 0.019701704545454553 0.023596153846153812
0 0.6085227272727273 0.34075 0.03642045454545461 0.025307692307692302
0 0.1654403409090909 0.48266346153846157 0.026022727272727263 0.023134615384615385
0 0.18214488636363638 0.712875 0.025767045454545476 0.04055769230769237
0 0.6326349431818182 0.9908173076923077 0.01674715909090904 0.018365384615384638
0 0.948643465909091 0.6427788461538462 0.025781249999999967 0.02724999999999992
0 0.6687357954545454 0.37893269230769233 0.023352272727272725 0.023250000000000007
0 0.9813707386363636 0.7898461538461539 0.03725852272727275 0.037307692307692375
0 0.23343749999999996 0.4698846153846154 0.04488636363636363 0.0416923076923077
0 0.9825071022727272 0.7590576923076924 0.03498579545454545 0.0482307692307692
0 0.15749289772727273 0.030096153846153842 0.029190340909090926 0.04015384615384615
0 0.2755042613636363 0.18320192307692307 0.03473011363636366 0.04198076923076925
0 0.5432954545454546 0.6581250000000001 0.02005681818181819 0.04101923076923074
0 0.4597514204545455 0.9654615384615384 0.02612215909090907 0.03307692307692305
0 0.226171875 0.3007115384615385 0.03257102272727274 0.05930769230769231
0 0.7949076704545455 0.6743461538461538 0.025752840909090902 0.04296153846153841
0 0.9264985795454546 0.4683269230769231 0.03561079545454537 0.048884615384615415
0 0.20392045454545454 0.46988461538461535 0.02252840909090911 0.02999999999999999
0 0.12511363636363637 0.08490384615384616 0.0271875 0.030538461538461542
0 0.9780823863636363 0.993173076923077 0.011590909090909046 0.013038461538461705
0 0.4939772727272727 0.6518557692307693 0.04332386363636364 0.07148076923076926
0 0.4798011363636363 0.9807596153846154 0.030653409090909068 0.038288461538461584
0 0.3546875 0.6330865384615384 0.014829545454545451 0.036057692307692304
0 0.13726562499999997 0.4742692307692308 0.0164346590909091 0.03596153846153844
0 0.7288139204545455 0.03700961538461538 0.05169034090909089 0.04451923076923077
0 0.2202556818181818 0.4228461538461538 0.029346590909090906 0.029576923076923067
0 0.5348011363636364 0.6181057692307692 0.050340909090909165 0.0514807692307693
0 0.2068252840909091 0.4313461538461539 0.012855113636363612 0.013230769230769221
0 0.9717471590909089 0.6219134615384615 0.02113636363636363 0.026826923076923054
0 0.032109375 0.7495096153846154 0.06137784090909091 0.05840384615384616
0 0.020276988636363638 0.68125 0.040553977272727276 0.06030769230769233
0 0.9943678977272729 0.6216634615384615 0.011264204545454475 0.04798076923076921
0 0.7709517045454546 0.7193269230769231 0.029375000000000092 0.0464615384615384
0 0.9172372159090909 0.5771346153846154 0.02740056818181813 0.04503846153846157
0 0.05700994318181818 0.8209326923076923 0.03475852272727273 0.039057692307692314
0 0.8555610795454546 0.8898653846153847 0.06322443181818196 0.04676923076923076
0 0.6467187499999999 0.3495384615384615 0.02477272727272727 0.03615384615384612
0 0.8390198863636363 0.7606442307692308 0.022329545454545494 0.04159615384615384
0 0.8507173295454545 0.7217596153846154 0.03654829545454548 0.03928846153846144
0 0.17149857954545455 0.411625 0.025156250000000012 0.02832692307692306
0 0.4027130681818182 0.56925 0.024573863636363654 0.03661538461538454
0 0.3723579545454545 0.9878076923076923 0.0371306818181818 0.024384615384615397
0 0.8797017045454545 0.6806346153846154 0.023153409090909186 0.03488461538461536
0 0.010674715909090908 0.8291634615384614 0.021349431818181816 0.04167307692307695
0 0.19301846590909089 0.20743269230769232 0.03669034090909093 0.05109615384615386
0 0.12492897727272728 0.01971153846153846 0.018863636363636364 0.03942307692307692
0 0.01583096590909091 0.9299423076923077 0.03146306818181818 0.061000000000000054
0 0.9137855113636365 0.7932307692307693 0.04436079545454532 0.05607692307692313
0 0.8165482954545453 0.5686826923076923 0.0331818181818182 0.04109615384615385
0 0.5660227272727273 0.6348269230769231 0.04377840909090908 0.06961538461538459
0 0.650546875 0.021442307692307698 0.017315340909090905 0.02611538461538462
0 0.150078125 0.08375961538461539 0.022656249999999985 0.027942307692307693
0 0.4905823863636364 0.5886538461538462 0.04721590909090911 0.046153846153846156
0 0.040426136363636365 0.7777884615384616 0.036789772727272727 0.029653846153846183
0 0.2869815340909091 0.17196153846153847 0.023338068181818192 0.0351153846153846
0 0.9654758522727271 0.6327692307692309 0.01967329545454549 0.028615384615384605
0 0.8697656250000001 0.7756057692307693 0.029730113636363565 0.026326923076923074
0 0.8940696022727272 0.6792211538461538 0.020724431818181864 0.04851923076923081
0 0.4547798295454545 0.39028846153846153 0.02225852272727275 0.03034615384615385
0 0.03953835227272728 0.6646538461538462 0.036718749999999994 0.059461538461538385
0 0.4427130681818181 0.13795192307692308 0.04710227272727276 0.06551923076923076
0 0.6315625 0.3872596153846154 0.032499999999999994 0.04559615384615381
0 0.8039417613636363 0.9742019230769231 0.028167613636363695 0.026596153846153815
0 0.401015625 0.654125 0.03137784090909095 0.038288461538461584
0 0.8622088068181818 0.6742403846153846 0.018764204545454598 0.017750000000000037
0 0.18257102272727274 0.23726923076923076 0.03551136363636364 0.05099999999999996
0 0.9426278409090909 0.5859134615384615 0.025482954545454625 0.030365384615384655
0 0.94375 0.43151923076923077 0.02446022727272731 0.05596153846153845
0 0.2044034090909091 0.37497115384615387 0.03113636363636366 0.03459615384615381
0 0.9400639204545456 0.6896538461538462 0.028224431818181826 0.03019230769230778
0 0.6822017045454545 0.4080673076923077 0.022443181818181834 0.03867307692307695
0 0.5690767045454546 0.3640576923076923 0.036107954545454485 0.051153846153846196
0 0.6312784090909092 0.24605769230769228 0.023607954545454553 0.09576923076923076
0 0.1792400568181818 0.4310288461538461 0.02836647727272725 0.034480769230769245
0 0.782528409090909 0.7442788461538461 0.03235795454545451 0.044826923076923084
0 0.24789772727272724 0.06489423076923076 0.03823863636363634 0.05963461538461539
0 0.2173721590909091 0.845798076923077 0.059232954545454526 0.04563461538461542
0 0.28946732954545457 0.019192307692307693 0.04296875 0.03769230769230769
0 0.8378764204545455 0.82575 0.03240056818181811 0.04138461538461535
0 0.007606534090909092 0.7562980769230769 0.015213068181818184 0.055826923076923135
0 0.8732528409090908 0.9315192307692307 0.042471590909090876 0.044884615384615335
0 0.8938068181818182 0.5770769230769232 0.02499999999999987 0.06596153846153849
0 0.4841477272727273 0.910048076923077 0.03786931818181822 0.05775000000000006
0 0.46610085227272724 0.9134807692307693 0.02529829545454546 0.05088461538461545
0 0.6723934659090909 0.005903846153846154 0.009559659090909117 0.011807692307692307
0 0.21107244318181817 0.5048557692307691 0.0230539772727273 0.026019230769230826
0 0.5600142045454546 0.36088461538461536 0.020369318181818228 0.03873076923076921
0 0.7850923295454546 0.8953269230769231 0.039446022727272705 0.05384615384615385
0 0.35484375 0.6745961538461538 0.024005681818181787 0.021269230769230773
0 0.5989630681818181 0.9940480769230768 0.018011363636363645 0.011288461538461548
0 0.2044247159090909 0.5516057692307693 0.022542613636363642 0.03686538461538465
0 0.23889914772727272 0.8055288461538461 0.03552556818181817 0.07463461538461529
0 0.901747159090909 0.41125 0.0327556818181819 0.04976923076923076
0 0.11723011363636364 0.06331730769230769 0.023096590909090896 0.02290384615384616
0 0.13622869318181818 0.10075 0.03700284090909092 0.04388461538461538
0 0.3463636363636364 0.6877692307692307 0.019999999999999976 0.01803846153846153
0 0.8378053977272728 0.9186826923076924 0.02921875000000007 0.06375000000000007
0 0.18725852272727275 0.06415384615384616 0.02681818181818183 0.029692307692307688
0 0.13094460227272728 0.05379807692307693 0.02995738636363637 0.04221153846153847
0 0.19623579545454548 0.4944326923076923 0.018806818181818195 0.024788461538461568
0 0.69953125 0.2990480769230769 0.05355113636363635 0.04986538461538463
0 0.009488636363636364 0.9146442307692307 0.018977272727272728 0.039711538461538416
0 0.9317400568181818 0.6648173076923076 0.027002840909090896 0.02667307692307693
0 0.536924715909091 0.3511057692307692 0.03177556818181819 0.05382692307692304
0 0.15317471590909093 0.02032692307692308 0.02649147727272726 0.04015384615384616
0 0.36687500000000006 0.686125 0.022926136363636385 0.020134615384615327
0 0.7102414772727272 0.023653846153846154 0.023039772727272766 0.03046153846153846
0 0.7571732954545454 0.9634711538461538 0.06982954545454541 0.03755769230769226
0 0.32760653409090906 0.6687211538461538 0.04257102272727273 0.04205769230769232
0 0.613934659090909 0.9864615384615385 0.02221590909090907 0.027076923076923047
0 0.6479900568181818 0.004750000000000001 0.04032670454545453 0.009500000000000001
0 0.521796875 0.9522307692307692 0.03205965909090908 0.05796153846153854
0 0.3195099431818182 0.9740384615384615 0.049957386363636384 0.05161538461538457
0 0.21267045454545455 0.26234615384615384 0.04446022727272729 0.03076923076923077
0 0.8306676136363635 0.6411442307692308 0.03372159090909092 0.0306730769230769
0 0.701171875 0.009721153846153848 0.02714488636363638 0.01928846153846154
0 0.8032173295454546 0.6643076923076924 0.02061079545454544 0.029923076923076927
0 0.5583025568181819 0.4255673076923077 0.045980113636363645 0.03540384615384615
0 0.1492755681818182 0.47741346153846154 0.015767045454545447 0.03755769230769226
0 0.8137428977272727 0.720701923076923 0.02765625000000004 0.03344230769230767
0 0.4911434659090909 0.6909326923076923 0.02819602272727276 0.045557692307692306
0 0.3942542613636364 0.677326923076923 0.040894886363636314 0.024730769230769258
0 0.2643607954545455 0.02623076923076923 0.028948863636363672 0.02426923076923077
0 0.664637784090909 0.3525961538461539 0.027372159090909145 0.03323076923076923
0 0.1255397727272727 0.46660576923076924 0.034602272727272725 0.05440384615384608
0 0.9083096590909091 0.6744807692307693 0.022755681818181793 0.0404615384615385
0 0.9802485795454546 0.6239711538461539 0.039502840909090835 0.06409615384615382
0 0.13980113636363634 0.7432019230769231 0.05244318181818182 0.05075000000000008
0 0.8192684659090909 0.6046153846153846 0.011349431818181831 0.03265384615384608
0 0.3278267045454546 0.6856153846153846 0.020369318181818186 0.02192307692307699
0 0.1464630681818182 0.41125000000000006 0.05204545454545455 0.04996153846153844
0 0.43990767045454543 0.9618653846153845 0.02964488636363637 0.03549999999999996
0 0.8031392045454545 0.7642307692307692 0.05221590909090908 0.049346153846153894
0 0.5157102272727273 0.6674423076923077 0.027755681818181766 0.028692307692307614
0 0.05876420454545454 0.7929711538461539 0.031249999999999997 0.0330576923076923
0 0.19954545454545453 0.4106153846153846 0.026988636363636364 0.039999999999999966
0 0.22562499999999996 0.5220673076923077 0.03786931818181818 0.024596153846153886
0 0.8302556818181818 0.6846923076923076 0.01616477272727288 0.025038461538461614
0 0.27080255681818177 0.5599615384615384 0.061775568181818154 0.05442307692307694
0 0.47137784090909096 0.42765384615384616 0.032017045454545486 0.05084615384615384
0 0.9687073863636364 0.011644230769230768 0.03034090909090911 0.023288461538461536
0 0.4079048295454545 0.5269326923076924 0.037315340909090965 0.04455769230769223
0 0.164375 0.7972788461538461 0.06389204545454547 0.08340384615384616
0 0.022620738636363633 0.8484711538461538 0.04140625 0.03536538461538459
0 0.170859375 0.4913461538461538 0.014474431818181815 0.01819230769230771
0 0.18691761363636364 0.8094134615384615 0.050710227272727275 0.06021153846153847
0 0.2300426136363636 0.7410865384615385 0.044005681818181805 0.07301923076923082
0 0.8903764204545456 0.629048076923077 0.018536931818181914 0.02509615384615387
0 0.663671875 0.39063461538461536 0.018025568181818177 0.03461538461538462
0 0.26050426136363636 0.24270192307692307 0.05098011363636366 0.07132692307692308
0 0.5797159090909091 0.704298076923077 0.039517045454545444 0.03867307692307695
0 0.9833167613636363 0.8142788461538462 0.033025568181818184 0.04501923076923071
0 0.8828693181818181 0.7496538461538461 0.026250000000000027 0.03700000000000002
0 0.8684943181818183 0.8372692307692308 0.047073863636363615 0.03942307692307692
0 0.10801846590909091 0.01571153846153846 0.031235795454545467 0.03142307692307692
0 0.9168323863636364 0.3882692307692307 0.03201704545454556 0.035153846153846154
0 0.13073863636363636 0.5449903846153846 0.04085227272727274 0.06248076923076925
0 0.31866477272727267 0.012980769230769231 0.04460227272727273 0.025961538461538463
0 0.1983309659090909 0.2844903846153846 0.03617897727272729 0.036750000000000026
0 0.7425497159090909 0.991701923076923 0.028877840909090804 0.016596153846153837
0 0.9912215909090908 0.9714615384615384 0.0175568181818182 0.05707692307692309
0 0.27202414772727274 0.14648076923076922 0.03774147727272726 0.032846153846153844
0 0.8636292613636364 0.3668461538461538 0.028963068181818322 0.04311538461538459
0 0.7298579545454544 0.983201923076923 0.04542613636363631 0.0335961538461539
0 0.20971590909090906 0.4906153846153846 0.03181818181818183 0.027384615384615403
0 0.834169034090909 0.7915192307692308 0.03549715909090911 0.03838461538461534
0 0.8467826704545455 0.3927211538461538 0.037116477272727266 0.042249999999999996
0 0.6563565340909091 0.23757692307692307 0.02691761363636362 0.07534615384615383
0 0.575497159090909 0.41457692307692307 0.03534090909090908 0.032538461538461516
0 0.3433096590909091 0.7123942307692308 0.026022727272727263 0.03924999999999994
0 0.6956321022727273 0.3945192307692308 0.038934659090909124 0.06284615384615386
0 0.9053693181818182 0.7414134615384615 0.04184659090909096 0.05913461538461538
0 0.19419034090909087 0.04682692307692308 0.032812499999999994 0.04442307692307692
0 0.3954616477272727 0.5531346153846154 0.027940340909090932 0.06503846153846153
0 0.7740056818181817 0.9100000000000001 0.03622159090909091 0.0666923076923077
0 0.2683451704545455 0.19592307692307692 0.03822443181818181 0.0335
0 0.3720383522727273 0.7189326923076924 0.045497159090909095 0.03701923076923077
0 0.5767400568181817 0.323375 0.04748579545454546 0.03444230769230774
0 0.8768821022727273 0.4219326923076923 0.028593749999999994 0.03759615384615387
0 0.4527130681818182 0.6131346153846154 0.017102272727272758 0.05615384615384613
0 0.5088849431818182 0.44696153846153847 0.02595170454545452 0.039884615384615345
0 0.4953622159090909 0.9799903846153847 0.023366477272727258 0.04001923076923077
0 0.9627201704545455 0.03616346153846154 0.041605113636363586 0.07151923076923077
0 0.04932528409090909 0.6129615384615384 0.05458806818181818 0.05211538461538466
0 0.9906321022727272 0.8896346153846154 0.018735795454545533 0.03815384615384611
0 0.1308096590909091 0.5159903846153846 0.028607954545454548 0.04736538461538461
0 0.025838068181818177 0.6355865384615385 0.02454545454545454 0.034865384615384604
0 0.8502698863636364 0.4301442307692308 0.03872159090909089 0.06378846153846152
0 0.9098082386363636 0.41225961538461536 0.024048295454545544 0.03471153846153848
0 0.9044460227272727 0.7668461538461538 0.03815340909090911 0.03592307692307694
0 0.088125 0.05011538461538462 0.035227272727272725 0.04865384615384616
0 0.1834659090909091 0.5438076923076922 0.020482954545454547 0.036115384615384674
0 0.8942613636363635 0.6196923076923078 0.016676136363636216 0.022461538461538474
0 0.3310085227272727 0.703125 0.02156250000000001 0.031096153846153766
0 0.7860653409090909 0.62825 0.04392045454545465 0.040076923076923135
0 0.5578693181818182 0.4495673076923077 0.02980113636363639 0.039057692307692314
0 0.01728693181818182 0.49562500000000004 0.033920454545454545 0.0330192307692308
0 0.6714417613636364 0.04805769230769231 0.029928977272727263 0.037153846153846155
0 0.8277130681818182 0.7059326923076924 0.022017045454545456 0.031211538461538388
0 0.44397727272727266 0.9261153846153847 0.028323863636363633 0.048499999999999946
0 0.8749147727272728 0.3964326923076923 0.026789772727272745 0.028173076923076933
0 0.43365056818181813 0.39426923076923076 0.033863636363636325 0.04384615384615381
0 0.2579758522727273 0.20584615384615382 0.03549715909090911 0.028807692307692315
0 0.5906463068181819 0.3719615384615385 0.05578124999999998 0.027115384615384604
0 0.5302130681818181 0.907028846153846 0.029886363636363666 0.040634615384615484
0 0.1827272727272727 0.6835192307692307 0.025056818181818204 0.062115384615384635
0 0.4723579545454546 0.03241346153846154 0.05062499999999998 0.054365384615384614
0 0.22739346590909087 0.8136826923076923 0.041321022727272734 0.07440384615384615
0 0.5674715909090909 0.717625 0.024431818181818245 0.03336538461538455
0 0.16804687499999998 0.5282115384615385 0.03362215909090907 0.07238461538461541
0 0.8166832386363635 0.6711923076923076 0.0245596590909092 0.03130769230769236
0 0.5080326704545454 0.7015576923076923 0.03643465909090914 0.04969230769230775
0 0.24219460227272727 0.2356923076923077 0.06134943181818182 0.03976923076923078
0 0.18631392045454548 0.4829326923076923 0.019474431818181828 0.02540384615384617
0 0.11917613636363637 0.5073846153846154 0.03301136363636363 0.03715384615384614
0 0.49950284090909086 0.9492307692307693 0.024005681818181867 0.03184615384615385
0 0.4977840909090909 0.8925480769230769 0.034375000000000065 0.04482692307692297
0 0.8377840909090909 0.6011826923076923 0.03383522727272734 0.04044230769230764
0 0.8101349431818182 0.6934807692307693 0.023792613636363636 0.03896153846153844
0 0.6651207386363637 0.29419230769230775 0.028451704545454506 0.04176923076923077
0 0.5694602272727273 0.3957403846153847 0.05130681818181819 0.03744230769230769
0 0.8729261363636364 0.6897980769230769 0.012698863636363552 0.013249999999999974
0 0.4761008522727273 0.12704807692307693 0.04279829545454545 0.08151923076923079
0 0.8438139204545454 0.6751442307692308 0.02061079545454544 0.04090384615384612
0 0.915518465909091 0.6294423076923077 0.04240056818181821 0.05265384615384615
0 0.5257599431818182 0.45500961538461543 0.018593750000000044 0.030326923076923095
0 0.03595170454545455 0.9515576923076923 0.031051136363636364 0.05519230769230778
0 0.013622159090909088 0.9732211538461539 0.026960227272727268 0.052403846153846266
0 0.26256392045454546 0.7844903846153847 0.03845170454545454 0.048865384615384554
