0 0.004424715909090909 0.07616346153846154 0.008849431818181819 0.03367307692307692
0 0.8159801136363637 0.9115000000000001 0.027642045454545346 0.03892307692307694
0 0.19395596590909092 0.596125 0.03188920454545457 0.03751923076923075
0 0.02830965909090909 0.7789519230769231 0.027897727272727272 0.06794230769230777
0 0.0931747159090909 0.2577019230769231 0.02745738636363637 0.039557692307692294
0 0.002244318181818182 0.4277307692307692 0.004488636363636364 0.03353846153846153
0 0.46877840909090907 0.9585961538461539 0.028352272727272698 0.04069230769230774
0 0.7017684659090909 0.8527115384615384 0.03478693181818183 0.04434615384615385
0 0.22207386363636364 0.3455576923076923 0.03676136363636363 0.038615384615384586
0 0.3947372159090909 0.22617307692307692 0.025980113636363666 0.037538461538461555
0 0.1884161931818182 0.9701538461538461 0.03328125000000001 0.04473076923076921
0 0.34159090909090906 0.29027884615384614 0.024857954545454544 0.036173076923076926
0 0.6369673295454545 0.5067115384615385 0.025184659090909115 0.03826923076923078
0 0.4352201704545454 0.41783653846153845 0.029872159090909133 0.036173076923076926
0 0.45359374999999996 0.4915576923076923 0.025227272727272713 0.029384615384615387
0 0.2087997159090909 0.38699038461538465 0.02225852272727275 0.02825000000000005
0 0.9275000000000001 0.7071442307692308 0.015653409090909065 0.03551923076923071
0 0.7870525568181819 0.4205192307692308 0.027826704545454592 0.04003846153846158
0 0.30848721590909095 0.9424423076923076 0.04336647727272727 0.06530769230769237
0 0.9942258522727272 0.3646634615384615 0.011036931818181954 0.048288461538461565
0 0.9936292613636364 0.6613461538461538 0.012741477272727312 0.034461538461538495
0 0.935596590909091 0.9935576923076923 0.018551136363636447 0.012884615384615472
0 0.4277556818181818 0.24500961538461538 0.029687499999999967 0.03728846153846154
0 0.7399786931818181 0.07363461538461538 0.03970170454545445 0.036038461538461526
0 0.8424147727272726 0.13501923076923078 0.02306818181818167 0.03092307692307692
0 0.5223792613636363 0.5595769230769231 0.02825284090909089 0.03407692307692302
0 0.016448863636363633 0.7964903846153846 0.019375 0.03975000000000003
0 0.5099857954545454 0.33934615384615385 0.02911931818181818 0.04446153846153847
0 0.9731676136363636 0.8498365384615384 0.025965909090909053 0.03971153846153853
0 0.0063068181818181825 0.7961153846153847 0.0125 0.05323076923076924
0 0.36987926136363636 0.22001923076923077 0.02782670454545455 0.03703846153846155
0 0.050575284090909084 0.07504807692307693 0.033110795454545455 0.04659615384615385
0 0.020951704545454548 0.9030096153846153 0.038125000000000006 0.04798076923076932
0 0.848828125 0.30250000000000005 0.04029829545454546 0.05534615384615385
0 0.6721661931818181 0.1938653846153846 0.025781249999999967 0.03492307692307692
0 0.22612926136363634 0.3789134615384615 0.028877840909090926 0.034365384615384624
0 0.28928977272727274 0.9756538461538462 0.03002840909090907 0.03846153846153857
0 0.9517400568181817 0.556673076923077 0.031690340909090835 0.04069230769230774
0 0.13816051136363636 0.38534615384615384 0.03080965909090909 0.03642307692307692
0 0.7636292613636364 0.12098076923076923 0.02708806818181825 0.0393076923076923
0 0.6582599431818181 0.5047115384615385 0.02708806818181817 0.044692307692307656
0 0.5982741477272727 0.6572884615384615 0.022372159090909092 0.034384615384615375
0 0.6171732954545455 0.6770576923076924 0.03281250000000003 0.05038461538461536
0 0.014928977272727269 0.4326923076923077 0.027187499999999996 0.039692307692307666
0 0.5956178977272727 0.8006826923076923 0.036519886363636414 0.037788461538461604
0 0.6863565340909091 0.17326923076923076 0.027457386363636423 0.035423076923076925
0 0.9336150568181818 0.3660769230769231 0.026661931818181793 0.03649999999999998
0 0.9225994318181818 0.34714423076923073 0.02434659090909089 0.0315961538461538
0 0.9118892045454546 0.9890865384615386 0.030255681818181755 0.021826923076923122
0 0.9127130681818181 0.5881057692307692 0.030056818181818136 0.038480769230769214
0 0.675390625 0.2606923076923077 0.030099431818181813 0.044999999999999984
0 0.963359375 0.585548076923077 0.028053977272727272 0.03817307692307697
0 0.4892116477272727 0.3610769230769231 0.02504261363636371 0.03642307692307692
0 0.8818465909090908 0.4211442307692308 0.02585227272727263 0.03594230769230769
0 0.7502769886363635 0.09675 0.029673295454545435 0.03426923076923077
0 0.9377911931818183 0.709201923076923 0.02203124999999999 0.03571153846153845
0 0.8037002840909092 0.44085576923076925 0.02632102272727285 0.04898076923076923
0 0.012080965909090911 0.35948076923076927 0.024161931818181822 0.04246153846153849
0 0.13198863636363636 0.6279134615384615 0.03181818181818183 0.040826923076923115
0 0.11887073863636365 0.9247307692307692 0.02987215909090909 0.035653846153846196
0 0.3076775568181818 0.7145673076923078 0.03867897727272726 0.05663461538461536
0 0.6550852272727272 0.24501923076923077 0.028323863636363633 0.0405
0 0.6014772727272727 0.7693365384615384 0.03622159090909091 0.03474999999999999
0 0.5764133522727272 0.6548461538461539 0.02225852272727275 0.03296153846153844
0 0.6967542613636364 0.44989423076923074 0.02708806818181817 0.03855769230769233
0 0.6073082386363636 0.09399038461538461 0.019559659090909065 0.03140384615384615
0 0.8889701704545455 0.34596153846153843 0.028991477272727228 0.03550000000000002
0 0.13356534090909092 0.4509711538461538 0.027357954545454533 0.041326923076923094
0 0.10086647727272725 0.9290673076923077 0.02338068181818181 0.02674999999999994
0 0.3999289772727273 0.6019423076923077 0.030142045454545494 0.04269230769230767
0 0.31264204545454544 0.4877019230769231 0.02318181818181817 0.05198076923076923
0 0.46931107954545453 0.013721153846153846 0.02467329545454546 0.027442307692307693
0 0.7725568181818182 0.41251923076923075 0.03130681818181813 0.048192307692307694
0 0.18473011363636366 0.08727884615384617 0.028749999999999973 0.038057692307692306
0 0.9848792613636363 0.8381442307692308 0.027826704545454592 0.04174999999999996
0 0.2861647727272727 0.9364807692307693 0.021448863636363627 0.03234615384615383
0 0.45498579545454537 0.3927211538461538 0.031164772727272725 0.040442307692307694
0 0.23477272727272727 0.5031153846153846 0.02980113636363639 0.04080769230769236
0 0.1560653409090909 0.45969230769230773 0.025227272727272734 0.034653846153846174
0 0.45752840909090914 0.5241442307692308 0.029034090909090905 0.03705769230769227
0 0.1263778409090909 0.16620192307692308 0.03431818181818181 0.05275000000000001
0 0.006143465909090909 0.6212596153846154 0.012286931818181818 0.042557692307692296
0 0.8573011363636364 0.5360096153846154 0.02247159090909098 0.037288461538461624
0 0.45869318181818186 0.4283269230769231 0.02894886363636363 0.03553846153846152
0 0.18732244318181818 0.5467307692307692 0.022457386363636367 0.032653846153846186
0 0.10110085227272726 0.9582019230769231 0.028110795454545444 0.034519230769230747
0 0.5083380681818181 0.5485384615384615 0.031704545454545444 0.04784615384615384
0 0.8368323863636363 0.2579230769230769 0.022926136363636506 0.03488461538461539
0 0.8401420454545455 0.9336057692307693 0.027357954545454533 0.040673076923076985
0 0.40558948863636357 0.2661730769230769 0.02708806818181817 0.04219230769230769
0 0.17100852272727274 0.3945769230769231 0.03045454545454547 0.05111538461538464
0 0.3296164772727273 0.4988173076923077 0.025596590909090923 0.04482692307692314
0 0.08051136363636363 0.971951923076923 0.030511363636363642 0.032634615384615324
0 0.08399147727272728 0.9131153846153846 0.032102272727272736 0.0410769230769231
0 0.6982883522727273 0.07499038461538461 0.026803977272727198 0.03509615384615384
0 0.8747727272727274 0.4455576923076923 0.023778409090909104 0.03203846153846153
0 0.6384446022727273 0.009653846153846153 0.030894886363636364 0.019307692307692307
0 0.6260653409090909 0.028971153846153848 0.03190340909090914 0.041442307692307695
0 0.7058309659090909 0.955326923076923 0.03768465909090913 0.04984615384615387
0 0.623330965909091 0.06576923076923077 0.02921874999999999 0.038692307692307686
0 0.4358735795454546 0.5132211538461539 0.026349431818181834 0.03528846153846158
0 0.014517045454545456 0.7560192307692307 0.029034090909090912 0.040730769230769244
0 0.9491051136363637 0.9434807692307693 0.028636363636363592 0.04111538461538461
0 0.24654829545454546 0.48184615384615387 0.02713068181818181 0.03688461538461534
0 0.01012784090909091 0.20262500000000003 0.02025568181818182 0.04371153846153847
0 0.6267826704545455 0.804451923076923 0.033252840909090864 0.050326923076923
0 0.19988636363636364 0.10686538461538463 0.038124999999999985 0.04207692307692308
0 0.6389133522727272 0.5944134615384616 0.02921874999999999 0.04271153846153842
0 0.21587357954545452 0.41054807692307693 0.02643465909090911 0.03140384615384618
0 0.5809588068181818 0.8738173076923077 0.029019886363636373 0.04078846153846161
0 0.30513494318181816 0.5347307692307692 0.026718750000000003 0.03880769230769221
0 0.11321022727272728 0.9015 0.03488636363636364 0.03415384615384624
0 0.20092329545454543 0.5680288461538462 0.030028409090909113 0.040980769230769126
0 0.7122088068181818 0.9151057692307693 0.030156250000000027 0.03925000000000005
0 0.0035937499999999997 0.11000961538461539 0.0071874999999999994 0.034288461538461545
0 0.56140625 0.9440480769230769 0.028210227272727293 0.038980769230769305
0 0.8370667613636364 0.20491346153846154 0.027968749999999917 0.039057692307692286
