0 0.28450284090909095 0.048990384615384616 0.03642045454545457 0.037903846153846156
0 0.2882315340909091 0.10196153846153845 0.03379261363636363 0.02803846153846155
0 0.35817471590909095 0.6146538461538462 0.047059659090909124 0.09903846153846153
0 0.36319602272727275 0.664923076923077 0.05710227272727275 0.05646153846153849
0 0.39408380681818184 0.6816826923076924 0.04526988636363637 0.037442307692307636
0 0.4227485795454546 0.7319519230769231 0.039701704545454526 0.09209615384615381
0 0.5466619318181819 0.7241346153846153 0.03994318181818182 0.061653846153846156
0 0.5201278409090909 0.7108269230769231 0.03963068181818179 0.0601538461538461
0 0.8728551136363637 0.007961538461538461 0.05178977272727278 0.01553846153846154
0 0.9381392045454546 0.03156730769230769 0.0535227272727272 0.06313461538461539
0 0.8663707386363636 0.09219230769230768 0.03509943181818171 0.04023076923076924
0 0.7216477272727272 0.29375 0.03008522727272728 0.0470384615384615
0 0.30464488636363635 0.11683653846153845 0.024261363636363612 0.049442307692307695
0 0.7532386363636363 0.2976442307692308 0.04676136363636358 0.0651730769230769
0 0.7383380681818181 0.26986538461538456 0.03281250000000003 0.0377692307692308
0 0.7532386363636363 0.25821153846153844 0.03198863636363634 0.021846153846153817
0 0.7317684659090908 0.23580769230769233 0.06399147727272737 0.047384615384615386
0 0.6720099431818182 0.28671153846153846 0.05115056818181825 0.0773846153846154
0 0.7280752840909092 0.3435480769230769 0.045127840909090965 0.05405769230769228
0 0.9428196022727273 0.44696153846153847 0.018678977272727403 0.035153846153846154
0 0.8867258522727273 0.4008173076923077 0.0438210227272726 0.05571153846153846
0 0.9117471590909091 0.36236538461538464 0.028806818181818142 0.05676923076923079
0 0.9373153409090907 0.3778846153846154 0.024687499999999994 0.044307692307692347
0 0.2835298295454546 0.1214423076923077 0.022343749999999985 0.03726923076923078
0 0.9485866477272729 0.4217980769230769 0.035468749999999875 0.06898076923076923
0 0.8953835227272727 0.3505673076923077 0.045852272727272686 0.08198076923076927
0 0.9482954545454546 0.3528173076923076 0.025482954545454625 0.027596153846153836
0 0.962109375 0.38638461538461544 0.030383522727272707 0.059692307692307676
0 0.9283025568181817 0.34459615384615383 0.021946022727272793 0.05307692307692312
0 0.9468252840909092 0.32602884615384614 0.02134943181818194 0.02971153846153844
0 0.9764133522727273 0.3345096153846154 0.046434659090909165 0.0684423076923077
0 0.9940625 0.2470865384615385 0.01187500000000002 0.06001923076923078
0 0.9805681818181817 0.5102692307692308 0.03863636363636354 0.040769230769230745
0 0.9877840909090909 0.5233749999999999 0.024204545454545402 0.029865384615384672
0 0.25531960227272726 0.13676923076923078 0.04115056818181818 0.07526923076923077
0 0.9774928977272727 0.48204807692307694 0.04501420454545462 0.047403846153846164
0 0.9875639204545454 0.5589999999999999 0.024872159090909077 0.06576923076923075
0 0.953799715909091 0.5518846153846154 0.04973011363636362 0.09692307692307699
0 0.9726491477272727 0.5844903846153846 0.04862215909090912 0.04198076923076931
0 0.8215269886363636 0.6793653846153845 0.045980113636363645 0.06088461538461543
0 0.81140625 0.6551634615384615 0.05107954545454551 0.04228846153846155
0 0.7990269886363636 0.6362884615384615 0.04816761363636375 0.05284615384615388
0 0.7097017045454546 0.8052307692307693 0.03857954545454549 0.051346153846153826
0 0.6917471590909091 0.7045288461538461 0.03301136363636365 0.07336538461538468
0 0.91125 0.7994038461538462 0.03531250000000002 0.04846153846153855
0 0.3407599431818182 0.14961538461538462 0.04120738636363639 0.04430769230769229
0 0.8891193181818182 0.7724615384615384 0.028437500000000136 0.049538461538461524
0 0.5125355113636364 0.9738557692307692 0.05433238636363636 0.052288461538461534
0 0.5631178977272727 0.913423076923077 0.02220170454545454 0.0404615384615385
0 0.549609375 0.9240288461538462 0.019815340909090894 0.029634615384615322
0 0.5639133522727273 0.9496634615384615 0.042343750000000006 0.038519230769230715
0 0.5850142045454546 0.9301923076923077 0.02380681818181817 0.03461538461538462
0 0.5449786931818181 0.8963365384615385 0.019815340909090894 0.029211538461538455
0 0.5667116477272728 0.8997980769230769 0.0341903409090909 0.03786538461538461
0 0.5919176136363636 0.9680865384615384 0.04193181818181824 0.05344230769230762
0 0.5863494318181818 0.8989423076923078 0.031221590909090855 0.03230769230769233
0 0.4032599431818182 0.09660576923076923 0.027940340909090932 0.0449423076923077
0 0.6032954545454546 0.9229326923076924 0.028551136363636317 0.03924999999999994
0 0.6704900568181817 0.9843557692307693 0.030042613636363683 0.0312884615384615
0 0.6470880681818182 0.9792692307692308 0.026051136363636408 0.041461538461538466
0 0.6593892045454545 0.9634038461538462 0.025397727272727266 0.034384615384615486
0 0.6978480113636363 0.9867019230769232 0.03717329545454548 0.026596153846153815
0 0.6920028409090909 0.9554326923076922 0.05553977272727276 0.07336538461538457
0 0.8526775568181819 0.9126153846153846 0.02285511363636368 0.03873076923076921
0 0.84109375 0.9197596153846154 0.016619318181818245 0.024442307692307652
0 0.843565340909091 0.9433461538461538 0.029886363636363586 0.028346153846153865
0 0.8244673295454544 0.9254903846153846 0.02365056818181815 0.03028846153846154
0 0.44355113636363636 0.09661538461538462 0.05403409090909086 0.05053846153846154
0 0.8416548295454546 0.8949903846153846 0.021576704545454625 0.03548076923076921
0 0.8212784090909092 0.8891346153846155 0.029715909090909032 0.06057692307692308
0 0.8614701704545453 0.9012596153846153 0.016463068181818228 0.02640384615384608
0 0.8325426136363636 0.8656634615384615 0.02125000000000005 0.024442307692307652
0 0.8541974431818182 0.8734519230769231 0.02589488636363639 0.039596153846153906
0 0.94015625 0.973326923076923 0.042187500000000065 0.05257692307692303
0 0.9579687499999999 0.9438942307692308 0.03372159090909092 0.05344230769230773
0 0.9832528409090909 0.9362692307692307 0.03349431818181824 0.05457692307692307
0 0.9672301136363637 0.9830576923076924 0.03093750000000012 0.033884615384615395
0 0.9868394886363636 0.9796346153846153 0.02632102272727269 0.040230769230769264
0 0.3564346590909091 0.17518269230769232 0.03136363636363642 0.033480769230769224
0 0.6405823863636364 0.41949038461538457 0.031221590909090855 0.03563461538461539
0 0.6452698863636364 0.4114903846153847 0.02542613636363641 0.027480769230769215
0 0.9547372159090909 0.11832692307692308 0.05302556818181808 0.06200000000000002
0 0.8850355113636365 0.8327403846153846 0.039502840909090994 0.029288461538461465
0 0.8876136363636363 0.8050384615384616 0.039034090909090935 0.04392307692307698
0 0.9693323863636365 0.1475769230769231 0.03204545454545463 0.0585
0 0.9905894886363636 0.15102884615384615 0.018821022727272728 0.049057692307692316
0 0.9679900568181818 0.8524615384615384 0.03799715909090909 0.05092307692307685
0 0.9640482954545455 0.8140192307692307 0.029346590909090864 0.04634615384615378
0 0.9893181818181819 0.825173076923077 0.02136363636363631 0.06415384615384608
0 0.35655539772727274 0.21191346153846152 0.02473011363636367 0.061057692307692306
0 0.9827627840909091 0.10986538461538461 0.03447443181818179 0.03673076923076925
0 0.41215909090909086 0.5973653846153846 0.01903409090909096 0.03592307692307694
0 0.42811079545454545 0.6036346153846154 0.022556818181818174 0.0369230769230769
0 0.3921519886363637 0.5982884615384616 0.0263778409090909 0.039076923076923065
0 0.3948579545454546 0.5723461538461538 0.03269886363636361 0.040884615384615366
0 0.4116477272727273 0.5691442307692308 0.020738636363636397 0.02228846153846149
0 0.42878551136363635 0.5770769230769232 0.02299715909090909 0.03815384615384611
0 0.47687500000000005 0.14814423076923075 0.05088068181818181 0.05567307692307693
0 0.4604545454545454 0.11028846153846153 0.04568181818181822 0.045538461538461535
0 0.3135866477272727 0.05741346153846154 0.030894886363636364 0.03421153846153846
0 0.40463068181818185 0.1809230769230769 0.02198863636363639 0.0591923076923077
0 0.3050568181818182 0.07760576923076923 0.014147727272727284 0.029057692307692305
0 0.3181392045454545 0.08674038461538462 0.01786931818181816 0.03148076923076923
0 0.356015625 0.10588461538461538 0.024389204545454568 0.0371923076923077
0 0.3471519886363636 0.12480769230769231 0.019019886363636385 0.03015384615384614
0 0.37259943181818184 0.08575 0.03607954545454542 0.03784615384615385
0 0.3843821022727273 0.19005769230769232 0.03365056818181818 0.046653846153846136
0 0.33691761363636363 0.10400961538461537 0.022926136363636343 0.05017307692307692
0 0.32017755681818183 0.11644230769230769 0.016093749999999976 0.03411538461538462
0 0.2649005681818182 0.08354807692307692 0.02585227272727275 0.041826923076923074
0 0.2599289772727273 0.048846153846153845 0.02275568181818183 0.03203846153846153
0 0.28450284090909095 0.07642307692307693 0.034602272727272704 0.0348076923076923
0 0.44424005681818185 0.19238461538461538 0.07188920454545457 0.06726923076923078
0 0.47446022727272724 0.1849519230769231 0.03434659090909092 0.05671153846153845
0 0.5063991477272727 0.17936538461538465 0.03776988636363641 0.08399999999999999
0 0.3138494318181818 0.3231634615384616 0.02724431818181815 0.06044230769230765
0 0.3279261363636364 0.3270096153846154 0.020142045454545423 0.05882692307692308
0 0.33696732954545455 0.3301346153846154 0.02311079545454547 0.052076923076923104
0 0.22119318181818184 0.2553269230769231 0.01957386363636364 0.019153846153846143
0 0.22258522727272725 0.23639423076923077 0.02139204545454546 0.028057692307692315
0 0.2325213068181818 0.26492307692307693 0.017997159090909074 0.017807692307692292
0 0.22729403409090906 0.27081730769230766 0.01220170454545455 0.012826923076923053
0 0.34697443181818177 0.06148076923076923 0.04346590909090908 0.05423076923076923
0 0.2420028409090909 0.24500961538461538 0.031534090909090894 0.03563461538461536
0 0.20919744318181818 0.2750096153846154 0.03134943181818181 0.03432692307692307
0 0.22303267045454545 0.29688461538461536 0.016065340909090873 0.04138461538461535
0 0.21181818181818182 0.29675961538461537 0.013352272727272735 0.021211538461538462
0 0.20098011363636364 0.24933653846153847 0.024573863636363612 0.034326923076923095
0 0.2403551136363636 0.21763461538461537 0.027471590909090914 0.022807692307692307
0 0.21035511363636364 0.21737499999999998 0.045284090909090906 0.03798076923076923
0 0.2616477272727273 0.26086538461538455 0.03599431818181819 0.047423076923076915
0 0.27683238636363633 0.2676730769230769 0.04082386363636361 0.07415384615384615
0 0.27480113636363634 0.22143269230769233 0.04451704545454546 0.039826923076923065
0 0.5268465909090909 0.03131730769230769 0.05815340909090909 0.06263461538461539
0 0.25109374999999995 0.1859326923076923 0.06869318181818179 0.04375
0 0.241328125 0.29610576923076926 0.041803977272727284 0.06759615384615386
0 0.2064914772727273 0.32203846153846155 0.033295454545454545 0.03773076923076924
0 0.1944886363636364 0.3001634615384615 0.02284090909090911 0.04009615384615384
0 0.16091619318181818 0.2367596153846154 0.06561079545454546 0.037980769230769255
0 0.1710724431818182 0.27566346153846155 0.05069602272727272 0.04505769230769232
0 0.0029687499999999996 0.056663461538461544 0.005937499999999999 0.054480769230769235
0 0.025355113636363637 0.042874999999999996 0.04292613636363636 0.08463461538461538
0 0.23397727272727273 0.1354423076923077 0.023096590909090896 0.03615384615384615
0 0.21749289772727273 0.1011826923076923 0.024900568181818183 0.02975
0 0.4946235795454546 0.02423076923076923 0.040582386363636355 0.04838461538461539
0 0.14230113636363637 0.012317307692307693 0.04139204545454545 0.02451923076923077
0 0.02 0.015125 0.04 0.030096153846153845
0 0.07166193181818181 0.3600673076923077 0.03948863636363636 0.06513461538461533
0 0.06012784090909091 0.32206730769230774 0.038096590909090906 0.05282692307692308
0 0.04539772727272728 0.3496634615384615 0.025624999999999995 0.03578846153846151
0 0.02791903409090909 0.3325480769230769 0.030042613636363635 0.054250000000000013
0 0.042748579545454544 0.37673076923076926 0.03345170454545454 0.02403846153846154
0 0.01713778409090909 0.3661057692307692 0.03413352272727272 0.04528846153846156
0 0.03534801136363636 0.40693269230769236 0.05507102272727273 0.04005769230769233
0 0.015667613636363636 0.627048076923077 0.03127840909090909 0.07851923076923084
0 0.5994602272727273 0.005884615384615385 0.038068181818181834 0.01176923076923077
0 0.2614417613636364 0.5833557692307693 0.04348011363636366 0.06713461538461543
0 0.2498508522727273 0.5368173076923076 0.02504261363636363 0.039019230769230806
0 0.2353409090909091 0.5526057692307693 0.02863636363636363 0.0449423076923077
0 0.27545454545454545 0.5576153846153846 0.03261363636363637 0.04930769230769228
0 0.24292613636363633 0.5954903846153846 0.051022727272727254 0.04390384615384613
0 0.2804829545454546 0.5314230769230769 0.045710227272727284 0.04519230769230769
0 0.3058167613636364 0.6036442307692307 0.02444602272727274 0.03532692307692309
0 0.0765340909090909 0.8443653846153846 0.04474431818181817 0.0547307692307693
0 0.09762784090909092 0.8733653846153846 0.026846590909090917 0.030499999999999916
0 0.10865767045454545 0.8458846153846155 0.03515625 0.04434615384615385
0 0.3193821022727273 0.025682692307692306 0.04061079545454542 0.046788461538461536
0 0.07022727272727272 0.8861249999999999 0.04298295454545453 0.04609615384615379
0 0.10914062499999999 0.8806442307692308 0.02268465909090909 0.025326923076922997
0 0.09763494318181819 0.9003269230769231 0.020781249999999994 0.03007692307692305
0 0.11169744318181817 0.908451923076923 0.013423295454545459 0.03721153846153839
0 0.12958806818181817 0.8766442307692308 0.03451704545454545 0.05540384615384616
0 0.07629971590909092 0.9202403846153846 0.03276988636363636 0.05344230769230773
0 0.12120738636363636 0.8997884615384615 0.018693181818181814 0.03419230769230764
0 0.14102272727272727 0.9268365384615385 0.028607954545454548 0.054096153846153835
0 0.1210440340909091 0.9388461538461539 0.02509943181818182 0.046500000000000014
0 0.095234375 0.9462019230769231 0.03291193181818181 0.06425000000000004
0 0.23774857954545456 0.05555769230769231 0.03279829545454542 0.05842307692307692
0 0.03927556818181818 0.9424615384615385 0.031164772727272725 0.08199999999999998
0 0.015788352272727273 0.9333846153846154 0.031150568181818182 0.06469230769230766
0 0.050703125 0.9864326923076921 0.06455965909090909 0.02713461538461541
0 0.3251065340909091 0.8097307692307693 0.04973011363636362 0.07338461538461533
0 0.3000142045454545 0.7819519230769231 0.026761363636363642 0.040749999999999995
0 0.2860724431818182 0.8329807692307691 0.059105113636363615 0.06915384615384612
0 0.2571946022727273 0.799923076923077 0.06021306818181816 0.05615384615384613
0 0.20890625 0.8224134615384615 0.0640056818181818 0.07759615384615379
0 0.275703125 0.7668653846153846 0.030326704545454577 0.05042307692307687
0 0.2937713068181818 0.7473846153846153 0.02720170454545451 0.032615384615384574
0 0.24536221590909094 0.0924423076923077 0.023821022727272743 0.03753846153846153
0 0.246484375 0.7549326923076923 0.03524147727272728 0.047096153846153864
0 0.22274147727272728 0.7650480769230769 0.019403409090909086 0.02867307692307686
0 0.23823153409090905 0.7316826923076923 0.03032670454545454 0.03863461538461534
0 0.2664488636363636 0.7297211538461538 0.049744318181818195 0.05163461538461543
0 0.3270028409090909 0.7540288461538462 0.04460227272727273 0.07186538461538451
0 0.31105823863636367 0.7204999999999999 0.04526988636363633 0.05253846153846153
0 0.38717329545454543 0.6332211538461539 0.02119318181818176 0.03290384615384607
0 0.46791193181818175 0.6555673076923076 0.03903409090909085 0.03774999999999999
0 0.45363636363636367 0.6161634615384615 0.03411931818181815 0.065826923076923
0 0.4580965909090909 0.7180673076923076 0.056420454545454586 0.09390384615384613
