0 0.5278267045454546 0.4134423076923077 0.019630681818181808 0.027961538461538447
0 0.12468039772727274 0.5567307692307693 0.0223153409090909 0.029076923076923087
0 0.1794034090909091 0.6031346153846153 0.018579545454545453 0.023500000000000052
0 0.138515625 0.5480576923076923 0.01941761363636362 0.025153846153846124
0 0.07759943181818181 0.6825384615384615 0.022301136363636356 0.03465384615384612
0 0.18953125 0.6157211538461539 0.021477272727272734 0.030750000000000017
0 0.102578125 0.7241923076923077 0.01941761363636364 0.02403846153846154
0 0.09349431818181818 0.6870096153846154 0.01610795454545454 0.024596153846153775
0 0.08151988636363637 0.7205576923076923 0.018579545454545453 0.026846153846153915
0 0.097421875 0.7107692307692308 0.01569602272727272 0.02180769230769226
0 0.10816051136363637 0.824576923076923 0.024786931818181823 0.029076923076922976
0 0.7400213068181819 0.4504903846153846 0.020639204545454506 0.02936538461538458
0 0.091640625 0.19633653846153845 0.014872159090909089 0.028519230769230765
0 0.022045454545454545 0.8670673076923077 0.016931818181818183 0.024596153846153775
0 0.03154119318181818 0.8832788461538462 0.019417613636363636 0.022365384615384606
0 0.8514133522727273 0.0879423076923077 0.022713068181818195 0.032153846153846165
0 0.9833238636363636 0.37312499999999993 0.021164772727272855 0.027942307692307693
0 0.9923082386363636 0.5087211538461538 0.015383522727272786 0.03074999999999991
0 0.9221448863636365 0.5824711538461538 0.01857954545454551 0.02167307692307689
0 0.94640625 0.6149711538461538 0.02065340909090904 0.02794230769230775
0 0.9347940340909091 0.5898076923076924 0.01703125000000001 0.026576923076923064
0 0.9430539772727272 0.6404903846153845 0.017045454545454544 0.025865384615384592
0 0.5600923295454545 0.3875865384615385 0.02529829545454546 0.03074999999999996
0 0.914140625 0.6226634615384615 0.013934659090909175 0.026557692307692313
0 0.9577698863636364 0.6474711538461538 0.0175568181818182 0.02724999999999992
0 0.7768039772727273 0.6645961538461539 0.018068181818181858 0.020961538461538528
0 0.7770667613636365 0.6971057692307693 0.018593750000000044 0.02167307692307689
0 0.7817116477272728 0.8749807692307693 0.022713068181818195 0.032153846153846206
0 0.7881676136363637 0.6827788461538461 0.017045454545454544 0.026557692307692313
0 0.14367897727272727 0.06716346153846155 0.023125000000000003 0.028519230769230772
0 0.1383096590909091 0.0870096153846154 0.022301136363636367 0.023480769230769232
0 0.12158380681818182 0.07163461538461538 0.018593750000000006 0.027384615384615382
0 0.13191051136363638 0.056817307692307695 0.01941761363636364 0.030211538461538456
0 0.5389275568181818 0.43056730769230767 0.022201704545454618 0.03144230769230768
0 0.2856818181818182 0.8499519230769231 0.023749999999999997 0.0300576923076923
0 0.21546875 0.8310769230769232 0.018579545454545432 0.023076923076923078
0 0.2743252840909091 0.7971730769230768 0.022713068181818195 0.032153846153846095
0 0.21625000000000003 0.22226923076923077 0.023238636363636343 0.02726923076923078
0 0.6632244318181818 0.9756442307692307 0.013948863636363627 0.02098076923076917
0 0.5558380681818181 0.576875 0.012897727272727331 0.021673076923076996
0 0.7410511363636364 0.2960096153846154 0.0206534090909092 0.03074999999999996
0 0.9169815340909092 0.4590961538461539 0.018593750000000044 0.02376923076923074
0 0.7459588068181818 0.255125 0.01703125000000001 0.023057692307692296
0 0.7286647727272727 0.3141826923076923 0.01755681818181812 0.025173076923076874
0 0.5825568181818181 0.40750000000000003 0.01857954545454551 0.02726923076923078
0 0.7521519886363636 0.27958653846153847 0.0191051136363637 0.023057692307692324
0 0.6292826704545454 0.45467307692307696 0.01910511363636362 0.03215384615384615
0 0.7222088068181818 0.28797115384615385 0.017031249999999932 0.02725000000000003
0 0.6496661931818182 0.2491826923076923 0.016519886363636358 0.01955769230769231
0 0.5880255681818182 0.7354711538461538 0.013551136363636392 0.02251923076923084
0 0.6318607954545454 0.16076923076923075 0.017045454545454544 0.024461538461538458
0 0.5095028409090909 0.321875 0.01187500000000002 0.022365384615384606
0 0.5657741477272727 0.4106442307692308 0.01808238636363639 0.03355769230769229
0 0.4738778409090909 0.2072403846153846 0.014971590909090938 0.020980769230769223
0 0.597265625 0.21003846153846153 0.01910511363636362 0.023769230769230768
0 0.03133522727272728 0.199125 0.017357954545454548 0.02517307692307693
0 0.6483806818181818 0.9838076923076923 0.01599431818181817 0.023769230769230796
0 0.44548295454545456 0.06499999999999999 0.021164772727272695 0.02307692307692307
0 0.6365056818181819 0.9530576923076923 0.013948863636363627 0.01957692307692309
0 0.6470880681818182 0.9628365384615385 0.011363636363636364 0.015365384615384633
0 0.6308238636363637 0.974375 0.021164772727272775 0.0300576923076923
0 0.42508522727272724 0.06570192307692307 0.02065340909090904 0.024480769230769233
0 0.42353693181818186 0.08841346153846154 0.021676136363636352 0.026557692307692313
0 0.6519957386363636 0.885951923076923 0.0191051136363637 0.019557692307692227
0 0.6220525568181818 0.952701923076923 0.0160085227272727 0.01748076923076918
0 0.5296377840909091 0.9299807692307693 0.01703125000000001 0.023769230769230685
0 0.15379971590909092 0.48178846153846155 0.021065340909090905 0.03130769230769236
0 0.6532883522727273 0.8639326923076923 0.016519886363636358 0.023057692307692324
0 0.3734517045454545 0.16984615384615384 0.02065340909090912 0.028653846153846137
0 0.36855113636363634 0.12965384615384615 0.023238636363636343 0.03215384615384615
0 0.4488352272727273 0.085625 0.021676136363636352 0.030750000000000003
0 0.609659090909091 0.764673076923077 0.01909090909090909 0.024461538461538514
0 0.5069176136363637 0.7922884615384616 0.020142045454545465 0.036346153846153806
0 0.6236008522727272 0.7541923076923076 0.0160085227272727 0.02584615384615384
0 0.7628693181818181 0.2630384615384615 0.021164772727272695 0.024461538461538458
0 0.4978835227272727 0.7790096153846154 0.018579545454545432 0.02098076923076928
0 0.5063991477272727 0.7611826923076923 0.0160085227272727 0.02724999999999992
0 0.16102272727272726 0.5220576923076924 0.019829545454545464 0.03019230769230767
0 0.46948863636363636 0.7049134615384615 0.0175568181818182 0.026557692307692313
0 0.39152698863636365 0.4522307692307692 0.015497159090909046 0.02726923076923078
0 0.4132102272727272 0.48823076923076925 0.015482954545454593 0.019576923076923144
0 0.5348011363636364 0.5263269230769231 0.018068181818181858 0.03003846153846155
0 0.6112073863636364 0.45712499999999995 0.013948863636363627 0.021673076923076944
0 0.531953125 0.5581250000000001 0.019616477272727275 0.026557692307692313
0 0.5198224431818181 0.5329711538461538 0.02220170454545454 0.030750000000000017
0 0.5239559659090909 0.46131730769230767 0.01808238636363639 0.027249999999999976
0 0.20645596590909096 0.5063942307692307 0.014872159090909089 0.022365384615384606
