0 0.4349502840909091 0.5381538461538462 0.02203124999999999 0.03065384615384615
0 0.9557102272727271 0.7142499999999999 0.08215909090909096 0.0916538461538462
0 0.15438920454545454 0.9045192307692308 0.07639204545454548 0.10388461538461546
0 0.3098011363636364 0.17441346153846152 0.05170454545454546 0.08748076923076922
0 0.46249289772727276 0.7034423076923078 0.03794034090909088 0.09446153846153847
0 0.7850497159090909 0.057980769230769225 0.04544034090909092 0.11596153846153845
0 0.6912357954545455 0.20486538461538462 0.07079545454545459 0.07346153846153844
0 0.7439417613636364 0.6081153846153846 0.08566761363636365 0.13123076923076915
0 0.00845880681818182 0.7101730769230769 0.016605113636363637 0.029692307692307688
0 0.5691477272727272 0.945548076923077 0.03008522727272728 0.04155769230769234
0 0.4006889204545454 0.09790384615384615 0.02075284090909093 0.03023076923076924
0 0.9435369318181818 0.22074999999999997 0.040142045454545444 0.06296153846153846
0 0.5579971590909091 0.48660576923076926 0.06196022727272728 0.09113461538461541
0 0.9173650568181819 0.4028269230769231 0.0285085227272728 0.0398846153846154
0 0.16696022727272727 0.8545961538461538 0.10417613636363637 0.1446153846153846
0 0.30517045454545455 0.9579038461538462 0.03525568181818181 0.08419230769230764
0 0.2776420454545454 0.48049038461538457 0.07392045454545454 0.09609615384615379
0 0.8772585227272728 0.16505769230769232 0.05323863636363639 0.04888461538461539
0 0.7184019886363636 0.5562211538461539 0.015355113636363639 0.027557692307692276
0 0.444296875 0.9702980769230769 0.08873579545454541 0.05882692307692314
0 0.041590909090909095 0.060307692307692305 0.0644034090909091 0.12061538461538461
0 0.19327414772727272 0.8280576923076923 0.023053977272727278 0.03257692307692307
0 0.8934801136363636 0.9688173076923077 0.06696022727272725 0.06201923076923066
0 0.19722301136363637 0.7724326923076923 0.08333806818181819 0.06717307692307693
0 0.017670454545454545 0.44566346153846154 0.03534090909090909 0.11201923076923077
0 0.017855113636363638 0.6997884615384615 0.020994318181818183 0.02926923076923082
0 0.22330255681818179 0.3235576923076923 0.049531249999999964 0.0690769230769231
0 0.7081889204545454 0.5717788461538462 0.018053977272727326 0.029173076923076954
0 0.25641335227272727 0.33488461538461534 0.01941761363636362 0.026730769230769242
0 0.4464346590909091 0.9330096153846155 0.08076704545454548 0.07209615384615387
0 0.9750071022727272 0.4230673076923077 0.04998579545454553 0.09248076923076924
0 0.3610085227272727 0.366298076923077 0.04511363636363631 0.06871153846153844
0 0.8297798295454545 0.0545 0.06578125000000008 0.10046153846153846
0 0.09500710227272728 0.09111538461538461 0.03720170454545455 0.05103846153846154
0 0.22089488636363636 0.6977596153846155 0.08176136363636362 0.08351923076923078
0 0.08938210227272726 0.03544230769230769 0.03475852272727273 0.04042307692307693
0 0.023153409090909093 0.64725 0.046306818181818185 0.09734615384615386
0 0.018004261363636365 0.044942307692307684 0.03600852272727273 0.06892307692307692
0 0.017414772727272727 0.7280288461538462 0.03482954545454545 0.051788461538461554
0 0.21573863636363635 0.8214615384615384 0.06747159090909091 0.09000000000000002
0 0.8543039772727273 0.1882596153846154 0.045284090909090906 0.05551923076923078
0 0.8931107954545454 0.2449423076923077 0.07147727272727264 0.06230769230769229
0 0.1144247159090909 0.063125 0.08566761363636363 0.08298076923076923
0 0.8160440340909091 0.21221153846153845 0.05890625000000004 0.06715384615384616
0 0.18209517045454546 0.8104615384615385 0.031321022727272725 0.04373076923076925
0 0.8049147727272726 0.03689423076923077 0.02065340909090904 0.06109615384615385
0 0.11209517045454544 0.25129807692307693 0.05208806818181819 0.07528846153846155
0 0.03280539772727273 0.022076923076923077 0.051406249999999994 0.044153846153846155
