0 0.5259090909090909 0.21271153846153845 0.0215056818181818 0.02696153846153848
0 0.3028622159090909 0.283 0.020071022727272722 0.02892307692307696
0 0.22897727272727272 0.9887307692307692 0.017045454545454544 0.02253846153846159
0 0.2111434659090909 0.1722596153846154 0.022656250000000024 0.030096153846153856
0 0.956534090909091 0.5832980769230769 0.017528409090909136 0.027788461538461626
0 0.17779119318181816 0.1691923076923077 0.016832386363636376 0.02511538461538462
0 0.5636150568181818 0.2429326923076923 0.022826704545454535 0.02932692307692305
0 0.319609375 0.991625 0.03282670454545456 0.01674999999999996
0 0.43764914772727276 0.6305096153846154 0.014161931818181777 0.02167307692307689
0 0.7547514204545455 0.6957980769230769 0.018764204545454598 0.03159615384615375
0 0.8870596590909091 0.5307980769230769 0.017045454545454544 0.024711538461538507
0 0.18211647727272728 0.22090384615384617 0.022017045454545473 0.02338461538461538
0 0.9352130681818182 0.07163461538461538 0.021534090909091027 0.028269230769230776
0 0.8680965909090909 0.746451923076923 0.02210227272727265 0.03040384615384616
0 0.7931392045454545 0.6569807692307692 0.022329545454545494 0.028615384615384605
0 0.25781960227272727 0.020528846153846154 0.015326704545454534 0.021211538461538462
0 0.4625497159090909 0.9186730769230769 0.01862215909090911 0.03003846153846155
0 0.4266690340909091 0.6275576923076924 0.014417613636363603 0.022923076923076952
0 0.5357741477272727 0.4957211538461538 0.02140625000000007 0.027288461538461536
0 0.9353480113636364 0.5237980769230769 0.016576704545454648 0.028942307692307604
0 0.8438778409090909 0.7306153846153846 0.021619318181818222 0.02653846153846156
0 0.5461576704545454 0.19128846153846155 0.021065340909090968 0.025884615384615398
0 0.6899857954545454 0.597201923076923 0.02125000000000005 0.032057692307692336
0 0.9883096590909091 0.5998942307692308 0.02113636363636363 0.02959615384615382
0 0.406796875 0.9194134615384616 0.021093750000000033 0.028557692307692242
0 0.39405539772727266 0.11893269230769231 0.023309659090909127 0.0315576923076923
0 0.8629616477272727 0.7717211538461539 0.021974431818181858 0.0300576923076923
0 0.8712286931818182 0.7235673076923077 0.013281250000000033 0.019865384615384694
0 0.35639204545454545 0.9474134615384615 0.021647727272727246 0.034403846153846236
0 0.7920099431818183 0.5641634615384615 0.01546874999999998 0.02371153846153843
0 0.6355326704545455 0.3687980769230769 0.018821022727272728 0.02467307692307689
0 0.13275568181818181 0.5773076923076924 0.01957386363636364 0.022192307692307733
0 0.6518465909090909 0.8851442307692308 0.02318181818181817 0.032019230769230834
0 0.9079261363636365 0.9565961538461538 0.0179829545454545 0.030230769230769283
0 0.4287713068181818 0.35354807692307694 0.022116477272727263 0.029942307692307678
0 0.41992897727272727 0.3252884615384615 0.02034090909090908 0.027538461538461526
0 0.41073153409090907 0.41750961538461534 0.019985795454545444 0.029942307692307678
0 0.9237926136363636 0.7073557692307693 0.021420454545454604 0.02736538461538465
0 0.19333096590909093 0.17766346153846152 0.016832386363636355 0.023942307692307697
0 0.9526349431818182 0.5537211538461538 0.015127840909090877 0.0211346153846154
0 0.3468181818181818 0.5376057692307692 0.01241477272727274 0.014403846153846172
0 0.7430042613636364 0.6161057692307692 0.018821022727272728 0.023288461538461563
0 0.6742897727272728 0.9252692307692307 0.01926136363636364 0.030384615384615406
0 0.5895951704545456 0.32866346153846154 0.01680397727272725 0.02548076923076923
0 0.8569957386363637 0.68975 0.019019886363636343 0.028000000000000004
0 0.8178267045454546 0.7366923076923078 0.023636363636363778 0.03357692307692304
0 0.23797585227272727 0.6762596153846153 0.018764204545454518 0.02148076923076926
0 0.45168323863636367 0.27895192307692307 0.01947443181818179 0.022519230769230784
0 0.2606747159090909 0.10242307692307694 0.021576704545454583 0.02834615384615385
0 0.4397940340909091 0.10535576923076923 0.021633522727272755 0.026903846153846157
0 0.29272017045454546 0.2638557692307692 0.01964488636363638 0.025711538461538414
0 0.2406178977272727 0.04514423076923077 0.014218750000000028 0.025442307692307695
0 0.2820880681818182 0.9855 0.01980113636363636 0.02899999999999997
0 0.19355823863636362 0.5667019230769231 0.016207386363636358 0.022173076923076872
0 0.31781960227272726 0.97725 0.02205965909090909 0.026807692307692303
0 0.5013849431818183 0.8466153846153847 0.02080965909090914 0.02950000000000006
0 0.3700284090909091 0.7559326923076922 0.02005681818181819 0.0300576923076923
0 0.019069602272727273 0.5218846153846154 0.01700284090909091 0.02584615384615384
0 0.3916122159090909 0.6719711538461539 0.0160085227272727 0.02578846153846148
0 0.9654900568181819 0.3226538461538462 0.01921874999999996 0.022115384615384617
0 0.15110085227272727 0.5407115384615385 0.020071022727272722 0.025192307692307736
0 0.44831676136363635 0.04057692307692308 0.021633522727272755 0.03046153846153846
0 0.8726349431818182 0.705875 0.01487215909090913 0.017134615384615325
0 0.9958948863636364 0.7666153846153846 0.007585227272727157 0.02926923076923082
0 0.9734161931818182 0.5894903846153845 0.017769886363636352 0.0282884615384615
0 0.7706107954545455 0.5557307692307693 0.020852272727272816 0.03207692307692309
0 0.049005681818181816 0.9100288461538462 0.025880681818181817 0.025403846153846114
0 0.25671164772727273 0.9933076923076922 0.020241477272727272 0.013230769230769221
0 0.873515625 0.199875 0.017769886363636352 0.02486538461538463
0 0.2505255681818182 0.08488461538461539 0.021590909090909074 0.02542307692307692
0 0.12761363636363637 0.5967884615384617 0.016136363636363636 0.02146153846153851
0 0.553174715909091 0.22105769230769232 0.022542613636363642 0.03088461538461539
0 0.8552982954545455 0.9903365384615385 0.022329545454545494 0.0193269230769231
0 0.43829545454545454 0.9527884615384616 0.02000000000000006 0.027076923076923047
0 0.11220170454545454 0.5870480769230769 0.01877840909090909 0.018673076923076883
0 0.7251207386363636 0.5520865384615385 0.017059659090909077 0.02394230769230767
0 0.17343039772727273 0.6239615384615386 0.019616477272727275 0.024923076923076885
0 0.3317897727272727 0.846423076923077 0.022187499999999968 0.02642307692307694
0 0.533387784090909 0.5203076923076924 0.022542613636363642 0.02961538461538457
0 0.7295454545454544 0.6670673076923077 0.016193181818181787 0.024942307692307746
0 0.9686150568181818 0.5639615384615384 0.017769886363636352 0.02665384615384618
0 0.18967329545454545 0.28254807692307693 0.02113636363636363 0.0327115384615385
0 0.5183593750000001 0.5417403846153847 0.020269886363636337 0.029903846153846177
0 0.6355397727272727 0.3430384615384615 0.019630681818181808 0.02630769230769232
0 0.74796875 0.6570673076923076 0.01781250000000011 0.020826923076923045
0 0.9677698863636363 0.2829903846153846 0.019460227272727174 0.025365384615384613
0 0.4840553977272727 0.9774615384615384 0.023281250000000062 0.03265384615384608
0 0.8142116477272726 0.7928846153846154 0.019588068181818293 0.025653846153846215
0 0.5691477272727273 0.3848365384615385 0.02125000000000005 0.027673076923076953
0 0.34463068181818185 0.9922596153846154 0.02005681818181819 0.015480769230769253
0 0.18698863636363636 0.6038749999999999 0.02045454545454546 0.026788461538461553
0 0.015198863636363637 0.9191442307692307 0.022187500000000002 0.027173076923076914
0 0.3110724431818182 0.2117019230769231 0.022230113636363645 0.030673076923076928
0 0.8733522727272726 0.6852788461538462 0.017954545454545435 0.025750000000000082
0 0.5669389204545454 0.6375 0.021917613636363565 0.029653846153846076
0 0.7492897727272727 0.45050961538461537 0.017386363636363648 0.026096153846153887
0 0.7130823863636363 0.9887307692307692 0.019886363636363636 0.021653846153846135
0 0.2696946022727273 0.007336538461538461 0.021974431818181817 0.014673076923076922
0 0.08916193181818181 0.5250384615384615 0.02142045454545455 0.027423076923076904
0 0.6770241477272727 0.5382788461538461 0.01680397727272733 0.022749999999999968
0 0.4183380681818182 0.13939423076923077 0.01877840909090913 0.0315576923076923
0 0.3266122159090909 0.25626923076923075 0.022230113636363603 0.02980769230769228
0 0.5131676136363637 0.8157692307692308 0.022982954545454556 0.031653846153846116
0 0.23229403409090912 0.23650961538461537 0.016292613636363636 0.022403846153846163
0 0.4548792613636364 0.9394423076923076 0.020269886363636337 0.03076923076923077
0 0.26229403409090907 0.3579519230769231 0.01964488636363634 0.028057692307692315
0 0.3901207386363636 0.3652884615384615 0.01910511363636362 0.02657692307692312
0 0.9663352272727272 0.4797403846153846 0.018977272727272745 0.032519230769230814
0 0.1753125 0.19928846153846153 0.01963068181818183 0.02338461538461538
0 0.09973011363636365 0.5475 0.017897727272727284 0.023038461538461574
0 0.7606605113636363 0.4340480769230769 0.01927556818181809 0.023096153846153884
0 0.17736505681818182 0.8651538461538462 0.022713068181818195 0.028615384615384605
0 0.7608167613636364 0.6136346153846155 0.022059659090909053 0.027115384615384548
0 0.17446022727272725 0.9066346153846153 0.021647727272727266 0.03219230769230771
0 0.501484375 0.8927403846153846 0.017826704545454562 0.02521153846153838
0 0.4894815340909091 0.16529807692307694 0.01589488636363636 0.022749999999999996
0 0.35984374999999996 0.12867307692307692 0.015284090909090896 0.017384615384615398
0 0.2186221590909091 0.7402115384615384 0.02130681818181818 0.027923076923077
0 0.8287713068181817 0.050701923076923075 0.022656249999999902 0.030249999999999996
0 0.9507386363636363 0.2817019230769231 0.019034090909090876 0.025288461538461548
0 0.33205965909090907 0.8180096153846154 0.018437499999999985 0.024596153846153775
0 0.8714346590909091 0.04675961538461538 0.022499999999999885 0.02848076923076923
0 0.4700852272727273 0.8752692307692307 0.01781249999999995 0.03003846153846155
0 0.755859375 0.7469423076923076 0.01740056818181818 0.02465384615384614
0 0.9011150568181818 0.5280288461538463 0.019701704545454553 0.02440384615384615
0 0.1553125 0.9931826923076922 0.022443181818181814 0.013634615384615446
0 0.5812713068181818 0.1510096153846154 0.021065340909090888 0.027749999999999986
0 0.17263494318181818 0.5191826923076923 0.021036931818181823 0.02782692307692302
0 0.35892045454545457 0.3829423076923077 0.012017045454545506 0.021461538461538456
0 0.34730113636363635 0.7251634615384615 0.016306818181818207 0.028596153846153854
0 0.8930610795454544 0.22899038461538462 0.021860795454545435 0.03317307692307692
0 0.9096448863636364 0.3678557692307693 0.018494318181818157 0.02601923076923077
0 0.3466903409090909 0.36864423076923075 0.0224715909090909 0.028019230769230755
0 0.4243536931818182 0.6640096153846153 0.021690340909090885 0.03098076923076915
0 0.3700497159090909 0.6692884615384614 0.015213068181818194 0.022923076923076952
0 0.6789488636363636 0.5608846153846153 0.023465909090909065 0.030692307692307654
0 0.36429687499999996 0.6914038461538461 0.018650568181818136 0.02630769230769232
0 0.8674928977272726 0.19048076923076923 0.02328124999999998 0.027653846153846143
0 0.8491335227272727 0.7066250000000001 0.017954545454545435 0.02463461538461539
0 0.7836505681818182 0.45583653846153843 0.02161931818181806 0.030250000000000034
0 0.19797585227272727 0.2302596153846154 0.021803977272727305 0.026865384615384614
0 0.33892045454545455 0.5487692307692308 0.015227272727272726 0.020461538461538434
0 0.9130042613636363 0.3072115384615385 0.020894886363636414 0.02830769230769236
0 0.890049715909091 0.0330576923076923 0.01958806818181813 0.03046153846153846
0 0.9293394886363636 0.5020096153846154 0.017542613636363506 0.027634615384615393
0 0.112265625 0.7922115384615385 0.021917613636363645 0.028615384615384605
0 0.8749147727272728 0.6285 0.024119318181818047 0.035076923076923096
0 0.5519531249999999 0.559548076923077 0.02322443181818185 0.032519230769230814
0 0.8861008522727274 0.29664423076923074 0.021377840909091006 0.025365384615384613
0 0.1365625 0.8610480769230769 0.024573863636363654 0.03182692307692299
0 0.4454261363636364 0.9134711538461538 0.02548295454545454 0.02782692307692313
0 0.6480610795454546 0.8448557692307692 0.02098011363636361 0.02674999999999994
0 0.8548721590909092 0.4431538461538462 0.018494318181818157 0.025038461538461503
0 0.7977414772727273 0.7874423076923077 0.014829545454545533 0.021269230769230773
0 0.791306818181818 0.7146923076923076 0.023267045454545447 0.030230769230769283
0 0.4624076704545454 0.9704134615384615 0.02492897727272729 0.03040384615384616
0 0.858955965909091 0.4197403846153846 0.019928977272727234 0.02894230769230766
0 0.5246732954545454 0.5620961538461537 0.015596590909090935 0.020038461538461567
0 0.897627840909091 0.46428846153846154 0.018011363636363565 0.023730769230769236
0 0.24965909090909089 0.23990384615384616 0.01985795454545453 0.02630769230769232
0 0.15782670454545455 0.4686634615384615 0.020312500000000015 0.024173076923076964
0 0.9136079545454546 0.25745192307692305 0.017301136363636293 0.026980769230769204
0 0.3543821022727273 0.39127884615384617 0.013451704545454544 0.024442307692307652
0 0.13124289772727274 0.1793173076923077 0.023991477272727272 0.028442307692307704
0 0.35547585227272727 0.006471153846153847 0.018963068181818175 0.012942307692307694
0 0.7751917613636364 0.6776153846153846 0.02166193181818182 0.025769230769230725
0 0.3191619318181818 0.27802884615384615 0.022017045454545456 0.02659615384615387
0 0.8762428977272727 0.4203846153846154 0.016605113636363713 0.025038461538461558
0 0.2810653409090909 0.199875 0.020511363636363633 0.023365384615384625
0 0.8638920454545456 0.712076923076923 0.010482954545454538 0.015961538461538482
0 0.46035511363636367 0.2503173076923077 0.023352272727272725 0.029942307692307678
0 0.4333522727272728 0.12769230769230772 0.021420454545454524 0.02484615384615385
0 0.29477272727272724 0.3076826923076923 0.02417613636363638 0.0315576923076923
0 0.4544318181818181 0.08582692307692308 0.02119318181818184 0.028692307692307694
0 0.3447159090909091 0.21882692307692306 0.01812499999999999 0.02657692307692309
0 0.22015625000000003 0.6976153846153846 0.015852272727272722 0.023538461538461557
0 0.9492755681818181 0.5036346153846154 0.020426136363636358 0.024384615384615397
0 0.6916051136363636 0.9890096153846153 0.020255681818181805 0.021134615384615293
0 0.12863636363636363 0.8156346153846153 0.025624999999999988 0.026115384615384693
0 0.35640625000000004 0.8168942307692307 0.01616477272727276 0.02348076923076919
0 0.9108380681818182 0.23388461538461539 0.018011363636363728 0.02926923076923074
0 0.8102201704545454 0.7598076923076924 0.018053977272727326 0.02215384615384623
0 0.3407386363636364 0.9777596153846155 0.0215056818181818 0.022211538461538484
0 0.2453125 0.7122788461538462 0.022500000000000006 0.03348076923076917
0 0.10779829545454546 0.6087884615384616 0.01909090909090909 0.028153846153846127
0 0.1933380681818182 0.15808653846153845 0.017698863636363648 0.027480769230769215
0 0.6925852272727272 0.9635769230769231 0.024147727272727272 0.0297307692307693
0 0.8568181818181819 0.7242115384615385 0.016306818181818207 0.02430769230769239
0 0.6565838068181818 0.6133557692307692 0.022457386363636367 0.031519230769230744
0 0.44201704545454545 0.6649903846153845 0.01812499999999999 0.02686538461538456
0 0.22183238636363634 0.24534615384615385 0.01278409090909091 0.01976923076923077
0 0.7646093749999999 0.4577788461538462 0.01958806818181813 0.02694230769230773
0 0.3571448863636364 0.34597115384615384 0.024602272727272678 0.032134615384615345
0 0.9151633522727274 0.3226538461538462 0.020411931818181826 0.02407692307692304
0 0.956434659090909 0.2984423076923077 0.019034090909090876 0.019269230769230733
0 0.9153480113636363 0.7356538461538461 0.016718749999999973 0.023038461538461463
0 0.5493252840909091 0.5312596153846154 0.01958806818181821 0.029288461538461572
0 0.8842258522727273 0.7398076923076923 0.018906249999999923 0.024461538461538514
0 0.3753196022727273 0.7084807692307692 0.020525568181818166 0.030692307692307654
0 0.43098721590909084 0.3802596153846154 0.02370738636363636 0.027288461538461588
0 0.3957741477272727 0.6480673076923077 0.017201704545454565 0.02524999999999999
0 0.2088849431818182 0.24408653846153847 0.018707386363636346 0.022403846153846163
0 0.15953125 0.6139134615384616 0.01840909090909092 0.023288461538461563
0 0.7736860795454544 0.4810384615384615 0.022343750000000027 0.029269230769230766
0 0.8474289772727274 0.7556057692307692 0.01701704545454548 0.02098076923076928
0 0.992997159090909 0.5834807692307692 0.013693181818181799 0.022769230769230722
0 0.05335227272727273 0.3020576923076923 0.029119318181818187 0.031461538461538485
0 0.8587144886363638 0.21259615384615388 0.020411931818181826 0.02653846153846153
0 0.4344602272727273 0.9328173076923076 0.01835227272727275 0.026442307692307692
0 0.6088210227272728 0.37072115384615384 0.020852272727272737 0.029057692307692333
0 0.3663210227272727 0.40625 0.02034090909090912 0.03042307692307691
0 0.3930823863636364 0.09336538461538461 0.01920454545454543 0.02776923076923078
0 0.5419034090909091 0.24305769230769228 0.0199147727272727 0.02307692307692305
0 0.3855184659090909 0.4060096153846154 0.021235795454545438 0.028980769230769216
0 0.7809801136363635 0.7381538461538462 0.01781250000000011 0.027038461538461542
0 0.6211718749999999 0.16302884615384616 0.02086647727272727 0.03275
0 0.32944602272727275 0.006903846153846154 0.017528409090909094 0.013807692307692307
0 0.890362215909091 0.6881442307692308 0.021264204545454423 0.030865384615384638
0 0.28311789772727275 0.17898076923076922 0.022002840909090923 0.02657692307692309
0 0.9107883522727271 0.715701923076923 0.02401988636363632 0.02344230769230769
0 0.28397727272727274 0.28095192307692307 0.017698863636363648 0.02367307692307693
0 0.8656392045454546 0.5084134615384616 0.02113636363636363 0.02698076923076918
0 0.9770241477272728 0.4572884615384616 0.01921875000000012 0.029269230769230766
0 0.5456747159090909 0.8948846153846155 0.017457386363636394 0.024846153846153875
0 0.3498934659090909 0.05853846153846153 0.01680397727272729 0.02323076923076923
0 0.8088707386363635 0.55925 0.01921875000000012 0.031538461538461494
0 0.4403622159090909 0.6470769230769231 0.016406250000000015 0.021500000000000012
0 0.11396306818181817 0.5659807692307692 0.018210227272727284 0.0202692307692307
0 0.9024360795454546 0.4837980769230769 0.022826704545454615 0.027634615384615393
0 0.28359375000000003 0.021086538461538462 0.017386363636363648 0.02267307692307692
0 0.7734161931818182 0.7955576923076924 0.023196022727272624 0.03007692307692305
0 0.9855042613636364 0.7688942307692308 0.017684659090908994 0.03228846153846158
0 0.9609232954545455 0.5420096153846155 0.015852272727272843 0.021788461538461507
0 0.49801136363636367 0.871951923076923 0.020795454545454607 0.023865384615384663
0 0.3557457386363636 0.09628846153846154 0.02481534090909091 0.034192307692307695
0 0.2185866477272727 0.2206153846153846 0.020724431818181822 0.02453846153846152
0 0.7329900568181817 0.6503461538461538 0.017002840909090867 0.024384615384615397
0 0.8704616477272729 0.07108653846153846 0.02606534090909094 0.029365384615384623
0 0.26110795454545455 0.21711538461538463 0.01812499999999999 0.027461538461538464
0 0.14852982954545454 0.5978749999999999 0.018593750000000006 0.02863461538461536
0 0.9503551136363636 0.3277019230769231 0.01968750000000002 0.0282884615384615
0 0.5358735795454546 0.21732692307692306 0.015213068181818234 0.026961538461538453
0 0.6944389204545455 0.5718461538461539 0.015582386363636402 0.023576923076923058
0 0.9133664772727272 0.5145288461538462 0.015852272727272843 0.024711538461538507
0 0.14632812499999998 0.5052692307692308 0.019332386363636364 0.023192307692307696
0 0.2970383522727273 0.2363942307692308 0.021377840909090885 0.030403846153846184
0 0.2215696022727273 0.05655769230769231 0.020809659090909097 0.02619230769230769
0 0.03778409090909091 0.9550192307692308 0.017698863636363634 0.02980769230769231
0 0.975703125 0.5467211538461538 0.015127840909090877 0.0175576923076923
0 0.7405823863636362 0.5952788461538461 0.023267045454545447 0.032057692307692336
0 0.2764559659090909 0.38625000000000004 0.02069602272727272 0.024923076923076937
0 0.9748579545454544 0.625423076923077 0.02113636363636363 0.027307692307692286
0 0.47967329545454546 0.9535384615384616 0.02000000000000006 0.024846153846153875
0 0.24958096590909087 0.6503942307692308 0.02251420454545454 0.02840384615384612
0 0.34796875 0.9195384615384616 0.025653409090909095 0.03365384615384615
0 0.8997372159090908 0.7335865384615385 0.017088068181818142 0.022480769230769228
0 0.19202414772727272 0.6258076923076922 0.020298295454545482 0.025384615384615363
0 0.25665482954545454 0.5970673076923078 0.027116477272727278 0.03717307692307689
0 0.328984375 0.952125 0.024588068181818187 0.03728846153846151
0 0.5707386363636363 0.5540769230769231 0.02210227272727273 0.03238461538461545
0 0.27085227272727275 0.016278846153846154 0.011306818181818194 0.017788461538461538
0 0.6019602272727272 0.1668557692307692 0.020681818181818187 0.03248076923076923
0 0.43620028409090916 0.60875 0.021036931818181823 0.03007692307692305
0 0.9204545454545454 0.5865384615384616 0.02113636363636379 0.02996153846153854
0 0.5139630681818183 0.8753076923076922 0.017840909090909095 0.028961538461538466
0 0.8050284090909091 0.8545 0.023352272727272805 0.025884615384615346
0 0.5838778409090909 0.6729711538461539 0.020568181818181843 0.025365384615384613
0 0.9526420454545456 0.482173076923077 0.017528409090909136 0.026999999999999986
0 0.3927556818181818 0.3896538461538462 0.02028409090909087 0.023653846153846175
0 0.26360795454545455 0.04075 0.030170454545454518 0.028230769230769233
0 0.5617613636363636 0.35893269230769226 0.017414772727272713 0.03013461538461536
0 0.8807315340909092 0.9287403846153846 0.021917613636363565 0.030519230769230778
0 0.3609375 0.9823076923076923 0.022187500000000047 0.03538461538461534
0 0.7943394886363637 0.7383076923076922 0.02092329545454548 0.02607692307692308
0 0.29157670454545453 0.04107692307692307 0.021960227272727284 0.027153846153846157
0 0.36316051136363636 0.7324519230769231 0.020156249999999997 0.028480769230769126
0 0.8820170454545455 0.5088365384615385 0.01994318181818193 0.023749999999999934
0 0.9138494318181819 0.503798076923077 0.016335227272727272 0.025365384615384613
0 0.9498650568181817 0.085125 0.030440340909090837 0.04251923076923077
0 0.06524857954545454 0.9355961538461538 0.021917613636363634 0.025730769230769224
0 0.32865767045454547 0.29658653846153843 0.020298295454545482 0.029788461538461555
0 0.5078196022727273 0.20291346153846154 0.02438920454545449 0.03644230769230767
0 0.7878338068181818 0.6378461538461538 0.020525568181818245 0.03465384615384612
0 0.585546875 0.3771538461538462 0.020042613636363574 0.026038461538461524
0 0.8490056818181819 0.06364423076923077 0.020397727272727293 0.027173076923076914
0 0.4268039772727273 0.646548076923077 0.015482954545454593 0.023634615384615424
0 0.9154048295454547 0.5558365384615384 0.015610795454545467 0.020173076923076832
0 0.09813920454545455 0.8143846153846154 0.022187500000000006 0.03219230769230771
0 0.7660795454545454 0.7298173076923077 0.01963068181818189 0.027673076923076897
0 0.8873011363636365 0.4481923076923077 0.018977272727272745 0.027307692307692286
0 0.8312926136363636 0.822903846153846 0.025284090909090843 0.03549999999999996
0 0.32016335227272724 0.8940192307692307 0.019247159090909068 0.02534615384615386
0 0.9750994318181818 0.5296538461538461 0.016818181818181864 0.021153846153846155
0 0.21447443181818182 0.9876442307692308 0.01980113636363636 0.024711538461538507
0 0.7702698863636364 0.6945 0.01997159090909083 0.027692307692307648
0 0.9389914772727272 0.5797980769230769 0.01994318181818193 0.030480769230769273
0 0.9197585227272728 0.010451923076923076 0.021051136363636272 0.02090384615384615
0 0.16027698863636364 0.4916923076923077 0.0183380681818182 0.025846153846153786
0 0.9692116477272728 0.5137115384615385 0.021377840909091006 0.026346153846153932
0 0.8908593749999999 0.7620865384615384 0.017741477272727287 0.021596153846153772
0 0.894346590909091 0.17208653846153846 0.014857954545454598 0.02471153846153845
0 0.8307031250000001 0.7508750000000001 0.017627840909090864 0.023865384615384663
0 0.7609232954545455 0.6655576923076924 0.0222727272727272 0.0279615384615385
0 0.9062073863636364 0.5668461538461538 0.02252840909090911 0.02888461538461535
0 0.9800213068181818 0.4937211538461539 0.01944602272727264 0.027326923076923037
0 0.19063210227272726 0.20089423076923077 0.015752840909090914 0.021326923076923084
0 0.7290411931818181 0.5745865384615384 0.022457386363636367 0.029057692307692225
0 0.5990838068181819 0.3923653846153846 0.01836647727272728 0.0279615384615385
0 0.3337215909090909 0.530298076923077 0.015227272727272726 0.018403846153846142
0 0.719325284090909 0.6014423076923077 0.022059659090909053 0.03234615384615394
0 0.6149928977272728 0.3949615384615385 0.02063920454545459 0.028769230769230783
0 0.6317258522727273 0.8838173076923077 0.0204971590909091 0.03467307692307698
0 0.8787713068181818 0.9774519230769231 0.02461647727272733 0.029403846153846083
0 0.7268181818181818 0.628701923076923 0.01963068181818189 0.028211538461538493
0 0.8967613636363635 0.9718557692307692 0.0184090909090908 0.029942307692307678
0 0.25236505681818183 0.19534615384615384 0.017911931818181796 0.02892307692307691
0 0.7355823863636364 0.971923076923077 0.017045454545454544 0.026115384615384693
0 0.7263139204545455 0.9871250000000001 0.017940340909090902 0.025749999999999974
0 0.9539417613636364 0.610153846153846 0.021917613636363565 0.028615384615384716
0 0.34355823863636364 0.8847884615384615 0.022713068181818195 0.034384615384615375
0 0.41276278409090916 0.2929615384615385 0.022286931818181813 0.028499999999999987
0 0.784375 0.548048076923077 0.01673295454545467 0.026788461538461553
0 0.9049076704545456 0.6195961538461539 0.0223153409090908 0.03130769230769226
0 0.4129119318181818 0.6427788461538462 0.019715909090909086 0.026519230769230698
0 0.9890269886363637 0.6291634615384616 0.01825284090909094 0.02309615384615383
0 0.9856676136363636 0.5608749999999999 0.018750000000000065 0.031557692307692356
0 0.2478409090909091 0.008096153846153847 0.019602272727272704 0.016192307692307693
0 0.16107244318181818 0.5820576923076923 0.020468749999999994 0.023307692307692317
0 0.32617897727272727 0.8777403846153845 0.017386363636363648 0.022442307692307723
0 0.5787642045454545 0.3556442307692308 0.017414772727272713 0.030134615384615416
0 0.9277769886363636 0.5571346153846154 0.017769886363636352 0.03123076923076925
0 0.3761434659090908 0.08997115384615384 0.0185653409090909 0.025634615384615395
0 0.37193181818181825 0.3559038461538461 0.022670454545454518 0.026884615384615364
0 0.1815909090909091 0.990125 0.02693181818181817 0.018942307692307626
0 0.8149928977272727 0.8105865384615385 0.01984375000000004 0.025903846153846208
0 0.40543323863636355 0.6637403846153845 0.016406250000000015 0.023288461538461563
0 0.9904332386363636 0.514201923076923 0.019133522727272766 0.031211538461538495
0 0.3806321022727273 0.6545096153846154 0.019190340909090976 0.025250000000000102
0 0.12214488636363638 0.4806730769230769 0.015511363636363639 0.02423076923076922
0 0.7858451704545455 0.6132115384615384 0.02867897727272735 0.029538461538461565
0 0.6722159090909091 0.9525096153846154 0.01803977272727271 0.030711538461538512
0 0.9517968750000001 0.5283557692307692 0.01921875000000012 0.02698076923076918
0 0.7765056818181819 0.6496634615384616 0.02144886363636367 0.027403846153846154
0 0.05521306818181819 0.9527596153846154 0.01980113636363637 0.025749999999999974
0 0.8738494318181819 0.527375 0.018977272727272745 0.027634615384615393
0 0.898828125 0.507048076923077 0.015610795454545467 0.02667307692307693
0 0.5225852272727273 0.835076923076923 0.023977272727272722 0.03003846153846155
0 0.04689630681818182 0.9322019230769231 0.020071022727272726 0.01967307692307696
0 0.18213068181818182 0.7178173076923077 0.01823863636363635 0.0288653846153846
0 0.25612926136363634 0.978 0.023252840909090914 0.02534615384615375
0 0.5208948863636363 0.7947115384615384 0.020596590909090908 0.03299999999999994
0 0.9917542613636363 0.5387596153846154 0.016491477272727293 0.02440384615384615
0 0.57390625 0.32195192307692305 0.019829545454545426 0.027403846153846154
0 0.7079900568181818 0.5851442307692307 0.02044034090909089 0.027673076923077005
0 0.23941761363636366 0.15355769230769228 0.016619318181818207 0.02484615384615385
0 0.34355823863636364 0.8022692307692307 0.016832386363636355 0.027153846153846164
0 0.24632102272727271 0.17386538461538462 0.017045454545454544 0.022807692307692307
0 0.9699360795454546 0.305576923076923 0.021377840909091006 0.025038461538461558
0 0.39250710227272734 0.42373076923076924 0.01964488636363634 0.02465384615384614
0 0.38369318181818185 0.06940384615384616 0.02071022727272733 0.02834615384615385
0 0.44220170454545454 0.06601923076923076 0.022073863636363586 0.03046153846153846
0 0.1345809659090909 0.7986538461538462 0.021122159090909098 0.027884615384615386
0 0.4143039772727273 0.6166346153846154 0.021164772727272695 0.031153846153846133
0 0.877450284090909 0.2411923076923077 0.020411931818181826 0.04065384615384618
0 0.801065340909091 0.43794230769230774 0.02139204545454554 0.030230769230769228
0 0.694737215909091 0.5497884615384615 0.016605113636363633 0.026576923076923064
0 0.16397017045454546 0.5604711538461539 0.015355113636363639 0.02263461538461535
0 0.8868821022727272 0.7158173076923078 0.020213068181818207 0.028942307692307715
0 0.434609375 0.3146346153846154 0.020355113636363612 0.02634615384615388
0 0.29811079545454544 0.9705769230769231 0.022727272727272728 0.03800000000000009
0 0.6340198863636364 0.38879807692307694 0.02065340909090912 0.027403846153846154
0 0.23487926136363638 0.36116346153846157 0.024389204545454526 0.0333269230769231
0 0.9338068181818181 0.6017884615384615 0.023522727272727195 0.02699999999999993
0 0.2159943181818182 0.2686826923076923 0.019431818181818192 0.025403846153846114
0 0.9263352272727274 0.3738846153846154 0.02258522727272724 0.03284615384615387
0 0.9214133522727272 0.5346923076923077 0.01609375000000006 0.019499999999999972
0 0.5350923295454546 0.5474519230769231 0.019133522727272687 0.026211538461538453
0 0.08348011363636364 0.7802307692307693 0.02403409090909091 0.030384615384615406
0 0.6201491477272728 0.6024038461538461 0.022059659090909133 0.030423076923077018
0 0.8654403409090908 0.3543653846153846 0.018011363636363728 0.025692307692307664
0 0.5856605113636363 0.17464423076923077 0.018536931818181834 0.025365384615384613
0 0.3709588068181818 0.049105769230769224 0.020298295454545482 0.02863461538461538
0 0.9890269886363637 0.4724134615384615 0.01825284090909094 0.026980769230769232
0 0.6505113636363636 0.5867884615384615 0.02002840909090904 0.026576923076923064
0 0.8682031249999999 0.4577788461538462 0.019701704545454553 0.026980769230769232
0 0.168125 0.8844711538461538 0.022187500000000006 0.022173076923076872
0 0.35451704545454543 0.705076923076923 0.01738636363636361 0.023884615384615414
0 0.34850142045454546 0.8315865384615385 0.016576704545454568 0.020634615384615418
0 0.3451065340909091 0.41221153846153846 0.019190340909090938 0.023884615384615414
0 0.7827911931818182 0.7611153846153845 0.017088068181818142 0.022807692307692223
0 0.218046875 0.19622115384615385 0.023536931818181808 0.02951923076923076
0 0.36844460227272724 0.8108749999999999 0.014218749999999987 0.022326923076922994
0 0.7100142045454546 0.6547403846153846 0.024090909090909062 0.03644230769230767
0 0.08928267045454545 0.8420961538461538 0.021917613636363627 0.028961538461538466
0 0.793671875 0.8112596153846154 0.021889204545454663 0.03009615384615391
0 0.23736505681818185 0.10491346153846154 0.020724431818181822 0.022211538461538456
0 0.17061789772727273 0.6005288461538462 0.01740056818181818 0.02194230769230774
0 0.975703125 0.1649326923076923 0.020894886363636414 0.029903846153846177
0 0.49241477272727274 0.9381442307692308 0.019176136363636364 0.027442307692307766
0 0.11371448863636364 0.8381538461538462 0.02166193181818182 0.028961538461538466
0 0.3587997159090909 0.7923173076923077 0.01899147727272724 0.026788461538461553
0 0.3108522727272727 0.26152884615384614 0.01835227272727275 0.02571153846153847
0 0.20283380681818183 0.21082692307692308 0.014247159090909093 0.023653846153846147
0 0.17905539772727275 0.5553942307692307 0.018593749999999985 0.026326923076923074
0 0.19091619318181818 0.6978461538461538 0.01978693181818183 0.02538461538461547
0 0.6459872159090909 0.8648365384615385 0.019758522727272763 0.024442307692307652
0 0.6257173295454546 0.3619519230769231 0.01740056818181818 0.02628846153846157
0 0.24275568181818177 0.02460576923076923 0.016278409090909104 0.023326923076923075
0 0.6719673295454546 0.5951442307692308 0.019644886363636423 0.029596153846153928
0 0.7449289772727273 0.6795384615384615 0.02144886363636367 0.030692307692307654
0 0.5473366477272728 0.5056634615384615 0.01765625000000001 0.026211538461538453
0 0.7030326704545454 0.6178846153846154 0.021860795454545435 0.029038461538461582
0 0.76203125 0.6389807692307692 0.019232954545454494 0.028499999999999987
0 0.32279829545454547 0.44396153846153846 0.015113636363636345 0.022538461538461535
0 0.4739204545454545 0.9001250000000001 0.023835227272727234 0.026326923076923074
0 0.5667400568181818 0.16632692307692307 0.022428977272727302 0.03461538461538462
0 0.10031960227272728 0.5878461538461538 0.015553977272727256 0.017884615384615405
0 0.23431107954545452 0.6975 0.019275568181818213 0.02192307692307688
0 0.21938920454545452 0.7160865384615385 0.020795454545454565 0.02263461538461535
0 0.9349857954545455 0.34363461538461537 0.02017045454545461 0.023730769230769236
0 0.04963068181818182 0.33320192307692303 0.030142045454545453 0.03736538461538457
0 0.14290482954545453 0.5258076923076922 0.017372159090909098 0.02584615384615384
0 0.707705965909091 0.5311923076923077 0.01396306818181816 0.02892307692307696
0 0.3537144886363636 0.7658846153846154 0.02166193181818182 0.03184615384615385
0 0.304921875 0.01375 0.026548295454545453 0.0275
0 0.8828053977272727 0.9523942307692308 0.021917613636363728 0.025749999999999974
0 0.8272940340909091 0.7785576923076923 0.019417613636363577 0.03392307692307701
0 0.4321448863636364 0.08627884615384615 0.02119318181818184 0.02840384615384616
0 0.21666193181818183 0.6613653846153845 0.017045454545454544 0.02584615384615384
0 0.010909090909090908 0.23534615384615387 0.021818181818181816 0.026730769230769242
0 0.40333806818181817 0.37811538461538463 0.01812499999999999 0.02338461538461538
0 0.7964488636363637 0.5458173076923077 0.01000000000000011 0.015711538461538492
0 0.1500284090909091 0.8780288461538461 0.022443181818181814 0.030019230769230795
0 0.5473295454545455 0.17309615384615382 0.022244318181818136 0.0301923076923077
0 0.4005539772727273 0.34636538461538463 0.0208806818181818 0.030423076923076966
0 0.9379829545454544 0.47989423076923077 0.018977272727272745 0.026326923076923074
0 0.16942471590909092 0.7280865384615385 0.01910511363636364 0.026326923076923074
0 0.1756534090909091 0.8372692307692308 0.026676136363636384 0.03361538461538465
0 0.8834588068181819 0.2730673076923077 0.023792613636363636 0.030250000000000034
0 0.28926846590909094 0.21535576923076924 0.02396306818181819 0.029788461538461555
0 0.8093181818181818 0.8297788461538462 0.017244318181818163 0.029750000000000054
0 0.7667116477272727 0.7673557692307692 0.020582386363636376 0.028980769230769216
0 0.14449573863636364 0.4810865384615384 0.021036931818181823 0.025173076923076874
0 0.8688210227272729 0.21286538461538462 0.01653409090909089 0.02542307692307692
0 0.27610795454545456 0.3002403846153846 0.01877840909090909 0.026596153846153815
0 0.24949573863636362 0.6254711538461538 0.023366477272727296 0.0288653846153846
0 0.38129261363636363 0.6796826923076923 0.01786931818181824 0.024711538461538507
0 0.9084232954545454 0.026701923076923074 0.023323863636363577 0.03528846153846153
0 0.6915980113636363 0.5289615384615385 0.018423295454545494 0.02438461538461529
0 0.744325284090909 0.6355576923076923 0.01862215909090895 0.022192307692307622
0 0.8447159090909092 0.03843269230769231 0.023153409090909186 0.02936538461538462
0 0.9023508522727273 0.0045673076923076926 0.017656250000000092 0.008980769230769231
0 0.5649005681818182 0.6793942307692307 0.01920454545454543 0.027211538461538527
0 0.3167897727272727 0.23580769230769233 0.021590909090909115 0.02980769230769231
0 0.4861292613636364 0.8844326923076923 0.018821022727272728 0.027903846153846244
0 0.4789843750000001 0.9268269230769232 0.021377840909090926 0.024846153846153875
0 0.9268181818181819 0.23940384615384613 0.02113636363636363 0.024730769230769202
0 0.6639772727272727 0.5736249999999999 0.021051136363636435 0.026019230769230826
0 0.20037642045454546 0.7187403846153846 0.018934659090909068 0.030250000000000034
0 0.905390625 0.7558942307692308 0.020213068181818207 0.025403846153846225
0 0.1490411931818182 0.5653173076923077 0.01654829545454546 0.024480769230769157
0 0.1787997159090909 0.5787115384615384 0.01978693181818183 0.022615384615384596
0 0.6376562499999999 0.6137692307692307 0.019431818181818192 0.030153846153846166
0 0.22904829545454544 0.17343269230769232 0.016619318181818166 0.02951923076923076
0 0.7518110795454546 0.9754711538461539 0.020184659090909142 0.033211538461538424
0 0.6573934659090909 0.657201923076923 0.02166193181818182 0.028788461538461593
0 0.7719957386363636 0.4242884615384615 0.021377840909090843 0.026999999999999986
0 0.5948508522727273 0.3555096153846154 0.020042613636363574 0.028211538461538437
0 0.22754261363636363 0.13149999999999998 0.020511363636363633 0.026884615384615392
0 0.11630681818181818 0.5325961538461538 0.02113636363636363 0.025038461538461503
0 0.9021164772727271 0.5930192307692308 0.021931818181818098 0.02996153846153854
0 0.15452414772727271 0.9043076923076924 0.02086647727272727 0.033269230769230794
0 0.22297585227272726 0.6774134615384615 0.017059659090909077 0.020096153846153934
0 0.33538352272727273 0.41930769230769227 0.017642045454545438 0.03461538461538462
0 0.925255681818182 0.28980769230769227 0.020426136363636358 0.029269230769230766
0 0.7508806818181818 0.7140096153846153 0.026619318181818195 0.03490384615384622
0 0.13189630681818182 0.5519807692307692 0.02569602272727273 0.02980769230769231
0 0.3479474431818182 0.522298076923077 0.015355113636363639 0.020942307692307774
0 0.20625710227272726 0.6896442307692308 0.017741477272727246 0.031634615384615365
0 0.522578125 0.892875 0.01842329545454541 0.028711538461538476
0 0.9421946022727273 0.27146153846153853 0.018338068181818136 0.023615384615384618
0 0.9163068181818183 0.2756826923076923 0.016022727272727234 0.022903846153846146
0 0.33899147727272727 0.3878076923076923 0.02017045454545453 0.027076923076923047
0 0.9197301136363637 0.47664423076923074 0.018494318181818157 0.026326923076923074
0 0.928046875 0.2552115384615385 0.015298295454545429 0.022884615384615368
0 0.40009943181818186 0.13997115384615383 0.01985795454545457 0.02513461538461537
0 0.7593607954545454 0.9890480769230771 0.018238636363636408 0.021903846153846128
0 0.1000213068181818 0.5689615384615385 0.01615056818181817 0.02226923076923074
0 0.5731463068181818 0.6540192307692307 0.02438920454545449 0.03149999999999999
0 0.6875852272727273 0.9394615384615385 0.01659090909090902 0.030384615384615406
0 0.3424360795454545 0.008576923076923077 0.014247159090909093 0.017153846153846155
0 0.5667542613636364 0.508451923076923 0.02322443181818185 0.033288461538461545
0 0.7963849431818182 0.7614326923076923 0.018764204545454598 0.025403846153846225
0 0.24193181818181816 0.9873076923076922 0.013409090909090905 0.023999999999999924
0 0.4169247159090909 0.10066346153846153 0.023309659090909127 0.033596153846153845
0 0.5673295454545454 0.40812500000000007 0.024090909090909062 0.029865384615384617
0 0.2422159090909091 0.21900961538461536 0.020511363636363633 0.027173076923076942
0 0.9556392045454545 0.233875 0.01968750000000002 0.02601923076923077
0 0.9373863636363637 0.3112692307692308 0.0206534090909092 0.027961538461538447
0 0.23166903409090908 0.6562884615384615 0.01740056818181818 0.02584615384615384
0 0.43558238636363633 0.28841346153846154 0.020511363636363633 0.028019230769230755
0 0.3722230113636364 0.004875 0.017372159090909115 0.00975
0 0.6646519886363635 0.9747980769230769 0.019502840909090855 0.029057692307692444
0 0.9245383522727273 0.21809615384615383 0.022343750000000027 0.02569230769230769
0 0.8702414772727273 0.4389230769230769 0.018011363636363728 0.019846153846153833
0 0.9741335227272727 0.20525961538461537 0.02065340909090904 0.031211538461538443
0 0.37214488636363635 0.3795673076923077 0.02093750000000001 0.029211538461538455
0 0.12625710227272727 0.7789807692307692 0.021917613636363627 0.025038461538461503
0 0.4446946022727273 0.2591826923076923 0.01856534090909098 0.02467307692307689
