0 0.9173437499999999 0.07031730769230769 0.028920454545454565 0.033173076923076916
0 0.7947088068181817 0.21717307692307694 0.047713068181818225 0.03853846153846155
0 0.8606605113636363 0.8295961538461538 0.03509943181818187 0.03776923076923074
0 0.8703835227272727 0.8682211538461538 0.04338068181818177 0.05651923076923085
0 0.8420312499999999 0.8415384615384616 0.02375000000000004 0.046538461538461515
0 0.84796875 0.8858846153846153 0.048238636363636414 0.06115384615384618
0 0.8096306818181819 0.8570096153846154 0.04284090909090905 0.06336538461538459
0 0.8158451704545455 0.8181442307692308 0.03294034090909099 0.049942307692307744
0 0.7901065340909089 0.8298461538461538 0.023934659090909124 0.07480769230769237
0 0.8042329545454546 0.7954807692307692 0.027727272727272864 0.03726923076923076
0 0.7613920454545454 0.7987788461538462 0.04571022727272736 0.11501923076923078
0 0.7671590909090908 0.7493076923076922 0.03491477272727279 0.06676923076923082
0 0.7997159090909091 0.19465384615384615 0.04409090909090904 0.04776923076923078
0 0.8007173295454546 0.762951923076923 0.03725852272727275 0.0657884615384615
0 0.8276349431818182 0.7873173076923077 0.02268465909090913 0.06921153846153837
0 0.8494957386363637 0.764048076923077 0.026093750000000006 0.05578846153846152
0 0.8149431818181818 0.7172692307692308 0.0430113636363636 0.049461538461538404
0 0.80890625 0.7352884615384616 0.03275568181818174 0.04507692307692307
0 0.7118110795454545 0.8039903846153846 0.01808238636363639 0.024019230769230786
0 0.7819176136363637 0.7119038461538462 0.024119318181818207 0.042653846153846056
0 0.6848650568181818 0.7846538461538461 0.04410511363636365 0.06992307692307695
0 0.7003409090909091 0.7579711538461538 0.0390625 0.07017307692307694
0 0.6377201704545454 0.9823173076923077 0.03194602272727274 0.03536538461538459
0 0.33058948863636367 0.02001923076923077 0.03708806818181816 0.03973076923076923
0 0.4883806818181818 0.6654807692307693 0.034772727272727295 0.050653846153846216
0 0.5001917613636363 0.6794230769230768 0.038735795454545426 0.06115384615384618
0 0.4522798295454545 0.5565961538461539 0.03038352272727279 0.049538461538461524
0 0.47458096590909093 0.5243557692307693 0.03748579545454544 0.06855769230769232
0 0.44872869318181813 0.5094134615384615 0.04021306818181818 0.052596153846153834
0 0.41257812499999996 0.42475 0.03458806818181821 0.09442307692307692
0 0.4501846590909091 0.40133653846153844 0.05008522727272726 0.07675
0 0.4273153409090909 0.47771153846153847 0.04440340909090908 0.0780384615384615
0 0.4517897727272727 0.4502115384615385 0.04082386363636365 0.06753846153846149
0 0.4875071022727273 0.4325576923076923 0.04612215909090905 0.07880769230769229
0 0.3183380681818182 0.04697115384615386 0.02531250000000003 0.04982692307692308
0 0.7381463068181818 0.32917307692307696 0.05004261363636358 0.09803846153846152
0 0.7268821022727273 0.3030769230769231 0.030241477272727302 0.05730769230769233
0 0.7062428977272727 0.29765384615384616 0.04640624999999994 0.05792307692307693
0 0.6790269886363637 0.3247788461538461 0.04279829545454545 0.05813461538461537
0 0.7019318181818182 0.34134615384615385 0.028721590909090867 0.05157692307692306
0 0.6840909090909091 0.36724038461538455 0.026306818181818237 0.04728846153846154
0 0.6642116477272727 0.37625000000000003 0.027968749999999997 0.054653846153846185
0 0.69203125 0.3973365384615385 0.02767045454545457 0.04032692307692307
0 0.7086647727272727 0.37370192307692307 0.027357954545454533 0.0511730769230769
0 0.6761576704545454 0.4217884615384615 0.03160511363636364 0.061
0 0.8420241477272729 0.7512596153846154 0.03779829545454547 0.04824999999999995
0 0.7231036931818182 0.4014326923076923 0.034474431818181876 0.06201923076923077
0 0.7378409090909092 0.37922115384615385 0.024034090909090852 0.04951923076923077
0 0.6609588068181819 0.438375 0.026605113636363663 0.05036538461538461
0 0.7074147727272727 0.435 0.0322159090909091 0.07103846153846154
0 0.7255539772727272 0.47737500000000005 0.04036931818181821 0.08944230769230772
0 0.6842826704545455 0.46713461538461537 0.03251420454545453 0.048923076923076916
0 0.7058238636363636 0.5025480769230769 0.025397727272727266 0.06694230769230775
0 0.696825284090909 0.5210673076923077 0.03643465909090906 0.06386538461538463
0 0.6483735795454545 0.4823846153846154 0.03265625000000001 0.0892307692307693
0 0.6621306818181818 0.5167692307692309 0.03960227272727272 0.06469230769230772
0 0.8816619318181819 0.41741346153846154 0.019659090909090956 0.02928846153846152
0 0.7602556818181818 0.5597596153846154 0.03749999999999997 0.058134615384615417
0 0.7601065340909091 0.5883173076923076 0.0269176136363637 0.039096153846153815
0 0.7799076704545456 0.5796057692307692 0.02359375000000002 0.07163461538461538
0 0.7588139204545453 0.6098076923076924 0.018593750000000044 0.026807692307692303
0 0.7764346590909089 0.6208557692307692 0.021477272727272734 0.039096153846153815
0 0.7427201704545454 0.6082692307692308 0.01936079545454561 0.02865384615384611
0 0.7262357954545454 0.6109326923076923 0.018437500000000027 0.04175000000000007
0 0.7192826704545454 0.6347788461538463 0.03055397727272726 0.04563461538461531
0 0.7456676136363637 0.6362115384615384 0.029488636363636352 0.030500000000000027
0 0.7124786931818182 0.649201923076923 0.016946022727272737 0.038480769230769214
0 0.8976349431818181 0.012115384615384615 0.026832386363636343 0.02423076923076923
0 0.7351633522727272 0.6656826923076923 0.032656249999999935 0.03867307692307684
0 0.7355326704545455 0.6946442307692308 0.017088068181818225 0.037250000000000005
0 0.7546590909090909 0.6554519230769231 0.021164772727272695 0.03132692307692311
0 0.7676633522727272 0.6381538461538462 0.022684659090908967 0.04299999999999992
0 0.7885298295454546 0.6395865384615386 0.02086647727272735 0.04994230769230763
0 0.7149715909090909 0.6819519230769231 0.03039772727272724 0.042980769230769274
0 0.7957883522727273 0.6769423076923077 0.029928977272727184 0.04973076923076926
0 0.771747159090909 0.6752019230769231 0.025397727272727266 0.04463461538461534
0 0.755568181818182 0.69075 0.025397727272727266 0.041346153846153845
0 0.7635795454545454 0.7138846153846155 0.025397727272727266 0.036846153846153896
0 0.968203125 0.474625 0.03393465909090907 0.04428846153846154
0 0.7410511363636364 0.7270961538461539 0.027812499999999976 0.03950000000000004
0 0.7147514204545454 0.7173653846153846 0.0480823863636364 0.08065384615384615
0 0.6916903409090909 0.6470576923076924 0.02857954545454546 0.06446153846153854
0 0.7353125000000001 0.5746923076923077 0.029630681818181837 0.047076923076923
0 0.7163352272727272 0.5870865384615384 0.03400568181818182 0.06528846153846152
0 0.6841335227272727 0.5991634615384616 0.043693181818181805 0.0472884615384616
0 0.5485085227272727 0.6079615384615384 0.05156250000000002 0.04850000000000005
0 0.55703125 0.6540384615384616 0.04025568181818178 0.0642307692307693
0 0.5880326704545454 0.6569903846153846 0.03723011363636361 0.051173076923076946
0 0.5808522727272727 0.6223173076923078 0.03306818181818186 0.04836538461538468
0 0.8744957386363637 0.012644230769230769 0.02098011363636361 0.025288461538461537
0 0.5720596590909092 0.5783076923076924 0.032499999999999994 0.04988461538461538
0 0.5999360795454546 0.5939134615384616 0.028536931818181784 0.029942307692307678
0 0.5865198863636363 0.5696057692307693 0.02664772727272734 0.04528846153846156
0 0.6091974431818182 0.5712692307692308 0.029673295454545435 0.045538461538461444
0 0.6308309659090909 0.5827884615384615 0.03515625 0.04707692307692311
0 0.633487215909091 0.6214230769230769 0.032883522727272775 0.03173076923076923
0 0.6648579545454545 0.6024903846153845 0.039687499999999994 0.05782692307692306
0 0.6510582386363637 0.6289711538461539 0.03325284090909095 0.04067307692307688
0 0.6091974431818182 0.632423076923077 0.031178977272727337 0.0583461538461538
0 0.6076846590909091 0.6714423076923076 0.034204545454545515 0.06065384615384619
0 0.8193394886363637 0.02704807692307692 0.03626420454545467 0.05409615384615384
0 0.6412286931818181 0.6559615384615385 0.03703124999999999 0.04399999999999999
0 0.6741122159090909 0.6516057692307693 0.033252840909090864 0.041442307692307716
0 0.37446022727272726 0.8947692307692308 0.03125 0.04126923076923073
0 0.3732883522727273 0.8951634615384616 0.04961647727272724 0.06213461538461539
0 0.562080965909091 0.9836153846153847 0.0341903409090909 0.03276923076923081
0 0.5395241477272728 0.9800480769230769 0.034389204545454514 0.03990384615384615
0 0.21645596590909089 0.5125192307692308 0.029786931818181817 0.05553846153846153
0 0.5997869318181818 0.8644807692307692 0.03809659090909098 0.05738461538461534
0 0.5865980113636363 0.8262692307692308 0.052741477272727266 0.05130769230769232
0 0.565703125 0.8586730769230769 0.030468750000000065 0.06003846153846159
0 0.4154119318181818 0.5704038461538462 0.048068181818181864 0.04630769230769228
0 0.8394744318181818 0.037288461538461534 0.043806818181818065 0.061192307692307685
0 0.5233096590909091 0.9066634615384616 0.04178977272727275 0.058711538461538516
0 0.5387428977272727 0.870576923076923 0.030468749999999985 0.042576923076923054
0 0.5874786931818182 0.88975 0.04160511363636366 0.04442307692307697
0 0.5580823863636364 0.9179134615384615 0.03946022727272724 0.06690384615384608
0 0.49996448863636367 0.8781153846153846 0.05254261363636365 0.0661153846153846
0 0.4988920454545455 0.8299807692307692 0.04062499999999995 0.058192307692307786
0 0.5218465909090909 0.8254807692307692 0.028721590909090947 0.06030769230769233
0 0.49537642045454544 0.7784134615384615 0.04845170454545456 0.0497115384615384
0 0.5455752840909092 0.8215096153846154 0.04336647727272731 0.07086538461538466
0 0.5350284090909091 0.7561923076923077 0.06329545454545454 0.09415384615384612
0 0.8521235795454545 0.01514423076923077 0.030241477272727222 0.03028846153846154
0 0.3929190340909091 0.6796249999999999 0.0263778409090909 0.03940384615384606
0 0.16029829545454544 0.6640865384615384 0.04053977272727274 0.04067307692307688
0 0.19985795454545452 0.5067403846153846 0.03125 0.07571153846153847
0 0.17922585227272728 0.49699038461538464 0.03345170454545452 0.08198076923076922
0 0.1515056818181818 0.4931826923076923 0.025880681818181817 0.051249999999999955
0 0.11683948863636363 0.4971538461538461 0.04541193181818182 0.06511538461538459
0 0.1318536931818182 0.46408653846153847 0.061292613636363645 0.05190384615384612
0 0.25534090909090906 0.5801249999999999 0.03340909090909092 0.06028846153846147
0 0.19146306818181816 0.6476923076923077 0.0302840909090909 0.06003846153846159
0 0.23082386363636365 0.6271923076923077 0.037897727272727284 0.07192307692307688
0 0.9127201704545456 0.03428846153846154 0.02044034090909089 0.04880769230769231
0 0.2208664772727273 0.6829999999999999 0.04142045454545454 0.0803846153846154
0 0.16372869318181818 0.7155288461538463 0.043565340909090894 0.10155769230769231
0 0.186875 0.708125 0.027357954545454533 0.10155769230769231
0 0.2136363636363636 0.7286153846153846 0.05039772727272726 0.09865384615384606
0 0.26657670454545457 0.7028269230769232 0.05704545454545454 0.11688461538461545
0 0.27009232954545453 0.8782692307692308 0.04876420454545456 0.08273076923076919
0 0.2601633522727273 0.93 0.02984374999999999 0.026230769230769314
0 0.2503977272727273 0.9058846153846154 0.0234375 0.035538461538461574
0 0.23711647727272728 0.9160384615384616 0.023125000000000003 0.03892307692307683
0 0.25453835227272725 0.9567596153846154 0.01765625000000001 0.029403846153846194
0 0.9312357954545455 0.039644230769230765 0.027386363636363598 0.05744230769230769
0 0.24071022727272728 0.9503076923076923 0.020312500000000015 0.03638461538461542
0 0.2343181818181818 0.9816346153846154 0.03144886363636366 0.036730769230769275
0 0.2571732954545455 0.9853365384615385 0.03144886363636366 0.029326923076923077
0 0.3008309659090909 0.9369519230769231 0.041803977272727284 0.07959615384615393
0 0.27485795454545453 0.9548076923076924 0.026562499999999985 0.06769230769230777
0 0.21546875 0.9429038461538461 0.03437499999999998 0.07880769230769234
0 0.16761363636363635 0.98825 0.032812500000000015 0.023500000000000052
0 0.011335227272727273 0.9729038461538461 0.022670454545454546 0.054192307692307706
0 0.017109374999999996 0.953201923076923 0.034190340909090906 0.09359615384615387
0 0.008217329545454545 0.8122596153846153 0.01640625 0.08198076923076922
0 0.9430894886363635 0.060653846153846155 0.027571022727272684 0.0676153846153846
0 0.022776988636363637 0.8336826923076923 0.027542613636363636 0.04232692307692306
0 0.014460227272727272 0.8629134615384616 0.028920454545454544 0.03940384615384606
0 0.011534090909090909 0.8938461538461538 0.023068181818181818 0.04523076923076919
0 0.034978693181818184 0.8848557692307693 0.028139204545454547 0.0801346153846153
0 0.02255681818181818 0.7696634615384615 0.022357954545454545 0.04675000000000001
0 0.045454545454545456 0.7665961538461539 0.029375000000000005 0.04230769230769231
0 0.04703835227272728 0.7069326923076923 0.014502840909090904 0.019634615384615344
0 0.021988636363636363 0.7070096153846154 0.043977272727272726 0.08251923076923082
0 0.016917613636363637 0.6596634615384614 0.014261363636363635 0.03490384615384622
0 0.008025568181818182 0.6444711538461538 0.015625 0.05844230769230767
0 0.9581321022727274 0.07293269230769231 0.03183238636363632 0.05351923076923077
0 0.025802556818181818 0.6217211538461539 0.041406250000000006 0.04471153846153846
0 0.04095170454545454 0.6541153846153845 0.03613636363636363 0.04919230769230766
0 0.018082386363636363 0.5704230769230769 0.036164772727272726 0.08965384615384617
0 0.11849431818181819 0.700923076923077 0.03417613636363637 0.0476153846153846
0 0.07786931818181818 0.6469807692307692 0.04551136363636365 0.10207692307692316
0 0.05354403409090909 0.6013557692307692 0.03711647727272727 0.07113461538461541
0 0.0320596590909091 0.5405384615384616 0.05079545454545455 0.08065384615384615
0 0.0863565340909091 0.5844230769230769 0.049616477272727284 0.10657692307692311
0 0.0716122159090909 0.5335192307692308 0.051377840909090915 0.07934615384615383
0 0.13944602272727272 0.5308846153846154 0.026761363636363642 0.042576923076923054
0 0.9661363636363636 0.09302884615384616 0.03934659090909098 0.05509615384615386
0 0.1158096590909091 0.5497884615384615 0.04278409090909092 0.07299999999999995
0 0.16464488636363636 0.5234711538461538 0.02948863636363637 0.05051923076923073
0 0.11102272727272727 0.6534615384615384 0.04258522727272728 0.07034615384615382
0 0.11483664772727273 0.6080961538461539 0.029105113636363648 0.05369230769230772
0 0.1276278409090909 0.6602019230769229 0.029687499999999988 0.0568653846153846
0 0.3576207386363636 0.15273076923076923 0.05515625000000002 0.07446153846153845
0 0.3916477272727273 0.13570192307692308 0.03750000000000005 0.04675000000000001
0 0.40617897727272734 0.1609807692307692 0.02156250000000001 0.03130769230769231
0 0.3898508522727273 0.1852019230769231 0.03296874999999997 0.05436538461538461
0 0.35625 0.19778846153846152 0.04704545454545455 0.04907692307692307
0 0.9725923295454545 0.11091346153846153 0.03683238636363629 0.050134615384615375
0 0.38274147727272734 0.21969230769230771 0.024062499999999997 0.04634615384615386
0 0.39774147727272724 0.23640384615384613 0.03749999999999997 0.048038461538461516
0 0.40680397727272727 0.20625 0.02531249999999999 0.03384615384615384
0 0.4189914772727273 0.18615384615384617 0.027499999999999938 0.038923076923076914
0 0.4273508522727273 0.2101730769230769 0.030468749999999985 0.05692307692307694
0 0.03301846590909092 0.3693942307692308 0.0348721590909091 0.059980769230769226
0 0.05761363636363637 0.35948076923076927 0.03139204545454545 0.06423076923076924
0 0.012173295454545456 0.3248173076923077 0.02403409090909091 0.029288461538461572
0 0.012059659090909091 0.36543269230769226 0.023977272727272726 0.06640384615384616
0 0.27651278409090907 0.23261538461538464 0.05842329545454545 0.06169230769230769
0 0.8455113636363637 0.06339423076923077 0.02718749999999998 0.03236538461538462
0 0.2562286931818182 0.28751923076923075 0.024417613636363633 0.05046153846153848
0 0.2453338068181818 0.2577019230769231 0.027031250000000003 0.047519230769230786
0 0.22593039772727275 0.23822115384615383 0.05407670454545454 0.03217307692307693
0 0.2412997159090909 0.2999134615384615 0.03683238636363637 0.05224999999999998
0 0.21698863636363636 0.2906153846153846 0.03661931818181818 0.0915
0 0.2930823863636363 0.26434615384615384 0.05144886363636363 0.08026923076923079
0 0.0765127840909091 0.34240384615384617 0.04546875000000001 0.04638461538461539
0 0.10505681818181817 0.3297596153846154 0.03821022727272727 0.05144230769230769
0 0.08263494318181817 0.316125 0.026576704545454546 0.03540384615384615
0 0.06446732954545455 0.3016442307692308 0.030099431818181813 0.03794230769230767
0 0.8657599431818181 0.11965384615384615 0.04106534090909102 0.04569230769230768
0 0.04318181818181818 0.2899903846153846 0.0315625 0.040480769230769195
0 0.010276988636363636 0.26525 0.020553977272727272 0.04384615384615387
0 0.01484375 0.2933557692307693 0.0296875 0.056211538461538445
0 0.036541193181818185 0.3268076923076923 0.03487215909090909 0.04161538461538459
0 0.03602272727272727 0.26257692307692304 0.030511363636363642 0.028384615384615366
0 0.08494318181818182 0.28250000000000003 0.028295454545454547 0.0368846153846154
0 0.06534801136363637 0.26792307692307693 0.02958806818181818 0.03653846153846154
0 0.09052556818181819 0.2549230769230769 0.04360795454545454 0.03865384615384617
0 0.12438920454545453 0.29919230769230765 0.05735795454545456 0.07026923076923075
0 0.12712357954545456 0.2324326923076923 0.041008522727272734 0.06674999999999999
0 0.41775568181818185 0.532375 0.04718749999999996 0.03998076923076927
0 0.8510014204545455 0.0981153846153846 0.04049715909090908 0.04073076923076923
0 0.16747869318181818 0.23734615384615385 0.06825284090909092 0.10400000000000002
0 0.0587002840909091 0.2369519230769231 0.04220170454545455 0.04386538461538462
0 0.08852982954545455 0.22957692307692307 0.04515625 0.05311538461538463
0 0.09941051136363636 0.1750769230769231 0.08583806818181818 0.12123076923076923
0 0.02660511363636364 0.23648076923076922 0.023948863636363636 0.05746153846153845
0 0.04363636363636363 0.21184615384615385 0.03153409090909091 0.04084615384615384
0 0.055511363636363636 0.20117307692307693 0.027244318181818186 0.03215384615384615
0 0.06397727272727273 0.18442307692307694 0.03017045454545454 0.06034615384615386
0 0.01950284090909091 0.1932596153846154 0.038551136363636364 0.03109615384615385
0 0.03663352272727272 0.16980769230769233 0.02920454545454546 0.04323076923076924
0 0.8957457386363636 0.10607692307692307 0.0297017045454545 0.03576923076923076
0 0.03682528409090909 0.1481923076923077 0.016349431818181815 0.025307692307692302
0 0.009673295454545455 0.10484615384615384 0.019261363636363635 0.029769230769230763
0 0.2735298295454545 0.16433653846153845 0.04848011363636363 0.0755576923076923
0 0.26058238636363634 0.10332692307692308 0.027812500000000018 0.05980769230769231
0 0.239609375 0.10075961538461538 0.02268465909090909 0.05901923076923077
0 0.3013068181818182 0.05736538461538462 0.03312499999999999 0.054307692307692314
0 0.3057883522727272 0.017913461538461538 0.034048295454545456 0.035826923076923076
0 0.01122159090909091 0.06131730769230769 0.02244318181818182 0.04871153846153846
0 0.009282670454545455 0.024663461538461537 0.01856534090909091 0.049326923076923074
0 0.027017045454545453 0.028971153846153844 0.03903409090909091 0.05794230769230769
0 0.8853338068181817 0.14525 0.04436079545454548 0.044653846153846155
0 0.18578124999999998 0.11603846153846155 0.046505681818181814 0.0891923076923077
0 0.2010085227272727 0.05700961538461538 0.03821022727272728 0.06032692307692307
0 0.9222585227272727 0.12226923076923077 0.03105113636363638 0.03680769230769232
0 0.9348934659090908 0.11483653846153846 0.027769886363636462 0.041249999999999995
0 0.95234375 0.13806730769230768 0.037215909090908994 0.036557692307692305
0 0.9229332386363637 0.1626153846153846 0.04782670454545465 0.04907692307692307
0 0.99203125 0.3586346153846154 0.01593750000000004 0.0378076923076923
0 0.9748863636363635 0.3738846153846154 0.03502840909090905 0.051999999999999984
0 0.9943465909090908 0.39624038461538463 0.011306818181818234 0.0511730769230769
0 0.3019460227272727 0.4896442307692308 0.06357954545454544 0.060980769230769304
0 0.8886576704545455 0.5455576923076924 0.05677556818181822 0.05303846153846162
0 0.9168181818181819 0.578875 0.03377840909090921 0.059942307692307725
0 0.9291548295454546 0.5509903846153846 0.020213068181818207 0.04636538461538464
0 0.945987215909091 0.5389519230769231 0.02160511363636369 0.05555769230769228
0 0.9678267045454546 0.5197403846153846 0.030085227272727364 0.048865384615384665
0 0.9895809659090908 0.5046057692307692 0.020838068181818124 0.0511730769230769
0 0.872578125 0.4097980769230769 0.01353693181818178 0.021519230769230766
0 0.8935156249999999 0.42189423076923077 0.012741477272727312 0.020865384615384605
0 0.411484375 0.015634615384615386 0.0327982954545455 0.03126923076923077
0 0.9068536931818181 0.4685096153846154 0.04686079545454547 0.09190384615384614
0 0.2924715909090909 0.4198269230769231 0.05051136363636364 0.08092307692307689
0 0.9110014204545455 0.4117211538461538 0.045894886363636284 0.04098076923076924
0 0.9412784090909092 0.3686346153846154 0.0339488636363636 0.04934615384615384
0 0.9055042613636363 0.37543269230769233 0.04955965909090907 0.04201923076923076
0 0.9872230113636363 0.31499038461538464 0.025553977272727287 0.06578846153846156
0 0.9614346590909091 0.3403173076923077 0.029886363636363586 0.05325
0 0.9690482954545455 0.3019423076923077 0.0293181818181818 0.05169230769230768
0 0.8975994318181819 0.3562403846153846 0.039147727272727355 0.05275000000000001
0 0.9298082386363636 0.338875 0.034900568181818255 0.042557692307692296
0 0.9178480113636364 0.31342307692307697 0.03992897727272729 0.0401923076923077
0 0.9433025568181819 0.2993269230769231 0.034133522727272686 0.04230769230769231
0 0.8984232954545455 0.26632692307692307 0.04278409090909092 0.058307692307692324
0 0.9583451704545454 0.2789615384615385 0.0375994318181817 0.05169230769230768
0 0.899822443181818 0.32621153846153844 0.03779829545454547 0.04176923076923077
0 0.892294034090909 0.2899230769230769 0.032400568181818266 0.03707692307692308
0 0.8771519886363636 0.2339230769230769 0.061519886363636284 0.060307692307692305
0 0.7640482954545456 0.19110576923076922 0.05630681818181816 0.09894230769230768
0 0.7833380681818182 0.12779807692307693 0.0339488636363636 0.06213461538461539
0 0.8050355113636364 0.14241346153846154 0.033366477272727284 0.07309615384615385
0 0.6508380681818182 0.13656730769230768 0.043693181818181805 0.08298076923076925
0 0.6202769886363636 0.11891346153846154 0.03376420454545452 0.040288461538461544
0 0.6289133522727273 0.1524903846153846 0.029616477272727305 0.03640384615384617
0 0.9313991477272728 0.2729615384615385 0.04157670454545452 0.060307692307692305
0 0.6185085227272726 0.17664423076923078 0.03664772727272729 0.04009615384615384
0 0.6461150568181818 0.18812500000000001 0.03072443181818181 0.0565576923076923
0 0.652919034090909 0.20914423076923075 0.05072443181818179 0.07040384615384615
0 0.6209161931818182 0.2113076923076923 0.03504261363636358 0.041384615384615374
0 0.5984303977272728 0.2015576923076923 0.03072443181818181 0.041384615384615374
0 0.5911505681818182 0.16797115384615385 0.03215909090909089 0.05048076923076923
0 0.6009090909090908 0.13277884615384616 0.04113636363636361 0.053288461538461555
0 0.5707457386363636 0.11305769230769232 0.023366477272727258 0.029461538461538463
0 0.5769034090909091 0.024442307692307694 0.054801136363636344 0.04888461538461539
0 0.5594105113636364 0.01794230769230769 0.027002840909090896 0.03588461538461538
0 0.2845170454545455 0.3240480769230769 0.08602272727272728 0.07471153846153845
0 0.5248011363636365 0.03533653846153846 0.04940340909090913 0.07040384615384615
0 0.9905397727272726 0.9770576923076923 0.018920454545454615 0.044846153846153834
0 0.4994957386363636 0.030125 0.03600852272727268 0.06025
0 0.8752485795454544 0.9507307692307693 0.026633522727272728 0.03996153846153841
0 0.966505681818182 0.9631634615384616 0.0363636363636364 0.041442307692307716
0 0.9865838068181819 0.990701923076923 0.026832386363636343 0.01851923076923076
0 0.95453125 0.9842403846153847 0.037982954545454556 0.031442307692307735
0 0.8834161931818181 0.9517115384615384 0.024190340909091033 0.036653846153846155
0 0.9454048295454546 0.8620384615384615 0.015696022727272826 0.026499999999999947
0 0.9795099431818183 0.6976442307692308 0.04098011363636367 0.08917307692307694
0 0.28431107954545454 0.3729423076923077 0.06938920454545458 0.05715384615384615
0 0.9714417613636364 0.7309134615384615 0.026633522727272728 0.07578846153846147
0 0.9862642045454545 0.7558942307692308 0.027471590909090956 0.05263461538461539
0 0.9515553977272727 0.7302980769230769 0.03149147727272738 0.057019230769230725
0 0.9886931818181818 0.8068173076923078 0.022613636363636305 0.05263461538461539
0 0.9663139204545456 0.8051153846153846 0.0336505681818181 0.07846153846153849
0 0.9421022727272728 0.7846346153846153 0.03528409090909079 0.08138461538461537
0 0.9322017045454545 0.7476057692307693 0.03420454545454535 0.07798076923076915
0 0.870106534090909 0.7727019230769231 0.02484375000000001 0.08578846153846156
0 0.8990909090909092 0.8174134615384615 0.054715909090909065 0.11867307692307699
0 0.8516548295454546 0.801451923076923 0.03294034090909082 0.04386538461538462
