0 0.7858096590909092 0.4794519230769231 0.019659090909090956 0.02524999999999999
0 0.24530539772727272 0.04325961538461538 0.019247159090909106 0.02717307692307692
0 0.2953196022727273 0.3487211538461539 0.021150568181818163 0.027519230769230775
0 0.6204829545454545 0.12497115384615384 0.022244318181818136 0.026519230769230753
0 0.5532741477272727 0.5484615384615386 0.026036931818181876 0.029730769230769193
0 0.5233167613636364 0.7825769230769231 0.02203124999999999 0.019730769230769215
0 0.6125426136363636 0.9745 0.02076704545454546 0.025807692307692448
0 0.6159303977272728 0.9939903846153846 0.023309659090909044 0.01201923076923077
0 0.6675852272727273 0.5638942307692308 0.019659090909090873 0.03028846153846154
0 0.6798011363636364 0.5838557692307693 0.019659090909090873 0.021557692307692267
0 0.710546875 0.17198076923076924 0.024360795454545503 0.030115384615384638
0 0.6872443181818183 0.16230769230769232 0.018011363636363645 0.02653846153846153
0 0.25937499999999997 0.05335576923076923 0.018636363636363642 0.025711538461538463
0 0.7425852272727272 0.27308653846153846 0.019602272727272663 0.02582692307692309
0 0.7814914772727274 0.49832692307692306 0.02252840909090911 0.026961538461538426
0 0.14344460227272726 0.012048076923076922 0.022713068181818195 0.023865384615384615
0 0.43273437499999995 0.7450961538461538 0.017968750000000047 0.02569230769230772
0 0.1502272727272727 0.034999999999999996 0.02338068181818181 0.03119230769230769
0 0.15802556818181818 0.054730769230769236 0.020000000000000018 0.024769230769230766
0 0.14480113636363637 0.06804807692307693 0.019999999999999997 0.029365384615384623
0 0.5569673295454546 0.12374038461538461 0.016946022727272737 0.025826923076923077
0 0.9061079545454546 0.9051826923076923 0.021619318181818222 0.021788461538461618
0 0.9124644886363636 0.918375 0.012286931818181947 0.016057692307692353
0 0.859666193181818 0.5065769230769231 0.025497159090908994 0.03250000000000001
0 0.900390625 0.9209519230769231 0.017798295454545417 0.023519230769230803
0 0.6631818181818182 0.6783846153846154 0.014914772727272728 0.017884615384615405
0 0.931924715909091 0.09633653846153846 0.024360795454545423 0.02509615384615384
0 0.5882315340909091 0.8826153846153847 0.022372159090909092 0.03350000000000003
0 0.5677272727272726 0.8989038461538462 0.020681818181818187 0.026615384615384676
0 0.6584374999999999 0.6132307692307692 0.02102272727272729 0.03349999999999992
0 0.6440340909090909 0.6203365384615385 0.020681818181818187 0.031211538461538495
0 0.6655610795454545 0.4652307692307693 0.021690340909090885 0.025692307692307664
0 0.6915625 0.9372211538461539 0.015255681818181831 0.021211538461538518
0 0.6581036931818182 0.44480769230769235 0.016946022727272737 0.022500000000000034
0 0.9725071022727273 0.5820961538461539 0.022457386363636287 0.02311538461538458
0 0.44934659090909085 0.7405096153846153 0.018636363636363642 0.023865384615384556
0 0.6840269886363637 0.45604807692307686 0.021349431818181778 0.031211538461538443
0 0.6121732954545455 0.3596826923076923 0.018636363636363562 0.022942307692307706
0 0.5904829545454545 0.3578461538461538 0.02542613636363633 0.029384615384615387
0 0.5990269886363637 0.379875 0.016406250000000015 0.021519230769230766
0 0.5853480113636365 0.9154230769230769 0.026775568181818133 0.03946153846153843
0 0.9149147727272727 0.9411153846153846 0.018437500000000027 0.024961538461538497
0 0.6196875 0.3791538461538462 0.02065340909090904 0.025807692307692337
0 0.6379545454545454 0.3232307692307692 0.02329545454545451 0.02149999999999996
0 0.6841974431818181 0.5581538461538462 0.021008522727272758 0.02984615384615381
0 0.6716477272727274 0.9851153846153846 0.02119318181818184 0.027538461538461415
0 0.9247798295454545 0.08164423076923076 0.022769886363636326 0.027250000000000003
0 0.8425710227272727 0.9764423076923077 0.015596590909090935 0.019730769230769215
0 0.4439275568181818 0.7150384615384615 0.02134943181818186 0.027076923076923155
0 0.6112073863636364 0.192375 0.021704545454545497 0.02509615384615384
0 0.6933309659090909 0.10960576923076924 0.024900568181818225 0.02867307692307693
0 0.5777201704545455 0.8497980769230769 0.02305397727272722 0.02936538461538458
0 0.6088210227272728 0.21425 0.018011363636363645 0.020076923076923072
0 0.5582315340909091 0.856 0.022713068181818195 0.02984615384615381
0 0.10584517045454546 0.612826923076923 0.02038352272727272 0.023499999999999945
0 0.8971448863636362 0.9578557692307693 0.025767045454545435 0.03763461538461537
0 0.8487144886363635 0.7082980769230769 0.018650568181818174 0.020480769230769188
0 0.0890340909090909 0.6239903846153847 0.01974431818181818 0.02936538461538469
0 0.12396306818181818 0.6291057692307692 0.02082386363636363 0.027903846153846137
0 0.18813210227272725 0.5334423076923077 0.015923295454545464 0.02249999999999998
0 0.21914772727272724 0.5774903846153846 0.021704545454545456 0.030750000000000017
0 0.19115767045454543 0.7048846153846153 0.02643465909090909 0.029384615384615443
0 0.18685369318181821 0.643076923076923 0.02026988636363638 0.028000000000000004
0 0.10703835227272726 0.6381249999999999 0.021690340909090902 0.02867307692307686
0 0.6523508522727273 0.39584615384615385 0.011860795454545487 0.01261538461538462
0 0.24225142045454542 0.6990384615384615 0.022372159090909092 0.027538461538461633
0 0.8518963068181816 0.9645096153846154 0.018650568181818174 0.02524999999999999
0 0.6969105113636364 0.5751346153846154 0.01933238636363638 0.02430769230769228
0 0.24042613636363636 0.6747211538461538 0.021278409090909077 0.028826923076923094
0 0.04331676136363636 0.9545865384615384 0.01870738636363636 0.025326923076923108
0 0.059183238636363635 0.9881826923076923 0.01953125 0.0234807692307693
0 0.07165482954545455 0.9755192307692309 0.02061079545454546 0.030461538461538522
0 0.03979403409090909 0.9869326923076924 0.019247159090909093 0.026134615384615336
0 0.2405184659090909 0.9853653846153846 0.02541193181818184 0.02926923076923082
0 0.2466974431818182 0.5019423076923076 0.01626420454545457 0.022384615384615357
0 0.25008522727272725 0.5357115384615385 0.01653409090909089 0.026807692307692303
0 0.27191761363636363 0.5182788461538461 0.017897727272727263 0.02275000000000008
0 0.2597088068181818 0.5581153846153847 0.02061079545454544 0.026807692307692303
0 0.12497869318181819 0.04233653846153846 0.01626420454545453 0.022942307692307692
0 0.2828977272727273 0.5753653846153846 0.01926136363636364 0.027538461538461633
0 0.27774857954545457 0.5582884615384616 0.017088068181818183 0.02569230769230772
0 0.3096875 0.3347788461538461 0.0244034090909091 0.031942307692307666
0 0.3811789772727273 0.3250480769230769 0.021363636363636394 0.03028846153846154
0 0.37117897727272725 0.3071442307692307 0.02102272727272725 0.023865384615384608
0 0.37203125 0.2823653846153846 0.024744318181818204 0.028461538461538427
0 0.4526988636363637 0.31254807692307696 0.02034090909090908 0.02467307692307689
0 0.45354403409090904 0.28730769230769226 0.028821022727272758 0.021230769230769216
0 0.45396306818181825 0.27239423076923075 0.02119318181818184 0.024673076923076947
0 0.49781960227272726 0.24026923076923076 0.016519886363636358 0.018923076923076956
0 0.6991122159090909 0.5510384615384616 0.021690340909090885 0.024769230769230762
0 0.8696946022727272 0.969326923076923 0.017627840909091027 0.028461538461538483
0 0.833934659090909 0.9672596153846155 0.01931818181818185 0.030750000000000017
0 0.9337642045454544 0.8787019230769231 0.015454545454545448 0.026442307692307692
0 0.7354332386363637 0.04113461538461539 0.016946022727272816 0.022230769230769235
0 0.5202769886363636 0.19581730769230768 0.025838068181818177 0.03440384615384615
0 0.5462073863636363 0.19761538461538464 0.022556818181818258 0.03142307692307693
0 0.5089559659090909 0.40147115384615384 0.017627840909090864 0.024326923076923086
0 0.4950568181818182 0.39183653846153843 0.021704545454545497 0.02524999999999999
0 0.9032599431818181 0.8748461538461537 0.021690340909090885 0.02899999999999997
0 0.26771306818181817 0.5393846153846155 0.01653409090909089 0.021653846153846135
0 0.004673295454545454 0.6226634615384616 0.008892045454545455 0.02524999999999999
0 0.42985795454545456 0.7244423076923077 0.019659090909090956 0.020192307692307693
0 0.9191193181818181 0.8698846153846155 0.017073863636363772 0.025692307692307608
0 0.49586647727272726 0.7676634615384614 0.018636363636363642 0.027519230769230775
0 0.9211505681818182 0.9016442307692308 0.018437500000000027 0.02313461538461544
0 0.4060440340909091 0.5242211538461539 0.017627840909090944 0.01909615384615386
0 0.38529829545454547 0.601326923076923 0.017357954545454583 0.024230769230769274
0 0.49471590909090907 0.5912211538461538 0.01980113636363636 0.030480769230769273
0 0.25849431818181823 0.520846153846154 0.013835227272727246 0.019076923076923106
0 0.48482244318181816 0.5515769230769231 0.021150568181818163 0.029000000000000078
0 0.4812997159090909 0.5756249999999999 0.021150568181818163 0.02571153846153847
