0 0.6923366477272727 0.992153846153846 0.023678977272727296 0.01569230769230774
0 0.8437357954545455 0.6820576923076922 0.01931818181818169 0.025307692307692357
0 0.2731534090909091 0.40708653846153847 0.017954545454545476 0.030019230769230795
0 0.428856534090909 0.8055096153846154 0.023536931818181808 0.028788461538461593
0 0.48558948863636364 0.2696442307692308 0.021605113636363606 0.0306730769230769
0 0.06888494318181818 0.6590384615384616 0.02359375 0.03284615384615382
0 0.895887784090909 0.5861442307692307 0.018906250000000083 0.032634615384615324
0 0.8359446022727273 0.44069230769230766 0.02285511363636352 0.03199999999999997
0 0.324375 0.976173076923077 0.01974431818181819 0.028115384615384514
0 0.4438281250000001 0.1800576923076923 0.024105113636363595 0.028692307692307694
0 0.4393323863636363 0.22367307692307692 0.019943181818181846 0.027846153846153854
0 0.25327414772727275 0.32641346153846157 0.022769886363636364 0.03171153846153842
0 0.04918323863636364 0.8129519230769231 0.01711647727272727 0.02159615384615388
0 0.46585227272727275 0.30649038461538464 0.019943181818181846 0.02951923076923081
0 0.52796875 0.24897115384615384 0.015795454545454553 0.03263461538461535
0 0.23520596590909087 0.4323653846153846 0.01862215909090907 0.018615384615384575
0 0.430234375 0.5366153846153846 0.0238210227272727 0.029115384615384588
0 0.11056107954545456 0.5932788461538462 0.020269886363636358 0.024326923076923034
0 0.6663707386363636 0.9823461538461539 0.02285511363636368 0.027576923076923138
0 0.6171306818181818 0.9381826923076924 0.02451704545454544 0.03375000000000002
0 0.8566193181818181 0.7184807692307693 0.01599431818181833 0.03065384615384615
0 0.2879758522727273 0.4170673076923077 0.01879261363636362 0.025673076923076965
0 0.22948863636363637 0.4211826923076923 0.018210227272727263 0.02378846153846149
0 0.5843181818181818 0.2219423076923077 0.012585227272727291 0.022461538461538474
0 0.72609375 0.9820576923076922 0.021818181818181837 0.02249999999999998
0 0.3186008522727273 0.7752596153846154 0.018963068181818175 0.022019230769230746
0 0.05333806818181818 0.6930096153846154 0.019232954545454543 0.026942307692307675
0 0.6888423295454545 0.45457692307692305 0.025553977272727287 0.02980769230769231
0 0.4762002840909091 0.7341923076923076 0.022940340909090876 0.023615384615384673
0 0.7091122159090909 0.26382692307692307 0.025553977272727204 0.026730769230769186
0 0.1178125 0.5285961538461539 0.016448863636363633 0.02746153846153841
0 0.12049005681818183 0.672875 0.015127840909090917 0.026326923076923074
0 0.1426775568181818 0.6840096153846154 0.026605113636363642 0.03374999999999991
0 0.21634232954545454 0.3357884615384616 0.020781249999999994 0.02919230769230765
0 0.17647017045454547 0.6560192307692307 0.016292613636363636 0.02407692307692304
0 0.3762002840909091 0.33968269230769227 0.020156249999999997 0.04078846153846155
0 0.8043892045454545 0.41906730769230766 0.02312499999999996 0.031634615384615365
0 0.62046875 0.26313461538461536 0.01812499999999999 0.02376923076923074
0 0.2070880681818182 0.6688076923076922 0.013721590909090904 0.02249999999999998
0 0.5976775568181818 0.15223076923076923 0.016633522727272698 0.027538461538461526
0 0.16887784090909091 0.22889423076923077 0.02227272727272728 0.029249999999999988
0 0.80109375 0.9447884615384615 0.020568181818181843 0.02784615384615377
0 0.42075994318181825 0.9663365384615384 0.015553977272727256 0.023403846153846074
0 0.4772869318181818 0.6863653846153845 0.0234375 0.030153846153846166
0 0.7187997159090909 0.13148076923076923 0.01921874999999996 0.03023076923076924
0 0.021015625 0.3698942307692308 0.018281250000000002 0.028365384615384615
0 0.7674431818181818 0.95675 0.01931818181818185 0.02980769230769231
0 0.08118607954545455 0.7185576923076923 0.02492897727272728 0.03442307692307699
0 0.32181818181818184 0.801278846153846 0.02235795454545456 0.0318653846153846
0 0.4962073863636363 0.6907019230769231 0.01582386363636362 0.019980769230769205
0 0.012038352272727272 0.7386923076923076 0.022599431818181817 0.03196153846153847
0 0.49513494318181817 0.72775 0.016548295454545423 0.02242307692307686
0 0.044481534090909096 0.7649423076923076 0.023849431818181818 0.019269230769230733
0 0.45795454545454545 0.15025 0.018693181818181855 0.03149999999999999
0 0.5205965909090909 0.34839423076923076 0.01931818181818185 0.023903846153846168
0 0.33157670454545457 0.6697596153846154 0.01556818181818183 0.035596153846153826
0 0.006867897727272727 0.29752884615384617 0.013735795454545454 0.033403846153846166
0 0.7331036931818182 0.2520576923076923 0.019730113636363535 0.02461538461538461
0 0.7588210227272728 0.9873749999999999 0.02119318181818176 0.02524999999999999
0 0.4974289772727273 0.22549038461538462 0.022017045454545456 0.03290384615384615
0 0.3610298295454546 0.23688461538461536 0.02680397727272732 0.02869230769230767
0 0.05540482954545454 0.6178076923076923 0.023934659090909093 0.030384615384615406
0 0.022009943181818183 0.42941346153846155 0.020610795454545455 0.030826923076923078
0 0.3150213068181818 0.6475673076923077 0.017542613636363627 0.021980769230769245
0 0.7007528409090908 0.13447115384615385 0.01792613636363637 0.028480769230769223
0 0.8296235795454546 0.4170288461538461 0.027997159090908982 0.0318653846153846
0 0.4066122159090909 0.31691346153846156 0.016832386363636397 0.03374999999999997
0 0.07792613636363636 0.6827403846153846 0.013948863636363636 0.027326923076923037
0 0.3269602272727273 0.14068269230769231 0.017244318181818163 0.0309423076923077
0 0.18757102272727275 0.23080769230769232 0.019772727272727254 0.025884615384615374
0 0.702684659090909 0.23260576923076925 0.023892045454545527 0.026711538461538464
0 0.32758522727272726 0.6172019230769231 0.02451704545454544 0.0306730769230769
0 0.509580965909091 0.24138461538461536 0.02140624999999999 0.02869230769230767
0 0.7144602272727273 0.9642019230769231 0.021818181818181837 0.03178846153846149
0 0.48070312499999995 0.14842307692307694 0.02305397727272722 0.030653846153846177
0 0.7091619318181818 0.9902211538461537 0.011221590909090877 0.018557692307692372
0 0.25814630681818185 0.7957692307692308 0.017940340909090944 0.02865384615384611
0 0.2681747159090909 0.7274326923076923 0.022599431818181814 0.024326923076923034
0 0.7604261363636364 0.5941634615384616 0.02306818181818183 0.03290384615384607
0 0.6364488636363637 0.9460576923076923 0.023267045454545447 0.03488461538461536
0 0.25503551136363634 0.4106346153846154 0.020326704545454547 0.02888461538461535
0 0.09057528409090909 0.7713269230769232 0.02376420454545454 0.028346153846153754
0 0.40746448863636364 0.962826923076923 0.020355113636363612 0.031153846153846133
0 0.12688920454545455 0.2772596153846154 0.013409090909090905 0.020173076923076887
0 0.17441051136363636 0.7213173076923077 0.02194602272727271 0.030826923076923134
0 0.43509943181818184 0.1441826923076923 0.015653409090909065 0.01717307692307691
0 0.46490056818181813 0.8110288461538462 0.024261363636363612 0.035096153846153846
0 0.6051775568181817 0.27288461538461534 0.021036931818181823 0.03165384615384617
0 0.4742613636363636 0.187375 0.01931818181818185 0.03263461538461538
0 0.6007173295454545 0.5085480769230769 0.019616477272727275 0.0332884615384616
0 0.011555397727272727 0.9742115384615385 0.021008522727272726 0.029884615384615423
0 0.7612713068181818 0.3508846153846154 0.022769886363636485 0.03173076923076923
0 0.2698295454545454 0.7514423076923077 0.021818181818181796 0.02784615384615388
0 0.6037784090909091 0.24841346153846156 0.016022727272727234 0.02374999999999999
0 0.6887002840909091 0.9619519230769231 0.0193323863636363 0.02617307692307684
0 0.6221875 0.5565384615384615 0.02380681818181817 0.031153846153846133
0 0.7467329545454546 0.250125 0.020511363636363553 0.028480769230769237
0 0.29787642045454543 0.3950096153846154 0.021150568181818204 0.02863461538461536
0 0.8205255681818183 0.9436730769230769 0.02119318181818176 0.02334615384615382
0 0.7009588068181819 0.9722115384615384 0.01723011363636363 0.025884615384615346
0 0.3256747159090909 0.899 0.023366477272727258 0.030576923076923144
0 0.2940482954545454 0.7393846153846154 0.03181818181818183 0.04000000000000002
0 0.7656676136363636 0.3189326923076923 0.019943181818181766 0.023634615384615424
0 0.3386008522727273 0.6040576923076924 0.018480113636363624 0.018846153846153867
0 0.8341335227272727 0.9559038461538462 0.01931818181818185 0.02419230769230777
0 0.10528409090909091 0.6714134615384615 0.016619318181818186 0.030596153846153783
0 0.3017258522727273 0.7063653846153847 0.02098011363636365 0.03123076923076925
0 0.34202414772727274 0.5887211538461539 0.021605113636363606 0.023634615384615313
0 0.7408522727272726 0.9932788461538461 0.01599431818181833 0.01344230769230771
0 0.1283664772727273 0.5438365384615383 0.017528409090909094 0.02109615384615379
0 0.16289062499999998 0.14225961538461537 0.024275568181818186 0.03105769230769229
0 0.47093749999999995 0.26064423076923077 0.01974431818181823 0.03178846153846157
0 0.7786647727272729 0.9284711538461539 0.01931818181818185 0.030096153846153804
0 0.3194034090909091 0.6339326923076922 0.018494318181818195 0.02109615384615379
0 0.09630681818181817 0.7316057692307693 0.02161931818181818 0.030365384615384544
0 0.5393536931818183 0.05025961538461538 0.017144886363636355 0.026019230769230763
0 0.714921875 0.2791346153846153 0.018707386363636305 0.025307692307692302
0 0.7894673295454546 0.9930384615384615 0.020156249999999917 0.013499999999999965
0 0.1664275568181818 0.43408653846153844 0.02194602272727273 0.02971153846153844
0 0.7149076704545455 0.05342307692307693 0.021292613636363648 0.029538461538461538
0 0.21592329545454544 0.6516538461538461 0.020568181818181805 0.023076923076923078
0 0.03214488636363637 0.6862211538461538 0.023977272727272732 0.040173076923076895
0 0.4424715909090909 0.32280769230769235 0.021818181818181837 0.030653846153846205
0 0.1668181818181818 0.20113461538461538 0.018494318181818178 0.021923076923076934
0 0.6996519886363637 0.4739903846153846 0.023480113636363598 0.027557692307692276
0 0.2787002840909091 0.4302115384615384 0.016292613636363636 0.01834615384615383
0 0.11158380681818182 0.7155769230769231 0.025923295454545456 0.03465384615384623
0 0.6989204545454545 0.4993076923076923 0.02119318181818184 0.022500000000000034
0 0.32789772727272726 0.24391346153846152 0.02451704545454544 0.03263461538461538
0 0.4936789772727273 0.7745673076923076 0.013636363636363669 0.02109615384615379
0 0.5531178977272727 0.06415384615384616 0.017144886363636355 0.022153846153846146
0 0.009346590909090909 0.3775480769230769 0.018693181818181817 0.032403846153846144
0 0.7978764204545453 0.9156826923076923 0.020355113636363695 0.030365384615384655
0 0.5419886363636364 0.21072115384615386 0.020142045454545385 0.0303653846153846
0 0.5526491477272727 0.9886153846153847 0.020781249999999994 0.022769230769230722
0 0.8605610795454546 0.6874038461538461 0.016832386363636397 0.023615384615384562
0 0.1625568181818182 0.17590384615384616 0.01696022727272727 0.028576923076923076
0 0.3011789772727273 0.4315 0.02082386363636367 0.02750000000000002
0 0.4938423295454545 0.7075384615384616 0.012656250000000036 0.020653846153846172
0 0.3330965909090909 0.12395192307692307 0.02119318181818184 0.031211538461538443
0 0.7178267045454546 0.5039423076923076 0.018693181818181855 0.03234615384615383
0 0.5017897727272728 0.7512692307692307 0.016221590909090932 0.023730769230769184
0 0.09772017045454545 0.8078846153846154 0.023423295454545467 0.02903846153846147
0 0.01723721590909091 0.2085769230769231 0.01791193181818182 0.025653846153846135
0 0.1359872159090909 0.6637884615384616 0.02166193181818182 0.0238461538461538
0 0.6260014204545454 0.2888557692307692 0.02061079545454544 0.030788461538461577
0 0.037720170454545454 0.654653846153846 0.020099431818181822 0.02723076923076928
0 0.2011505681818182 0.31486538461538466 0.023636363636363657 0.03165384615384617
0 0.8687215909090908 0.9198942307692308 0.02369318181818175 0.02924999999999996
0 0.8217116477272728 0.7059711538461538 0.020156250000000077 0.032057692307692336
0 0.09279829545454545 0.6197211538461538 0.018948863636363642 0.030596153846153783
0 0.6935014204545454 0.3037403846153846 0.022599431818181855 0.03517307692307691
0 0.7391619318181818 0.3244519230769231 0.017443181818181778 0.02924999999999996
0 0.7024360795454545 0.009134615384615385 0.021292613636363648 0.01826923076923077
0 0.940859375 0.5570384615384615 0.026178977272727364 0.03346153846153853
0 0.7773082386363636 0.3970096153846154 0.01396306818181824 0.024980769230769247
0 0.1846590909090909 0.8664711538461538 0.024943181818181823 0.03586538461538457
0 0.7413636363636364 0.9311538461538461 0.022443181818181914 0.03149999999999999
0 0.5673011363636363 0.1150576923076923 0.019943181818181766 0.03673076923076922
0 0.4834019886363637 0.31296153846153846 0.018906250000000003 0.03234615384615383
0 0.12305397727272727 0.5689807692307692 0.017954545454545456 0.030384615384615298
0 0.1101278409090909 0.6140673076923077 0.015937499999999997 0.01882692307692301
0 0.40424005681818187 0.6225 0.022400568181818237 0.03426923076923075
0 0.049048295454545456 0.9782596153846155 0.018892045454545457 0.02609615384615383
0 0.23007812500000002 0.6087788461538461 0.017088068181818183 0.022365384615384606
0 0.45722301136363636 0.18933653846153847 0.02098011363636361 0.03825
0 0.08833096590909091 0.6878365384615385 0.02061079545454545 0.0324038461538462
0 0.8429048295454545 0.5919134615384615 0.022656250000000065 0.028980769230769216
0 0.7003551136363636 0.029163461538461537 0.020255681818181805 0.02671153846153846
0 0.48523437500000005 0.7517019230769231 0.018821022727272728 0.028134615384615376
0 0.15105823863636364 0.41191346153846153 0.02177556818181818 0.03532692307692309
0 0.22983664772727275 0.6742980769230769 0.021803977272727263 0.03459615384615387
0 0.05521306818181819 0.9936346153846155 0.018693181818181824 0.01273076923076924
0 0.19660511363636363 0.34791346153846153 0.021818181818181837 0.028134615384615376
0 0.46240056818181813 0.9908942307692308 0.024147727272727272 0.018211538461538515
0 0.7691619318181818 0.34223076923076917 0.01894886363636352 0.02565384615384616
0 0.2946590909090909 0.13814423076923077 0.022443181818181834 0.030942307692307686
0 0.028828125000000003 0.3575096153846154 0.01694602272727273 0.024750000000000008
0 0.3463210227272727 0.911125 0.02258522727272724 0.03375000000000002
0 0.5085440340909091 0.26992307692307693 0.024303977272727293 0.027846153846153826
0 0.7601704545454546 0.9296057692307692 0.017244318181818163 0.026173076923076948
0 0.19907670454545456 0.3765673076923077 0.014801136363636386 0.028480769230769237
0 0.2746803977272727 0.4487019230769231 0.017144886363636355 0.017480769230769237
0 0.12366477272727273 0.652875 0.022755681818181814 0.02805769230769237
0 0.24163352272727276 0.7437403846153846 0.02150568181818184 0.026826923076923165
0 0.7881107954545453 0.33310576923076923 0.021931818181818098 0.027673076923076897
0 0.785859375 0.42574999999999996 0.021292613636363648 0.032692307692307694
0 0.2549928977272727 0.7182115384615385 0.013025568181818164 0.029423076923076944
0 0.5693039772727272 0.47075 0.024261363636363612 0.02249999999999998
0 0.25298295454545455 0.818576923076923 0.021846590909090902 0.02888461538461546
0 0.8360440340909091 0.6678557692307692 0.020156249999999917 0.02501923076923086
0 0.61 0.4919423076923077 0.02144886363636367 0.03576923076923081
0 0.07000710227272727 0.6860384615384616 0.01734375 0.02403846153846154
0 0.04919034090909091 0.6691634615384615 0.02110795454545455 0.024750000000000008
0 0.4289772727272727 0.34348076923076926 0.020568181818181843 0.02138461538461534
0 0.8418678977272727 0.7294519230769231 0.0230539772727273 0.039096153846153926
0 0.0953125 0.8616634615384615 0.021278409090909098 0.027673076923076897
0 0.5901633522727273 0.4859326923076923 0.01845170454545456 0.02317307692307689
0 0.8436860795454546 0.9301730769230769 0.023480113636363598 0.026153846153846198
0 0.8024005681818182 0.36483653846153846 0.01230113636363648 0.029942307692307678
0 0.4975781249999999 0.8152115384615384 0.01558238636363632 0.03561538461538469
0 0.5069389204545455 0.9738846153846155 0.023366477272727258 0.030576923076923033
0 0.09879971590909092 0.8863076923076924 0.02225852272727273 0.028807692307692343
0 0.621044034090909 0.2549903846153846 0.020411931818181826 0.04209615384615382
0 0.31428267045454544 0.7537115384615384 0.01643465909090908 0.02750000000000002
0 0.36264914772727275 0.5177019230769232 0.018792613636363663 0.031634615384615365
0 0.6999644886363636 0.5246153846153846 0.020781249999999994 0.028115384615384625
0 0.7230823863636364 0.9953942307692308 0.02076704545454546 0.00921153846153839
0 0.18115056818181818 0.36690384615384614 0.024147727272727272 0.03303846153846155
0 0.4969389204545455 0.9447019230769231 0.02311079545454551 0.033403846153846166
0 0.15241477272727275 0.16341346153846154 0.016619318181818186 0.022057692307692306
0 0.74265625 0.4587980769230769 0.030965909090909106 0.028134615384615376
0 0.3057670454545454 0.6721730769230768 0.016562499999999994 0.02899999999999997
0 0.03586647727272727 0.7168557692307692 0.012727272727272728 0.02255769230769234
0 0.75703125 0.32591346153846157 0.01761363636363633 0.02363461538461537
0 0.33008522727272727 0.5444711538461539 0.022727272727272728 0.02724999999999992
0 0.3028622159090909 0.19130769230769232 0.025553977272727287 0.036
0 0.3482528409090909 0.1710576923076923 0.021193181818181802 0.03149999999999999
0 0.5100213068181817 0.7204615384615385 0.01711647727272729 0.013730769230769204
0 0.6781463068181818 0.5334807692307691 0.0228551136363636 0.03065384615384615
0 0.39160511363636363 0.6836730769230769 0.018607954545454577 0.02926923076923082
0 0.4406036931818182 0.15601923076923077 0.028053977272727272 0.027846153846153854
0 0.9920738636363637 0.5047403846153847 0.015852272727272684 0.03132692307692311
0 0.5557244318181819 0.18552884615384616 0.019943181818181846 0.02609615384615386
0 0.550390625 0.030048076923076924 0.022599431818181855 0.015826923076923075
0 0.30468039772727273 0.40363461538461537 0.017372159090909115 0.02942307692307689
0 0.3771306818181818 0.15460576923076924 0.02451704545454544 0.03517307692307693
0 0.8348934659090909 0.40686538461538463 0.020696022727272636 0.03130769230769231
0 0.3304971590909091 0.3032596153846154 0.01931818181818181 0.0303653846153846
0 0.7477485795454545 0.5769423076923077 0.02492897727272737 0.03149999999999999
0 0.331328125 0.1795 0.02098011363636361 0.03488461538461539
0 0.6515838068181818 0.4824423076923077 0.01947443181818179 0.023846153846153857
0 0.8674147727272729 0.7076538461538462 0.01931818181818185 0.030384615384615406
0 0.10277698863636363 0.5683076923076923 0.02492897727272727 0.03307692307692305
0 0.12624289772727273 0.19176923076923078 0.020099431818181825 0.027461538461538464
0 0.13518465909090907 0.4316057692307692 0.022926136363636364 0.031057692307692265
0 0.15575994318181818 0.6565384615384615 0.018821022727272728 0.028115384615384625
0 0.6861505681818182 0.5115384615384615 0.020568181818181843 0.025038461538461503
0 0.5653693181818181 0.271125 0.0208806818181818 0.030249999999999982
0 0.42993607954545454 0.9706538461538462 0.013167613636363611 0.029538461538461454
0 0.1546590909090909 0.21010576923076923 0.020113636363636358 0.030365384615384627
0 0.5806392045454545 0.03971153846153846 0.020255681818181805 0.02811538461538462
0 0.46501420454545456 0.08133653846153846 0.023267045454545447 0.027557692307692304
0 0.2991761363636364 0.3832307692307692 0.021448863636363627 0.02549999999999998
0 0.29745738636363633 0.1630480769230769 0.020568181818181843 0.030096153846153856
0 0.02438210227272727 0.9572019230769231 0.022741477272727274 0.0336730769230769
0 0.5721164772727273 0.21897115384615387 0.012215909090909043 0.022211538461538456
0 0.21706676136363637 0.676548076923077 0.014957386363636365 0.024480769230769264
0 0.8497585227272727 0.7707980769230769 0.025965909090909053 0.03178846153846149
0 0.028551136363636365 0.738951923076923 0.017329545454545455 0.026403846153846187
0 0.5695525568181818 0.19759615384615384 0.018877840909090938 0.023230769230769256
0 0.6425213068181819 0.5072019230769231 0.022428977272727302 0.026557692307692313
0 0.48044034090909093 0.7142692307692307 0.01744318181818186 0.025653846153846107
0 0.565830965909091 0.02828846153846154 0.01674715909090912 0.02376923076923077
0 0.024509943181818185 0.5392211538461538 0.022599431818181817 0.0294807692307692
0 0.6237286931818182 0.5327115384615384 0.015127840909090957 0.018230769230769266
0 0.6109517045454546 0.4607307692307692 0.017954545454545435 0.028192307692307687
0 0.240625 0.8019615384615384 0.0215056818181818 0.030500000000000027
0 0.022599431818181817 0.9881442307692309 0.020767045454545455 0.02371153846153843
0 0.10235795454545454 0.5230769230769231 0.02045454545454546 0.02676923076923069
0 0.20504261363636367 0.3985480769230769 0.018437499999999985 0.023903846153846168
0 0.3815482954545455 0.3759134615384615 0.021534090909090944 0.03078846153846152
0 0.5800284090909091 0.46860576923076924 0.019119318181818154 0.027673076923076953
0 0.689715909090909 0.04779807692307692 0.017130681818181823 0.02321153846153846
0 0.37497159090909093 0.47673076923076924 0.02034090909090908 0.027538461538461526
0 0.17990767045454545 0.2101346153846154 0.02098011363636363 0.022500000000000006
0 0.2305681818181818 0.6418076923076923 0.022443181818181834 0.028692307692307722
0 0.8241548295454546 0.9906057692307693 0.028053977272727272 0.018788461538461504
0 0.08806818181818182 0.597951923076923 0.015795454545454553 0.015749999999999997
0 0.10536931818181819 0.8298269230769231 0.025426136363636352 0.028807692307692343
0 0.5254758522727273 0.2823076923076923 0.020781249999999994 0.027846153846153826
0 0.38688920454545456 0.40360576923076924 0.022727272727272728 0.032519230769230814
0 0.3406107954545454 0.5459807692307693 0.019886363636363636 0.022346153846153856
0 0.46377130681818185 0.13070192307692308 0.018281250000000006 0.027288461538461546
0 0.34593039772727274 0.9926538461538463 0.018707386363636388 0.014692307692307666
0 0.21790482954545454 0.40813461538461543 0.022883522727272745 0.025884615384615398
0 0.051953125 0.4159519230769231 0.020781249999999998 0.025673076923076913
0 0.24386363636363637 0.661076923076923 0.019943181818181808 0.03176923076923074
0 0.7463423295454544 0.2972403846153846 0.020781249999999994 0.032711538461538445
0 0.32904829545454545 0.9265961538461539 0.022329545454545453 0.025307692307692357
0 0.8150142045454545 0.9132884615384615 0.015170454545454636 0.019961538461538454
0 0.7485014204545454 0.34225961538461536 0.012656249999999954 0.015250000000000014
0 0.06871448863636363 0.7536538461538461 0.02194602272727273 0.03173076923076923
0 0.5036931818181819 0.9956442307692308 0.022585227272727323 0.00871153846153841
0 0.0048579545454545455 0.3655 0.009715909090909091 0.03576923076923081
0 0.14443892045454546 0.1825384615384615 0.01927556818181817 0.03103846153846154
0 0.366640625 0.9680480769230769 0.020071022727272722 0.02971153846153844
0 0.032464488636363635 0.9762884615384616 0.014332386363636363 0.02700000000000015
0 0.30691051136363634 0.8081538461538462 0.018963068181818213 0.026346153846153825
0 0.20997869318181817 0.36391346153846155 0.019474431818181828 0.02636538461538463
0 0.7386079545454546 0.4986057692307692 0.02451704545454544 0.03459615384615381
0 0.13453125000000002 0.5297788461538462 0.01622159090909091 0.0193269230769231
0 0.8522514204545455 0.7443557692307692 0.023480113636363598 0.0210961538461539
0 0.6328480113636363 0.4932884615384615 0.02492897727272729 0.023615384615384562
0 0.3005823863636364 0.7547211538461538 0.017613636363636373 0.020903846153846162
0 0.7132386363636364 0.18596153846153843 0.02000000000000006 0.022500000000000006
0 0.27441051136363637 0.7683942307692307 0.02044034090909089 0.018019230769230777
0 0.4958664772727273 0.29960576923076926 0.020142045454545465 0.03205769230769229
0 0.3146377840909091 0.8330769230769232 0.02467329545454546 0.03234615384615383
0 0.12068892045454546 0.6183365384615384 0.015241477272727278 0.024365384615384646
0 0.7871946022727272 0.3605576923076923 0.020781249999999994 0.03038461538461535
0 0.037450284090909086 0.9932115384615385 0.01808238636363636 0.013576923076922973
0 0.8326775568181817 0.9685673076923076 0.014332386363636408 0.0247499999999999
0 0.04645596590909091 0.17025961538461537 0.026491477272727274 0.029173076923076927
0 0.820049715909091 0.6609615384615386 0.021803977272727305 0.030384615384615406
0 0.8034019886363637 0.39149999999999996 0.013622159090909136 0.02611538461538464
0 0.15445312500000002 0.6654615384615384 0.021150568181818184 0.028230769230769243
0 0.7866974431818182 0.4036442307692308 0.020781249999999994 0.015749999999999997
0 0.0644034090909091 0.962875 0.025397727272727277 0.033826923076923136
0 0.7068181818181819 0.5469807692307692 0.024090909090909062 0.03176923076923074
0 0.18303267045454544 0.4699807692307692 0.02012784090909091 0.027692307692307704
0 0.3641051136363637 0.9894903846153845 0.0181818181818182 0.021019230769230783
0 0.11533380681818181 0.8680769230769231 0.02044034090909091 0.029692307692307688
0 0.5153125 0.6366826923076923 0.020255681818181884 0.02144230769230765
0 0.640049715909091 0.5302115384615385 0.021434659090909056 0.03007692307692305
0 0.5536292613636363 0.04375 0.013508522727272715 0.017923076923076924
0 0.42390625 0.7920384615384616 0.01829545454545454 0.01557692307692312
0 0.877237215909091 0.09028846153846154 0.01825284090909094 0.02526923076923077
0 0.3790909090909091 0.5045288461538462 0.023267045454545447 0.033480769230769224
0 0.2955113636363636 0.6835673076923077 0.015909090909090894 0.023288461538461563
0 0.11931107954545456 0.4252019230769231 0.02044034090909091 0.027673076923076953
0 0.5394957386363636 0.3506538461538461 0.018906250000000003 0.024461538461538458
0 0.2975852272727273 0.797653846153846 0.014772727272727241 0.023538461538461446
0 0.173671875 0.15977884615384613 0.02348011363636364 0.026442307692307692
0 0.7567826704545456 0.3073461538461538 0.026093750000000006 0.028346153846153865
0 0.5374147727272728 0.3855288461538462 0.021818181818181757 0.030096153846153856
0 0.36000710227272725 0.4182211538461538 0.024730113636363592 0.035096153846153846
0 0.12968039772727272 0.5081153846153846 0.022400568181818195 0.02638461538461533
0 0.051768465909090906 0.9094807692307693 0.02492897727272727 0.03600000000000005
0 0.35389204545454545 0.37168269230769224 0.022329545454545453 0.02951923076923076
0 0.46818892045454547 0.7589615384615384 0.021747159090909095 0.025923076923076847
0 0.6855752840909091 0.21672115384615384 0.021292613636363648 0.026365384615384603
0 0.7879403409090909 0.38925 0.021278409090909115 0.027000000000000038
0 0.49888494318181825 0.07739423076923077 0.0162073863636364 0.0320576923076923
0 0.118515625 0.21010576923076923 0.01927556818181817 0.027673076923076925
0 0.44389914772727274 0.8068076923076923 0.02285511363636368 0.027423076923076904
0 0.5114346590909091 0.7011057692307692 0.02093750000000001 0.027673076923076897
0 0.5402059659090909 0.5090769230769231 0.022826704545454535 0.027769230769230765
0 0.3855539772727272 0.5843461538461538 0.022443181818181834 0.027000000000000038
0 0.7853693181818183 0.3065576923076923 0.026420454545454577 0.02946153846153845
0 0.24818181818181817 0.6146634615384615 0.020852272727272737 0.024711538461538507
0 0.7140056818181818 0.21197115384615384 0.024034090909090932 0.032980769230769216
0 0.7513352272727274 0.956326923076923 0.01994318181818193 0.02842307692307698
0 0.13303977272727271 0.8413076923076923 0.021931818181818177 0.03149999999999999
0 0.03448153409090909 0.4431346153846154 0.021605113636363634 0.029038461538461527
0 0.362265625 0.5898653846153846 0.018934659090909068 0.029384615384615443
0 0.8275852272727273 0.9030288461538462 0.02119318181818192 0.030942307692307755
0 0.5664346590909091 0.05322115384615385 0.017954545454545435 0.027173076923076928
0 0.3285440340909091 0.5674615384615385 0.014133522727272751 0.021653846153846135
0 0.3409943181818182 0.9814423076923078 0.020255681818181805 0.030230769230769283
0 0.38671875 0.6121730769230769 0.02434659090909089 0.03384615384615389
0 0.5915767045454546 0.24504807692307695 0.013352272727272775 0.029442307692307722
0 0.45982244318181825 0.10468269230769231 0.023678977272727296 0.023634615384615382
0 0.13808948863636364 0.710971153846154 0.015127840909090917 0.023634615384615424
0 0.4513565340909091 0.8310576923076922 0.021434659090909136 0.02746153846153852
0 0.7521874999999999 0.27421153846153845 0.018437500000000027 0.02249999999999998
0 0.57859375 0.18301923076923074 0.01835227272727275 0.024307692307692308
0 0.3435866477272727 0.5628461538461539 0.02348011363636364 0.028692307692307614
0 0.12406960227272727 0.640125 0.02194602272727271 0.027519230769230775
0 0.07493607954545455 0.6135384615384615 0.019446022727272735 0.030384615384615406
0 0.2765198863636364 0.7097115384615384 0.02403409090909089 0.01757692307692305
0 0.6060511363636363 0.5357596153846155 0.021164772727272775 0.03259615384615382
0 0.2021164772727273 0.6317307692307692 0.02258522727272728 0.02746153846153841
0 0.2480255681818182 0.7089615384615384 0.01707386363636365 0.026230769230769314
0 0.3223366477272727 0.5861249999999999 0.019474431818181828 0.032096153846153844
0 0.7961647727272727 0.3403076923076923 0.01877840909090913 0.021384615384615394
0 0.22181818181818186 0.6238846153846153 0.016818181818181822 0.025884615384615346
0 0.5567258522727273 0.22172115384615385 0.017940340909090902 0.0300576923076923
0 0.29954545454545456 0.7747980769230769 0.020482954545454568 0.026596153846153815
0 0.4828835227272728 0.07515384615384615 0.014971590909090938 0.028692307692307687
0 0.5629758522727273 0.15177884615384615 0.02140624999999999 0.034211538461538446
0 0.4862073863636364 0.3544423076923077 0.023267045454545447 0.03149999999999999
0 0.13995738636363636 0.2324903846153846 0.025596590909090923 0.03059615384615384
0 0.7004332386363636 0.21902884615384619 0.013508522727272715 0.01771153846153845
0 0.7040269886363636 0.2525769230769231 0.022428977272727222 0.026153846153846114
0 0.8394744318181818 0.7027307692307693 0.01786931818181808 0.029538461538461565
0 0.5607812499999999 0.08976923076923077 0.023409090909090855 0.03149999999999999
0 0.9541619318181819 0.7931634615384615 0.025340909090909136 0.030942307692307755
0 0.7323295454545454 0.9533653846153847 0.020568181818181763 0.028692307692307614
0 0.3670525568181818 0.39337500000000003 0.023934659090909083 0.0318653846153846
0 0.4145099431818183 0.9857788461538461 0.02086647727272727 0.028442307692307732
0 0.23424005681818183 0.331923076923077 0.017940340909090902 0.028807692307692288
0 0.9155184659090909 0.5947211538461539 0.01953125 0.031211538461538495
0 0.12533380681818182 0.5944615384615385 0.019701704545454553 0.02511538461538462
0 0.103515625 0.6371634615384615 0.019446022727272725 0.030826923076923026
0 0.2455752840909091 0.6356442307692307 0.013906249999999988 0.017249999999999942
0 0.042230113636363635 0.7573846153846154 0.018693181818181824 0.02842307692307698
0 0.14233664772727272 0.450625 0.02061079545454544 0.027673076923076953
0 0.006434659090909092 0.5348365384615384 0.012869318181818183 0.035557692307692325
0 0.5108522727272727 0.7704230769230769 0.02144886363636367 0.03307692307692316
0 0.1957386363636364 0.6556538461538461 0.022017045454545456 0.021192307692307656
0 0.3812713068181818 0.9900961538461539 0.018735795454545453 0.019807692307692328
0 0.20698863636363637 0.8698173076923077 0.021818181818181837 0.04044230769230764
0 0.37443892045454547 0.5768942307692307 0.018906250000000003 0.026711538461538436
0 0.3334161931818182 0.42549038461538463 0.01396306818181816 0.01232692307692307
0 0.31887784090909094 0.40971153846153846 0.017386363636363648 0.027461538461538464
0 0.9021164772727271 0.6158173076923077 0.02264204545454537 0.031211538461538388
0 0.18773437499999998 0.13201923076923078 0.017457386363636373 0.021384615384615367
0 0.34889204545454544 0.6721538461538461 0.02596590909090909 0.036038461538461554
0 0.47696022727272724 0.7796153846153846 0.01980113636363636 0.02769230769230776
0 0.17280539772727274 0.5207403846153845 0.021747159090909095 0.026365384615384575
0 0.2540838068181818 0.7653942307692307 0.02166193181818182 0.03163461538461547
0 0.32183948863636364 0.6724038461538461 0.015582386363636362 0.03296153846153854
0 0.2874928977272727 0.8069903846153846 0.016008522727272743 0.028134615384615376
0 0.5279616477272727 0.22197115384615387 0.02285511363636368 0.027557692307692304
0 0.8013068181818181 0.9775576923076924 0.016420454545454467 0.027000000000000038
0 0.060660511363636364 0.6827307692307691 0.01274147727272727 0.022923076923076952
0 0.6876491477272727 0.2699903846153846 0.02492897727272729 0.03444230769230769
0 0.7000639204545455 0.2003076923076923 0.014673295454545432 0.026653846153846153
0 0.4837713068181818 0.8040096153846155 0.017201704545454565 0.031634615384615365
0 0.32683948863636364 0.38381730769230765 0.01825284090909094 0.024326923076923086
0 0.17948863636363635 0.18551923076923077 0.020568181818181805 0.03123076923076925
0 0.6213494318181818 0.7190769230769231 0.024630681818181864 0.03176923076923074
0 0.7847869318181818 0.9512596153846153 0.019119318181818234 0.025596153846153852
0 0.04358664772727273 0.7122692307692308 0.011917613636363643 0.020346153846153923
0 0.5793963068181818 0.2593461538461539 0.01754261363636359 0.029346153846153855
0 0.385390625 0.9663269230769231 0.019019886363636343 0.029884615384615315
0 0.5482173295454545 0.1118173076923077 0.020071022727272722 0.031326923076923086
0 0.10619318181818181 0.7864038461538462 0.021448863636363648 0.03149999999999999
0 0.5124360795454546 0.7394807692307692 0.017940340909090902 0.02430769230769239
0 0.18955965909090908 0.19578846153846155 0.013295454545454525 0.023615384615384618
0 0.8588920454545454 0.667125 0.019943181818181766 0.020711538461538535
0 0.4525284090909091 0.2200096153846154 0.013494318181818182 0.021096153846153844
0 0.5723792613636364 0.48897115384615386 0.01845170454545456 0.023865384615384663
0 0.6702556818181818 0.20142307692307693 0.020255681818181805 0.029538461538461538
0 0.29171875 0.4413846153846154 0.009318181818181821 0.023499999999999997
0 0.33061079545454547 0.952798076923077 0.022329545454545494 0.026365384615384575
0 0.5654971590909091 0.24674038461538464 0.019545454545454533 0.019980769230769233
0 0.09630681818181817 0.7614230769230769 0.020596590909090908 0.026538461538461452
0 0.8160511363636364 0.9682788461538462 0.020568181818181843 0.02701923076923068
0 0.6207386363636364 0.5129134615384616 0.02011363636363632 0.023173076923076946
0 0.6840269886363637 0.9841442307692307 0.01745738636363631 0.03171153846153848
0 0.46186079545454545 0.7136923076923077 0.02076704545454546 0.03473076923076923
0 0.5343039772727273 0.13914423076923074 0.02306818181818183 0.03459615384615384
0 0.2634161931818182 0.43197115384615387 0.019815340909090894 0.026134615384615336
0 0.32050426136363636 0.4297788461538462 0.016519886363636358 0.016903846153846137
0 0.35717329545454546 0.6251346153846155 0.023039772727272725 0.03426923076923075
0 0.7284232954545454 0.29917307692307693 0.015056818181818215 0.025307692307692302
0 0.4572088068181818 0.23885576923076923 0.018281250000000006 0.026173076923076896
0 0.05309659090909091 0.645201923076923 0.021931818181818184 0.02721153846153842
0 0.9136434659090908 0.5678653846153845 0.018281250000000006 0.023615384615384673
0 0.47590909090909084 0.9752884615384615 0.02312500000000004 0.024961538461538386
0 0.714268465909091 0.30163461538461545 0.021036931818181823 0.03165384615384617
0 0.6861008522727272 0.19 0.023366477272727258 0.03057692307692309
0 0.6001420454545454 0.1075 0.01835227272727267 0.026653846153846153
0 0.1291974431818182 0.4805480769230769 0.02194602272727273 0.028134615384615376
0 0.6979119318181818 0.173125 0.024147727272727272 0.028480769230769237
0 0.41171164772727276 0.7833557692307693 0.025923295454545456 0.037788461538461604
0 0.8419673295454545 0.5656153846153846 0.02285511363636352 0.02699999999999993
0 0.14880681818181818 0.48346153846153844 0.017954545454545456 0.029807692307692254
0 0.5799431818181818 0.511576923076923 0.020937499999999932 0.028576923076923104
0 0.7798011363636363 0.97925 0.025340909090909136 0.03542307692307684
0 0.5049076704545455 0.33728846153846154 0.021605113636363606 0.037115384615384585
0 0.28576704545454545 0.7773942307692308 0.015909090909090894 0.034288461538461615
0 0.7264559659090909 0.4755384615384615 0.022230113636363603 0.02784615384615388
0 0.10212357954545453 0.7553461538461538 0.02492897727272728 0.030153846153846166
0 0.07020596590909091 0.7063076923076923 0.021264204545454544 0.02642307692307683
0 0.5402201704545454 0.25782692307692306 0.023678977272727216 0.03065384615384615
0 0.48291903409090914 0.9918173076923077 0.01740056818181818 0.015826923076923113
0 0.1903622159090909 0.6782211538461538 0.022940340909090917 0.03375000000000002
0 0.2869034090909091 0.7204807692307692 0.017528409090909094 0.02769230769230776
0 0.7323224431818182 0.27421153846153845 0.022343749999999944 0.024615384615384636
0 0.36093039772727276 0.13716346153846154 0.02450284090909095 0.03628846153846155
0 0.043593749999999994 0.7330865384615386 0.018153409090909088 0.024211538461538413
0 0.6118394886363636 0.29912500000000003 0.013821022727272753 0.02105769230769234
0 0.4971803977272727 0.025875 0.022599431818181855 0.034096153846153845
0 0.27866477272727275 0.1267596153846154 0.02451704545454544 0.03571153846153846
0 0.8172443181818182 0.39807692307692305 0.017045454545454544 0.025807692307692337
0 0.15301136363636364 0.4626634615384615 0.014772727272727281 0.02351923076923075
0 0.4151207386363636 0.8148653846153846 0.021434659090909136 0.030153846153846166
0 0.4310511363636364 0.19735576923076922 0.023892045454545444 0.03290384615384618
0 0.20053977272727275 0.21865384615384617 0.021107954545454565 0.03353846153846153
0 0.5192400568181819 0.3744230769230769 0.01953125 0.02869230769230767
0 0.6794531250000001 0.038480769230769235 0.021548295454545476 0.026384615384615385
0 0.9567542613636365 0.5819326923076923 0.024303977272727293 0.032057692307692336
0 0.2606178977272728 0.6968557692307692 0.019502840909090893 0.02440384615384615
0 0.7204403409090908 0.24274038461538464 0.019517045454545388 0.028403846153846172
0 0.012954545454545453 0.6937980769230769 0.0234375 0.032173076923076846
0 0.5419673295454546 0.172125 0.027514204545454553 0.033480769230769224
0 0.18254261363636362 0.4956826923076923 0.021107954545454544 0.02636538461538463
0 0.11600142045454544 0.8461442307692307 0.020099431818181804 0.024980769230769247
0 0.020901988636363635 0.7172115384615385 0.01910511363636364 0.023653846153846175
0 0.7836221590909092 0.32140384615384615 0.01696022727272719 0.02542307692307692
0 0.06139914772727273 0.7822307692307692 0.01728693181818182 0.020923076923076916
0 0.6841264204545454 0.06185576923076923 0.018963068181818213 0.023211538461538467
0 0.31055397727272727 0.121 0.021818181818181837 0.027
0 0.5171306818181818 0.6616442307692306 0.02338068181818187 0.028480769230769237
0 0.7688068181818182 0.29266346153846157 0.024147727272727272 0.028480769230769237
0 0.3426349431818182 0.38617307692307695 0.016235795454545465 0.020384615384615428
0 0.9281818181818182 0.5675769230769231 0.01994318181818193 0.03430769230769226
0 0.8508522727272727 0.9478846153846153 0.025767045454545598 0.026153846153846087
0 0.45402698863636365 0.8212115384615384 0.01921874999999996 0.027423076923077015
0 0.4991903409090909 0.789278846153846 0.021420454545454604 0.018903846153846122
0 0.19430397727272727 0.16341346153846154 0.019602272727272742 0.03240384615384617
0 0.5984090909090909 0.2201923076923077 0.01755681818181812 0.03096153846153845
0 0.5360724431818181 0.3644326923076923 0.020781249999999994 0.017173076923076937
0 0.5385653409090909 0.01878846153846154 0.020255681818181805 0.032692307692307694
0 0.5118607954545454 0.11339423076923077 0.021818181818181757 0.036557692307692305
0 0.5598650568181818 0.010182692307692308 0.0228551136363636 0.020365384615384615
0 0.16472301136363637 0.6345961538461539 0.02012784090909091 0.02592307692307696
0 0.312421875 0.1436346153846154 0.016832386363636355 0.019961538461538454
0 0.3863778409090909 0.13224038461538462 0.02306818181818183 0.0309423076923077
0 0.09429687499999999 0.6595576923076923 0.01995738636363636 0.028346153846153754
0 0.3155397727272727 0.16838461538461538 0.01931818181818181 0.029538461538461538
0 0.1371306818181818 0.20909615384615382 0.01696022727272729 0.028346153846153837
0 0.8168892045454544 0.925673076923077 0.01974431818181815 0.01603846153846149
0 0.01578125 0.3991442307692308 0.02477272727272727 0.02971153846153844
0 0.5769318181818182 0.16195192307692308 0.017414772727272796 0.022134615384615395
0 0.24400568181818183 0.34458653846153847 0.020511363636363633 0.028480769230769237
0 0.05391335227272727 0.3925673076923077 0.022940340909090914 0.02363461538461537
0 0.30187499999999995 0.45299038461538466 0.017357954545454544 0.01863461538461538
0 0.031953125 0.7604423076923077 0.019105113636363635 0.024576923076923024
0 0.39802556818181817 0.9884807692307692 0.017954545454545435 0.023038461538461574
0 0.6323579545454545 0.4682019230769231 0.01894886363636368 0.02971153846153844
0 0.5870951704545454 0.5032596153846154 0.01595170454545457 0.022288461538461545
0 0.3091832386363636 0.9668557692307692 0.019985795454545444 0.029173076923076954
0 0.6254545454545455 0.4766442307692308 0.014460227272727283 0.024980769230769195
0 0.3377130681818182 0.4073557692307692 0.020852272727272737 0.02667307692307693
0 0.08235085227272727 0.7942788461538461 0.02061079545454546 0.031057692307692373
0 0.5200284090909091 0.037480769230769234 0.024147727272727272 0.029884615384615388
0 0.5785014204545454 0.23510576923076923 0.017741477272727287 0.019365384615384628
0 0.31975852272727273 0.4474038461538461 0.01968749999999998 0.02119230769230771
0 0.5829190340909091 0.14647115384615383 0.018224431818181876 0.029711538461538466
0 0.5171732954545455 0.013557692307692307 0.02156250000000001 0.027115384615384614
0 0.27943892045454544 0.6944230769230769 0.017769886363636352 0.01603846153846149
0 0.526640625 0.5312403846153846 0.02413352272727274 0.027326923076923148
0 0.007705965909090909 0.992326923076923 0.015411931818181818 0.015346153846153881
0 0.273359375 0.7935961538461538 0.018423295454545453 0.031192307692307634
0 0.13952414772727273 0.8645865384615385 0.02492897727272727 0.0294807692307692
0 0.2066051136363636 0.607798076923077 0.022301136363636388 0.029019230769230832
