0 0.4430113636363636 0.19449038461538462 0.019431818181818192 0.03059615384615384
0 0.345703125 0.12378846153846154 0.018821022727272728 0.028999999999999998
0 0.5971022727272728 0.12614423076923076 0.021619318181818222 0.03136538461538462
0 0.21602982954545455 0.24634615384615383 0.023366477272727258 0.02899999999999997
0 0.2253338068181818 0.7634326923076923 0.012656249999999996 0.019173076923076977
0 0.4541122159090909 0.7173557692307692 0.019758522727272684 0.02759615384615378
0 0.6762855113636363 0.2556057692307693 0.015866477272727296 0.022403846153846163
0 0.9813068181818181 0.6368173076923077 0.020738636363636397 0.030826923076923134
0 0.8545809659090909 0.9660673076923078 0.014786931818181935 0.023019230769230712
0 0.7147230113636364 0.488298076923077 0.018224431818181796 0.026749999999999993
0 0.8040980113636365 0.40212499999999995 0.021633522727272755 0.02344230769230769
0 0.9356889204545454 0.7902884615384617 0.020525568181818245 0.02780769230769227
0 0.9305610795454545 0.6257692307692307 0.025923295454545456 0.031076923076923123
0 0.909872159090909 0.3410961538461539 0.01690340909090906 0.028153846153846127
0 0.4639914772727272 0.6457403846153845 0.016676136363636376 0.03009615384615391
0 0.3851065340909091 0.213875 0.022372159090909092 0.029326923076923077
0 0.2058025568181818 0.6010769230769231 0.02376420454545453 0.02807692307692312
0 0.7388494318181817 0.28415384615384615 0.025170454545454503 0.024730769230769202
0 0.6615269886363637 0.20841346153846155 0.02305397727272722 0.027249999999999976
0 0.43573863636363636 0.639048076923077 0.023153409090909106 0.035096153846153846
0 0.5170383522727273 0.422625 0.016548295454545423 0.02455769230769233
0 0.70453125 0.34891346153846153 0.017585227272727266 0.02490384615384613
0 0.44300426136363635 0.7225769230769231 0.022230113636363603 0.03219230769230771
0 0.5700497159090909 0.09267307692307691 0.02848011363636357 0.03034615384615385
0 0.7014275568181818 0.8943365384615385 0.02626420454545456 0.030326923076923043
0 0.16401988636363637 0.5145096153846154 0.026931818181818192 0.03028846153846154
0 0.5304403409090909 0.43716346153846153 0.023267045454545447 0.028557692307692298
0 0.0121875 0.5006346153846154 0.021392045454545452 0.03534615384615384
0 0.8810298295454545 0.7943461538461537 0.018934659090908988 0.02511538461538462
0 0.3273579545454545 0.11571153846153846 0.015937499999999997 0.021923076923076934
0 0.9891690340909091 0.9302019230769231 0.019559659090909065 0.03101923076923076
0 0.7722585227272728 0.659798076923077 0.01428977272727281 0.02344230769230769
0 0.39371448863636366 0.014980769230769232 0.022599431818181772 0.029961538461538463
0 0.7208522727272727 0.2696442307692308 0.011732954545454533 0.013942307692307693
0 0.38984375000000004 0.6359711538461539 0.020852272727272737 0.04632692307692303
0 0.8076491477272728 0.44232692307692306 0.016889204545454527 0.03953846153846154
0 0.540625 0.9720961538461539 0.0232386363636363 0.02773076923076937
0 0.6194673295454546 0.4511057692307692 0.020724431818181784 0.027519230769230775
0 0.24678267045454547 0.18550000000000003 0.025241477272727287 0.03576923076923078
0 0.48994318181818175 0.6810192307692308 0.019062500000000024 0.02665384615384618
0 0.6888707386363637 0.21174038461538464 0.024474431818181763 0.029865384615384617
0 0.12904119318181817 0.9528942307692307 0.022372159090909092 0.02524999999999999
0 0.7892755681818181 0.6617019230769231 0.019431818181818272 0.029173076923076954
0 0.9070454545454545 0.8288365384615385 0.02124999999999989 0.029288461538461572
0 0.21205965909090913 0.18992307692307692 0.021250000000000012 0.029230769230769237
0 0.9328053977272727 0.5633846153846154 0.019076704545454473 0.029538461538461565
0 0.5974502840909092 0.4851538461538461 0.022116477272727263 0.025230769230769185
0 0.11774857954545453 0.832798076923077 0.02291193181818181 0.03236538461538469
0 0.8958735795454547 0.3281634615384615 0.017741477272727287 0.024019230769230734
0 0.9553693181818183 0.4901730769230769 0.020596590909090908 0.02746153846153841
0 0.5575568181818181 0.6724038461538461 0.02232954545454541 0.04365384615384613
0 0.6493678977272727 0.6152115384615384 0.022059659090909133 0.02842307692307698
0 0.6288991477272727 0.3465384615384615 0.017002840909090947 0.020923076923076916
0 0.6671590909090909 0.3060769230769231 0.014687500000000046 0.018846153846153867
0 0.44777698863636367 0.9948653846153844 0.01825284090909094 0.01026923076923083
0 0.08191051136363636 0.43900961538461536 0.016661931818181822 0.027519230769230775
0 0.42574573863636367 0.5594903846153846 0.027627840909090894 0.0312884615384615
0 0.3004545454545454 0.7271923076923077 0.012045454545454531 0.012230769230769257
0 0.19760653409090911 0.6259615384615385 0.023196022727272746 0.0339615384615384
0 0.4817542613636363 0.9882403846153845 0.02294034090909096 0.023519230769230803
0 0.7825994318181819 0.7175865384615384 0.02204545454545452 0.029557692307692316
0 0.25473721590909093 0.772201923076923 0.023508522727272742 0.033788461538461524
0 0.50375 0.13364423076923077 0.02338068181818179 0.024711538461538465
0 0.6991193181818182 0.48238461538461536 0.02125000000000005 0.03049999999999997
0 0.7092045454545454 0.2105673076923077 0.018267045454545393 0.029403846153846166
0 0.08797585227272728 0.5035192307692309 0.024957386363636366 0.03350000000000003
0 0.056690340909090906 0.5756346153846155 0.01900568181818182 0.03188461538461535
0 0.7756960227272728 0.2591730769230769 0.019545454545454533 0.026999999999999986
0 0.8976136363636364 0.5967115384615385 0.02210227272727281 0.0362692307692308
0 0.22276988636363634 0.2765480769230769 0.022556818181818216 0.03624999999999999
0 0.07579545454545454 0.27278846153846154 0.023494318181818182 0.03426923076923075
0 0.891200284090909 0.7232115384615384 0.023565340909090956 0.02396153846153853
0 0.5191548295454546 0.9147692307692308 0.0228551136363636 0.03384615384615389
0 0.12970170454545454 0.3602596153846154 0.021335227272727266 0.028673076923076916
0 0.44465198863636357 0.04585576923076923 0.02370738636363636 0.036480769230769226
0 0.8325142045454546 0.7712596153846153 0.024801136363636414 0.028980769230769216
0 0.5212713068181819 0.45931730769230766 0.023451704545454533 0.03174999999999998
0 0.20332386363636362 0.7890576923076923 0.024573863636363612 0.03411538461538463
0 0.2159303977272727 0.7755480769230768 0.021633522727272713 0.027019230769230792
0 0.981328125 0.9042884615384615 0.023366477272727337 0.030846153846153884
0 0.23137073863636362 0.19570192307692305 0.018991477272727278 0.03098076923076923
0 0.23720170454545456 0.9307019230769231 0.019289772727272746 0.029980769230769182
0 0.8083593750000001 0.6930961538461538 0.017855113636363707 0.018423076923076893
0 0.09475142045454545 0.9451153846153847 0.015213068181818184 0.020576923076923055
0 0.16676846590909092 0.9838557692307692 0.023821022727272743 0.03228846153846158
0 0.7262713068181819 0.21088461538461536 0.01723011363636363 0.03592307692307694
0 0.5204829545454545 0.5053461538461538 0.025823863636363645 0.033615384615384596
0 0.072578125 0.41780769230769227 0.012002840909090913 0.016692307692307704
0 0.9878835227272728 0.612173076923077 0.02357954545454549 0.02842307692307698
0 0.03274857954545454 0.5230192307692308 0.019673295454545457 0.02076923076923079
0 0.8027485795454545 0.4955096153846153 0.021917613636363728 0.026326923076923074
0 0.0048579545454545455 0.42530769230769233 0.009715909090909091 0.026153846153846142
0 0.033664772727272724 0.015778846153846154 0.030624999999999993 0.03155769230769231
0 0.25718039772727275 0.8368173076923077 0.01717329545454546 0.0318269230769231
0 0.6037642045454544 0.9914423076923076 0.01835227272727275 0.01711538461538457
0 0.7315198863636364 0.5219134615384615 0.02093750000000001 0.018096153846153894
0 0.6182528409090909 0.9748365384615384 0.024090909090909142 0.029173076923076954
0 0.2093892045454546 0.5179423076923076 0.020738636363636355 0.02961538461538457
0 0.46037642045454547 0.9898942307692308 0.021860795454545435 0.020211538461538444
0 0.7072372159090908 0.9962499999999999 0.02461647727272725 0.007499999999999956
0 0.9416619318181819 0.8342788461538463 0.023948863636363657 0.02509615384615387
0 0.47905539772727274 0.2333942307692308 0.023735795454545506 0.02294230769230768
0 0.6219815340909091 0.21910576923076924 0.018821022727272728 0.023903846153846168
0 0.8575497159090909 0.5231923076923077 0.014133522727272791 0.03349999999999992
0 0.00567471590909091 0.4752019230769231 0.01134943181818182 0.03263461538461538
0 0.1741122159090909 0.9959615384615385 0.02117897727272727 0.008076923076923164
0 0.2349360795454545 0.630221153846154 0.014900568181818154 0.020173076923076832
0 0.6200497159090909 0.9934326923076924 0.01711647727272729 0.013134615384615463
0 0.6604403409090909 0.5676538461538462 0.020397727272727293 0.031076923076923016
0 0.7097940340909091 0.5106057692307692 0.0214630681818182 0.026480769230769197
0 0.9017755681818183 0.4557307692307692 0.020994318181818142 0.028115384615384625
0 0.5918963068181818 0.9727307692307693 0.02069602272727272 0.0303076923076924
0 0.6808096590909091 0.3453076923076923 0.02446022727272723 0.03103846153846151
0 0.012421875 0.524826923076923 0.02166193181818182 0.015346153846153772
0 0.9454048295454546 0.32121153846153844 0.024161931818181968 0.026846153846153808
0 0.6570667613636364 0.9476923076923076 0.019985795454545444 0.028000000000000004
0 0.45623579545454546 0.20325 0.019659090909090956 0.03365384615384615
0 0.16764204545454545 0.2829519230769231 0.027926136363636358 0.035442307692307704
0 0.045887784090909094 0.9054038461538462 0.02350852272727272 0.035192307692307606
0 0.08807528409090909 0.5745673076923077 0.022769886363636357 0.03351923076923078
0 0.6313849431818181 0.46090384615384616 0.012514204545454549 0.022769230769230774
0 0.7866832386363637 0.3924615384615384 0.02055397727272715 0.02811538461538457
0 0.8384517045454545 0.4624903846153846 0.01909090909090917 0.02344230769230769
0 0.5958664772727272 0.9487403846153847 0.02011363636363632 0.028403846153846227
0 0.061171874999999994 0.8852500000000001 0.025866477272727274 0.031076923076923123
0 0.10307528409090909 0.9328846153846154 0.016349431818181805 0.03184615384615385
0 0.33808238636363636 0.19840384615384613 0.02071022727272729 0.030615384615384617
0 0.6410369318181818 0.9837307692307692 0.02369318181818183 0.03253846153846157
0 0.5374005681818183 0.6666057692307692 0.020994318181818225 0.0347884615384616
0 0.6358735795454545 0.9059423076923078 0.022400568181818237 0.03257692307692307
0 0.6276704545454546 0.4876346153846154 0.018380681818181813 0.02542307692307692
0 0.80734375 0.3795769230769231 0.022073863636363586 0.02576923076923078
0 0.7896946022727271 0.789048076923077 0.022684659090908967 0.02840384615384612
0 0.5045099431818182 0.9452211538461538 0.023082386363636364 0.03351923076923078
0 0.5521875 0.2133653846153846 0.01102272727272726 0.028461538461538455
0 0.21707386363636363 0.3139423076923077 0.01653409090909089 0.026923076923076925
0 0.944765625 0.7354326923076923 0.02484375000000001 0.02748076923076927
0 0.8459730113636365 0.6326826923076924 0.021690340909091044 0.025326923076922997
0 0.5767755681818182 0.9468076923076924 0.018068181818181858 0.022923076923076952
0 0.9295454545454546 0.02371153846153846 0.028494318181818103 0.03369230769230769
0 0.3083735795454545 0.11124999999999999 0.02151988636363633 0.026730769230769228
0 0.3254829545454545 0.8964134615384616 0.023749999999999997 0.03344230769230767
0 0.6365696022727273 0.8685 0.024332386363636358 0.031076923076923016
0 0.16629261363636363 0.3309134615384615 0.017272727272727287 0.024442307692307708
0 0.25652698863636364 0.21965384615384614 0.026775568181818213 0.03230769230769233
0 0.11910511363636363 0.8811153846153846 0.020142045454545444 0.025423076923076975
0 0.42580965909090907 0.6877596153846154 0.023977272727272722 0.03394230769230765
0 0.5488920454545454 0.5015673076923077 0.020994318181818225 0.028057692307692315
0 0.6355397727272728 0.41244230769230766 0.017727272727272755 0.031076923076923123
0 0.897265625 0.3031538461538461 0.024531249999999973 0.028807692307692288
0 0.6002627840909092 0.17493269230769232 0.02171875000000003 0.029403846153846166
0 0.7542329545454546 0.31398076923076923 0.01690340909090906 0.028230769230769243
0 0.6118821022727272 0.5300480769230769 0.0162073863636364 0.030596153846153783
0 0.007024147727272728 0.03892307692307693 0.014048295454545456 0.023653846153846154
0 0.1284872159090909 0.21277884615384618 0.021264204545454544 0.027019230769230764
0 0.46336647727272734 0.9553173076923077 0.021931818181818177 0.025288461538461496
0 0.5201846590909092 0.6975000000000001 0.019488636363636323 0.030923076923076893
0 0.9145809659090909 0.31482692307692306 0.020241477272727272 0.026653846153846125
0 0.919659090909091 0.7885961538461538 0.016619318181818086 0.03242307692307695
0 0.5040625 0.6952307692307692 0.017130681818181823 0.030923076923076893
0 0.841505681818182 0.6079326923076923 0.022954545454545408 0.027634615384615393
0 0.32279829545454547 0.10182692307692308 0.019488636363636402 0.02776923076923078
0 0.6386292613636364 0.4796923076923077 0.016036931818181846 0.03176923076923074
0 0.15015625000000002 0.32897115384615383 0.018380681818181834 0.02513461538461537
0 0.6112357954545454 0.04400961538461538 0.020681818181818187 0.03248076923076923
0 0.83640625 0.6936730769230769 0.012755681818181845 0.026461538461538443
0 0.6113068181818182 0.4917788461538462 0.017698863636363606 0.02836538461538467
0 0.6407741477272727 0.5519711538461538 0.018764204545454518 0.02805769230769226
0 0.8264914772727273 0.40417307692307697 0.022727272727272728 0.02342307692307688
0 0.026661931818181817 0.9820384615384615 0.011619318181818182 0.023961538461538423
0 0.03875710227272727 0.47404807692307693 0.02140625 0.029288461538461572
0 0.47979403409090904 0.5896826923076923 0.0240198863636364 0.033865384615384644
0 0.4756676136363636 0.19759615384615384 0.020568181818181843 0.022346153846153856
0 0.0848153409090909 0.3336057692307693 0.022329545454545442 0.0321730769230769
0 0.07223011363636364 0.56625 0.01960227272727272 0.03296153846153844
0 0.9691548295454545 0.4721346153846154 0.018480113636363624 0.029115384615384644
0 0.040901988636363636 0.9607596153846154 0.02373579545454545 0.032134615384615345
0 0.6910085227272728 0.3531923076923077 0.02028409090909095 0.03003846153846155
0 0.5127485795454546 0.5565673076923077 0.01674715909090912 0.029865384615384672
0 0.21402698863636366 0.7336538461538461 0.016576704545454526 0.02569230769230772
0 0.015014204545454546 0.43743269230769233 0.018579545454545453 0.028019230769230755
0 0.34037642045454547 0.7160865384615385 0.022599431818181855 0.03805769230769224
0 0.5723224431818182 0.19649038461538462 0.022002840909090923 0.027826923076923075
0 0.6032528409090909 0.5961346153846154 0.027642045454545506 0.03130769230769226
0 0.12839488636363636 0.4195384615384616 0.02738636363636364 0.034076923076923074
0 0.409872159090909 0.14070192307692306 0.021903409090909112 0.02998076923076921
0 0.6645809659090909 0.3205480769230769 0.025497159090909074 0.03313461538461542
0 0.5380255681818181 0.21597115384615387 0.019545454545454533 0.022557692307692317
0 0.7041051136363636 0.2878557692307692 0.026335227272727222 0.02713461538461541
0 0.027088068181818182 0.5415192307692308 0.017670454545454545 0.022576923076922984
0 0.6842471590909092 0.6176442307692308 0.023210227272727237 0.031442307692307735
0 0.8011434659090909 0.778 0.01802556818181826 0.028692307692307614
0 0.8716051136363636 0.8400192307692308 0.025142045454545518 0.029115384615384588
0 0.9059943181818181 0.5728173076923078 0.018181818181818278 0.028711538461538476
0 0.44987215909090905 0.6934903846153846 0.02306818181818183 0.021788461538461507
0 0.6304971590909091 0.6162884615384616 0.01568181818181813 0.02842307692307698
0 0.06431818181818182 0.4957499999999999 0.020795454545454548 0.02923076923076921
0 0.7143039772727273 0.5339903846153845 0.019517045454545467 0.027019230769230792
0 0.5383309659090909 0.9161153846153846 0.018650568181818174 0.031461538461538485
0 0.6711150568181818 0.26447115384615383 0.027571022727272763 0.029865384615384617
0 0.13076704545454546 0.9911057692307692 0.023352272727272725 0.017788461538461538
0 0.7573863636363637 0.9775673076923077 0.028721590909090787 0.024480769230769264
0 0.4756889204545454 0.8720384615384617 0.023622159090909086 0.03288461538461532
0 0.7137642045454545 0.564875 0.021903409090909112 0.026134615384615336
0 0.9567329545454545 0.5221634615384615 0.0215056818181818 0.030750000000000017
0 0.10287642045454545 0.838798076923077 0.02117897727272727 0.02867307692307686
0 0.147109375 0.8621634615384616 0.023565340909090914 0.03375000000000002
0 0.4434730113636363 0.9528846153846153 0.020582386363636376 0.029230769230769317
0 0.7890767045454545 0.41819230769230764 0.023267045454545447 0.026730769230769242
0 0.31325994318181816 0.6979615384615384 0.017571022727272734 0.027192307692307665
0 0.5468323863636364 0.2578173076923077 0.02113636363636371 0.025596153846153852
0 0.1109161931818182 0.3859903846153846 0.0366619318181818 0.029788461538461555
0 0.1895809659090909 0.9547980769230769 0.023508522727272742 0.034480769230769245
0 0.9898792613636364 0.004288461538461539 0.018167613636363586 0.008576923076923077
0 0.4141051136363636 0.024951923076923073 0.025397727272727346 0.032749999999999994
0 0.1310440340909091 0.9754807692307692 0.01893465909090909 0.02407692307692304
0 0.9960298295454545 0.9114903846153847 0.007940340909090954 0.022211538461538484
0 0.7910795454545455 0.7558461538461538 0.02119318181818176 0.03242307692307695
0 0.0071661931818181816 0.38927884615384617 0.014332386363636363 0.03232692307692308
0 0.67203125 0.06626923076923077 0.017102272727272758 0.03073076923076924
0 0.31762073863636364 0.007394230769230769 0.018480113636363663 0.014788461538461539
0 0.6600923295454546 0.9906442307692308 0.01626420454545453 0.018711538461538498
0 0.4277130681818182 0.009153846153846153 0.020198863636363674 0.018307692307692306
0 0.4138068181818182 0.05576923076923077 0.023607954545454553 0.028153846153846154
0 0.9700710227272729 0.8136923076923077 0.027045454545454654 0.035576923076923075
0 0.9762428977272727 0.05690384615384615 0.023082386363636364 0.029769230769230763
0 0.6600923295454546 0.9722307692307691 0.02370738636363636 0.022961538461538457
0 0.7044105113636363 0.5903173076923077 0.029786931818181775 0.03832692307692309
0 0.4149360795454546 0.4438365384615385 0.02720170454545451 0.03655769230769235
0 0.23220170454545455 0.9037884615384616 0.025000000000000033 0.02642307692307683
0 0.8780894886363636 0.4470865384615385 0.02595170454545452 0.03544230769230765
0 0.6224005681818181 0.023096153846153843 0.023721590909090894 0.03323076923076922
0 0.40877840909090907 0.6993557692307691 0.020681818181818187 0.026750000000000048
0 0.05443892045454546 0.24756730769230767 0.023110795454545453 0.02848076923076921
0 0.15334517045454546 0.7265192307692308 0.02316761363636364 0.02723076923076928
0 0.8271448863636363 0.4600961538461538 0.021221590909090825 0.025384615384615363
0 0.007883522727272727 0.011576923076923077 0.015767045454545454 0.023153846153846153
0 0.5792116477272727 0.9888461538461539 0.021803977272727305 0.02230769230769235
0 0.04691761363636364 0.5573173076923077 0.014005681818181818 0.01805769230769228
0 0.20343039772727273 0.42873076923076925 0.026633522727272728 0.03003846153846155
0 0.1283309659090909 0.8577596153846153 0.020838068181818183 0.033288461538461545
0 0.4354332386363636 0.6710192307692308 0.019446022727272725 0.028846153846153848
0 0.4237073863636363 0.10173076923076924 0.02460227272727272 0.032192307692307694
0 0.17490767045454547 0.5362307692307693 0.02098011363636365 0.02923076923076921
0 0.8948224431818183 0.48424038461538466 0.018480113636363624 0.031365384615384566
0 0.45793323863636365 0.9268653846153847 0.024048295454545465 0.033769230769230774
0 0.8244886363636365 0.44477884615384616 0.016619318181818086 0.025365384615384613
0 0.05724431818181818 0.41825 0.018664772727272728 0.028423076923076926
0 0.6466832386363636 0.3484519230769231 0.021122159090909098 0.02405769230769229
0 0.17823863636363635 0.3441730769230769 0.021306818181818163 0.031538461538461494
0 0.6086789772727272 0.40099999999999997 0.021903409090909112 0.03453846153846155
0 0.08801136363636362 0.9223942307692308 0.018948863636363632 0.028749999999999977
0 0.6471661931818182 0.5791538461538461 0.023139204545454574 0.03134615384615387
0 0.5311505681818182 0.9403269230769231 0.02323863636363638 0.029923076923076927
0 0.026413352272727272 0.4498461538461539 0.021178977272727273 0.02611538461538464
0 0.7190056818181817 0.31042307692307697 0.02238636363636354 0.032384615384615394
0 0.7833238636363636 0.2907019230769231 0.03863636363636354 0.04190384615384614
0 0.7282741477272728 0.4488365384615384 0.020980113636363693 0.028403846153846172
0 0.2237002840909091 0.804923076923077 0.026264204545454518 0.032692307692307694
0 0.1666193181818182 0.21716346153846153 0.021590909090909095 0.03317307692307692
0 0.4422940340909091 0.8661153846153846 0.01754261363636367 0.03288461538461543
0 0.4275497159090909 0.994173076923077 0.023565340909090956 0.01165384615384605
0 0.18602272727272728 0.8411538461538461 0.014147727272727263 0.02642307692307694
0 0.7293678977272727 0.179375 0.021377840909090926 0.026134615384615364
0 0.16645596590909092 0.9168461538461539 0.025866477272727284 0.0339615384615384
0 0.11541193181818182 0.9678365384615384 0.020369318181818186 0.031057692307692373
0 0.43362926136363633 0.16781730769230765 0.02643465909090903 0.03151923076923077
0 0.43571732954545456 0.8234038461538462 0.022599431818181772 0.03607692307692306
0 0.6181249999999999 0.11941346153846154 0.022130681818181796 0.03090384615384614
0 0.01715909090909091 0.4114807692307692 0.02321022727272727 0.02961538461538457
0 0.10919744318181818 0.8649326923076923 0.020156249999999997 0.028211538461538493
0 0.6930894886363637 0.2607307692307692 0.014588068181818155 0.021692307692307695
0 0.8289701704545455 0.6666346153846153 0.020838068181818124 0.029923076923076927
0 0.8225923295454546 0.6916538461538461 0.015724431818181728 0.02934615384615394
0 0.6269247159090909 0.591298076923077 0.02063920454545459 0.023173076923076946
0 0.4933167613636364 0.6369038461538461 0.022173295454545473 0.03434615384615387
0 0.5373650568181818 0.9897499999999999 0.023082386363636364 0.02050000000000005
0 0.7061292613636364 0.8473365384615384 0.02075284090909093 0.026211538461538453
0 0.6237642045454546 0.5474615384615384 0.018380681818181813 0.025423076923076975
0 0.4832457386363636 0.18183653846153847 0.0230539772727273 0.030596153846153867
0 0.20627130681818182 0.8715480769230769 0.022883522727272745 0.026442307692307692
0 0.935497159090909 0.3395192307692308 0.014431818181818136 0.03319230769230773
0 0.9380113636363635 0.7608653846153846 0.023948863636363657 0.03138461538461537
0 0.5202272727272728 0.9595096153846153 0.02071022727272725 0.029019230769230832
0 0.30941051136363634 0.1613076923076923 0.017286931818181802 0.02407692307692307
0 0.4697514204545455 0.9735096153846154 0.01941761363636366 0.02513461538461537
0 0.16405539772727273 0.3774134615384615 0.021406250000000012 0.02467307692307689
0 0.9562784090909091 0.8746730769230769 0.02241477272727269 0.026230769230769203
0 0.9489630681818183 0.3000096153846154 0.025227272727272713 0.027019230769230792
0 0.12244318181818183 0.931326923076923 0.023522727272727275 0.0380769230769231
0 0.7044744318181818 0.8179519230769231 0.022954545454545408 0.033326923076923046
0 0.768856534090909 0.9900673076923078 0.02274147727272726 0.019865384615384583
0 0.9149360795454545 0.009298076923076923 0.030298295454545352 0.01855769230769231
0 0.6918892045454546 0.8297403846153847 0.023778409090909024 0.029211538461538455
0 0.548671875 0.41327884615384614 0.01990056818181817 0.030942307692307644
0 0.20651988636363636 0.32341346153846157 0.023352272727272763 0.031057692307692317
0 0.420703125 0.8222692307692308 0.022940340909090876 0.040192307692307645
0 0.14378551136363635 0.7334519230769231 0.011377840909090916 0.014596153846153799
0 0.5468963068181818 0.5801249999999999 0.020724431818181784 0.02663461538461532
0 0.6188778409090909 0.4728076923076923 0.017215909090909098 0.01588461538461542
0 0.6174076704545454 0.4228653846153846 0.021122159090909018 0.02999999999999999
0 0.8107102272727272 0.47325961538461536 0.020852272727272816 0.026788461538461553
0 0.8866264204545454 0.3658942307692307 0.02200284090909076 0.03125
0 0.29492897727272727 0.6626057692307692 0.020085227272727255 0.0312884615384615
0 0.6313920454545454 0.30782692307692305 0.02258522727272724 0.031769230769230786
0 0.3808167613636364 0.18567307692307694 0.020468750000000036 0.027076923076923075
0 0.5446306818181817 0.1245576923076923 0.02210227272727273 0.02707692307692309
0 0.9711221590909092 0.9646730769230769 0.01911931818181807 0.021884615384615377
0 0.7583664772727272 0.6648846153846154 0.017670454545454625 0.03299999999999994
0 0.21243607954545454 0.21436538461538462 0.017258522727272737 0.020576923076923055
0 0.08543323863636364 0.9726826923076922 0.025724431818181816 0.03371153846153841
0 0.5552911931818182 0.2416057692307692 0.022059659090909053 0.028942307692307687
0 0.2253125 0.21263461538461537 0.014687500000000004 0.025461538461538452
0 0.9016974431818181 0.3531153846153846 0.017741477272727287 0.025884615384615398
0 0.7473650568181818 0.26606730769230774 0.02771306818181817 0.028057692307692315
0 0.4325071022727273 0.8706730769230769 0.02225852272727275 0.03196153846153847
0 0.6407528409090909 0.3794903846153846 0.021647727272727204 0.029634615384615377
0 0.22612215909090908 0.6158461538461538 0.01235795454545453 0.023576923076923058
0 0.9184588068181818 0.36530769230769233 0.020241477272727272 0.021769230769230756
0 0.992784090909091 0.7626346153846155 0.014431818181818136 0.027538461538461526
0 0.673359375 0.9236057692307692 0.025440340909090944 0.03444230769230774
0 0.9650639204545454 0.3405 0.01947443181818187 0.04296153846153847
0 0.7093110795454546 0.8724326923076923 0.020468750000000036 0.030711538461538405
0 0.21006392045454544 0.8976634615384614 0.020724431818181822 0.02901923076923072
0 0.37553267045454547 0.6057211538461539 0.02461647727272729 0.040788461538461496
0 0.40191761363636364 0.6618557692307693 0.022698863636363663 0.03221153846153846
0 0.62921875 0.2576538461538462 0.025198863636363568 0.030192307692307727
0 0.9749857954545454 0.4552403846153847 0.022727272727272728 0.02832692307692306
0 0.24483664772727273 0.6186057692307692 0.017343750000000012 0.026557692307692313
0 0.895106534090909 0.5139903846153846 0.021122159090909098 0.028596153846153854
0 0.1700497159090909 0.8370288461538461 0.019758522727272722 0.030711538461538512
0 0.6267471590909092 0.05452884615384616 0.02392045454545451 0.028865384615384612
0 0.47012073863636367 0.06621153846153846 0.015696022727272742 0.026884615384615385
0 0.5495170454545455 0.9512115384615385 0.02323863636363638 0.03457692307692311
0 0.8693963068181819 0.539701923076923 0.01944602272727264 0.026326923076923074
0 0.0650284090909091 0.4422596153846154 0.022727272727272728 0.0330576923076923
0 0.23105113636363636 0.7344711538461539 0.017471590909090926 0.033865384615384644
0 0.3073721590909091 0.21386538461538462 0.019289772727272746 0.026115384615384613
0 0.590262784090909 0.41314423076923074 0.01958806818181821 0.040442307692307694
0 0.6969673295454545 0.30344230769230773 0.019985795454545444 0.020999999999999977
0 0.49703125 0.470125 0.022670454545454518 0.03628846153846155
0 0.08125 0.30512500000000004 0.024005681818181825 0.027596153846153836
0 0.4171590909090909 0.8533173076923077 0.025965909090909053 0.03198076923076922
0 0.22192471590909094 0.6387692307692308 0.018281249999999968 0.02196153846153849
0 0.22113636363636366 0.9315096153846154 0.015227272727272726 0.03998076923076916
0 0.628330965909091 0.5701923076923077 0.01734374999999997 0.023500000000000052
0 0.8234303977272727 0.49455769230769236 0.01944602272727264 0.03207692307692304
0 0.621171875 0.36135576923076923 0.022144886363636408 0.021288461538461527
0 0.48668323863636365 0.4074134615384616 0.02049715909090902 0.028288461538461554
0 0.6589843750000001 0.6030384615384616 0.030042613636363603 0.033769230769230774
0 0.5579829545454545 0.9203846153846155 0.022386363636363624 0.032230769230769216
0 0.8674431818181819 0.6430384615384616 0.022954545454545408 0.029923076923076927
0 0.15850852272727273 0.30559615384615385 0.02119318181818182 0.031115384615384628
0 0.1313991477272727 0.23901923076923076 0.024502840909090908 0.028115384615384598
0 0.7532883522727274 0.9348365384615385 0.01603693181818193 0.020211538461538444
0 0.8131178977272726 0.7528846153846154 0.019076704545454473 0.026692307692307682
0 0.015049715909090907 0.9870865384615384 0.01825284090909091 0.02582692307692309
0 0.99625 0.12388461538461538 0.0074999999999999616 0.029884615384615384
0 0.4895454545454545 0.4304903846153846 0.015568181818181788 0.020557692307692305
0 0.4968394886363636 0.5614903846153847 0.0204971590909091 0.032057692307692336
0 0.23590909090909087 0.25623076923076926 0.021903409090909074 0.032961538461538466
0 0.8119673295454546 0.7092115384615385 0.024218749999999935 0.027615384615384642
0 0.318203125 0.08193269230769232 0.020468749999999994 0.024173076923076922
0 0.6113494318181818 0.5759903846153845 0.019403409090909127 0.024096153846153795
0 0.28110085227272724 0.10178846153846154 0.024701704545454565 0.030615384615384617
0 0.8933664772727273 0.8447307692307692 0.016221590909090852 0.020923076923076916
0 0.6639701704545454 0.13573076923076924 0.018821022727272728 0.022346153846153856
0 0.03428977272727273 0.49988461538461537 0.026107954545454545 0.033423076923076916
0 0.756953125 0.6315673076923076 0.019076704545454636 0.022480769230769228
0 0.8396875 0.48559615384615384 0.023153409090909027 0.025769230769230725
0 0.8761292613636364 0.5261826923076923 0.023252840909090914 0.029557692307692316
0 0.9277059659090909 0.6462692307692308 0.024588068181818103 0.025999999999999964
0 0.8436363636363637 0.6545480769230769 0.013607954545454604 0.018403846153846142
0 0.7410369318181819 0.5160961538461538 0.019090909090909006 0.019384615384615462
0 0.09375 0.36725961538461543 0.023664772727272722 0.02482692307692307
0 0.11051136363636363 0.35851923076923076 0.017045454545454544 0.029846153846153866
0 0.7710014204545454 0.44005769230769226 0.022059659090909053 0.04188461538461539
0 0.5931676136363637 0.19531730769230768 0.022585227272727323 0.027057692307692293
0 0.5458096590909091 0.4638461538461538 0.028380681818181843 0.030692307692307706
0 0.7508451704545455 0.21550961538461538 0.02092329545454548 0.02636538461538463
0 0.3683167613636364 0.22740384615384615 0.021661931818181858 0.030615384615384593
0 0.6166619318181819 0.5102211538461539 0.020028409090909124 0.023634615384615313
0 0.850859375 0.6743942307692308 0.027201704545454675 0.022442307692307612
0 0.5955397727272728 0.5246538461538461 0.02125000000000005 0.032730769230769195
0 0.5514133522727274 0.8430480769230769 0.02529829545454546 0.03425
0 0.040170454545454544 0.4396538461538462 0.020937499999999998 0.0363076923076923
0 0.07022017045454546 0.9031634615384615 0.020184659090909093 0.026211538461538453
0 0.5146448863636364 0.14600961538461538 0.02017045454545461 0.03382692307692308
0 0.520703125 0.9862019230769231 0.017855113636363627 0.02759615384615389
0 0.9951633522727273 0.6339230769230769 0.009673295454545377 0.03196153846153847
0 0.869140625 0.7588846153846154 0.026292613636363624 0.03411538461538463
0 0.4757173295454545 0.6657884615384616 0.023139204545454574 0.04103846153846149
0 0.6527414772727272 0.172 0.01866477272727279 0.032692307692307694
0 0.9971448863636364 0.27249999999999996 0.005710227272727247 0.029576923076923067
0 0.569737215909091 0.9966153846153847 0.020071022727272802 0.006769230769230734
0 0.6317826704545454 0.5299903846153846 0.02188920454545458 0.02224999999999999
0 0.8425213068181818 0.5141057692307693 0.01802556818181826 0.029673076923076937
0 0.30522727272727274 0.6779038461538461 0.018579545454545432 0.02923076923076921
0 0.2821235795454546 0.6867403846153847 0.02921874999999999 0.027326923076923037
0 0.43498579545454547 0.12217307692307693 0.016420454545454547 0.03223076923076923
0 0.7072017045454545 0.45046153846153847 0.02210227272727273 0.03107692307692307
0 0.03875 0.5789711538461538 0.019659090909090914 0.0288653846153846
0 0.4593252840909091 0.8451057692307692 0.022599431818181772 0.023750000000000045
0 0.46527698863636363 0.2558365384615385 0.023735795454545506 0.03336538461538463
0 0.7904971590909091 0.4666923076923077 0.025426136363636494 0.026461538461538443
0 0.6582883522727273 0.9078750000000001 0.023508522727272663 0.037442307692307636
0 0.41124999999999995 0.642125 0.021960227272727242 0.03171153846153837
0 0.6797443181818181 0.228125 0.027215909090909127 0.029403846153846138
0 0.7616051136363637 0.465125 0.02465909090909093 0.035096153846153846
0 0.151953125 0.9460384615384615 0.02274147727272728 0.03076923076923077
0 0.06791903409090909 0.3950192307692308 0.022002840909090913 0.027076923076923047
0 0.05092329545454546 0.5097019230769231 0.018664772727272728 0.029326923076923077
0 0.08392045454545455 0.4130673076923077 0.01732954545454547 0.02255769230769229
0 0.2992471590909091 0.7445288461538461 0.01647727272727272 0.02378846153846144
0 0.9910085227272728 0.3278076923076923 0.0179829545454545 0.029307692307692326
0 0.2100710227272727 0.9441346153846154 0.018806818181818154 0.03707692307692302
0 0.18838068181818182 0.491798076923077 0.021789772727272713 0.030750000000000017
0 0.8403764204545454 0.9549711538461539 0.017997159090909196 0.022480769230769228
0 0.6319105113636364 0.43833653846153847 0.023423295454545467 0.021173076923076906
0 0.18657670454545458 0.22141346153846156 0.023210227272727278 0.03275
0 0.7097301136363636 0.9850096153846153 0.02295454545454549 0.024711538461538507
0 0.48827414772727273 0.7077307692307692 0.023849431818181766 0.02865384615384622
0 0.07941051136363636 0.3738076923076923 0.012997159090909089 0.021653846153846135
0 0.2780681818181818 0.3474615384615385 0.027159090909090914 0.03734615384615382
0 0.02811789772727273 0.3520384615384615 0.022713068181818178 0.03088461538461539
0 0.741612215909091 0.24525961538461538 0.024474431818181843 0.030326923076923043
0 0.19796875 0.4510673076923077 0.023465909090909065 0.022942307692307706
0 0.9652769886363637 0.6484903846153847 0.02725852272727264 0.033673076923077014
0 0.7062642045454545 0.41394230769230766 0.024147727272727272 0.030615384615384645
0 0.5723295454545454 0.9644807692307692 0.02065340909090912 0.027192307692307776
0 0.20137073863636362 0.9199038461538462 0.024758522727272695 0.027076923076923047
0 0.6219176136363637 0.3319519230769231 0.022727272727272728 0.029788461538461555
0 0.6839985795454545 0.847721153846154 0.022400568181818237 0.029211538461538455
0 0.6772301136363637 0.5685192307692307 0.014886363636363663 0.03165384615384623
0 0.6063423295454545 0.22145192307692307 0.014758522727272709 0.02548076923076923
0 0.42301136363636366 0.19178846153846152 0.020568181818181843 0.03519230769230769
0 0.5730823863636364 0.46399038461538455 0.021647727272727287 0.031057692307692317
0 0.026789772727272728 0.38625000000000004 0.02150568181818182 0.03369230769230771
0 0.7901775568181818 0.4425096153846154 0.018167613636363586 0.024326923076923086
0 0.5076775568181818 0.44116346153846153 0.02069602272727272 0.023750000000000045
0 0.5143110795454546 0.6299615384615385 0.023849431818181846 0.03365384615384615
0 0.9001704545454546 0.3814519230769231 0.01857954545454551 0.030788461538461577
0 0.9638920454545455 0.749625 0.02241477272727269 0.03609615384615381
0 0.5442400568181818 0.5516923076923077 0.026576704545454518 0.03238461538461545
0 0.8227627840909091 0.7240000000000001 0.023536931818181728 0.030115384615384662
0 0.9481178977272727 0.3463557692307693 0.017315340909090985 0.02928846153846152
0 0.31301136363636367 0.7560865384615384 0.023096590909090938 0.037403846153846135
0 0.01609375 0.9594134615384615 0.02255681818181818 0.028519230769230738
0 0.6960653409090909 0.32349038461538454 0.030511363636363583 0.021096153846153844
0 0.5429971590909091 0.1929903846153846 0.02113636363636363 0.030365384615384627
0 0.5248295454545455 0.20174999999999998 0.02363636363636362 0.03123076923076922
0 0.6605326704545454 0.07787500000000001 0.01734374999999997 0.023750000000000004
0 0.36370028409090904 0.8687115384615385 0.024446022727272698 0.032807692307692315
0 0.23220170454545455 0.6090288461538461 0.016221590909090932 0.020673076923076922
0 0.19529829545454547 0.8233269230769231 0.022443181818181793 0.02642307692307694
0 0.6207883522727272 0.38269230769230766 0.021377840909090926 0.021615384615384634
0 0.6587428977272727 0.5408942307692307 0.018707386363636305 0.022442307692307723
0 0.7142400568181818 0.6403076923076922 0.026917613636363538 0.03700000000000002
0 0.5943110795454545 0.5037596153846153 0.013508522727272715 0.013249999999999974
0 0.6447443181818181 0.4514038461538462 0.01920454545454551 0.026730769230769242
0 0.8626207386363636 0.41150000000000003 0.024446022727272778 0.03338461538461535
0 0.2679616477272727 0.6671634615384615 0.026207386363636388 0.030596153846153783
0 0.33595170454545453 0.8787403846153846 0.02210227272727273 0.03755769230769226
0 0.45758522727272727 0.1714326923076923 0.0259943181818182 0.029980769230769238
0 0.6401846590909092 0.03560576923076923 0.021221590909090905 0.03732692307692307
0 0.5018607954545454 0.4182211538461538 0.01812499999999999 0.026942307692307675
0 0.9875071022727272 0.6653365384615385 0.0249857954545455 0.029288461538461465
0 0.28414062500000004 0.6513846153846155 0.022599431818181814 0.02923076923076921
0 0.9442045454545455 0.6984423076923076 0.022784090909090858 0.029653846153846076
0 0.45633522727272724 0.677 0.024374999999999956 0.01946153846153847
0 0.8765696022727273 0.4954038461538462 0.023792613636363636 0.03426923076923075
0 0.7324502840909091 0.49833653846153847 0.030525568181818195 0.02778846153846157
0 0.3065482954545455 0.09292307692307693 0.013693181818181799 0.028999999999999998
0 0.7800284090909091 0.3350961538461538 0.021079545454545337 0.029423076923076944
0 0.5276278409090909 0.5617788461538461 0.017272727272727228 0.033096153846153914
0 0.7359019886363637 0.47036538461538463 0.02546874999999993 0.03030769230769229
0 0.888721590909091 0.7475769230769231 0.02639204545454551 0.034499999999999996
0 0.2263565340909091 0.5674615384615386 0.01583806818181819 0.025538461538461597
0 0.23819602272727272 0.8343653846153847 0.021874999999999967 0.03623076923076929
0 0.2028125 0.47125 0.025710227272727305 0.02496153846153844
0 0.6823366477272728 0.5325576923076923 0.017428977272727245 0.02876923076923084
0 0.010056818181818182 0.5491826923076923 0.020028409090909093 0.036942307692307656
0 0.2966122159090909 0.02283653846153846 0.025923295454545456 0.039480769230769236
0 0.05722301136363636 0.9165192307692308 0.015213068181818184 0.020230769230769306
0 0.09708806818181817 0.19628846153846152 0.021420454545454545 0.030538461538461556
0 0.449375 0.97625 0.021590909090909074 0.026961538461538426
0 0.3981107954545454 0.06714423076923076 0.020994318181818225 0.02925000000000001
0 0.8153906249999999 0.9399038461538461 0.02455965909090904 0.033923076923076896
0 0.7686150568181819 0.7028173076923078 0.024588068181818103 0.03136538461538462
0 0.11134943181818181 0.9873365384615383 0.019119318181818192 0.025326923076923108
0 0.7893607954545455 0.24825961538461538 0.023039772727272766 0.032096153846153844
0 0.6992897727272728 0.5228846153846154 0.018607954545454577 0.025192307692307625
0 0.268125 0.19721153846153847 0.027357954545454533 0.0405
0 0.8941264204545454 0.5394038461538462 0.022286931818181734 0.022230769230769235
0 0.19232244318181815 0.5147403846153845 0.01904829545454545 0.02628846153846157
0 0.17973011363636363 0.8631250000000001 0.02380681818181817 0.03136538461538462
0 0.21026278409090907 0.7546153846153846 0.01808238636363635 0.021307692307692278
0 0.07134232954545455 0.5202788461538462 0.022571022727272728 0.030557692307692282
0 0.11275568181818181 0.5202307692307692 0.02809659090909091 0.036769230769230776
0 0.04989346590909091 0.9357403846153846 0.022116477272727267 0.026211538461538453
0 0.019474431818181818 0.4691153846153846 0.017642045454545455 0.03088461538461539
0 0.7596590909090909 0.2837980769230769 0.01642045454545463 0.028596153846153854
0 0.06358664772727272 0.36906730769230767 0.020667613636363633 0.02571153846153847
0 0.3233096590909091 0.6741634615384615 0.021590909090909115 0.0312884615384615
0 0.21956676136363634 0.45019230769230767 0.019872159090909062 0.03892307692307694
0 0.6370383522727273 0.16160576923076922 0.023451704545454533 0.03882692307692307
0 0.5311292613636364 0.40954807692307693 0.01990056818181817 0.03040384615384616
0 0.004794034090909091 0.9675288461538462 0.009588068181818182 0.027903846153846137
0 0.4840269886363636 0.2133076923076923 0.017855113636363627 0.021115384615384595
0 0.9408238636363635 0.5298653846153846 0.02076704545454546 0.029576923076923178
0 0.6587002840909091 0.24773076923076923 0.02632102272727277 0.035153846153846154
0 0.6208238636363637 0.17219230769230767 0.022869318181818213 0.03330769230769232
0 0.5536931818181817 0.43777884615384616 0.0224715909090909 0.028019230769230755
0 0.9105397727272727 0.4374134615384615 0.022500000000000044 0.028403846153846172
0 0.19818892045454548 0.8498076923076923 0.020582386363636376 0.02899999999999997
0 0.20936789772727274 0.993 0.02546875000000001 0.013999999999999948
0 0.5655184659090909 0.21414423076923075 0.01765624999999993 0.03567307692307692
0 0.40490767045454545 0.568326923076923 0.02311079545454543 0.03942307692307692
0 0.46662642045454544 0.21748076923076923 0.016946022727272737 0.02661538461538462
0 0.4598721590909091 0.05841346153846154 0.02531250000000007 0.047711538461538465
0 0.4287997159090909 0.9676442307692308 0.024957386363636435 0.03575000000000006
0 0.2806463068181818 0.07399038461538461 0.02975852272727275 0.029826923076923074
0 0.14874289772727273 0.29848076923076927 0.020213068181818186 0.03207692307692309
0 0.6556534090909092 0.055875 0.021931818181818177 0.02617307692307692
0 0.578984375 0.2296826923076923 0.02606534090909086 0.035673076923076946
0 0.004637784090909091 0.17909615384615385 0.009275568181818182 0.034384615384615375
0 0.04641335227272727 0.19545192307692305 0.021377840909090916 0.028096153846153844
0 0.4856178977272727 0.2801153846153846 0.016946022727272657 0.02111538461538465
0 0.6082244318181819 0.14769230769230768 0.027215909090909044 0.034499999999999996
0 0.8558096590909091 0.9389423076923077 0.02065340909090904 0.028230769230769136
0 0.33375710227272726 0.005423076923076923 0.01691761363636363 0.010846153846153846
0 0.4574715909090909 0.8224903846153847 0.0222727272727272 0.029673076923076937
0 0.9512073863636364 0.4617788461538462 0.02119318181818176 0.031057692307692265
0 0.21553977272727273 0.9811538461538463 0.019772727272727254 0.027076923076923047
0 0.416171875 0.07994230769230769 0.019758522727272763 0.021269230769230773
0 0.3538210227272727 0.8884519230769231 0.02210227272727273 0.031519230769230744
0 0.9147585227272728 0.3868846153846154 0.017670454545454625 0.023423076923076935
0 0.7461789772727272 0.6098942307692308 0.020852272727272657 0.028211538461538493
0 0.8527698863636363 0.5614134615384615 0.02252840909090911 0.035096153846153846
0 0.20118607954545453 0.26348076923076924 0.023196022727272746 0.03119230769230769
0 0.7490624999999999 0.11094230769230769 0.023323863636363577 0.027269230769230768
0 0.04674715909090909 0.5340769230769231 0.019659090909090907 0.02661538461538457
0 0.5472230113636364 0.15031730769230767 0.0238210227272727 0.027596153846153864
0 0.9496164772727272 0.8549807692307692 0.026051136363636408 0.027884615384615386
0 0.7382102272727272 0.9818269230769231 0.025170454545454503 0.031076923076923016
0 0.6884303977272727 0.8729903846153846 0.021860795454545515 0.02809615384615387
0 0.3276846590909091 0.18472115384615387 0.029147727272727245 0.0394423076923077
0 0.2669602272727273 0.79725 0.025000000000000033 0.035538461538461574
0 0.21215198863636361 0.834451923076923 0.017855113636363627 0.03240384615384609
0 0.1657315340909091 0.8778846153846154 0.021860795454545456 0.03469230769230762
0 0.8711576704545455 0.8089038461538461 0.019701704545454553 0.03503846153846159
0 0.008522727272727272 0.580326923076923 0.017045454545454544 0.028307692307692253
0 0.04340198863636364 0.263125 0.021036931818181823 0.027249999999999976
0 0.5361079545454546 0.23874038461538463 0.019545454545454533 0.02559615384615388
0 0.2876136363636364 0.1961346153846154 0.022130681818181838 0.030615384615384617
0 0.6125710227272727 0.1991153846153846 0.016221590909090852 0.024692307692307673
0 0.8510795454545456 0.6962596153846153 0.02252840909090911 0.021288461538461527
0 0.3309446022727273 0.13828846153846153 0.023565340909090914 0.03288461538461537
0 0.6872230113636364 0.5785865384615385 0.015298295454545429 0.024173076923076908
0 0.693544034090909 0.5477211538461538 0.02225852272727267 0.02821153846153838
0 0.14394886363636364 0.20057692307692307 0.023039772727272725 0.026807692307692303
0 0.564609375 0.11695192307692308 0.02850852272727272 0.02340384615384617
0 0.25497869318181815 0.12295192307692308 0.02467329545454546 0.036480769230769226
0 0.9941619318181818 0.07347115384615384 0.011676136363636402 0.029134615384615387
0 0.23692471590909092 0.7558846153846154 0.019588068181818172 0.02284615384615384
0 0.14744318181818183 0.2252596153846154 0.025539772727272734 0.03059615384615384
0 0.7129900568181818 0.2799134615384615 0.02461647727272733 0.027519230769230775
0 0.893174715909091 0.8172788461538462 0.015071022727272747 0.02040384615384618
0 0.681171875 0.07720192307692307 0.021122159090909098 0.03159615384615384
0 0.6316832386363637 0.1966923076923077 0.02316761363636364 0.03134615384615387
0 0.9834730113636364 0.02194230769230769 0.025667613636363548 0.026153846153846156
0 0.9149289772727273 0.5599038461538461 0.01786931818181808 0.03157692307692311
0 0.12519176136363636 0.3402211538461538 0.017656249999999988 0.020211538461538444
0 0.37161221590909094 0.12408653846153847 0.021207386363636335 0.03301923076923077
0 0.1385724431818182 0.8885192307692307 0.020838068181818183 0.033769230769230774
0 0.7471377840909091 0.9930673076923077 0.021747159090909015 0.013865384615384686
0 0.5656392045454546 0.49023076923076925 0.019943181818181846 0.028423076923076926
0 0.21042613636363636 0.2935865384615384 0.03215909090909093 0.03113461538461538
0 0.3490411931818182 0.21354807692307692 0.02214488636363637 0.026749999999999993
0 0.6687286931818182 0.5270865384615385 0.01742897727272733 0.02359615384615392
0 0.01696732954545455 0.3677115384615384 0.02407670454545455 0.02953846153846151
0 0.31451704545454545 0.7244711538461539 0.01909090909090909 0.02582692307692309
0 0.9405397727272727 0.008307692307692308 0.02136363636363631 0.016615384615384615
0 0.8646164772727274 0.9585480769230769 0.017215909090909098 0.029057692307692333
0 0.24024147727272727 0.7152884615384616 0.02380681818181817 0.03303846153846155
0 0.8891051136363637 0.5630769230769231 0.015653409090909228 0.03123076923076925
0 0.8058735795454546 0.6722211538461539 0.02225852272727267 0.030134615384615305
0 0.34784801136363636 0.2382019230769231 0.02214488636363637 0.025134615384615398
0 0.7435795454545455 0.13428846153846152 0.021534090909090864 0.025384615384615405
0 0.7381605113636364 0.19851923076923078 0.018281250000000006 0.028000000000000004
0 0.8778053977272726 0.5962596153846154 0.018281250000000006 0.0336346153846154
0 0.9843536931818182 0.8047403846153847 0.020127840909091012 0.03225000000000008
0 0.8608451704545456 0.6588653846153847 0.018281250000000006 0.029346153846153827
0 0.29297585227272727 0.7071442307692308 0.022599431818181814 0.03467307692307698
0 0.4022088068181818 0.09133653846153846 0.018792613636363583 0.02436538461538462
0 0.09874999999999999 0.42908653846153844 0.020994318181818173 0.027519230769230775
0 0.9866974431818182 0.03466346153846154 0.021349431818181778 0.029365384615384616
0 0.8174644886363637 0.78 0.02055397727272731 0.026961538461538537
0 0.5112215909090909 0.4829326923076923 0.020681818181818187 0.02721153846153842
0 0.45386363636363636 0.13828846153846153 0.020795454545454527 0.028153846153846154
0 0.737997159090909 0.3108653846153846 0.017784090909090885 0.030923076923076893
0 0.34927556818181815 0.15552884615384616 0.018806818181818154 0.029980769230769238
0 0.4808806818181818 0.7266057692307692 0.022840909090909068 0.03136538461538462
0 0.6461647727272727 0.3247403846153846 0.022670454545454518 0.029634615384615377
0 0.4522585227272727 0.6580673076923077 0.021619318181818222 0.017134615384615325
0 0.915830965909091 0.5187596153846153 0.02268465909090913 0.03494230769230761
0 0.0931747159090909 0.9905288461538463 0.022372159090909092 0.018942307692307737
0 0.2595241477272727 0.7344615384615385 0.022599431818181814 0.028153846153846127
0 0.04575284090909091 0.3887019230769231 0.02221590909090909 0.036634615384615404
0 0.02458806818181818 0.5694038461538462 0.017187499999999998 0.03007692307692316
0 0.07926136363636363 0.9482211538461538 0.023238636363636364 0.032249999999999966
0 0.5822301136363636 0.9246634615384616 0.02610795454545454 0.0306730769230769
0 0.3893963068181818 0.13796153846153844 0.020951704545454544 0.03803846153846153
0 0.21213068181818182 0.48864423076923075 0.02653409090909092 0.031096153846153878
0 0.45730113636363634 0.8656538461538461 0.0199147727272727 0.03196153846153847
0 0.09105113636363636 0.2886153846153846 0.0215625 0.031115384615384573
0 0.21457386363636363 0.6205192307692308 0.016392045454545482 0.029346153846153827
0 0.3630823863636364 0.16503846153846152 0.022613636363636346 0.030307692307692317
0 0.03592329545454545 0.5539230769230769 0.011335227272727273 0.02030769230769231
0 0.3592755681818182 0.1365096153846154 0.02357954545454549 0.029326923076923077
0 0.5170454545454546 0.10334615384615385 0.023835227272727234 0.034076923076923074
0 0.17546875 0.9402019230769231 0.021960227272727263 0.03501923076923073
0 0.6423863636363637 0.07816346153846153 0.0234375 0.03136538461538461
0 0.7538210227272728 0.9546057692307692 0.0262215909090908 0.027865384615384632
0 0.31126420454545456 0.19558653846153848 0.02642045454545454 0.03044230769230769
0 0.06233664772727274 0.9590192307692308 0.020468750000000004 0.031076923076923016
0 0.7742116477272728 0.36064423076923074 0.022173295454545473 0.03417307692307689
0 0.1021377840909091 0.4054230769230769 0.020326704545454547 0.02480769230769232
0 0.4717045454545455 0.494798076923077 0.0224715909090909 0.03228846153846152
0 0.08607954545454545 0.3911730769230769 0.013664772727272723 0.022115384615384617
0 0.8494318181818182 0.7211826923076923 0.028778409090909077 0.03290384615384618
0 0.6523508522727273 0.409625 0.021122159090909098 0.03459615384615387
0 0.14597301136363636 0.985798076923077 0.021803977272727263 0.02840384615384612
0 0.15966619318181818 0.35375961538461537 0.026349431818181834 0.03074999999999996
0 0.15527698863636363 0.53925 0.02413352272727274 0.03292307692307693
0 0.23766335227272728 0.7836057692307693 0.021008522727272758 0.032134615384615345
0 0.40748579545454544 0.11217307692307692 0.02048295454545449 0.02707692307692309
0 0.24743607954545455 0.3300576923076923 0.028139204545454547 0.0401923076923077
0 0.9686221590909091 0.9250384615384615 0.024176136363636337 0.037884615384615364
0 0.06125 0.5426538461538462 0.019999999999999997 0.035653846153846085
0 0.4629119318181818 0.7071153846153847 0.013892045454545416 0.028000000000000004
0 0.3728693181818182 0.9113749999999999 0.023039772727272766 0.032173076923076846
0 0.271796875 0.8286730769230769 0.028764204545454544 0.026730769230769297
0 0.3641548295454546 0.19775000000000004 0.024758522727272695 0.030615384615384617
0 0.4859232954545455 0.5490961538461538 0.022840909090909068 0.036076923076923166
0 0.6555681818181818 0.3639711538461538 0.027045454545454574 0.034173076923076945
0 0.7405752840909091 0.2255769230769231 0.018281250000000006 0.016807692307692298
0 0.003615056818181818 0.9911538461538462 0.007230113636363636 0.01769230769230767
0 0.8068892045454544 0.9703076923076924 0.025397727272727266 0.03276923076923081
0 0.5754758522727272 0.51925 0.02365056818181815 0.03346153846153842
0 0.7711505681818182 0.7549903846153847 0.0199147727272727 0.030134615384615416
0 0.5556676136363636 0.530826923076923 0.02551136363636369 0.03526923076923072
0 0.9755184659090911 0.8482980769230769 0.025752840909090902 0.03748076923076925
0 0.06994318181818181 0.9299903846153846 0.016875000000000005 0.02771153846153851
0 0.45072443181818184 0.6359134615384615 0.011732954545454533 0.028826923076923094
0 0.701221590909091 0.3752115384615385 0.025028409090909098 0.028230769230769188
0 0.00567471590909091 0.44916346153846154 0.01134943181818182 0.021750000000000005
0 0.6515127840909091 0.5256442307692308 0.017002840909090867 0.025326923076923108
0 0.5938920454545454 0.22164423076923076 0.015340909090909106 0.027442307692307686
0 0.6775710227272728 0.5943173076923077 0.02241477272727269 0.01967307692307696
0 0.9571306818181818 0.01573076923076923 0.021647727272727287 0.03146153846153846
0 0.2587784090909091 0.7057019230769231 0.022897727272727278 0.028557692307692242
0 0.9291690340909091 0.8519038461538462 0.022116477272727184 0.03157692307692311
0 0.9179048295454545 0.815451923076923 0.020468749999999956 0.029288461538461465
0 0.4254616477272727 0.12974038461538462 0.014048295454545516 0.026750000000000006
0 0.7940411931818182 0.3680096153846154 0.019247159090909027 0.030173076923076917
0 0.7775568181818181 0.6412115384615383 0.02707386363636356 0.02392307692307692
0 0.7408451704545456 0.6628365384615383 0.023735795454545346 0.033288461538461545
0 0.9965909090909091 0.3122980769230769 0.006818181818181754 0.02455769230769233
0 0.06515625000000001 0.3312307692307693 0.021164772727272727 0.032692307692307694
0 0.9708806818181818 0.006990384615384615 0.02215909090909078 0.013942307692307693
0 0.9245596590909092 0.3424134615384615 0.015795454545454553 0.03601923076923075
0 0.636278409090909 0.5080192307692307 0.019943181818181766 0.02169230769230775
0 0.2833309659090909 0.73325 0.020184659090909062 0.03303846153846155
0 0.7614204545454545 0.24514423076923075 0.020738636363636397 0.034942307692307696
0 0.6653338068181818 0.5011923076923077 0.025923295454545456 0.030500000000000027
0 0.40921164772727275 0.0055 0.016406250000000015 0.011
0 0.6799928977272727 0.9588076923076922 0.028764204545454544 0.03819230769230772
0 0.032173295454545454 0.42134615384615387 0.021875000000000002 0.029615384615384627
0 0.4933948863636364 0.8816346153846155 0.03272727272727276 0.0392692307692308
0 0.49996448863636367 0.16271153846153846 0.02396306818181819 0.03457692307692306
0 0.594190340909091 0.4631442307692308 0.018863636363636326 0.029942307692307678
0 0.48617897727272724 0.25298076923076923 0.019886363636363636 0.02907692307692311
0 0.9016690340909093 0.7932115384615385 0.019701704545454553 0.0392307692307693
0 0.31011363636363637 0.13345192307692308 0.021903409090909074 0.030942307692307686
0 0.6129474431818182 0.6105384615384616 0.020468750000000036 0.02626923076923082
0 0.8284375 0.4292115384615385 0.02531250000000007 0.029576923076923067
0 0.8860298295454545 0.8222403846153847 0.017769886363636352 0.028249999999999997
0 0.7090340909090909 0.18233653846153847 0.021363636363636394 0.027057692307692293
0 0.9484019886363636 0.6190576923076923 0.021633522727272755 0.030461538461538415
0 0.056512784090909096 0.27867307692307697 0.024928977272727273 0.034807692307692296
0 0.11073863636363637 0.8919807692307692 0.015710227272727254 0.019423076923076966
0 0.831455965909091 0.7462403846153846 0.02183238636363637 0.02467307692307689
0 0.2899928977272727 0.16992307692307693 0.02370738636363636 0.029961538461538484
0 0.29389204545454545 0.08808653846153847 0.015767045454545447 0.032249999999999994
