0 0.4307457386363636 0.6709326923076923 0.03626420454545451 0.05428846153846157
0 0.7461079545454545 0.6162596153846155 0.035653409090908965 0.03713461538461539
0 0.26003551136363634 0.3286442307692307 0.07126420454545457 0.049057692307692344
0 0.18230113636363637 0.7844711538461538 0.05590909090909093 0.04809615384615383
0 0.17764914772727272 0.7379615384615384 0.0401846590909091 0.06226923076923076
0 0.2076349431818182 0.7535288461538462 0.0495028409090909 0.07528846153846161
0 0.28737926136363634 0.735625 0.02771306818181817 0.0538653846153846
0 0.3119957386363636 0.7338365384615385 0.02563920454545452 0.055865384615384636
0 0.14914772727272727 0.6739807692307693 0.027926136363636358 0.040423076923077
0 0.057230113636363635 0.6878750000000001 0.024403409090909097 0.0580576923076923
0 0.11320312499999999 0.9125961538461539 0.04433238636363635 0.07184615384615388
0 0.06446732954545455 0.9786826923076923 0.034644886363636364 0.042519230769230795
0 0.8335724431818182 0.6295288461538462 0.04916193181818184 0.054673076923076935
0 0.015170454545454544 0.9744326923076924 0.03034090909090909 0.051134615384615334
0 0.6689275568181818 0.1458076923076923 0.030696022727272745 0.04153846153846155
0 0.7287642045454544 0.1601442307692308 0.030454545454545453 0.04575000000000001
0 0.7393039772727273 0.27433653846153844 0.019829545454545506 0.0467115384615385
0 0.7131392045454544 0.2899038461538462 0.03965909090909093 0.039192307692307686
0 0.7127414772727273 0.2643942307692308 0.03409090909090909 0.03436538461538457
0 0.093984375 0.9757115384615385 0.03117897727272728 0.04857692307692306
0 0.8704119318181818 0.3656634615384615 0.03198863636363634 0.051480769230769254
0 0.7906107954545455 0.3798846153846154 0.043352272727272705 0.05961538461538462
0 0.07782670454545454 0.04908653846153846 0.030312499999999996 0.046634615384615385
0 0.06035511363636364 0.060125 0.04147727272727273 0.060596153846153855
0 0.10348011363636363 0.09 0.03321022727272729 0.03911538461538461
0 0.08262784090909091 0.08450961538461539 0.032187499999999994 0.027980769230769226
0 0.25642045454545453 0.9285 0.035880681818181846 0.06073076923076931
0 0.22578835227272728 0.9192596153846153 0.041548295454545456 0.05909615384615388
0 0.3883948863636364 0.8196923076923077 0.07684659090909095 0.09892307692307692
0 0.31920454545454546 0.9500673076923077 0.03099431818181817 0.04567307692307692
0 0.822315340909091 0.5269038461538462 0.0601420454545455 0.09023076923076921
0 0.31042613636363636 0.97575 0.07786931818181818 0.04850000000000005
0 0.33484375 0.9626057692307692 0.04403409090909091 0.05832692307692316
0 0.39222301136363635 0.8993076923076923 0.04734375000000006 0.07403846153846154
0 0.46109375 0.9730576923076923 0.04400568181818185 0.05388461538461535
0 0.954296875 0.10432692307692308 0.05129261363636366 0.06296153846153847
0 0.9904829545454544 0.7024807692307692 0.019034090909090876 0.0768076923076923
0 0.9610795454545453 0.7130480769230768 0.024318181818181826 0.08440384615384623
0 0.9384517045454547 0.6836923076923077 0.04892045454545446 0.06838461538461539
0 0.9830539772727271 0.42613461538461533 0.03389204545454547 0.060038461538461534
0 0.9846875 0.28231730769230773 0.030624999999999923 0.05659615384615386
0 0.6591548295454545 0.5219423076923076 0.04754261363636359 0.0869230769230769
0 0.9865624999999999 0.23470192307692306 0.026619318181818195 0.0581730769230769
0 0.9781178977272728 0.9815288461538462 0.03745738636363637 0.036942307692307656
0 0.8962286931818181 0.889673076923077 0.03294034090909082 0.04030769230769238
0 0.8394673295454546 0.7376826923076923 0.03615056818181825 0.05144230769230769
0 0.10211647727272727 0.05469230769230769 0.023721590909090904 0.04357692307692308
0 0.8171732954545454 0.7351826923076923 0.03840909090909086 0.058134615384615417
0 0.8372088068181818 0.7629903846153846 0.029985795454545473 0.044211538461538476
0 0.8194673295454545 0.7761153846153845 0.028764204545454544 0.05284615384615388
0 0.78078125 0.8002115384615385 0.08696022727272731 0.051923076923076926
0 0.7903693181818183 0.7448269230769231 0.03355113636363637 0.062576923076923
0 0.5213139204545455 0.3777307692307692 0.03919034090909095 0.041461538461538466
0 0.777059659090909 0.9135961538461538 0.03372159090909092 0.05388461538461535
0 0.7199289772727273 0.8280576923076923 0.029232954545454524 0.04338461538461539
0 0.7052556818181818 0.861951923076923 0.02639204545454551 0.04205769230769232
0 0.5061150568181817 0.869798076923077 0.031321022727272746 0.041326923076923094
0 0.49164772727272726 0.881951923076923 0.037471590909090906 0.04471153846153846
0 0.5971875 0.9504903846153846 0.03642045454545453 0.04648076923076915
0 0.5782315340909091 0.9891538461538462 0.06214488636363636 0.021500000000000123
0 0.724609375 0.9729519230769231 0.02990056818181812 0.04448076923076922
0 0.04231534090909091 0.5569038461538461 0.03457386363636364 0.04519230769230769
0 0.9755326704545456 0.45177884615384617 0.0488494318181818 0.07986538461538462
0 0.43920454545454546 0.5482596153846154 0.030710227272727278 0.03594230769230769
0 0.9663565340909092 0.47175961538461536 0.046036931818181775 0.06713461538461532
0 0.9893110795454544 0.3469230769230769 0.021178977272727228 0.0401923076923077
0 0.7238920454545454 0.7689711538461539 0.028551136363636317 0.044865384615384585
0 0.7042116477272727 0.7593076923076924 0.0324573863636364 0.06234615384615388
0 0.41429687499999995 0.6786826923076923 0.04762784090909095 0.04328846153846152
0 0.3970099431818182 0.6457692307692308 0.03524147727272728 0.06226923076923076
0 0.7511860795454546 0.37757692307692303 0.058025568181818137 0.04946153846153846
0 0.43966619318181815 0.6281057692307692 0.03444602272727273 0.049365384615384644
0 0.4067116477272727 0.6197019230769231 0.05308238636363637 0.05155769230769231
0 0.8887642045454546 0.9819615384615384 0.034545454545454615 0.03584615384615393
0 0.49205965909090904 0.5760576923076922 0.039346590909090894 0.05326923076923075
0 0.9088352272727271 0.9758846153846155 0.04110795454545446 0.0482307692307692
0 0.49787642045454544 0.48024038461538465 0.049247159090909036 0.1113653846153846
0 0.5252982954545454 0.48213461538461533 0.0558522727272728 0.06565384615384613
0 0.569921875 0.23168269230769228 0.05109374999999996 0.03728846153846151
0 0.5943963068181819 0.19771153846153847 0.04498579545454548 0.0555
0 0.1994815340909091 0.27266346153846155 0.029048295454545438 0.05340384615384612
0 0.2237713068181818 0.26662499999999995 0.023849431818181846 0.05190384615384612
0 0.2198366477272727 0.2978269230769231 0.045838068181818195 0.052423076923076906
0 0.5204900568181818 0.028307692307692305 0.018281250000000006 0.030423076923076924
0 0.7173224431818181 0.053740384615384613 0.03779829545454539 0.06301923076923076
0 0.5069460227272727 0.7263653846153847 0.04849431818181816 0.06019230769230771
0 0.6414701704545455 0.007586538461538461 0.035269886363636344 0.015019230769230769
0 0.16824573863636363 0.9802115384615385 0.04441761363636365 0.039576923076923044
0 0.20395596590909093 0.9807596153846154 0.02938920454545454 0.038480769230769214
0 0.1783877840909091 0.9641826923076923 0.043963068181818186 0.061519230769230784
0 0.8654829545454544 0.18159615384615385 0.026903409090909006 0.03884615384615385
0 0.5287713068181819 0.712923076923077 0.01745738636363631 0.03892307692307683
0 0.5412073863636363 0.7113557692307692 0.026988636363636364 0.08294230769230779
0 0.29401988636363635 0.028971153846153844 0.05201704545454546 0.05794230769230769
0 0.2148224431818182 0.19864423076923074 0.036093749999999994 0.049365384615384617
0 0.22242187500000002 0.15337499999999998 0.03836647727272726 0.046288461538461556
0 0.6064701704545454 0.7397692307692307 0.06603693181818183 0.0827692307692307
0 0.18462357954545452 0.18347115384615384 0.0486221590909091 0.09413461538461536
0 0.29410511363636366 0.17020192307692306 0.03553977272727274 0.07917307692307693
0 0.30602982954545455 0.15923076923076923 0.03299715909090908 0.09246153846153847
0 0.3371803977272727 0.15407692307692308 0.049616477272727284 0.08653846153846155
0 0.35637073863636365 0.16359615384615384 0.061605113636363645 0.062423076923076914
0 0.38227272727272726 0.14048076923076921 0.060823863636363586 0.08792307692307692
0 0.013267045454545455 0.2539134615384615 0.02653409090909091 0.04617307692307691
0 0.05422585227272727 0.2904038461538461 0.039815340909090904 0.07334615384615388
0 0.054382102272727266 0.19828846153846152 0.039360795454545454 0.05161538461538462
0 0.10944602272727272 0.20376923076923079 0.017130681818181823 0.02299999999999999
0 0.6096946022727273 0.4960096153846154 0.05183238636363638 0.07217307692307692
0 0.09410511363636363 0.2163653846153846 0.030539772727272728 0.03853846153846155
0 0.1037215909090909 0.24141346153846152 0.028409090909090898 0.042557692307692296
0 0.2534659090909091 0.40087500000000004 0.05605113636363634 0.041826923076923074
0 0.3707457386363636 0.0698076923076923 0.05367897727272722 0.03323076923076922
0 0.4797372159090909 0.27440384615384616 0.03757102272727271 0.09415384615384614
0 0.7070596590909091 0.49295192307692315 0.03928977272727276 0.08467307692307698
0 0.10337357954545455 0.5677403846153847 0.035553977272727286 0.05913461538461538
0 0.26953835227272727 0.4809230769230769 0.042684659090909106 0.04992307692307694
0 0.3436079545454545 0.5262115384615385 0.027926136363636358 0.11050000000000001
0 0.2684943181818182 0.30461538461538457 0.03985795454545455 0.04415384615384617
