0 0.1510369318181818 0.014326923076923077 0.02380681818181817 0.028
0 0.00893465909090909 0.10417307692307692 0.01786931818181818 0.02261538461538461
0 0.13546875 0.11610576923076923 0.02150568181818182 0.02798076923076924
0 0.780987215909091 0.18840384615384614 0.01686079545454546 0.025884615384615398
0 0.9472514204545455 0.004201923076923077 0.015610795454545467 0.008403846153846154
0 0.9692542613636363 0.03235576923076924 0.02274147727272726 0.030173076923076924
0 0.9947088068181817 0.35746153846153844 0.010553977272727362 0.024192307692307662
0 0.8768110795454547 0.010875000000000001 0.02151988636363633 0.021750000000000002
0 0.8605610795454546 0.006192307692307692 0.019105113636363538 0.012384615384615385
0 0.8408522727272728 0.006884615384615385 0.020312500000000098 0.013461538461538462
0 0.8181321022727274 0.005663461538461538 0.01921874999999996 0.010519230769230769
0 0.7829474431818181 0.008586538461538463 0.015752840909090956 0.01578846153846154
0 0.7956889204545454 0.005894230769230769 0.015326704545454494 0.011788461538461538
0 0.15019886363636364 0.11002884615384616 0.017954545454545456 0.023750000000000004
0 0.7927698863636364 0.02261538461538461 0.012528409090909 0.018115384615384613
0 0.7820809659090909 0.030057692307692306 0.015326704545454494 0.019576923076923075
0 0.5282386363636363 0.7292788461538462 0.019119318181818234 0.02451923076923077
0 0.5596803977272727 0.7350769230769231 0.021633522727272755 0.027923076923076887
0 0.5721306818181818 0.6724134615384615 0.01835227272727275 0.02451923076923077
0 0.6939985795454545 0.6647500000000001 0.01862215909090911 0.022807692307692334
0 0.70578125 0.6482596153846154 0.01676136363636357 0.02228846153846149
0 0.7164133522727273 0.645625 0.014076704545454581 0.021903846153846235
0 0.7487571022727273 0.6659038461538461 0.016463068181818065 0.018653846153846132
0 0.7343821022727273 0.6640673076923077 0.016463068181818145 0.019865384615384694
0 0.16335227272727273 0.1206346153846154 0.02045454545454546 0.028000000000000004
0 0.7198579545454545 0.6665096153846155 0.014374999999999926 0.02148076923076926
0 0.6782315340909091 0.6723846153846154 0.01916193181818183 0.025961538461538463
0 0.4705042613636364 0.9916153846153846 0.016093749999999976 0.016346153846153847
0 0.45452414772727273 0.9888269230769232 0.017855113636363627 0.022346153846153856
0 0.4420738636363637 0.9810673076923077 0.019119318181818154 0.02451923076923077
0 0.4388068181818182 0.9910384615384616 0.01508522727272728 0.01792307692307691
0 0.4254758522727272 0.9812307692307692 0.016093749999999976 0.028269230769230855
0 0.40849431818181814 0.9774807692307692 0.01937499999999998 0.028269230769230748
0 0.3975497159090909 0.9905961538461538 0.019616477272727195 0.016346153846153847
0 0.6722869318181818 0.8559711538461539 0.014772727272727321 0.02205769230769225
0 0.14872869318181817 0.128125 0.016292613636363636 0.020903846153846162
0 0.7084446022727273 0.8740673076923077 0.019872159090909104 0.026557692307692313
0 0.7285582386363636 0.8183942307692308 0.018338068181818216 0.02136538461538464
0 0.7218181818181818 0.7994326923076924 0.019602272727272663 0.024826923076923125
0 0.72015625 0.8544134615384614 0.021903409090909196 0.03275000000000006
0 0.704502840909091 0.8583846153846154 0.015539772727272723 0.017230769230769192
0 0.6842542613636364 0.862 0.016292613636363595 0.02311538461538458
0 0.6967329545454546 0.8761346153846155 0.01272727272727278 0.019653846153846098
0 0.6963494318181819 0.8942403846153846 0.01909090909090909 0.02275000000000008
0 0.692784090909091 0.845798076923077 0.01605113636363638 0.025173076923076985
0 0.698643465909091 0.8275288461538461 0.022656249999999985 0.020326923076923173
0 0.1347372159090909 0.13533653846153845 0.016292613636363636 0.018365384615384638
0 0.687059659090909 0.8201153846153847 0.01272727272727278 0.016538461538461474
0 0.65625 0.8597596153846153 0.020369318181818228 0.025519230769230735
0 0.6681747159090908 0.8232692307692309 0.018821022727272728 0.029307692307692326
0 0.5474147727272727 0.8019711538461538 0.020624999999999973 0.03140384615384612
0 0.5728053977272727 0.8237884615384615 0.015213068181818234 0.021999999999999995
0 0.564296875 0.7963942307692308 0.017258522727272695 0.023019230769230823
0 0.5825994318181817 0.7916826923076923 0.01829545454545454 0.024788461538461513
0 0.6028338068181818 0.8038942307692307 0.0185653409090909 0.02478846153846162
0 0.5756392045454546 0.8660096153846155 0.017272727272727228 0.021288461538461527
0 0.5945880681818182 0.8297211538461539 0.017528409090909056 0.023365384615384573
0 0.1433025568181818 0.14961538461538465 0.025468749999999988 0.02996153846153846
0 0.6184801136363636 0.8597211538461539 0.016193181818181867 0.020442307692307683
0 0.5969602272727272 0.8496538461538461 0.016193181818181787 0.02373076923076929
0 0.4547798295454545 0.38527884615384617 0.01600852272727278 0.021057692307692284
0 0.44967329545454554 0.4104423076923077 0.017130681818181823 0.028000000000000004
0 0.45644176136363634 0.40047115384615384 0.01578125000000002 0.02255769230769234
0 0.46710937500000005 0.41191346153846153 0.015781249999999938 0.02136538461538464
0 0.02469460227272727 0.5096923076923078 0.016889204545454544 0.021653846153846135
0 0.010696022727272728 0.5392115384615385 0.01619318181818182 0.026230769230769203
0 0.005269886363636364 0.32963461538461536 0.010539772727272727 0.027384615384615403
0 0.5749715909090909 0.741048076923077 0.016392045454545482 0.023057692307692217
0 0.1359943181818182 0.17209615384615387 0.02005681818181817 0.027423076923076932
0 0.5761008522727272 0.7636634615384615 0.019928977272727234 0.025673076923076858
0 0.5920028409090908 0.7493173076923076 0.019602272727272742 0.027403846153846154
0 0.6668892045454545 0.6870961538461537 0.016392045454545402 0.022192307692307733
0 0.41403409090909093 0.9950192307692309 0.015852272727272763 0.00884615384615389
0 0.7138068181818181 0.6842692307692307 0.01573863636363634 0.023500000000000052
0 0.6485724431818182 0.667298076923077 0.015752840909090873 0.02263461538461535
0 0.6602982954545454 0.6683846153846154 0.016079545454545444 0.018692307692307744
0 0.6435866477272727 0.6840480769230769 0.018650568181818174 0.027403846153846154
0 0.6270383522727273 0.6947019230769231 0.020894886363636414 0.028711538461538476
0 0.6566051136363636 0.6986249999999999 0.020255681818181805 0.026980769230769287
0 0.15124289772727273 0.21436538461538462 0.020042613636363636 0.02488461538461538
0 0.6721875 0.7071153846153847 0.014147727272727244 0.01957692307692309
0 0.64953125 0.7168942307692308 0.01767045454545454 0.022634615384615458
0 0.6641548295454546 0.7221153846153846 0.017997159090909032 0.02523076923076924
0 0.7376207386363636 0.7095769230769231 0.017116477272727207 0.021846153846153873
0 0.7310298295454545 0.7245192307692307 0.01910511363636362 0.02407692307692304
0 0.723622159090909 0.714701923076923 0.014829545454545451 0.021403846153846145
0 0.7247798295454545 0.6977596153846155 0.0191051136363637 0.026750000000000048
0 0.7249431818181818 0.7537211538461539 0.01877840909090913 0.023634615384615313
0 0.6287713068181818 0.8482211538461538 0.018394886363636346 0.02382692307692305
0 0.6283664772727273 0.8269615384615384 0.014801136363636306 0.019230769230769232
0 0.19092329545454545 0.0039807692307692304 0.015454545454545448 0.007961538461538461
0 0.6428338068181818 0.8342307692307691 0.013338068181818163 0.017153846153846186
0 0.6410795454545455 0.8091442307692308 0.01857954545454551 0.026442307692307692
0 0.7171306818181818 0.7679423076923078 0.016392045454545482 0.022653846153846212
0 0.7201988636363637 0.7857500000000001 0.010937499999999984 0.015730769230769243
0 0.665575284090909 0.8343557692307693 0.03921875000000002 0.0312884615384615
0 0.9774715909090909 0.9130384615384615 0.014460227272727362 0.020461538461538545
0 0.9623721590909091 0.908028846153846 0.014460227272727362 0.021750000000000005
0 0.9696022727272726 0.8880192307692307 0.018636363636363642 0.021769230769230756
0 0.9652627840909092 0.8699615384615385 0.018963068181818213 0.021307692307692385
0 0.9866335227272728 0.9369711538461539 0.017357954545454583 0.021326923076923028
0 0.16961647727272727 0.20319230769230767 0.01920454545454545 0.028000000000000004
0 0.006285511363636364 0.597 0.011377840909090909 0.01980769230769222
0 0.9671946022727272 0.9378461538461539 0.017684659090909157 0.022192307692307622
0 0.99203125 0.9134711538461538 0.01593750000000004 0.023057692307692324
0 0.9925142045454546 0.8915000000000001 0.014971590909090858 0.028730769230769226
0 0.9713991477272728 0.965076923076923 0.01487215909090913 0.021384615384615394
0 0.954786931818182 0.9721538461538461 0.01696022727272719 0.022346153846153856
0 0.9596661931818182 0.9600384615384616 0.011860795454545487 0.015730769230769243
0 0.6841264204545454 0.8825096153846154 0.015014204545454617 0.015173076923077006
0 0.9460653409090909 0.9298365384615385 0.011619318181818111 0.016365384615384598
0 0.7015980113636364 0.679701923076923 0.015099431818181812 0.020442307692307683
0 0.02994318181818182 0.10040384615384614 0.015482954545454546 0.02011538461538462
0 0.17922585227272728 0.18551923076923077 0.020042613636363615 0.028269230769230748
0 0.6087215909090908 0.8528076923076923 0.013977272727272692 0.020423076923076933
0 0.004524147727272727 0.6077884615384614 0.009048295454545455 0.0220384615384615
0 0.19134232954545452 0.16968269230769234 0.01879261363636362 0.027134615384615382
0 0.1773508522727273 0.15653846153846154 0.017542613636363627 0.021192307692307684
0 0.16523437500000002 0.154 0.019218750000000003 0.028000000000000004
0 0.19499289772727268 0.1470673076923077 0.022343749999999985 0.027134615384615382
0 0.17650568181818183 0.13689423076923077 0.017954545454545476 0.022057692307692306
0 0.20668323863636362 0.011615384615384616 0.01691761363636363 0.023230769230769232
0 0.1859090909090909 0.12069230769230768 0.01670454545454544 0.022461538461538446
0 0.20971590909090906 0.13208653846153848 0.022130681818181838 0.02601923076923077
0 0.229140625 0.11696153846153845 0.02171875000000003 0.02799999999999999
0 0.006051136363636364 0.1246923076923077 0.012102272727272727 0.020115384615384604
0 0.20700284090909093 0.11215384615384615 0.015028409090909108 0.02176923076923077
0 0.2416690340909091 0.14861538461538462 0.020894886363636376 0.027423076923076904
0 0.22047585227272723 0.14339423076923077 0.01691761363636363 0.022057692307692306
0 0.22746448863636362 0.15795192307692307 0.020042613636363615 0.026865384615384614
0 0.22997159090909092 0.17151923076923076 0.018806818181818195 0.02403846153846154
0 0.24803977272727273 0.16982692307692307 0.020681818181818187 0.02515384615384615
0 0.851065340909091 0.9008557692307693 0.022556818181818174 0.031096153846153766
0 0.7787073863636365 0.9250288461538462 0.02318181818181825 0.030826923076923026
0 0.7713920454545454 0.861826923076923 0.020681818181818266 0.028269230769230748
0 0.7580326704545454 0.850375 0.018167613636363586 0.02686538461538467
0 0.019829545454545457 0.12344230769230768 0.016704545454545455 0.025961538461538463
0 0.7434090909090909 0.8346826923076922 0.021079545454545337 0.029403846153846194
0 0.8408380681818183 0.9473653846153846 0.01963068181818189 0.028000000000000004
0 0.852421875 0.9578173076923077 0.01984375000000004 0.025173076923076985
0 0.8671448863636364 0.9678557692307692 0.01713068181818174 0.023749999999999934
0 0.8577556818181818 0.9800192307692308 0.019630681818181728 0.024307692307692173
0 0.8444886363636364 0.987326923076923 0.019431818181818272 0.02534615384615386
0 0.6683309659090909 0.9705480769230769 0.02296874999999994 0.03194230769230772
0 0.6761647727272727 0.9376057692307692 0.018579545454545432 0.02205769230769236
0 0.6333451704545454 0.9221923076923078 0.018167613636363586 0.027423076923076904
0 0.6174786931818183 0.923471153846154 0.018167613636363666 0.02771153846153851
0 0.03582386363636363 0.11184615384615385 0.01980113636363636 0.025692307692307705
0 0.6322017045454545 0.9493365384615384 0.02130681818181818 0.02686538461538456
0 0.6063068181818182 0.946375 0.018380681818181813 0.025442307692307726
0 0.6181036931818181 0.959375 0.01691761363636367 0.025442307692307726
0 0.5918963068181818 0.9596634615384615 0.02171874999999995 0.026019230769230826
0 0.5944034090909092 0.979451923076923 0.01588068181818183 0.018673076923076883
0 0.594403409090909 0.9929807692307693 0.01670454545454544 0.014038461538461451
0 0.5815553977272727 0.9862403846153847 0.018593749999999964 0.023749999999999934
0 0.5836434659090909 0.9352019230769231 0.025696022727272772 0.03421153846153839
0 0.574034090909091 0.9128653846153846 0.01900568181818181 0.02461538461538453
0 0.5631818181818182 0.8970288461538463 0.020681818181818187 0.02628846153846157
0 0.052428977272727266 0.10891346153846153 0.01465909090909091 0.023173076923076918
0 0.5926278409090909 0.8795000000000001 0.020681818181818187 0.029692307692307688
0 0.5762286931818181 0.8766730769230769 0.015866477272727296 0.023461538461538547
0 0.5534659090909091 0.8771057692307693 0.02005681818181819 0.029403846153846194
0 0.5361363636363636 0.8796442307692307 0.02088068181818188 0.031673076923076866
0 0.5655823863636363 0.8435961538461538 0.017130681818181823 0.022346153846153856
0 0.5692400568181818 0.8359615384615384 0.019417613636363577 0.025730769230769224
0 0.528828125 0.9007115384615385 0.018792613636363663 0.02630769230769232
0 0.5135795454545454 0.8988653846153847 0.018380681818181813 0.028846153846153848
0 0.5025071022727272 0.8980288461538461 0.0150426136363636 0.02544230769230762
0 0.4913423295454545 0.8929326923076922 0.015241477272727217 0.025442307692307726
0 0.0667684659090909 0.09663461538461539 0.019815340909090904 0.027653846153846143
0 0.4639772727272727 0.8790769230769231 0.021931818181818177 0.03165384615384623
0 0.4499857954545455 0.8722980769230769 0.01775568181818182 0.02771153846153851
0 0.4403835227272727 0.8553365384615385 0.02318181818181817 0.029403846153846194
0 0.4296235795454546 0.881625 0.024218750000000015 0.031096153846153766
0 0.4651278409090909 0.8387884615384614 0.022556818181818174 0.025153846153846124
0 0.4663849431818182 0.8181442307692308 0.018792613636363583 0.024596153846153775
0 0.4752556818181819 0.7999134615384615 0.019431818181818192 0.02713461538461541
0 0.44132102272727275 0.8150384615384616 0.018806818181818195 0.021769230769230756
0 0.41208096590909093 0.8430288461538461 0.02214488636363633 0.03194230769230772
0 0.38388494318181815 0.7994903846153847 0.02296874999999994 0.03478846153846149
0 0.068828125 0.05836538461538462 0.02146306818181818 0.02765384615384615
0 0.3575710227272727 0.8122115384615385 0.022130681818181796 0.03138461538461537
0 0.381484375 0.7309230769230769 0.018167613636363586 0.02546153846153848
0 0.4218963068181818 0.7238557692307692 0.021292613636363648 0.029980769230769182
0 0.46095170454545453 0.7343173076923077 0.02548295454545454 0.028826923076922986
0 0.4784943181818182 0.7446346153846154 0.017954545454545435 0.022346153846153856
0 0.4957244318181818 0.7436442307692308 0.019829545454545506 0.023750000000000045
0 0.5159801136363636 0.7425192307692308 0.01943181818181811 0.022615384615384596
0 0.2100284090909091 0.6928942307692307 0.026931818181818192 0.03532692307692309
0 0.30484375 0.5895576923076923 0.024857954545454544 0.032230769230769216
0 0.2975284090909091 0.5567596153846154 0.021931818181818177 0.03167307692307698
0 0.0798650568181818 0.07596153846153846 0.019190340909090907 0.025961538461538463
0 0.3424360795454545 0.5911057692307692 0.02359374999999998 0.0336346153846154
0 0.36217329545454546 0.5557692307692308 0.0208806818181818 0.029692307692307796
0 0.37491477272727275 0.5393653846153846 0.022556818181818174 0.0291153846153847
0 0.40477272727272734 0.5771057692307693 0.021732954545454562 0.029403846153846194
0 0.3856605113636364 0.6297019230769232 0.02526988636363631 0.03278846153846156
0 0.3601846590909091 0.6588269230769231 0.025681818181818198 0.03392307692307701
0 0.35987215909090914 0.6903557692307692 0.022556818181818216 0.032519230769230814
0 0.38096590909090905 0.6760769230769231 0.02130681818181818 0.035615384615384583
0 0.39725852272727274 0.6531730769230769 0.02130681818181818 0.028846153846153848
0 0.3971519886363637 0.6805961538461538 0.020667613636363654 0.028269230769230748
0 0.095234375 0.06074038461538462 0.021036931818181823 0.027365384615384625
0 0.4150071022727273 0.6841346153846154 0.021292613636363648 0.03307692307692316
0 0.43776988636363645 0.7187692307692307 0.024232954545454547 0.032807692307692315
0 0.43108664772727273 0.6968557692307692 0.021292613636363648 0.03648076923076928
0 0.4346377840909091 0.6699903846153846 0.02214488636363633 0.030826923076923134
0 0.4487357954545454 0.6716923076923076 0.019829545454545426 0.02573076923076933
0 0.4515553977272727 0.694875 0.017968750000000047 0.027980769230769253
0 0.41218749999999993 0.6480865384615384 0.019431818181818192 0.031096153846153766
0 0.4198082386363637 0.6280096153846154 0.018792613636363663 0.02713461538461541
0 0.44058948863636366 0.6267403846153846 0.01984375000000004 0.02628846153846157
0 0.4579190340909091 0.6271634615384616 0.018167613636363586 0.02205769230769236
0 0.010035511363636363 0.007471153846153846 0.014446022727272727 0.014942307692307692
0 0.012514204545454544 0.14522115384615383 0.015681818181818182 0.020942307692307694
0 0.4656534090909091 0.6369134615384615 0.01857954545454551 0.022903846153846094
0 0.47076704545454545 0.6162692307692307 0.022556818181818174 0.027423076923076904
0 0.48141335227272725 0.6246153846153846 0.016292613636363595 0.020346153846153816
0 0.486953125 0.6353653846153846 0.02151988636363633 0.02488461538461538
0 0.4616832386363636 0.6571346153846154 0.021917613636363645 0.030538461538461528
0 0.49854403409090914 0.6206538461538462 0.020468750000000036 0.02546153846153848
0 0.5107599431818182 0.6379038461538461 0.018991477272727278 0.022615384615384596
0 0.5144105113636364 0.6475192307692307 0.016292613636363595 0.028846153846153848
0 0.4918607954545454 0.6582596153846153 0.016278409090909062 0.02148076923076926
0 0.5023082386363636 0.6691442307692308 0.02171874999999995 0.029673076923076937
0 0.032627840909090905 0.13237500000000002 0.015056818181818178 0.01871153846153847
0 0.5208877840909091 0.6716923076923076 0.021292613636363648 0.03138461538461537
0 0.48622159090909095 0.6810288461538462 0.02005681818181819 0.024596153846153775
0 0.46303977272727276 0.6851153846153846 0.02005681818181819 0.028846153846153848
0 0.4689914772727272 0.7126826923076923 0.0181818181818182 0.02628846153846157
0 0.487159090909091 0.7173557692307692 0.020681818181818187 0.028826923076923094
0 0.4756747159090909 0.6954423076923076 0.01734375000000005 0.021192307692307656
0 0.49415482954545453 0.6962884615384617 0.01921874999999996 0.028000000000000004
0 0.4525994318181818 0.5807884615384615 0.022556818181818174 0.030538461538461528
0 0.4794318181818182 0.5680673076923076 0.022755681818181793 0.028826923076923094
0 0.49948153409090906 0.5669326923076923 0.018593750000000044 0.028826923076923094
0 0.023955965909090913 0.15458653846153844 0.016292613636363636 0.024019230769230758
0 0.4976065340909091 0.5937980769230768 0.022769886363636326 0.029403846153846194
0 0.48130681818181825 0.5898365384615385 0.016079545454545444 0.020365384615384566
0 0.46022017045454544 0.5243846153846154 0.024446022727272778 0.03249999999999996
0 0.48141335227272725 0.5229615384615385 0.023394886363636323 0.03138461538461548
0 0.49771306818181815 0.5199999999999999 0.015454545454545448 0.018653846153846132
0 0.42617897727272724 0.5072788461538461 0.019431818181818192 0.023749999999999934
0 0.39631392045454544 0.5116634615384615 0.019417613636363577 0.025173076923076985
0 0.5587926136363636 0.3466826923076923 0.02235795454545456 0.03563461538461539
0 0.5589985795454545 0.37948076923076923 0.018167613636363666 0.02488461538461538
0 0.5025142045454545 0.35191346153846154 0.02130681818181818 0.027442307692307658
0 0.04686079545454545 0.13238461538461538 0.016306818181818176 0.021500000000000012
0 0.4922798295454545 0.37100000000000005 0.020042613636363657 0.028269230769230803
0 0.6164346590909091 0.3845673076923077 0.024857954545454544 0.034480769230769245
0 0.6468181818181818 0.38669230769230767 0.02338068181818179 0.030807692307692328
0 0.6953764204545455 0.40040384615384617 0.02151988636363633 0.027153846153846164
0 0.7249289772727273 0.3717019230769231 0.02130681818181818 0.029134615384615394
0 0.6818039772727272 0.4353269230769231 0.021931818181818177 0.03138461538461537
0 0.6665553977272727 0.45157692307692304 0.016491477272727293 0.019807692307692328
0 0.6518323863636364 0.45313461538461536 0.017130681818181823 0.021192307692307656
0 0.6382528409090908 0.439701923076923 0.022556818181818174 0.03167307692307692
0 0.6706321022727273 0.46684615384615386 0.020468749999999956 0.02600000000000002
0 0.03634232954545455 0.15011538461538462 0.013821022727272729 0.023461538461538468
0 0.6856605113636364 0.47448076923076926 0.01921875000000004 0.027692307692307704
0 0.6672798295454545 0.4891826923076923 0.01754261363636367 0.02205769230769236
0 0.638359375 0.4665673076923077 0.018593749999999964 0.02374999999999999
0 0.6211292613636363 0.4617596153846154 0.022968750000000024 0.031096153846153822
0 0.6636292613636363 0.4333461538461538 0.018167613636363586 0.02346153846153844
0 0.613096590909091 0.4934230769230769 0.02318181818181817 0.030538461538461528
0 0.6129900568181817 0.5226923076923076 0.024218750000000015 0.029692307692307688
0 0.6097514204545454 0.5488365384615385 0.021917613636363645 0.029403846153846194
0 0.5923153409090909 0.5110961538461538 0.017954545454545435 0.027423076923076904
0 0.5812428977272727 0.4969519230769231 0.018792613636363663 0.026288461538461514
0 0.059438920454545456 0.12567307692307692 0.015468750000000002 0.0203846153846154
0 0.5907457386363636 0.5742788461538462 0.02359375000000002 0.0277115384615384
0 0.7573011363636365 0.46062499999999995 0.022556818181818174 0.029980769230769238
0 0.7079048295454545 0.4831057692307692 0.02151988636363633 0.024019230769230734
0 0.7304616477272727 0.4552596153846154 0.01734375000000005 0.02374999999999999
0 0.7143821022727272 0.45129807692307694 0.018167613636363666 0.02317307692307689
0 0.7467542613636362 0.4320673076923077 0.02359375000000002 0.027134615384615358
0 0.744140625 0.4717980769230769 0.018792613636363663 0.026288461538461514
0 0.7160511363636364 0.46613461538461537 0.016079545454545444 0.02176923076923081
0 0.7225213068181818 0.47659615384615384 0.01691761363636367 0.017807692307692344
0 0.7261860795454546 0.491875 0.01754261363636359 0.0229038461538462
0 0.07316051136363637 0.11604807692307692 0.02146306818181818 0.026249999999999996
0 0.7414204545454546 0.49327884615384615 0.01670454545454544 0.02517307692307693
0 0.7576136363636364 0.4949807692307692 0.020681818181818103 0.027423076923076904
0 0.7245099431818182 0.5089711538461538 0.01836647727272728 0.023173076923076946
0 0.7361008522727274 0.5197211538461538 0.017741477272727287 0.028826923076923094
0 0.7539559659090909 0.5191538461538462 0.02171874999999995 0.029961538461538432
0 0.6884872159090909 0.49709615384615385 0.022343750000000027 0.027153846153846164
0 0.7081107954545455 0.5147692307692306 0.021931818181818177 0.03138461538461537
0 0.7228338068181818 0.5273461538461539 0.016292613636363674 0.018653846153846132
0 0.7286860795454545 0.5414903846153846 0.0150426136363636 0.017519230769230794
0 0.7569815340909091 0.549125 0.019417613636363577 0.026019230769230826
0 0.08244318181818183 0.12232692307692307 0.018153409090909102 0.023730769230769236
0 0.7402769886363636 0.5477115384615384 0.018167613636363586 0.027153846153846164
0 0.7646022727272727 0.5725961538461538 0.02088068181818188 0.028846153846153848
0 0.7397514204545454 0.5611346153846153 0.018792613636363663 0.021769230769230756
0 0.7473792613636363 0.579375 0.022343750000000027 0.030519230769230778
0 0.7284730113636364 0.576548076923077 0.020042613636363574 0.02713461538461541
0 0.7108309659090909 0.5632596153846153 0.021917613636363645 0.028826923076923094
0 0.701640625 0.5334326923076923 0.021093750000000033 0.024019230769230786
0 0.6856676136363636 0.5527980769230769 0.01670454545454544 0.025442307692307726
0 0.6743821022727272 0.5120865384615384 0.020468750000000036 0.027134615384615302
0 0.6504758522727273 0.48507692307692307 0.02066761363636357 0.027423076923076904
0 0.09492897727272727 0.11854807692307692 0.020426136363636358 0.027365384615384625
0 0.6555894886363636 0.4720769230769231 0.017968750000000047 0.022884615384615396
0 0.6572585227272727 0.50925 0.02130681818181818 0.02657692307692317
0 0.6420170454545455 0.5211346153846154 0.02130681818181818 0.028269230769230748
0 0.6727130681818182 0.5324423076923077 0.02005681818181819 0.028846153846153848
0 0.6334517045454545 0.5430480769230769 0.022556818181818174 0.02628846153846157
0 0.6513068181818181 0.5423365384615384 0.020681818181818187 0.02771153846153851
0 0.6682244318181817 0.5557692307692308 0.020681818181818187 0.027999999999999896
0 0.6317826704545454 0.5642499999999999 0.023394886363636323 0.028000000000000004
0 0.6960014204545455 0.5614230769230769 0.016093749999999976 0.023461538461538547
0 0.6831605113636363 0.5741442307692308 0.01921874999999996 0.025173076923076985
0 0.095546875 0.14075961538461537 0.016718750000000004 0.023750000000000018
0 0.6596661931818182 0.5707500000000001 0.01984374999999996 0.025730769230769224
0 0.6447301136363636 0.5805096153846154 0.02380681818181817 0.031096153846153878
0 0.6728196022727272 0.5871538461538461 0.021093749999999953 0.02403846153846154
0 0.6679119318181818 0.6036923076923078 0.022556818181818174 0.025999999999999964
0 0.6826349431818182 0.607076923076923 0.016917613636363592 0.026576923076923064
0 0.701328125 0.5862980769230769 0.020468750000000036 0.02686538461538467
0 0.7115625 0.603548076923077 0.02130681818181818 0.024596153846153886
0 0.6969389204545454 0.6135865384615384 0.017968750000000047 0.023750000000000045
0 0.6715696022727272 0.6260288461538461 0.022769886363636405 0.02544230769230762
0 0.6845170454545454 0.6323942307692308 0.019431818181818192 0.02628846153846157
0 0.00817471590909091 0.03169230769230769 0.015269886363636364 0.018423076923076924
0 0.010440340909090908 0.18809615384615386 0.017329545454545455 0.029615384615384627
0 0.7002840909090909 0.6359230769230768 0.02005681818181819 0.028269230769230748
0 0.7534303977272727 0.6070865384615385 0.018167613636363586 0.026019230769230718
0 0.7385014204545454 0.6168365384615384 0.020042613636363657 0.030250000000000034
0 0.7197088068181818 0.6226346153846154 0.020042613636363657 0.02546153846153848
0 0.7298295454545454 0.6371923076923076 0.017755681818181736 0.025730769230769224
0 0.7420525568181818 0.6424326923076923 0.01461647727272722 0.02205769230769236
0 0.6155965909090909 0.594923076923077 0.021931818181818177 0.032230769230769216
0 0.595653409090909 0.5984615384615385 0.022556818181818174 0.027423076923076904
0 0.7328622159090908 0.5942211538461538 0.018792613636363583 0.022903846153846094
0 0.570703125 0.5877115384615385 0.021093749999999953 0.029692307692307688
0 0.02849431818181818 0.17832692307692308 0.020426136363636365 0.026807692307692303
0 0.5504403409090909 0.5957788461538461 0.020681818181818187 0.023750000000000045
0 0.5562855113636364 0.603548076923077 0.016491477272727293 0.02063461538461531
0 0.5509588068181818 0.6217788461538462 0.020468749999999956 0.0277115384615384
0 0.5338352272727273 0.6292788461538462 0.02005681818181819 0.027980769230769253
0 0.5468892045454545 0.6451153846153845 0.01900568181818181 0.025730769230769224
0 0.5693394886363636 0.6158557692307692 0.021292613636363648 0.029403846153846083
0 0.564012784090909 0.6417211538461538 0.016917613636363592 0.025173076923076985
0 0.5713210227272728 0.5150480769230769 0.020681818181818187 0.022903846153846094
0 0.5672514204545455 0.5321634615384616 0.020042613636363574 0.026019230769230826
0 0.5589985795454545 0.5607211538461538 0.01649147727272721 0.02205769230769236
0 0.02953125 0.20206730769230766 0.017528409090909094 0.021788461538461534
0 0.5510653409090909 0.5776730769230769 0.013153409090909078 0.016961538461538448
0 0.5487642045454546 0.5429038461538461 0.021931818181818177 0.02546153846153848
0 0.5471022727272726 0.5612788461538462 0.014829545454545451 0.020365384615384678
0 0.533622159090909 0.5865865384615384 0.019630681818181808 0.02628846153846157
0 0.5633877840909091 0.4647307692307692 0.02359375000000002 0.029115384615384588
0 0.5578480113636364 0.48423076923076924 0.018792613636363583 0.022346153846153856
0 0.5526349431818182 0.5103846153846153 0.027571022727272684 0.032230769230769216
0 0.529453125 0.5129326923076923 0.021292613636363648 0.03225000000000008
0 0.5125355113636364 0.5047307692307692 0.021292613636363648 0.02715384615384611
0 0.5117045454545455 0.5208461538461538 0.018380681818181813 0.027153846153846164
0 0.04076704545454545 0.19479807692307693 0.017329545454545448 0.022903846153846146
0 0.5660014204545455 0.8619711538461539 0.01754261363636359 0.024596153846153886
0 0.52109375 0.5211346153846154 0.015454545454545448 0.025999999999999964
0 0.531328125 0.5330096153846153 0.01754261363636367 0.026019230769230826
0 0.5156676136363636 0.5423365384615384 0.018806818181818116 0.02486538461538463
0 0.5123295454545455 0.5546346153846153 0.017954545454545435 0.025153846153846124
0 0.5310156250000001 0.5576057692307693 0.018167613636363666 0.031096153846153878
0 0.5300781250000001 0.5646730769230769 0.01754261363636367 0.020346153846153923
0 0.5132670454545454 0.5773942307692308 0.01775568181818182 0.02713461538461541
0 0.4386079545454545 0.4737692307692308 0.022556818181818258 0.029692307692307743
0 0.4730610795454545 0.4572403846153846 0.01754261363636359 0.025442307692307674
0 0.049957386363636364 0.14746153846153848 0.012585227272727277 0.0203846153846154
0 0.46303977272727276 0.45525000000000004 0.016278409090909062 0.022615384615384652
0 0.44686079545454543 0.4510096153846153 0.01900568181818181 0.027711538461538454
0 0.46032670454545455 0.43856730769230773 0.01920454545454543 0.02713461538461541
0 0.4364133522727273 0.4333365384615384 0.021917613636363645 0.02459615384615383
0 0.42732954545454543 0.4538365384615385 0.02130681818181818 0.02713461538461541
0 0.41155539772727273 0.44902884615384614 0.01691761363636367 0.020365384615384622
0 0.41928977272727264 0.4276923076923077 0.017329545454545438 0.02403846153846154
0 0.4307741477272727 0.40944230769230766 0.020667613636363654 0.026576923076923064
0 0.42534801136363637 0.4227403846153846 0.019417613636363577 0.027134615384615358
0 0.4036292613636363 0.41934615384615387 0.021093749999999953 0.02546153846153848
0 0.04830255681818181 0.1788846153846154 0.019190340909090907 0.027384615384615375
0 0.3905681818181818 0.40675961538461536 0.02380681818181817 0.027980769230769198
0 0.3820099431818182 0.4258461538461538 0.02171874999999995 0.030538461538461528
0 0.40676136363636367 0.43178846153846157 0.01775568181818182 0.021500000000000012
0 0.3957954545454545 0.4457884615384615 0.017130681818181823 0.02403846153846154
0 0.39631392045454544 0.4611923076923077 0.02066761363636357 0.027153846153846164
0 0.37887784090909093 0.4667019230769231 0.019630681818181808 0.02628846153846157
0 0.3664559659090909 0.4374423076923077 0.018167613636363624 0.02546153846153848
0 0.37271306818181815 0.44903846153846155 0.014403409090909071 0.018653846153846132
0 0.3840980113636363 0.49327884615384615 0.020042613636363574 0.03251923076923071
0 0.3672869318181818 0.48438461538461536 0.019829545454545464 0.02657692307692312
0 0.06460227272727273 0.15905769230769232 0.02042613636363637 0.02680769230769233
0 0.36216619318181814 0.4661442307692307 0.016292613636363636 0.020634615384615366
0 0.35423295454545456 0.4563846153846154 0.02005681818181819 0.027692307692307704
0 0.34524857954545457 0.4394230769230769 0.01879261363636362 0.026576923076923064
0 0.35120738636363635 0.41821153846153847 0.020681818181818187 0.02488461538461538
0 0.34284801136363635 0.39743269230769235 0.02359374999999998 0.02744230769230771
0 0.42607244318181814 0.4891826923076923 0.01754261363636367 0.02205769230769236
0 0.4167826704545455 0.48720192307692306 0.017741477272727287 0.02205769230769225
0 0.40352272727272726 0.48691346153846154 0.022556818181818174 0.0277115384615384
0 0.5358238636363637 0.4620384615384615 0.019005681818181894 0.02488461538461538
0 0.5445951704545454 0.4470480769230769 0.021093749999999953 0.025442307692307726
0 0.07625710227272728 0.14354807692307692 0.017741477272727277 0.02428846153846153
0 0.5242329545454546 0.4440865384615385 0.01963068181818189 0.029673076923076882
0 0.49353693181818187 0.4579423076923077 0.019630681818181808 0.028000000000000004
0 0.48632102272727273 0.44125961538461533 0.01775568181818182 0.02232692307692305
0 0.5063778409090909 0.4340480769230769 0.020255681818181805 0.024865384615384574
0 0.5170241477272728 0.42259615384615384 0.018593749999999964 0.022346153846153856
0 0.4903977272727273 0.42175 0.020454545454545423 0.027423076923076904
0 0.4756747159090909 0.43178846153846157 0.01734375000000005 0.02546153846153848
0 0.5352982954545454 0.416375 0.02005681818181819 0.027980769230769198
0 0.51703125 0.3988461538461538 0.01900568181818181 0.02684615384615386
0 0.508671875 0.378625 0.018167613636363666 0.025442307692307674
0 0.021171875 0.21826923076923077 0.01774147727272727 0.022346153846153856
0 0.510234375 0.45708653846153846 0.027571022727272763 0.02628846153846157
0 0.5540980113636365 0.39205769230769233 0.018792613636363583 0.022346153846153856
0 0.4806889204545454 0.40025961538461535 0.021093749999999953 0.027980769230769198
0 0.47160511363636365 0.3792019230769231 0.017130681818181823 0.023750000000000045
0 0.7259730113636365 0.10140384615384616 0.02589488636363639 0.03476923076923078
0 0.6658238636363637 0.05617307692307692 0.024232954545454547 0.03476923076923077
0 0.6837855113636363 0.04768269230769231 0.018792613636363663 0.022903846153846153
0 0.6816903409090909 0.021961538461538463 0.02380681818181825 0.029115384615384612
0 0.7186647727272728 0.05050961538461539 0.021306818181818264 0.027980769230769233
0 0.7089559659090909 0.030442307692307692 0.01691761363636367 0.02346153846153846
0 0.04159801136363636 0.22105769230769232 0.023934659090909093 0.030153846153846166
0 0.721796875 0.027048076923076925 0.016292613636363595 0.022326923076923078
0 0.7375639204545454 0.04344230769230769 0.021093749999999953 0.028
0 0.7513423295454544 0.03764423076923077 0.01984374999999988 0.026019230769230767
0 0.7519744318181819 0.05601923076923077 0.0215056818181818 0.030538461538461535
0 0.7513423295454544 0.08090384615384616 0.01984374999999988 0.023192307692307696
0 0.7018536931818182 0.011326923076923076 0.018167613636363666 0.022653846153846153
0 0.7357883522727273 0.018 0.017116477272727207 0.026307692307692306
0 0.7501988636363636 0.020403846153846154 0.01670454545454544 0.027153846153846157
0 0.766171875 0.005961538461538462 0.02484375000000001 0.011923076923076923
0 0.7650213068181819 0.023365384615384614 0.018792613636363663 0.027999999999999997
0 0.023444602272727277 0.03029807692307692 0.016093750000000004 0.02067307692307692
0 0.008629261363636363 0.23586538461538462 0.017258522727272727 0.0296153846153846
0 0.7723295454545455 0.04655769230769231 0.02130681818181818 0.02346153846153846
0 0.7676349431818181 0.06846153846153846 0.018167613636363586 0.030538461538461535
0 0.7784943181818181 0.07808653846153847 0.018181818181818278 0.025442307692307688
0 0.7662784090909092 0.09504807692307692 0.018806818181818195 0.023750000000000004
0 0.7523863636363637 0.10890384615384614 0.01857954545454551 0.026576923076923078
0 0.7696164772727272 0.11639423076923078 0.01920454545454559 0.02290384615384616
0 0.7937357954545454 0.06351923076923077 0.0215056818181818 0.026846153846153843
0 0.8112784090909092 0.055461538461538465 0.0215056818181818 0.029961538461538467
0 0.8291406250000001 0.0520673076923077 0.01921874999999996 0.03278846153846154
0 0.8218323863636364 0.0736923076923077 0.02130681818181818 0.02403846153846154
0 0.023338068181818182 0.24382692307692308 0.02125 0.02542307692307692
0 0.799375 0.08302884615384615 0.0215056818181818 0.024019230769230772
0 0.8430255681818182 0.026625 0.020681818181818103 0.029403846153846152
0 0.8251704545454545 0.022807692307692307 0.018806818181818195 0.03365384615384615
0 0.3923508522727273 0.670701923076923 0.013991477272727225 0.020365384615384566
0 0.807627840909091 0.01673076923076923 0.02130681818181818 0.03223076923076923
0 0.8168110795454545 0.094625 0.018792613636363663 0.02517307692307693
0 0.7516548295454545 0.12741346153846153 0.01754261363636367 0.022903846153846146
0 0.7656463068181819 0.1368846153846154 0.01754261363636367 0.024884615384615408
0 0.7801633522727273 0.131375 0.01691761363636375 0.02913461538461538
0 0.7531178977272727 0.1474903846153846 0.0187926136363635 0.025173076923076902
0 0.0032244318181818177 0.2644903846153846 0.005767045454545454 0.02263461538461535
0 0.7614772727272726 0.16063461538461538 0.018380681818181734 0.02488461538461538
0 0.7773508522727273 0.16063461538461538 0.018792613636363663 0.02488461538461538
0 0.5031392045454545 0.010076923076923077 0.02130681818181818 0.02007692307692308
0 0.49854403409090914 0.06634615384615385 0.020894886363636334 0.028000000000000004
0 0.4684730113636364 0.048115384615384615 0.02171874999999995 0.026576923076923078
0 0.4554190340909091 0.058855769230769225 0.016917613636363592 0.025442307692307695
0 0.44183948863636363 0.06889423076923078 0.021093750000000033 0.02913461538461538
0 0.4675284090909091 0.07567307692307693 0.019829545454545426 0.030807692307692307
0 0.40571022727272726 0.06649038461538462 0.021931818181818177 0.02882692307692308
0 0.3894176136363636 0.08572115384615385 0.02318181818181817 0.031096153846153836
0 0.010241477272727272 0.27399038461538466 0.013607954545454546 0.022057692307692306
0 0.3774147727272727 0.10225000000000001 0.018806818181818195 0.025730769230769234
0 0.3604971590909091 0.09207692307692308 0.02380681818181821 0.029115384615384616
0 0.3547585227272727 0.07157692307692308 0.01775568181818182 0.02203846153846155
0 0.3694815340909091 0.014721153846153847 0.022968749999999982 0.029442307692307695
0 0.3697869318181818 0.05050961538461539 0.020255681818181805 0.030826923076923078
0 0.3481818181818182 0.04852884615384615 0.0208806818181818 0.026288461538461542
0 0.33366477272727274 0.05984615384615384 0.020681818181818187 0.02911538461538461
0 0.3125710227272727 0.03990384615384615 0.021931818181818177 0.024884615384615383
0 0.32071732954545457 0.018 0.018167613636363666 0.026307692307692306
0 0.3312642045454546 0.033269230769230766 0.019630681818181808 0.027999999999999997
0 0.02426846590909091 0.26435576923076926 0.016917613636363633 0.020673076923076922
0 0.2668323863636364 0.04768269230769231 0.019431818181818192 0.027980769230769233
0 0.27487215909090906 0.02675961538461538 0.019630681818181808 0.026865384615384614
0 0.3035866477272728 0.01785576923076923 0.018167613636363624 0.027711538461538458
0 0.2594176136363636 0.012182692307692308 0.02005681818181819 0.024365384615384615
0 0.23989346590909089 0.01855769230769231 0.02569602272727273 0.031384615384615386
0 0.3942258522727272 0.006692307692307692 0.017741477272727204 0.012730769230769231
0 0.4099928977272727 0.008788461538461538 0.016292613636363674 0.017576923076923077
0 0.42586647727272725 0.00725 0.015454545454545448 0.013846153846153847
0 0.4222159090909091 0.019971153846153847 0.01900568181818181 0.020634615384615387
0 0.4205397727272727 0.04103846153846154 0.022755681818181793 0.028846153846153848
0 0.03974431818181818 0.25471153846153843 0.014034090909090913 0.02653846153846153
0 0.4431960227272727 0.027326923076923075 0.02380681818181817 0.027999999999999997
0 0.4409019886363636 0.007798076923076922 0.016718749999999973 0.015596153846153845
0 0.45760653409090907 0.009634615384615384 0.018792613636363583 0.019269230769230768
0 0.20480823863636363 0.18693269230769233 0.020667613636363654 0.027134615384615382
0 0.7173011363636363 0.0085 0.017329545454545438 0.017
0 0.1985440340909091 0.20348076923076924 0.020667613636363654 0.025730769230769224
0 0.19718039772727272 0.2268076923076923 0.020468749999999994 0.02488461538461538
0 0.22799005681818182 0.19075 0.01691761363636363 0.021769230769230756
0 0.21504261363636362 0.20390384615384616 0.018579545454545474 0.022615384615384596
0 0.25722301136363634 0.19018269230769233 0.018167613636363624 0.024596153846153858
0 0.046342329545454544 0.2455 0.016093749999999997 0.021500000000000012
0 0.23958096590909095 0.1978173076923077 0.020042613636363615 0.026288461538461542
0 0.25472301136363634 0.2145 0.020667613636363612 0.027423076923076932
0 0.2730965909090909 0.19117307692307692 0.019431818181818192 0.026576923076923064
0 0.28865767045454543 0.18496153846153848 0.020468749999999994 0.030538461538461556
0 0.27215198863636364 0.21789423076923078 0.01754261363636367 0.025173076923076902
0 0.2855255681818182 0.21110576923076924 0.017130681818181823 0.022326923076923078
0 0.26495028409090904 0.23345192307692306 0.018167613636363624 0.022903846153846146
0 0.24291903409090906 0.2301923076923077 0.01796875000000001 0.02488461538461538
0 0.22663352272727275 0.21747115384615387 0.018380681818181813 0.0248653846153846
0 0.3165340909090909 0.06238461538461538 0.016079545454545444 0.024038461538461533
0 0.02159090909090909 0.28557692307692306 0.017329545454545455 0.021769230769230756
0 0.20490767045454544 0.23570192307692306 0.016292613636363636 0.020634615384615394
0 0.21410511363636361 0.23979807692307692 0.018380681818181813 0.023750000000000018
0 0.23060369318181817 0.23810576923076923 0.01754261363636367 0.02036538461538465
0 0.24960937500000002 0.24419230769230768 0.01879261363636362 0.024038461538461512
0 0.2017755681818182 0.2577596153846154 0.02130681818181818 0.028557692307692326
0 0.21253551136363635 0.21875 0.018593749999999964 0.021769230769230756
0 0.23352272727272724 0.25366346153846153 0.01920454545454547 0.023750000000000018
0 0.22099431818181817 0.2600192307692308 0.01963068181818185 0.028000000000000004
0 0.15906960227272726 0.2596057692307692 0.018167613636363624 0.02374999999999999
0 0.17243607954545456 0.26157692307692304 0.016491477272727272 0.022615384615384652
0 0.010852272727272726 0.3020576923076923 0.017329545454545455 0.02569230769230772
0 0.1846590909090909 0.2696346153846154 0.018380681818181813 0.02403846153846154
0 0.17400568181818182 0.28363461538461543 0.017130681818181823 0.022615384615384596
0 0.16022017045454545 0.2935288461538461 0.020468749999999994 0.022057692307692306
0 0.4813139204545455 0.6595384615384615 0.01984374999999996 0.025730769230769224
0 0.1758806818181818 0.3063942307692307 0.017954545454545435 0.022903846153846146
0 0.16847301136363638 0.31218269230769224 0.01691761363636363 0.022057692307692306
0 0.1659659090909091 0.334375 0.021931818181818177 0.024596153846153886
0 0.1985440340909091 0.28857692307692306 0.021917613636363645 0.027423076923076904
0 0.1749431818181818 0.36958653846153844 0.019829545454545426 0.02601923076923077
0 0.15969460227272728 0.386125 0.018167613636363624 0.02348076923076919
0 0.02643465909090909 0.3067980769230769 0.016306818181818186 0.021788461538461507
0 0.17431818181818182 0.39290384615384616 0.018579545454545432 0.02346153846153844
0 0.15845170454545454 0.40945192307692313 0.02318181818181817 0.028288461538461554
0 0.26161221590909095 0.31600961538461536 0.017741477272727246 0.026865384615384614
0 0.24531960227272726 0.32449038461538465 0.022769886363636364 0.030249999999999982
0 0.24928977272727273 0.29903846153846153 0.019431818181818192 0.027423076923076904
0 0.23968039772727276 0.27571153846153845 0.022343749999999985 0.029961538461538432
0 0.30149857954545456 0.18679807692307693 0.01691761363636363 0.02517307692307693
0 0.3125710227272727 0.1869326923076923 0.01775568181818182 0.020365384615384622
0 0.315703125 0.1647403846153846 0.022769886363636364 0.02913461538461537
0 0.29732954545454543 0.1538557692307692 0.02318181818181817 0.0254423076923077
0 0.04159801136363636 0.04104807692307692 0.018991477272727268 0.027096153846153846
0 0.03850142045454545 0.31559615384615386 0.015269886363636359 0.024307692307692336
0 0.3151775568181818 0.13802884615384617 0.020042613636363615 0.027711538461538482
0 0.2968039772727273 0.1303846153846154 0.022556818181818174 0.028269230769230776
0 0.24772727272727274 0.12360576923076924 0.02130681818181818 0.027134615384615382
0 0.24532670454545455 0.09999038461538462 0.01775568181818182 0.023480769230769232
0 0.26171875 0.08952884615384617 0.02130681818181818 0.029673076923076924
0 0.250234375 0.06592307692307693 0.020042613636363615 0.027153846153846164
0 0.23727982954545457 0.08091346153846155 0.020042613636363615 0.02601923076923077
0 0.22370738636363638 0.08925 0.02173295454545452 0.02799999999999999
0 0.22151278409090908 0.06408653846153847 0.021519886363636373 0.024596153846153844
0 0.19906249999999998 0.09108653846153845 0.02130681818181818 0.029403846153846152
0 0.03169744318181818 0.2890673076923077 0.016917613636363637 0.023750000000000045
0 0.27977982954545455 0.1195 0.02359375000000002 0.03196153846153847
0 0.2859446022727273 0.09532692307692307 0.020042613636363657 0.027692307692307704
0 0.3127769886363636 0.0854326923076923 0.018167613636363624 0.027134615384615382
0 0.29847301136363635 0.07624038461538461 0.0238210227272727 0.03421153846153846
0 0.3037997159090909 0.10352884615384615 0.021917613636363645 0.027134615384615382
0 0.32614346590909093 0.10423076923076924 0.02109374999999999 0.029115384615384616
0 0.3378409090909091 0.09066346153846153 0.021931818181818177 0.02913461538461538
0 0.4133380681818182 0.46543269230769224 0.015454545454545448 0.022057692307692306
0 0.3466122159090909 0.11525961538461539 0.021917613636363607 0.030826923076923078
0 0.3655113636363636 0.11525961538461539 0.018806818181818195 0.02571153846153847
0 0.022208806818181822 0.33515384615384614 0.018565340909090913 0.023730769230769184
0 0.3516193181818182 0.17124038461538463 0.021931818181818177 0.030826923076923078
0 0.3224857954545455 0.20163461538461538 0.02130681818181818 0.028846153846153848
0 0.3323082386363636 0.21959615384615383 0.020042613636363657 0.025730769230769224
0 0.34703125 0.2200096153846154 0.014403409090909071 0.021480769230769234
0 0.3640482954545454 0.22184615384615383 0.022130681818181796 0.03138461538461537
0 0.3369034090909091 0.24192307692307694 0.022556818181818174 0.029692307692307716
0 0.35141335227272724 0.23979807692307692 0.018167613636363624 0.023750000000000018
0 0.36154119318181815 0.26058653846153845 0.02214488636363637 0.02967307692307691
0 0.3474502840909091 0.27698076923076925 0.019843749999999997 0.029692307692307688
0 0.3939133522727273 0.24164423076923078 0.022542613636363642 0.03251923076923079
0 0.04953835227272727 0.3020576923076923 0.01671875 0.02457692307692308
0 0.35443892045454545 0.2989038461538462 0.01879261363636362 0.026576923076923064
0 0.36926846590909096 0.2849038461538461 0.013792613636363608 0.017230769230769247
0 0.37448863636363633 0.2431923076923077 0.02130681818181818 0.030538461538461556
0 0.3822159090909091 0.2672307692307692 0.017954545454545435 0.02034615384615387
0 0.3947514204545454 0.2707692307692308 0.015866477272727296 0.017807692307692344
0 0.4050852272727272 0.2649711538461539 0.017329545454545438 0.02601923076923077
0 0.3812784090909091 0.2868846153846154 0.015255681818181831 0.02119230769230771
0 0.3735511363636364 0.30780769230769234 0.021931818181818177 0.027423076923076904
0 0.39046875 0.31035576923076924 0.015653409090909065 0.017249999999999998
0 0.38284801136363633 0.32250961538461537 0.015866477272727296 0.02459615384615383
0 0.045518465909090915 0.2774807692307692 0.018565340909090903 0.02346153846153844
0 0.4053977272727272 0.28178846153846154 0.015028409090909068 0.020076923076923072
0 0.4176207386363636 0.29324038461538465 0.015667613636363598 0.016403846153846158
0 0.42315340909090904 0.27825961538461536 0.017130681818181823 0.02374999999999999
0 0.4128196022727273 0.3106346153846154 0.021093750000000033 0.025730769230769224
0 0.4044602272727273 0.3288653846153846 0.01690340909090906 0.023192307692307696
0 0.3927627840909091 0.34385576923076927 0.01734375000000005 0.023173076923076946
0 0.40581676136363637 0.34145192307692307 0.015042613636363682 0.019519230769230782
0 0.40394176136363635 0.3642115384615384 0.01754261363636367 0.022615384615384652
0 0.4197017045454546 0.3824423076923077 0.02150568181818188 0.029115384615384588
0 0.39318181818181813 0.38117307692307695 0.020681818181818187 0.028269230769230748
0 0.06294744318181818 0.17972115384615386 0.016718750000000004 0.02009615384615385
0 0.3769957386363636 0.38711538461538464 0.018792613636363583 0.028269230769230803
0 0.43119318181818184 0.36053846153846153 0.01943181818181811 0.030538461538461528
0 0.43599431818181816 0.33071153846153845 0.01900568181818181 0.02403846153846154
0 0.42043323863636367 0.24998076923076926 0.023394886363636402 0.030538461538461556
0 0.4186576704545455 0.35007692307692306 0.018167613636363666 0.02546153846153848
0 0.43484375 0.2636923076923077 0.019630681818181808 0.029115384615384588
0 0.4307741477272727 0.2446153846153846 0.016491477272727293 0.024884615384615352
0 0.4398579545454545 0.24107692307692305 0.017954545454545515 0.026307692307692292
0 0.45364346590909094 0.26326923076923076 0.02171874999999995 0.028269230769230748
0 0.4542684659090909 0.23825000000000002 0.020894886363636414 0.025730769230769248
0 0.06553267045454546 0.2015 0.016093749999999997 0.020115384615384632
0 0.4705610795454545 0.23472115384615383 0.020468750000000036 0.025442307692307674
0 0.4699289772727273 0.2721826923076923 0.018380681818181813 0.02348076923076919
0 0.43098721590909084 0.21110576923076924 0.01941761363636366 0.028557692307692326
0 0.43724431818181825 0.1903269230769231 0.021931818181818177 0.026576923076923064
0 0.4167826704545454 0.20488461538461536 0.021917613636363645 0.029692307692307716
0 0.402890625 0.19061538461538463 0.024644886363636397 0.033923076923076924
0 0.38149147727272736 0.18438461538461537 0.024431818181818166 0.028269230769230776
0 0.37397017045454545 0.1664326923076923 0.018167613636363666 0.02459615384615383
0 0.3914133522727273 0.16389423076923076 0.01754261363636367 0.024596153846153858
0 0.4436150568181818 0.22453846153846152 0.02171874999999995 0.027153846153846136
0 0.06305397727272727 0.22105769230769232 0.013607954545454543 0.020115384615384632
0 0.40456676136363634 0.16545192307692308 0.015042613636363682 0.020365384615384622
0 0.3981960227272728 0.1474903846153846 0.017329545454545438 0.022326923076923078
0 0.4532244318181818 0.20700961538461538 0.026306818181818157 0.0339423076923077
0 0.48611505681818185 0.243625 0.01941761363636366 0.027980769230769253
0 0.4928053977272727 0.22213461538461537 0.022343750000000027 0.03026923076923076
0 0.5137855113636364 0.2236923076923077 0.02171875000000003 0.028846153846153848
0 0.5036576704545456 0.243625 0.020667613636363654 0.02628846153846157
0 0.5107599431818183 0.26624038461538463 0.024446022727272698 0.028557692307692298
0 0.529971590909091 0.2522403846153846 0.020681818181818187 0.027711538461538482
0 0.5237073863636363 0.2738846153846154 0.01818181818181812 0.02176923076923081
0 0.07584517045454545 0.22203846153846155 0.01691761363636364 0.022615384615384624
0 0.5136789772727273 0.2919711538461538 0.021931818181818177 0.02459615384615383
0 0.5405184659090909 0.267375 0.018792613636363583 0.027980769230769253
0 0.5338352272727274 0.28193269230769236 0.017130681818181823 0.019211538461538426
0 0.5356107954545455 0.2991826923076923 0.021931818181818177 0.027134615384615358
0 0.5510653409090909 0.28547115384615385 0.01775568181818182 0.022903846153846146
0 0.560362215909091 0.27387500000000004 0.020042613636363657 0.030826923076923078
0 0.5668323863636364 0.2549326923076923 0.022556818181818174 0.03309615384615383
0 0.5158806818181817 0.314875 0.018380681818181813 0.026288461538461514
0 0.5032457386363636 0.32703846153846156 0.018167613636363666 0.027423076923076904
0 0.527784090909091 0.3307019230769231 0.022130681818181876 0.024596153846153886
0 0.10554687500000001 0.1598942307692308 0.01691761363636365 0.024019230769230758
0 0.3932883522727273 0.29606730769230766 0.017116477272727207 0.022057692307692306
0 0.5237073863636363 0.35149038461538457 0.01857954545454551 0.02374999999999999
0 0.4904971590909091 0.2963461538461538 0.020255681818181805 0.032230769230769216
0 0.47484374999999995 0.2918269230769231 0.014829545454545451 0.020923076923076916
0 0.4841335227272727 0.31925961538461534 0.018806818181818195 0.027134615384615358
0 0.46188920454545457 0.28829807692307696 0.014403409090909071 0.019519230769230782
0 0.45228693181818186 0.2898557692307693 0.01775568181818182 0.02374999999999999
0 0.4429900568181818 0.30625 0.022542613636363642 0.027692307692307648
0 0.4475852272727273 0.33297115384615383 0.017130681818181823 0.024019230769230734
0 0.45917613636363636 0.3380576923076923 0.017329545454545438 0.020076923076923072
0 0.05924005681818181 0.030153846153846153 0.022485795454545453 0.029884615384615384
0 0.11400568181818183 0.1807019230769231 0.01980113636363636 0.02598076923076924
0 0.4707670454545454 0.32405769230769227 0.017130681818181823 0.022615384615384596
0 0.4762997159090909 0.3397596153846154 0.02066761363636357 0.02232692307692305
0 0.44747869318181815 0.34597115384615384 0.01941761363636366 0.0229038461538462
0 0.4491477272727273 0.36520192307692306 0.020255681818181805 0.02348076923076919
0 0.5838565340909091 0.12643269230769233 0.02151988636363641 0.03109615384615385
0 0.5796732954545455 0.16445192307692308 0.024431818181818166 0.035903846153846126
0 0.4650213068181818 0.2539423076923077 0.016917613636363592 0.01923076923076926
0 0.5622372159090909 0.17421153846153847 0.024218749999999935 0.031115384615384628
0 0.5889701704545455 0.1924423076923077 0.021292613636363648 0.029115384615384616
0 0.563174715909091 0.19796153846153847 0.021093749999999953 0.027692307692307704
0 0.12411221590909091 0.15555769230769229 0.017741477272727287 0.024307692307692308
0 0.5764417613636363 0.2128076923076923 0.021292613636363648 0.0308076923076923
0 0.5224502840909091 0.1771826923076923 0.02401988636363632 0.033634615384615374
0 0.5085653409090909 0.15936538461538463 0.02380681818181825 0.026846153846153836
0 0.4666974431818182 0.3065288461538461 0.016491477272727293 0.020365384615384622
0 0.49258522727272724 0.14820192307692306 0.02318181818181817 0.02374999999999999
0 0.49958806818181817 0.15314423076923078 0.017954545454545435 0.022903846153846146
0 0.4840340909090909 0.16883653846153845 0.02318181818181817 0.028826923076923094
0 0.6706321022727273 0.13773076923076924 0.02171874999999995 0.02657692307692309
0 0.67125 0.1614903846153846 0.01963068181818189 0.02601923076923077
0 0.6793963068181819 0.2005096153846154 0.017968749999999967 0.02601923076923077
0 0.06346590909090909 0.2815288461538461 0.01525568181818181 0.018711538461538443
0 0.45708806818181813 0.31869230769230766 0.01690340909090914 0.020346153846153816
0 0.6929758522727273 0.19089423076923073 0.020042613636363657 0.027134615384615382
0 0.7093678977272727 0.21308653846153847 0.026946022727272687 0.03478846153846152
0 0.6894247159090909 0.21747115384615387 0.020468750000000036 0.027711538461538482
0 0.6793963068181817 0.2325961538461538 0.020468750000000036 0.027999999999999976
0 0.6630042613636363 0.23698076923076924 0.02066761363636357 0.027692307692307704
0 0.6753267045454545 0.2564903846153846 0.02235795454545456 0.026019230769230742
0 0.6813849431818182 0.2803846153846154 0.015667613636363598 0.02176923076923081
0 0.6860866477272727 0.2926826923076923 0.01754261363636367 0.021480769230769206
0 0.6378409090909091 0.317701923076923 0.02005681818181819 0.029134615384615394
0 0.05686789772727272 0.3190865384615385 0.016093750000000007 0.021788461538461562
0 0.615703125 0.3233557692307692 0.020894886363636334 0.03309615384615386
0 0.7439275568181817 0.2702019230769231 0.020042613636363657 0.030250000000000034
0 0.7751491477272726 0.27387500000000004 0.02401988636363632 0.034788461538461546
0 0.8212002840909091 0.24305769230769228 0.023394886363636402 0.031961538461538444
0 0.8619247159090908 0.24348076923076922 0.023394886363636402 0.029961538461538484
0 0.8481463068181818 0.2145 0.023394886363636402 0.03476923076923077
0 0.8603622159090908 0.1976826923076923 0.01984374999999988 0.03167307692307692
0 0.8804048295454546 0.20163461538461538 0.021093750000000033 0.030538461538461556
0 0.8142045454545456 0.215625 0.020681818181818266 0.02459615384615383
0 0.831747159090909 0.20022115384615385 0.021931818181818098 0.03109615384615385
0 0.031590909090909086 0.3533076923076923 0.018352272727272727 0.02653846153846156
0 0.8140980113636364 0.19300961538461536 0.020042613636363494 0.02517307692307693
0 0.8485653409090911 0.27571153846153845 0.022556818181818174 0.03165384615384617
0 0.8652698863636363 0.27925 0.018380681818181897 0.02630769230769232
0 0.8803053977272728 0.2843365384615385 0.01921874999999996 0.022903846153846146
0 0.8703835227272727 0.2935288461538461 0.019431818181818272 0.019788461538461522
0 0.8743536931818181 0.3138846153846154 0.022769886363636326 0.027153846153846164
0 0.8909588068181818 0.32675 0.023394886363636402 0.03196153846153847
0 0.8393678977272727 0.2949423076923077 0.020042613636363657 0.02546153846153848
0 0.905674715909091 0.3083653846153846 0.022769886363636326 0.029692307692307688
0 0.8436576704545454 0.3168557692307692 0.021093750000000033 0.02517307692307693
0 0.019829545454545457 0.41014423076923073 0.01588068181818182 0.022903846153846146
0 0.8480397727272727 0.34427884615384613 0.024005681818181787 0.030249999999999982
0 0.8633877840909091 0.35389423076923077 0.020468749999999956 0.027980769230769253
0 0.8693394886363636 0.37792307692307686 0.02401988636363648 0.030807692307692328
0 0.8893892045454546 0.3598269230769231 0.024005681818181947 0.029692307692307743
0 0.9082883522727272 0.35064423076923074 0.020042613636363657 0.025442307692307674
0 0.03892045454545455 0.29563461538461544 0.014857954545454547 0.020115384615384632
0 0.9089133522727273 0.37353846153846154 0.020042613636363494 0.027153846153846164
0 0.9213423295454546 0.33056730769230763 0.020269886363636337 0.027134615384615358
0 0.8773792613636363 0.4078942307692308 0.02296874999999994 0.030249999999999982
0 0.8392613636363637 0.40803846153846157 0.024431818181818245 0.028846153846153848
0 0.050156250000000006 0.41042307692307695 0.018778409090909096 0.02515384615384618
0 0.8554545454545455 0.42217307692307693 0.018380681818181897 0.02546153846153848
0 0.851377840909091 0.44225 0.019829545454545506 0.02430769230769228
0 0.8318536931818182 0.43490384615384614 0.021292613636363648 0.030538461538461528
0 0.8072088068181817 0.4408269230769231 0.023394886363636402 0.03223076923076927
0 0.8024005681818182 0.3834423076923077 0.02380681818181817 0.03223076923076927
0 0.7899786931818181 0.3985673076923077 0.02401988636363632 0.030826923076923078
0 0.8786363636363635 0.4537019230769231 0.02548295454545446 0.033634615384615346
0 0.9124644886363636 0.4575192307692308 0.022968750000000104 0.029961538461538432
0 0.7827769886363637 0.5045865384615384 0.020894886363636254 0.03421153846153839
0 0.86046875 0.5177403846153846 0.018380681818181897 0.02486538461538463
0 0.09750710227272728 0.3797019230769231 0.013196022727272737 0.020096153846153823
0 0.8469957386363636 0.5215576923076922 0.017741477272727287 0.020653846153846172
0 0.8405184659090907 0.5352692307692308 0.016917613636363592 0.02546153846153837
0 0.8579545454545454 0.5382403846153846 0.019630681818181728 0.02628846153846157
0 0.8698579545454546 0.5542115384615385 0.018380681818181897 0.02657692307692317
0 0.6238707386363637 0.00748076923076923 0.017684659090909074 0.014384615384615385
0 0.6367045454545455 0.012576923076923076 0.01769886363636369 0.02396153846153846
0 0.6437784090909091 0.014971153846153846 0.018579545454545432 0.026365384615384617
0 0.6550639204545454 0.009278846153846155 0.011065340909090938 0.015557692307692307
0 0.6623579545454545 0.02080769230769231 0.0132670454545455 0.017076923076923076
0 0.6743039772727273 0.0037403846153846155 0.016818181818181784 0.007480769230769231
0 0.10998579545454547 0.3964615384615385 0.02042613636363638 0.030153846153846166
0 0.5262642045454545 0.3719615384615385 0.017244318181818163 0.023346153846153874
0 0.5423579545454545 0.3609519230769231 0.018863636363636326 0.025980769230769214
0 0.5300071022727273 0.3974903846153846 0.01626420454545461 0.02509615384615387
0 0.5425213068181818 0.39199038461538466 0.013338068181818163 0.022019230769230746
0 0.5365127840909092 0.3774519230769231 0.01626420454545453 0.0211346153846154
0 0.5485014204545454 0.40798076923076926 0.016690340909090908 0.022615384615384596
0 0.47902698863636367 0.35396153846153844 0.016349431818181805 0.025192307692307736
0 0.4729971590909091 0.3633269230769231 0.013835227272727285 0.022807692307692334
0 0.4590269886363636 0.37678846153846157 0.014588068181818237 0.02315384615384614
0 0.4097301136363637 0.15209615384615385 0.014090909090909114 0.026846153846153836
0 0.08399147727272728 0.3841730769230769 0.01670454545454546 0.021230769230769216
0 0.42565340909090904 0.15315384615384617 0.0208806818181818 0.028961538461538466
0 0.44391335227272727 0.15845192307692307 0.013565340909090924 0.022596153846153846
0 0.4569602272727273 0.15792307692307694 0.01670454545454544 0.023653846153846147
0 0.5025 0.10828846153846154 0.018011363636363645 0.02261538461538461
0 0.5039346590909091 0.13319230769230767 0.013579545454545457 0.01942307692307694
0 0.5061576704545455 0.12242307692307691 0.014872159090909049 0.019769230769230758
0 0.49571732954545455 0.12542307692307691 0.010184659090909114 0.01588461538461537
0 0.48279829545454545 0.12966346153846153 0.011477272727272704 0.018019230769230763
0 0.46389204545454543 0.12497115384615384 0.01792613636363637 0.026057692307692316
0 0.47673295454545456 0.11078846153846154 0.013778409090909155 0.01761538461538461
0 0.013437500000000002 0.08224038461538462 0.018352272727272727 0.030173076923076917
0 0.02365056818181818 0.31267307692307694 0.014034090909090908 0.020115384615384577
0 0.48568892045454537 0.10632692307692307 0.010951704545454516 0.014307692307692303
0 0.4738068181818182 0.14017307692307693 0.012073863636363636 0.015576923076923066
0 0.3424502840909091 0.01075 0.02299715909090909 0.0215
0 0.32475852272727274 0.004730769230769231 0.016249999999999997 0.009461538461538462
0 0.30639204545454546 0.004471153846153847 0.011988636363636361 0.008942307692307694
0 0.2919247159090909 0.004596153846153846 0.014872159090909089 0.009192307692307692
0 0.2878196022727273 0.016874999999999998 0.01487215909090913 0.020134615384615383
0 0.27514204545454546 0.007682692307692308 0.016562499999999994 0.015365384615384616
0 0.07419034090909092 0.004557692307692308 0.020880681818181812 0.009115384615384615
0 0.10899857954545454 0.005048076923076923 0.020298295454545444 0.010096153846153847
0 0.07924715909090908 0.4070673076923077 0.01877840909090909 0.025134615384615425
0 0.2321164772727273 0.03556730769230769 0.017897727272727263 0.02113461538461538
0 0.22170454545454543 0.04542307692307693 0.01289772727272729 0.012692307692307695
0 0.21900568181818184 0.033451923076923074 0.00914772727272727 0.01690384615384615
0 0.23700284090909093 0.05739423076923077 0.01852272727272726 0.02421153846153846
0 0.20714488636363634 0.046836538461538464 0.014573863636363664 0.021134615384615387
0 0.1962215909090909 0.052605769230769234 0.008522727272727272 0.01578846153846154
0 0.18558948863636363 0.077375 0.01984374999999998 0.026288461538461542
0 0.20162642045454546 0.06697115384615385 0.015610795454545467 0.01690384615384615
0 0.2112002840909091 0.07190384615384615 0.014786931818181814 0.016038461538461547
0 0.6034446022727273 0.6208173076923077 0.020127840909090932 0.02690384615384617
0 0.095546875 0.42397115384615386 0.020411931818181826 0.023173076923076946
0 0.6113707386363636 0.6284903846153846 0.016349431818181884 0.021788461538461618
0 0.6262073863636364 0.617423076923077 0.019375000000000062 0.023500000000000052
0 0.6457031249999999 0.6150288461538461 0.018110795454545456 0.02690384615384617
0 0.5874786931818181 0.637673076923077 0.016349431818181805 0.027923076923077
0 0.5779119318181819 0.6409230769230768 0.015340909090909106 0.018730769230769138
0 0.5828196022727273 0.6593076923076923 0.014588068181818155 0.01803846153846153
0 0.6001704545454545 0.6499423076923078 0.019119318181818154 0.026576923076923064
0 0.6306107954545455 0.6380288461538461 0.018607954545454577 0.021788461538461507
0 0.6181605113636364 0.6492596153846154 0.01686079545454546 0.0210961538461539
0 0.6435653409090909 0.6342788461538462 0.013835227272727285 0.014288461538461552
0 0.06841619318181819 0.43514423076923076 0.02146306818181818 0.029326923076923077
0 0.6536292613636363 0.637 0.01836647727272728 0.027923076923076887
0 0.6688423295454545 0.6524999999999999 0.016605113636363633 0.02076923076923079
0 0.6848153409090909 0.6538557692307693 0.015852272727272763 0.01805769230769228
0 0.5273650568181818 0.6483653846153846 0.01711647727272729 0.02546153846153848
0 0.5395525568181818 0.6667980769230769 0.019616477272727275 0.02690384615384617
0 0.5516264204545455 0.682125 0.02163352272727267 0.02690384615384617
0 0.5098792613636364 0.692173076923077 0.016093749999999976 0.02111538461538465
0 0.5322585227272727 0.6942115384615385 0.02113636363636363 0.027923076923076887
0 0.5526349431818182 0.7049423076923077 0.01711647727272729 0.0214615384615384
0 0.5400639204545454 0.7194134615384616 0.021633522727272755 0.02382692307692316
0 0.08399147727272728 0.4394711538461539 0.01670454545454546 0.022326923076923102
0 0.5187997159090909 0.7165192307692309 0.019872159090909104 0.025538461538461597
0 0.5058522727272727 0.7173653846153846 0.02011363636363632 0.027923076923077
0 0.8500284090909092 0.5754230769230769 0.01963068181818189 0.028269230769230748
0 0.8684872159090908 0.5754230769230769 0.017798295454545417 0.023192307692307696
0 0.8822869318181819 0.5757019230769231 0.01775568181818182 0.02713461538461541
0 0.8979545454545456 0.5788076923076924 0.01900568181818181 0.025999999999999964
0 0.8583735795454547 0.5935096153846153 0.020042613636363657 0.02713461538461541
0 0.8890767045454545 0.609201923076923 0.02130681818181818 0.02628846153846157
0 0.852840909090909 0.6176923076923078 0.02235795454545456 0.028000000000000004
0 0.8361363636363636 0.6258846153846155 0.019431818181818272 0.026846153846153808
0 0.10132102272727272 0.4429711538461538 0.020426136363636358 0.029326923076923077
0 0.7863210227272728 0.5759807692307692 0.02380681818181817 0.033923076923076896
0 0.7828835227272727 0.6008557692307692 0.02193181818181826 0.029403846153846083
0 0.8035511363636364 0.6118942307692308 0.02318181818181825 0.029403846153846083
0 0.7682599431818182 0.6278653846153847 0.018593750000000044 0.02630769230769232
0 0.7842329545454546 0.6288557692307692 0.019630681818181728 0.02828846153846161
0 0.8187002840909091 0.632673076923077 0.02171874999999995 0.03196153846153847
0 0.7902911931818182 0.6514711538461538 0.017542613636363506 0.02205769230769236
0 0.7791264204545455 0.6649038461538461 0.018167613636363586 0.02403846153846154
0 0.764815340909091 0.6661826923076922 0.01963068181818189 0.031673076923076866
0 0.7525994318181817 0.6999615384615385 0.020681818181818266 0.025730769230769224
0 0.07120028409090909 0.4651634615384615 0.020838068181818183 0.028480769230769237
0 0.7520738636363636 0.7262596153846154 0.017954545454545435 0.024019230769230678
0 0.7492613636363636 0.748875 0.017329545454545518 0.021211538461538518
0 0.7436221590909091 0.7767307692307692 0.017329545454545518 0.02430769230769239
0 0.8015696022727273 0.6323846153846154 0.0187926136363635 0.028000000000000004
0 0.7558309659090909 0.7983557692307692 0.02171874999999995 0.030826923076923134
0 0.7724360795454547 0.826346153846154 0.016491477272727293 0.021769230769230756
0 0.7843394886363636 0.8116442307692308 0.015241477272727299 0.02121153846153841
0 0.8137926136363638 0.7795480769230769 0.016079545454545527 0.02205769230769236
0 0.8254829545454545 0.7665480769230769 0.015653409090909065 0.02263461538461535
0 0.8321661931818182 0.7508653846153845 0.02066761363636357 0.025730769230769224
0 0.07904119318181818 0.4686634615384615 0.014247159090909083 0.01759615384615386
0 0.849921875 0.757076923076923 0.018167613636363586 0.02630769230769232
0 0.8335227272727272 0.7802596153846154 0.01670454545454544 0.02121153846153841
0 0.853465909090909 0.7806826923076923 0.020681818181818266 0.025442307692307726
0 0.8334161931818183 0.7994903846153847 0.018167613636363586 0.0229038461538462
0 0.808046875 0.8154615384615385 0.020042613636363657 0.027153846153846164
0 0.8162926136363636 0.8112211538461539 0.01775568181818182 0.02544230769230762
0 0.831328125 0.8188557692307692 0.018593749999999885 0.020365384615384678
0 0.8391619318181818 0.8307307692307693 0.01588068181818191 0.018653846153846132
0 0.8558664772727272 0.8334134615384615 0.02130681818181818 0.025173076923076985
0 0.6401633522727272 0.6499423076923078 0.014588068181818155 0.02111538461538454
0 0.08894176136363635 0.4697788461538462 0.025383522727272723 0.041057692307692295
0 0.7943607954545455 0.8305865384615384 0.020255681818181805 0.02628846153846157
0 0.8042826704545454 0.8303076923076923 0.015042613636363682 0.021192307692307656
0 0.8015696022727273 0.8520769230769232 0.020894886363636254 0.021769230769230756
0 0.81921875 0.83625 0.01690340909090906 0.02403846153846154
0 0.8263210227272727 0.846423076923077 0.014829545454545533 0.016115384615384608
0 0.8372869318181819 0.8516538461538462 0.01670454545454544 0.019230769230769232
0 0.820049715909091 0.8577307692307692 0.013991477272727305 0.017807692307692292
0 0.8164985795454546 0.8735673076923077 0.016917613636363592 0.019519230769230726
0 0.8552414772727274 0.8657884615384615 0.02130681818181818 0.027153846153846164
0 0.8009446022727272 0.8720096153846154 0.01796875000000013 0.024326923076923034
0 0.0950284090909091 0.40218269230769227 0.018153409090909102 0.02317307692307689
0 0.7946803977272728 0.884875 0.01921874999999996 0.022903846153846094
0 0.787059659090909 0.9021250000000001 0.014403409090909071 0.018365384615384638
0 0.7616832386363636 0.8998653846153847 0.027571022727272684 0.03476923076923085
0 0.837599431818182 0.87625 0.0215056818181818 0.02488461538461538
0 0.8099218749999999 0.9453750000000001 0.020042613636363657 0.02686538461538456
0 0.46157670454545463 0.026769230769230767 0.014630681818181834 0.02346153846153846
0 0.4728551136363636 0.007942307692307693 0.020454545454545423 0.015884615384615386
0 0.37637073863636367 0.14848076923076925 0.020468750000000036 0.027692307692307676
0 0.39120028409090907 0.12388461538461538 0.028821022727272758 0.034499999999999996
0 0.423984375 0.08599038461538462 0.024218750000000015 0.025442307692307688
0 0.03654119318181818 0.08182692307692307 0.019190340909090907 0.024307692307692308
0 0.1771377840909091 0.4372403846153846 0.02103693181818184 0.032403846153846144
0 0.43411221590909094 0.10253846153846154 0.018167613636363586 0.021192307692307684
0 0.41918323863636364 0.1081923076923077 0.01754261363636359 0.022346153846153842
0 0.4162571022727273 0.128125 0.018792613636363663 0.031096153846153836
0 0.4346306818181818 0.12558653846153847 0.019630681818181808 0.03109615384615385
0 0.444140625 0.13491346153846154 0.016917613636363592 0.023173076923076946
0 0.4807883522727273 0.08952884615384615 0.018792613636363583 0.026865384615384614
0 0.49749289772727273 0.090375 0.018792613636363663 0.026865384615384614
0 0.5858380681818182 0.012490384615384615 0.024630681818181864 0.02375
0 0.8713210227272729 0.10607692307692307 0.02423295454545463 0.03392307692307691
0 0.9078693181818184 0.022096153846153845 0.022556818181818174 0.027153846153846157
0 0.15125 0.46810576923076924 0.024545454545454547 0.029326923076923077
0 0.830497159090909 0.900423076923077 0.020255681818181805 0.027423076923077015
0 0.8598437499999999 0.13123076923076923 0.022556818181818174 0.024884615384615366
0 0.8405255681818182 0.11553846153846153 0.02318181818181809 0.03365384615384615
0 0.8457386363636363 0.14622115384615383 0.020681818181818103 0.028826923076923066
0 0.8653764204545453 0.15625961538461539 0.021093750000000033 0.02913461538461537
0 0.8559730113636363 0.15809615384615386 0.016491477272727293 0.022038461538461528
0 0.8434446022727272 0.17407692307692307 0.01984375000000004 0.025730769230769224
0 0.8309161931818181 0.15653846153846154 0.018593750000000044 0.028000000000000004
0 0.8250639204545455 0.13377884615384614 0.016917613636363592 0.022634615384615392
0 0.8270454545454545 0.11525961538461539 0.02380681818181817 0.026288461538461528
0 0.1453693181818182 0.49183653846153846 0.02187500000000001 0.025980769230769214
0 0.8128480113636362 0.12953846153846155 0.022542613636363642 0.027692307692307704
0 0.8027201704545455 0.1080576923076923 0.02109374999999987 0.030538461538461528
0 0.7907102272727274 0.10775961538461538 0.01502840909090915 0.023750000000000004
0 0.7939488636363637 0.1409903846153846 0.022755681818181953 0.030250000000000006
0 0.8138991477272726 0.1545576923076923 0.01754261363636367 0.023461538461538468
0 0.9490127840909092 0.10367307692307692 0.020894886363636414 0.031384615384615386
0 0.9141335227272727 0.12501923076923077 0.02130681818181818 0.030538461538461542
0 0.9311576704545454 0.14 0.01984375000000004 0.028269230769230776
0 0.9159090909090909 0.15060576923076924 0.020681818181818266 0.02517307692307693
0 0.8964914772727273 0.15257692307692308 0.02318181818181809 0.03307692307692308
0 0.13392045454545454 0.5125 0.022073863636363624 0.03100000000000001
0 0.9110085227272727 0.20276923076923076 0.02380681818181817 0.030538461538461528
0 0.9181107954545453 0.2210096153846154 0.015454545454545448 0.021211538461538462
0 0.9174715909090909 0.24291346153846152 0.019630681818181728 0.029980769230769266
0 0.8997230113636363 0.2424903846153846 0.018792613636363663 0.028557692307692326
0 0.9349147727272729 0.22849038461538462 0.020681818181818266 0.03109615384615385
0 0.9348082386363636 0.25366346153846153 0.018792613636363663 0.023750000000000018
0 0.9194673295454546 0.27260576923076923 0.018167613636363746 0.02148076923076926
0 0.9008735795454546 0.2676538461538462 0.022343750000000027 0.028000000000000004
0 0.9391974431818181 0.2768461538461538 0.020042613636363657 0.027692307692307704
0 0.9209232954545455 0.2938076923076923 0.02235795454545456 0.026576923076923064
0 0.12200284090909091 0.05121153846153846 0.022982954545454556 0.03223076923076923
0 0.9519318181818183 0.29409615384615384 0.01963068181818189 0.028846153846153848
0 0.8702769886363636 0.6100480769230769 0.020042613636363657 0.021211538461538518
0 0.9430610795454545 0.31671153846153843 0.021917613636363565 0.02430769230769228
0 0.959247159090909 0.32548076923076924 0.02005681818181819 0.02430769230769228
0 0.9627982954545454 0.34668269230769233 0.016704545454545604 0.023173076923076946
0 0.948693181818182 0.3520576923076923 0.01900568181818181 0.027153846153846164
0 0.956846590909091 0.36704807692307695 0.021505681818181962 0.029403846153846138
0 0.9376278409090909 0.37552884615384613 0.024431818181818245 0.0333653846153846
0 0.9147585227272728 0.4013846153846154 0.02088068181818188 0.025730769230769224
0 0.9352272727272729 0.4013942307692308 0.022556818181818174 0.026865384615384614
0 0.14038352272727272 0.038211538461538457 0.02130681818181818 0.031115384615384614
0 0.9119389204545455 0.42415384615384616 0.022343750000000027 0.027153846153846164
0 0.936690340909091 0.42641346153846155 0.01963068181818189 0.024865384615384574
0 0.90359375 0.548701923076923 0.020681818181818103 0.029134615384615342
0 0.9159090909090909 0.563125 0.020681818181818266 0.02855769230769235
0 0.9319886363636364 0.5662307692307692 0.01775568181818182 0.026307692307692213
0 0.9471377840909091 0.5600096153846155 0.018792613636363663 0.0229038461538462
0 0.9442116477272727 0.5393653846153846 0.02171874999999995 0.02346153846153844
0 0.937002840909091 0.5192980769230768 0.0215056818181818 0.024596153846153886
0 0.9858735795454546 0.588 0.02151988636363633 0.024615384615384636
0 0.9863991477272727 0.6100576923076924 0.018792613636363663 0.028000000000000004
0 0.19227982954545456 0.01954807692307692 0.01691761363636363 0.02771153846153846
0 0.9936150568181819 0.6328173076923077 0.012769886363636377 0.02205769230769236
0 0.989424715909091 0.6524711538461538 0.020667613636363734 0.024596153846153886
0 0.9784588068181819 0.6813076923076923 0.022542613636363642 0.03138461538461537
0 0.9702982954545454 0.18339423076923075 0.021051136363636435 0.03028846153846154
0 0.9500142045454545 0.1776057692307692 0.018210227272727343 0.024057692307692318
0 0.9386079545454545 0.19081730769230767 0.01909090909090917 0.029096153846153865
0 0.9557173295454546 0.1943846153846154 0.019076704545454473 0.027307692307692314
0 0.9457386363636363 0.2144230769230769 0.02017045454545445 0.028192307692307687
0 0.9723863636363635 0.21204807692307692 0.02215909090909094 0.029403846153846138
0 0.9844460227272727 0.23031730769230768 0.020397727272727293 0.02494230769230769
0 0.18016335227272726 0.02973076923076923 0.01941761363636362 0.024884615384615383
0 0.9618607954545454 0.23045192307692308 0.019517045454545467 0.027019230769230764
0 0.973046875 0.24500000000000002 0.0199573863636363 0.027615384615384642
0 0.9679971590909091 0.26564423076923077 0.016448863636363695 0.02374999999999999
0 0.9505610795454544 0.2460480769230769 0.01842329545454533 0.027903846153846137
0 0.9569247159090909 0.2709903846153846 0.020184659090908982 0.029096153846153838
0 0.9845525568181818 0.27395192307692307 0.02061079545454544 0.03205769230769229
0 0.9897585227272727 0.3141826923076923 0.02048295454545449 0.028211538461538493
0 0.15504971590909092 0.544826923076923 0.02242897727272726 0.02523076923076924
0 0.13969460227272726 0.5616442307692308 0.0220880681818182 0.03924999999999994
0 0.02921875 0.5418076923076923 0.020198863636363636 0.029769230769230805
0 0.16992897727272727 0.04584615384615385 0.018579545454545453 0.023192307692307696
0 0.011541193181818182 0.5544807692307692 0.015156250000000003 0.02453846153846152
0 0.010944602272727273 0.46157692307692305 0.01930397727272727 0.023730769230769236
0 0.028615056818181817 0.46860576923076924 0.017230113636363637 0.023326923076923068
0 0.016342329545454545 0.6600192307692307 0.022571022727272724 0.03003846153846155
0 0.043579545454545454 0.7217788461538462 0.032982954545454544 0.033788461538461524
0 0.021178977272727273 0.7160384615384616 0.028295454545454547 0.028961538461538466
0 0.09547585227272727 0.7802403846153847 0.025127840909090916 0.031634615384615365
0 0.079609375 0.7976826923076923 0.01788352272727273 0.028134615384615376
0 0.09137073863636362 0.8088173076923078 0.015298295454545448 0.022480769230769228
0 0.09423295454545455 0.8315288461538461 0.010965909090909099 0.015134615384615394
0 0.16428977272727271 0.02648076923076923 0.018579545454545453 0.02288461538461538
0 0.09537642045454547 0.8457499999999999 0.014616477272727281 0.015769230769230747
0 0.09948153409090908 0.8020096153846155 0.008224431818181827 0.00990384615384611
0 0.10199573863636364 0.8516250000000001 0.010951704545454537 0.01144230769230767
0 0.04536931818181818 0.8940576923076923 0.014204545454545449 0.016769230769230713
0 0.02596590909090909 0.8632115384615384 0.02261363636363636 0.028384615384615366
0 0.025142045454545455 0.8922788461538462 0.02130681818181818 0.03286538461538457
0 0.04140625 0.8740576923076923 0.01650568181818182 0.025038461538461503
0 0.04999289772727273 0.8867980769230769 0.013877840909090909 0.0169807692307692
0 0.2359446022727273 0.9798461538461538 0.022855113636363642 0.03138461538461526
0 0.24634943181818184 0.9890096153846153 0.02065340909090908 0.01901923076923085
0 0.05551846590909091 0.07833653846153846 0.020838068181818183 0.027942307692307693
0 0.16878551136363637 0.01276923076923077 0.017542613636363627 0.023192307692307693
0 0.4784517045454546 0.9292307692307692 0.0181818181818182 0.023769230769230796
0 0.4797017045454545 0.954548076923077 0.021107954545454565 0.027442307692307658
0 0.49318181818181817 0.9384326923076923 0.015454545454545448 0.02348076923076919
0 0.5074431818181818 0.9360576923076923 0.017130681818181823 0.023769230769230796
0 0.5270170454545454 0.9447980769230768 0.019460227272727258 0.0229038461538462
0 0.5115696022727273 0.9445192307692307 0.01691761363636367 0.021769230769230756
0 0.5330397727272728 0.9251826923076923 0.02306818181818183 0.02548076923076923
0 0.5398082386363636 0.9649903846153847 0.019673295454545405 0.026634615384615427
0 0.5428764204545454 0.9886153846153847 0.01862215909090911 0.021769230769230756
0 0.5287073863636365 0.9806057692307691 0.016079545454545444 0.02405769230769218
0 0.156875 0.05432692307692308 0.02130681818181818 0.02657692307692307
0 0.52140625 0.966 0.015852272727272684 0.021192307692307656
0 0.5112571022727272 0.9744423076923077 0.019247159090909106 0.027769230769230657
0 0.5105113636363636 0.9948846153846153 0.021164772727272775 0.010230769230769326
0 0.9093181818181819 0.9873749999999999 0.019034090909090876 0.02524999999999999
0 0.8942258522727274 0.9708653846153846 0.021917613636363565 0.02723076923076928
0 0.8837997159090908 0.9168653846153846 0.021917613636363565 0.030153846153846166
0 0.8863210227272728 0.9482403846153847 0.019403409090909044 0.02725000000000003
0 0.9023153409090909 0.9258653846153846 0.019403409090909044 0.021423076923076895
0 0.919921875 0.9186826923076923 0.015809659090909246 0.020673076923076922
0 0.9038423295454546 0.9505576923076923 0.01850852272727285 0.025538461538461597
0 0.17828835227272727 0.009067307692307692 0.01691761363636363 0.018134615384615384
0 0.9150710227272728 0.9358365384615385 0.016164772727272722 0.01898076923076924
0 0.9254829545454545 0.9719615384615385 0.018323863636363603 0.021153846153846155
0 0.875 0.8797788461538462 0.02011363636363648 0.03040384615384616
0 0.8910795454545455 0.8824423076923077 0.015625 0.02311538461538458
0 0.9501704545454547 0.8525769230769231 0.02000000000000006 0.026576923076923064
0 0.9105184659090909 0.8752307692307693 0.01745738636363631 0.02461538461538453
0 0.8959730113636364 0.9040384615384616 0.017826704545454482 0.025615384615384602
0 0.905703125 0.8848365384615384 0.01691761363636375 0.022173076923076872
0 0.9129829545454545 0.9052692307692308 0.018011363636363728 0.0226538461538461
0 0.9158877840909092 0.9080961538461538 0.016917613636363592 0.021423076923076895
0 0.17953835227272727 0.057019230769230766 0.018167613636363624 0.027999999999999997
0 0.9225284090909092 0.8907403846153846 0.016732954545454506 0.018711538461538498
0 0.9318039772727272 0.9094615384615385 0.01599431818181817 0.022153846153846118
0 0.9474431818181818 0.9092115384615383 0.01818181818181812 0.025615384615384602
0 0.9218039772727273 0.9515288461538461 0.01707386363636361 0.023596153846153812
0 0.9903622159090909 0.5580288461538462 0.018792613636363663 0.027442307692307658
0 0.9361718750000001 0.8853269230769231 0.017457386363636473 0.029038461538461582
0 0.8983380681818183 0.8625480769230769 0.020369318181818228 0.025865384615384592
0 0.9083380681818182 0.8426057692307691 0.020738636363636397 0.028826923076922986
0 0.8870596590909091 0.844701923076923 0.018920454545454456 0.029557692307692316
0 0.8709659090909092 0.8469134615384615 0.018380681818181734 0.0329807692307693
0 0.17128551136363637 0.07087500000000001 0.020042613636363636 0.02686538461538462
0 0.8870596590909091 0.8595961538461538 0.01599431818181817 0.019961538461538454
0 0.08521306818181817 0.8374038461538461 0.011193181818181823 0.015153846153846144
0 0.9926136363636363 0.8455480769230769 0.014772727272727241 0.033403846153846166
0 0.9809374999999999 0.8147596153846154 0.022500000000000044 0.027403846153846154
0 0.9914985795454545 0.8005288461538461 0.017002840909090947 0.028480769230769237
0 0.9932315340909091 0.7761346153846155 0.01353693181818178 0.027192307692307776
0 0.8993394886363636 0.8231153846153846 0.0230539772727273 0.028461538461538483
0 0.8478338068181818 0.8102307692307692 0.018167613636363586 0.027423076923076904
0 0.8651704545454545 0.7510673076923077 0.017954545454545435 0.026634615384615427
0 0.8750923295454546 0.7630865384615384 0.014900568181818034 0.01913461538461536
0 0.14654119318181816 0.07638461538461538 0.01941761363636364 0.026576923076923078
0 0.8833096590909091 0.7782115384615383 0.01909090909090917 0.025076923076923115
0 0.8980113636363637 0.7912692307692308 0.018721590909090837 0.022769230769230722
0 0.916065340909091 0.7915384615384616 0.020426136363636358 0.028961538461538466
0 0.915965909090909 0.7725288461538462 0.017954545454545435 0.021980769230769245
0 0.8832173295454546 0.7561057692307691 0.016235795454545385 0.022749999999999968
0 0.8941974431818182 0.7513173076923076 0.016434659090909 0.026634615384615427
0 0.9045099431818181 0.768125 0.011463068181818092 0.015788461538461498
0 0.9248508522727273 0.7553269230769231 0.015099431818181812 0.020692307692307677
0 0.9088991477272728 0.7509326923076923 0.0183380681818183 0.02794230769230764
0 0.9189843750000001 0.7297403846153847 0.020298295454545402 0.03113461538461538
0 0.1570880681818182 0.07652884615384616 0.017130681818181823 0.024596153846153844
0 0.9011079545454546 0.7308461538461538 0.017613636363636494 0.024576923076923135
0 0.9303053977272726 0.7532211538461537 0.022457386363636447 0.03040384615384616
0 0.9215980113636365 0.6809326923076924 0.01819602272727281 0.02228846153846149
0 0.9053053977272728 0.6862692307692307 0.018110795454545456 0.024384615384615397
0 0.8993892045454547 0.6637403846153845 0.023011363636363538 0.031673076923076866
0 0.9178053977272728 0.6673557692307692 0.01674715909090904 0.01544230769230775
0 0.8716832386363635 0.7300480769230769 0.023196022727272784 0.02867307692307686
0 0.8627485795454546 0.7082307692307692 0.017855113636363548 0.024923076923076885
0 0.8743536931818183 0.6972692307692309 0.018593750000000044 0.024923076923076885
0 0.8859517045454546 0.6861826923076924 0.021164772727272695 0.024673076923077002
0 0.13557528409090908 0.09066346153846153 0.02129261363636363 0.02798076923076924
0 0.8775710227272726 0.6659807692307692 0.019147727272727136 0.022192307692307622
0 0.9340767045454544 0.939875 0.018380681818181734 0.0229038461538462
0 0.8857599431818183 0.6449230769230769 0.01933238636363638 0.025423076923076975
0 0.8949715909090908 0.6401923076923076 0.018238636363636408 0.02392307692307692
0 0.991512784090909 0.4655673076923077 0.016605113636363713 0.03140384615384612
0 0.9758522727272727 0.4586730769230769 0.018863636363636326 0.026807692307692303
0 0.9691548295454546 0.43645192307692304 0.01867897727272724 0.028865384615384654
0 0.9590553977272727 0.42903846153846154 0.02075284090909093 0.026807692307692303
0 0.9581107954545455 0.45585576923076926 0.017357954545454583 0.028865384615384654
0 0.9684943181818181 0.47975 0.017357954545454423 0.025038461538461503
0 0.15813210227272725 0.09660576923076923 0.020042613636363636 0.026288461538461542
0 0.9435866477272726 0.46339423076923075 0.01697443181818188 0.02809615384615387
0 0.9520809659090909 0.4852403846153846 0.016605113636363713 0.028365384615384615
0 0.9258096590909091 0.4882019230769231 0.02198863636363639 0.026057692307692275
0 0.9299076704545454 0.4668076923076923 0.01572443181818189 0.0241153846153846
0 0.9376065340909091 0.49548076923076917 0.020213068181818207 0.024538461538461467
0 0.994950284090909 0.33184615384615385 0.010071022727272772 0.022653846153846156
0 0.9979190340909092 0.27608653846153847 0.004161931818181747 0.029288461538461572
0 0.9972301136363636 0.2509903846153846 0.00460227272727274 0.017134615384615377
0 0.7488494318181819 0.4067403846153846 0.01599431818181833 0.022942307692307706
0 0.73296875 0.39672115384615386 0.01909090909090909 0.02682692307692311
0 0.17504971590909088 0.09885576923076923 0.02129261363636363 0.03194230769230769
0 0.7226988636363637 0.4015673076923077 0.017187500000000033 0.021019230769230783
0 0.7121946022727272 0.40723076923076923 0.01862215909090911 0.026500000000000003
0 0.7224573863636364 0.4219326923076923 0.022926136363636263 0.021019230769230783
0 0.722578125 0.4377788461538461 0.025071022727272695 0.012596153846153813
0 0.8056534090909092 0.16934615384615384 0.01931818181818185 0.02338461538461538
0 0.7984659090909091 0.17184615384615384 0.016448863636363532 0.026153846153846142
0 0.782940340909091 0.1735192307692308 0.013778409090908994 0.016153846153846164
0 0.7505681818181817 0.17630769230769233 0.018096590909090923 0.023923076923076946
0 0.7619744318181819 0.18660576923076921 0.01664772727272715 0.028942307692307687
0 0.77328125 0.18103846153846154 0.012528409090909 0.020038461538461515
