0 0.9609090909090909 0.8693750000000001 0.016448863636363532 0.023634615384615424
0 0.5902414772727272 0.5988653846153845 0.02133522727272733 0.026461538461538554
0 0.5817045454545454 0.20285576923076923 0.02446022727272723 0.02975
0 0.1171377840909091 0.03214423076923077 0.018480113636363645 0.02844230769230769
0 0.460234375 0.5394038461538462 0.020213068181818207 0.029884615384615315
0 0.39782670454545455 0.7679615384615385 0.01701704545454548 0.023999999999999924
0 0.8053196022727271 0.882423076923077 0.02134943181818194 0.029384615384615332
0 0.5603338068181819 0.10654807692307693 0.015809659090909086 0.021326923076923084
0 0.18960937500000002 0.42241346153846154 0.015298295454545469 0.025288461538461496
0 0.31007812500000004 0.5458653846153847 0.022400568181818195 0.03134615384615387
0 0.41850852272727274 0.03343269230769231 0.021420454545454604 0.028980769230769234
0 0.7851136363636364 0.661826923076923 0.018494318181818157 0.025807692307692337
0 0.3404829545454545 0.649375 0.016335227272727272 0.02809615384615387
0 0.7060085227272727 0.2723653846153846 0.01749999999999999 0.021538461538461517
0 0.34569602272727273 0.9199615384615385 0.019460227272727258 0.019230769230769232
0 0.2420596590909091 0.24879807692307693 0.018664772727272707 0.02505769230769228
0 0.930497159090909 0.3712692307692308 0.022812500000000083 0.026961538461538426
0 0.28666193181818184 0.3516538461538462 0.02017045454545453 0.027076923076923103
0 0.4208735795454545 0.4614326923076923 0.022769886363636405 0.02713461538461541
0 0.13339488636363636 0.46630769230769237 0.023295454545454553 0.031269230769230806
0 0.2917471590909091 0.6700769230769231 0.016732954545454547 0.019423076923076966
0 0.4230823863636364 0.764846153846154 0.020738636363636317 0.028307692307692253
0 0.3660795454545455 0.9114038461538462 0.017613636363636373 0.02403846153846154
0 0.3820454545454546 0.7756538461538462 0.01985795454545449 0.02688461538461531
0 0.40894176136363636 0.17975 0.020241477272727272 0.021692307692307695
0 0.4915198863636363 0.5708846153846154 0.017471590909090926 0.020423076923076933
0 0.5088494318181819 0.5053461538461538 0.02235795454545456 0.036115384615384674
0 0.8776207386363637 0.4144038461538462 0.022656250000000065 0.03334615384615385
0 0.8229829545454546 0.553826923076923 0.022784090909090858 0.0244230769230769
0 0.4391264204545454 0.7869326923076922 0.01984374999999996 0.029288461538461572
0 0.43147017045454544 0.5026538461538461 0.019417613636363577 0.029076923076923087
0 0.5785795454545455 0.6455865384615386 0.017727272727272755 0.029634615384615433
0 0.48632102272727273 0.9512980769230769 0.018607954545454577 0.024596153846153886
0 0.12482954545454544 0.011615384615384616 0.03275568181818182 0.023230769230769232
0 0.28373579545454547 0.9743557692307692 0.01937499999999998 0.02982692307692295
0 0.5694673295454545 0.01158653846153846 0.021036931818181823 0.023134615384615382
0 0.7335582386363636 0.0913173076923077 0.02163352272727267 0.029711538461538466
0 0.42095170454545455 0.7875384615384615 0.016136363636363574 0.018000000000000026
0 0.6969247159090909 0.552625 0.01637784090909087 0.02578846153846148
0 0.8318892045454546 0.5381730769230769 0.022329545454545494 0.02630769230769232
0 0.23743607954545454 0.3074326923076923 0.019303977272727237 0.02778846153846157
0 0.08264914772727273 0.3828365384615384 0.02660511363636363 0.031942307692307666
0 0.3272585227272727 0.8927115384615385 0.015767045454545447 0.02534615384615386
0 0.5686860795454546 0.882673076923077 0.02231534090909088 0.03188461538461535
0 0.3427059659090909 0.06851923076923076 0.014105113636363605 0.02261538461538461
0 0.1946590909090909 0.9579615384615384 0.02022727272727274 0.03019230769230767
0 0.9181178977272727 0.7933173076923077 0.018906249999999923 0.025403846153846114
0 0.08415482954545456 0.9783173076923077 0.018650568181818185 0.020673076923076922
0 0.5197798295454544 0.28797115384615385 0.020326704545454547 0.027673076923076897
0 0.2957102272727273 0.36928846153846157 0.022414772727272728 0.026846153846153808
0 0.5959659090909091 0.5819903846153845 0.016164772727272722 0.014596153846153908
0 0.8026988636363636 0.04671153846153846 0.020426136363636358 0.026
0 0.696825284090909 0.8008557692307692 0.01973011363636362 0.025634615384615464
0 0.4177627840909091 0.29633653846153846 0.020355113636363612 0.027980769230769253
0 0.3209730113636364 0.12847115384615385 0.01748579545454546 0.02351923076923078
0 0.5779332386363637 0.15634615384615386 0.017741477272727287 0.020038461538461543
0 0.7842329545454544 0.9789519230769231 0.01968750000000002 0.024134615384615515
0 0.6062926136363637 0.3696057692307692 0.014857954545454516 0.02625000000000001
0 0.22194602272727273 0.8372596153846154 0.015454545454545448 0.023788461538461547
0 0.33622869318181814 0.3671826923076923 0.019303977272727278 0.02309615384615383
0 0.9130681818181817 0.9561538461538462 0.02306818181818183 0.033269230769230794
0 0.7731463068181817 0.08759615384615384 0.02268465909090913 0.030538461538461542
0 0.7230113636363636 0.40328846153846154 0.023096590909090896 0.03042307692307691
0 0.27666903409090904 0.6719326923076923 0.014531249999999985 0.021173076923077017
0 0.27049005681818183 0.2569423076923077 0.01893465909090911 0.028307692307692305
0 0.8772940340909091 0.3881057692307692 0.014730113636363644 0.020826923076923045
0 0.5008664772727273 0.6161442307692307 0.018664772727272707 0.026788461538461553
0 0.18680397727272727 0.10860576923076923 0.019147727272727278 0.02548076923076923
0 0.9137571022727272 0.5489423076923077 0.0191051136363637 0.030346153846153794
0 0.7429758522727273 0.6123846153846154 0.019076704545454473 0.02888461538461535
0 0.6079829545454545 0.592326923076923 0.019999999999999976 0.03042307692307691
0 0.20595170454545456 0.1273653846153846 0.023210227272727278 0.027384615384615375
0 0.47615767045454543 0.3603942307692308 0.020951704545454544 0.025557692307692347
0 0.002940340909090909 0.4893076923076923 0.005880681818181818 0.021153846153846155
0 0.10887073863636364 0.42920192307692306 0.01566761363636364 0.024019230769230786
0 0.8938210227272727 0.48777884615384615 0.016505681818181663 0.021557692307692323
0 0.729609375 0.6155192307692309 0.014019886363636451 0.016692307692307704
0 0.27382102272727277 0.7697307692307692 0.019431818181818192 0.019076923076923106
0 0.4276136363636364 0.6820865384615384 0.020255681818181805 0.03228846153846147
0 0.1361789772727273 0.051923076923076926 0.020568181818181822 0.027846153846153847
0 0.251640625 0.03048076923076923 0.02038352272727276 0.02626923076923077
0 0.6549928977272728 0.4571153846153846 0.019872159090909104 0.029846153846153866
0 0.9323295454545453 0.7537788461538462 0.0253693181818182 0.028442307692307732
0 0.46147727272727274 0.9912115384615385 0.015113636363636345 0.01757692307692305
0 0.4826988636363637 0.9294903846153847 0.020681818181818187 0.02628846153846157
0 0.18086647727272728 0.1984423076923077 0.022073863636363624 0.03065384615384615
0 0.005269886363636364 0.33160576923076923 0.010539772727272727 0.02367307692307693
0 0.009367897727272726 0.8903846153846153 0.018735795454545453 0.027153846153846164
0 0.17236505681818182 0.7829519230769231 0.018963068181818196 0.02609615384615383
0 0.02362215909090909 0.507826923076923 0.02161931818181818 0.02830769230769236
0 0.6887642045454545 0.7854903846153847 0.020965909090909077 0.026557692307692313
0 0.7754119318181818 0.34158653846153847 0.020994318181818142 0.026019230769230718
0 0.7243607954545453 0.8614038461538461 0.020198863636363595 0.0273461538461539
0 0.8638849431818181 0.4229230769230769 0.015980113636363636 0.029923076923076927
0 0.8980397727272728 0.9660961538461539 0.020454545454545423 0.03642307692307692
0 0.09538352272727274 0.9924423076923076 0.01997159090909092 0.015115384615384642
0 0.8627272727272728 0.38346153846153846 0.016363636363636337 0.02392307692307692
0 0.794921875 0.6728173076923077 0.021292613636363648 0.032634615384615435
0 0.46545454545454545 0.3809711538461539 0.017954545454545435 0.023057692307692272
