0 0.6144034090909091 0.008740384615384615 0.03911931818181821 0.01748076923076923
0 0.7358096590909091 0.8319423076923077 0.022727272727272728 0.029769230769230805
0 0.5787357954545455 0.836625 0.014886363636363663 0.021980769230769245
0 0.8403480113636363 0.3572692307692308 0.026292613636363624 0.033423076923076916
0 0.8221093750000001 0.3435480769230769 0.02365056818181815 0.030211538461538477
0 0.8189914772727271 0.38858653846153846 0.02247159090909098 0.03174999999999998
0 0.8159090909090909 0.36378846153846156 0.022073863636363586 0.023576923076923113
0 0.8024644886363635 0.37792307692307686 0.01842329545454533 0.025038461538461558
0 0.7512073863636364 0.4238461538461538 0.018068181818181858 0.029384615384615387
0 0.7357031249999999 0.41924999999999996 0.01595170454545441 0.03003846153846155
0 0.7168749999999999 0.4201923076923077 0.022642045454545453 0.03430769230769226
0 0.6982173295454546 0.41315384615384615 0.01933238636363638 0.027884615384615386
0 0.7324147727272727 0.8079326923076923 0.021420454545454524 0.028480769230769126
0 0.6985653409090908 0.38372115384615385 0.03093750000000004 0.02863461538461536
0 0.7238636363636364 0.3869807692307692 0.021221590909090985 0.03196153846153847
0 0.7104048295454546 0.39590384615384616 0.018792613636363663 0.023076923076923078
0 0.6855255681818182 0.3103846153846153 0.02210227272727273 0.033115384615384616
0 0.6659943181818182 0.3130576923076923 0.020909090909090947 0.024153846153846158
0 0.6724857954545455 0.335875 0.02241477272727269 0.03194230769230772
0 0.6443536931818182 0.3251057692307692 0.030213068181818157 0.035250000000000024
0 0.9946661931818181 0.3174038461538462 0.010667613636363623 0.03076923076923077
0 0.9781178977272728 0.19335576923076925 0.024332386363636358 0.03321153846153848
0 0.9953338068181817 0.17076923076923078 0.009332386363636435 0.03188461538461538
0 0.7133522727272728 0.801923076923077 0.021789772727272772 0.03103846153846151
0 0.9864630681818182 0.15333653846153847 0.020454545454545423 0.03148076923076924
0 0.9721803977272727 0.16420192307692308 0.02370738636363628 0.032519230769230766
0 0.9413210227272728 0.07799038461538461 0.023465909090909228 0.03032692307692307
0 0.937784090909091 0.045403846153846156 0.023920454545454592 0.03400000000000001
0 0.9617045454545454 0.016490384615384615 0.023011363636363538 0.03198076923076923
0 0.9680965909090908 0.03586538461538461 0.024176136363636337 0.032038461538461536
0 0.7561931818181818 0.017980769230769227 0.02494318181818174 0.02842307692307692
0 0.7933167613636362 0.07442307692307693 0.015809659090909086 0.022538461538461535
0 0.8148366477272727 0.17168269230769231 0.021122159090909098 0.03163461538461539
0 0.7950142045454546 0.17168269230769231 0.019289772727272784 0.029865384615384617
0 0.7073153409090909 0.8273365384615385 0.02235795454545456 0.032057692307692336
0 0.8048650568181818 0.14778846153846154 0.022713068181818195 0.027192307692307693
0 0.7944247159090909 0.12992307692307692 0.02231534090909096 0.030923076923076907
0 0.8198934659090908 0.099625 0.022571022727272707 0.03074999999999999
0 0.8105752840909091 0.11899038461538461 0.023366477272727337 0.031096153846153836
0 0.11595170454545455 0.04306730769230769 0.022244318181818178 0.029403846153846152
0 0.13282670454545456 0.049442307692307695 0.024857954545454544 0.03576923076923077
0 0.025184659090909087 0.14358653846153846 0.024460227272727272 0.03490384615384614
0 0.04650568181818182 0.03867307692307692 0.020909090909090912 0.021576923076923073
0 0.052223011363636364 0.056124999999999994 0.019218750000000003 0.023480769230769232
0 0.26379971590909085 0.02173076923076923 0.019758522727272722 0.026038461538461538
0 0.6966548295454545 0.8520480769230769 0.024815340909090947 0.04240384615384607
0 0.27302556818181817 0.00985576923076923 0.02355113636363638 0.019673076923076925
0 0.4648863636363636 0.063125 0.019687499999999938 0.030096153846153842
0 0.4474289772727273 0.06432692307692309 0.019232954545454494 0.028884615384615384
0 0.6576420454545455 0.09069230769230768 0.02568181818181816 0.03457692307692307
0 0.68390625 0.07545192307692307 0.01605113636363638 0.021211538461538462
0 0.671924715909091 0.08089423076923076 0.015269886363636364 0.020673076923076922
0 0.10636363636363635 0.2144230769230769 0.022642045454545453 0.027307692307692286
0 0.10428977272727273 0.2459230769230769 0.016676136363636376 0.021038461538461534
0 0.07662642045454546 0.26185576923076925 0.015440340909090916 0.028211538461538437
0 0.09577414772727272 0.22922115384615382 0.021747159090909084 0.023326923076923096
0 0.7381747159090909 0.7857211538461538 0.02140625000000007 0.03294230769230768
0 0.08850852272727273 0.24515384615384614 0.0162215909090909 0.0186153846153846
0 0.09662642045454546 0.2641538461538462 0.028394886363636355 0.026999999999999986
0 0.05847301136363637 0.27147115384615383 0.018167613636363635 0.02513461538461537
0 0.6832244318181818 0.9253365384615385 0.019431818181818192 0.023980769230769285
0 0.70265625 0.928625 0.01974431818181815 0.029288461538461572
0 0.6897230113636363 0.9497307692307693 0.01927556818181825 0.031192307692307745
0 0.6936434659090909 0.9826346153846153 0.0214630681818182 0.02865384615384611
0 0.7641974431818181 0.730423076923077 0.020213068181818207 0.02569230769230772
0 0.7156889204545455 0.7290480769230769 0.014105113636363647 0.0169807692307692
0 0.7368536931818181 0.7434711538461539 0.02257102272727279 0.029288461538461572
0 0.75515625 0.7803557692307692 0.019517045454545467 0.02501923076923086
0 0.7529900568181819 0.7513269230769231 0.021633522727272755 0.03480769230769235
0 0.720078125 0.7470961538461539 0.01978693181818175 0.029192307692307705
0 0.7062357954545454 0.7794038461538461 0.02028409090909087 0.020807692307692294
0 0.9879403409090909 0.8136153846153847 0.016250000000000077 0.02146153846153851
0 0.3396306818181818 0.7265673076923078 0.020142045454545465 0.02440384615384615
0 0.35436079545454546 0.7398750000000001 0.01840909090909088 0.02582692307692309
0 0.3447159090909091 0.7499807692307693 0.01792613636363637 0.027153846153846164
0 0.33590198863636367 0.7529903846153845 0.021008522727272716 0.028711538461538476
0 0.462890625 0.7373461538461539 0.020213068181818207 0.02592307692307696
0 0.5509730113636363 0.6640192307692308 0.014957386363636326 0.020076923076923072
0 0.771669034090909 0.7561538461538462 0.02274147727272726 0.029769230769230805
0 0.6366264204545454 0.6630480769230769 0.01578125000000002 0.06824999999999991
0 0.5359161931818182 0.13874038461538463 0.020298295454545482 0.026403846153846163
0 0.4304332386363636 0.024432692307692308 0.017798295454545497 0.02255769230769231
0 0.27868607954545455 0.9013365384615386 0.014303977272727263 0.022019230769230746
0 0.152265625 0.7542403846153846 0.016406249999999997 0.021865384615384623
0 0.7469105113636364 0.6639134615384615 0.01933238636363638 0.021326923076923028
0 0.7486576704545456 0.6881153846153846 0.022088068181818278 0.02888461538461535
0 0.9441477272727272 0.01560576923076923 0.019176136363636364 0.03121153846153846
0 0.7348863636363636 0.6999903846153847 0.022642045454545533 0.03090384615384614
0 0.7459730113636364 0.7224711538461538 0.02595170454545452 0.03040384615384616
0 0.9730681818181818 0.5681730769230771 0.025880681818181858 0.03669230769230766
0 0.8677414772727274 0.5738653846153845 0.017244318181818163 0.025500000000000092
0 0.7938423295454545 0.5961346153846154 0.02274147727272726 0.03180769230769224
0 0.7587571022727272 0.5676730769230769 0.02055397727272731 0.028923076923076853
0 0.6916832386363636 0.6036346153846154 0.022514204545454577 0.0351153846153846
0 0.6737784090909091 0.6099711538461539 0.02039772727272721 0.02709615384615391
0 0.4874147727272727 0.6210192307692308 0.023210227272727237 0.028115384615384625
0 0.4773153409090909 0.5996442307692308 0.02332386363636366 0.030942307692307755
0 0.9338352272727272 0.016826923076923076 0.013892045454545416 0.024884615384615387
0 0.46119318181818175 0.618125 0.022443181818181834 0.03294230769230768
0 0.4428338068181818 0.6273653846153846 0.022514204545454577 0.034961538461538474
0 0.40094460227272727 0.6367403846153846 0.024105113636363674 0.04474999999999996
0 0.37335937500000005 0.6269423076923076 0.022911931818181852 0.030846153846153777
0 0.37303267045454547 0.5902211538461538 0.021718749999999988 0.032634615384615324
0 0.32760653409090906 0.6423653846153846 0.02225852272727271 0.02638461538461533
0 0.3258948863636364 0.6166923076923077 0.021732954545454562 0.025653846153846215
0 0.35110795454545457 0.6098269230769231 0.028181818181818228 0.036192307692307676
0 0.321484375 0.5677692307692308 0.021321022727272754 0.0244230769230769
0 0.33287642045454546 0.5824615384615385 0.023309659090909127 0.026384615384615437
0 0.9312002840909092 0.0038461538461538464 0.018536931818181914 0.007153846153846153
0 0.35492897727272726 0.5817596153846154 0.021590909090909115 0.027096153846153798
0 0.3594034090909091 0.5631923076923078 0.022642045454545453 0.026192307692307702
0 0.36484375 0.5369038461538461 0.023465909090909107 0.03103846153846151
0 0.3936434659090909 0.5250096153846153 0.024474431818181843 0.03194230769230772
0 0.386015625 0.5431826923076922 0.02140624999999999 0.02832692307692311
0 0.38054687499999995 0.5588653846153846 0.02299715909090909 0.028846153846153848
0 0.46801136363636364 0.5138942307692308 0.022386363636363624 0.03401923076923077
0 0.42828835227272727 0.35768269230769234 0.027911931818181787 0.0324423076923077
0 0.2909659090909091 0.3729711538461538 0.02562500000000003 0.03578846153846157
0 0.30484375 0.2991346153846154 0.026988636363636364 0.026923076923076925
0 0.865625 0.8283653846153847 0.021562500000000092 0.02992307692307682
0 0.3073508522727273 0.323625 0.020411931818181826 0.026403846153846187
0 0.3211647727272728 0.334875 0.022784090909090896 0.031211538461538443
0 0.29074573863636366 0.31184615384615383 0.021690340909090885 0.02984615384615381
0 0.33296875 0.25661538461538463 0.024062499999999997 0.0335
0 0.3428764204545454 0.2291634615384615 0.020071022727272722 0.031480769230769215
0 0.32293323863636364 0.23460576923076923 0.021434659090909056 0.03578846153846157
0 0.24161931818181817 0.2569519230769231 0.022840909090909068 0.029096153846153865
0 0.12063210227272729 0.25282692307692306 0.023678977272727275 0.032692307692307694
0 0.09095880681818182 0.29104807692307694 0.023196022727272735 0.02809615384615387
0 0.11164772727272726 0.27960576923076924 0.02332386363636364 0.03413461538461538
0 0.8573792613636364 0.8082884615384616 0.02183238636363637 0.026538461538461452
0 0.113046875 0.4474519230769231 0.027116477272727257 0.029673076923076882
0 0.11745028409090909 0.47052884615384616 0.023622159090909086 0.022173076923076924
0 0.12691051136363637 0.48483653846153846 0.02262784090909092 0.030557692307692338
0 0.18998579545454544 0.5776346153846154 0.024090909090909083 0.03407692307692313
0 0.1751278409090909 0.5953653846153847 0.024488636363636355 0.03126923076923086
0 0.23 0.6452115384615384 0.020085227272727293 0.02546153846153848
0 0.2362713068181818 0.8066346153846154 0.025326704545454562 0.032615384615384574
0 0.22167613636363637 0.7901634615384615 0.024857954545454544 0.035442307692307704
0 0.16370738636363635 0.7337403846153845 0.02306818181818183 0.0294807692307692
0 0.08907670454545454 0.7312596153846154 0.020909090909090898 0.030134615384615305
0 0.832606534090909 0.8081826923076924 0.017116477272727207 0.023173076923076835
0 0.07068892045454546 0.7258653846153846 0.020525568181818186 0.02546153846153848
0 0.007904829545454545 0.5998365384615385 0.015639204545454546 0.030750000000000017
0 0.23079545454545453 0.960375 0.020596590909090908 0.029326923076923077
0 0.24561079545454545 0.9671057692307692 0.01985795454545457 0.02524999999999999
0 0.24834517045454543 0.9897115384615384 0.02436079545454546 0.020576923076923055
0 0.2718536931818182 0.9917403846153847 0.022542613636363642 0.01651923076923072
0 0.27147017045454547 0.9684230769230769 0.02370738636363636 0.02980769230769231
0 0.2590767045454545 0.9820288461538461 0.018636363636363604 0.026711538461538543
0 0.3368536931818182 0.9305096153846154 0.023053977272727257 0.031519230769230744
0 0.36762073863636363 0.9324903846153846 0.02231534090909096 0.03078846153846152
0 0.8709872159090909 0.7773461538461539 0.02171875000000011 0.032807692307692315
0 0.4898224431818182 0.9764134615384615 0.019559659090909145 0.021788461538461507
0 0.48556818181818184 0.9928365384615384 0.020255681818181884 0.014326923076923164
0 0.5050710227272727 0.9854134615384614 0.02235795454545456 0.028980769230769327
0 0.47242187500000005 0.9384903846153846 0.01941761363636366 0.030865384615384638
0 0.4909019886363637 0.9382596153846153 0.01842329545454541 0.03221153846153846
0 0.5095312500000001 0.9231923076923076 0.022130681818181796 0.028615384615384605
0 0.4959161931818182 0.9064903846153847 0.024446022727272778 0.028903846153846103
0 0.38791193181818184 0.8909615384615385 0.0232386363636363 0.030115384615384554
0 0.3785582386363636 0.865201923076923 0.018650568181818174 0.028249999999999997
0 0.36204545454545456 0.8731346153846153 0.020369318181818186 0.027192307692307776
0 0.8535440340909091 0.7839326923076922 0.02291193181818181 0.0324423076923077
0 0.32114346590909093 0.8250192307692308 0.021235795454545438 0.03030769230769229
0 0.3203338068181818 0.8611923076923077 0.021775568181818198 0.02950000000000006
0 0.32956676136363633 0.8438365384615385 0.02015625000000004 0.02863461538461536
0 0.3530255681818182 0.8321057692307692 0.01835227272727275 0.02240384615384611
0 0.35089488636363636 0.8554038461538461 0.022642045454545453 0.030346153846153794
0 0.36522017045454547 0.8481923076923077 0.011803977272727235 0.01557692307692312
0 0.4364417613636364 0.8261826923076924 0.01643465909090908 0.029134615384615342
0 0.4206107954545455 0.8250961538461538 0.015539772727272723 0.02726923076923078
0 0.6295951704545455 0.7636923076923077 0.021065340909090888 0.02830769230769236
0 0.586356534090909 0.7614903846153847 0.01552556818181819 0.02405769230769229
