0 0.8172017045454545 0.766201923076923 0.02210227272727281 0.025634615384615353
0 0.5451633522727273 0.7693557692307692 0.02595170454545452 0.02674999999999994
0 0.6008522727272727 0.2956153846153846 0.023607954545454553 0.029692307692307688
0 0.08658380681818181 0.6264423076923077 0.020667613636363644 0.027076923076923155
0 0.18726562500000002 0.3665769230769231 0.018224431818181817 0.021653846153846135
0 0.6633309659090909 0.44927884615384617 0.022173295454545473 0.031634615384615365
0 0.10038352272727273 0.8967211538461539 0.028437500000000015 0.0324423076923077
0 0.7904048295454544 0.09211538461538461 0.020184659090908982 0.027576923076923082
0 0.5130681818181818 0.052557692307692305 0.017215909090909098 0.026923076923076925
0 0.6828764204545454 0.23671153846153847 0.01978693181818183 0.028076923076923038
0 0.06720880681818181 0.07838461538461539 0.01740056818181818 0.01907692307692308
0 0.13806107954545455 0.5809038461538462 0.02214488636363635 0.02819230769230763
0 0.33741477272727277 0.7411538461538462 0.02355113636363638 0.035076923076923096
0 0.8163707386363636 0.16567307692307692 0.023678977272727216 0.02907692307692306
0 0.744453125 0.7469711538461538 0.023678977272727216 0.03405769230769227
0 0.3626420454545455 0.24209615384615388 0.022613636363636346 0.0331923076923077
0 0.45982244318181825 0.4668653846153846 0.019559659090909145 0.03003846153846155
0 0.9922017045454545 0.708076923076923 0.015596590909090935 0.037230769230769255
0 0.8410866477272727 0.7305096153846155 0.02387784090909083 0.036173076923076926
0 0.03857954545454546 0.9205480769230769 0.02082386363636364 0.02594230769230771
0 0.8165553977272727 0.3055576923076923 0.018536931818181755 0.02907692307692303
0 0.23897017045454547 0.08672115384615385 0.021377840909090885 0.027211538461538457
0 0.7107741477272728 0.2902980769230769 0.02455965909090904 0.03259615384615388
0 0.15814630681818184 0.6359423076923076 0.021321022727272734 0.027730769230769153
0 0.3143963068181818 0.2270096153846154 0.021974431818181817 0.030173076923076917
0 0.6177840909090908 0.30659615384615385 0.021704545454545497 0.026461538461538443
0 0.3286931818181818 0.7778365384615386 0.021335227272727287 0.0199423076923077
0 0.12607954545454544 0.5739615384615384 0.021647727272727266 0.029076923076923087
0 0.23196022727272728 0.33249038461538466 0.017528409090909094 0.025596153846153852
0 0.6682173295454545 0.24768269230769233 0.014786931818181774 0.022903846153846146
0 0.14921874999999998 0.8920192307692308 0.022982954545454556 0.027076923076923047
0 0.7774644886363636 0.11050961538461539 0.017798295454545417 0.025596153846153852
0 0.058813920454545456 0.030298076923076924 0.02299715909090909 0.024403846153846158
0 0.8246377840909092 0.24157692307692308 0.022571022727272707 0.0308076923076923
0 0.34766335227272727 0.8102884615384616 0.019303977272727278 0.023846153846153913
0 0.5711576704545455 0.0644326923076923 0.023792613636363636 0.03286538461538461
0 0.3244034090909091 0.6788942307692307 0.025511363636363648 0.03501923076923073
0 0.14426136363636363 0.6673846153846154 0.022301136363636367 0.029769230769230694
0 0.07401988636363636 0.6614519230769231 0.021647727272727266 0.03044230769230766
0 0.549453125 0.7463173076923078 0.022514204545454577 0.03140384615384612
0 0.9385582386363637 0.39375 0.02515625000000005 0.0291538461538462
0 0.8182102272727273 0.13921153846153847 0.014488636363636427 0.02584615384615384
0 0.57859375 0.16746153846153847 0.022698863636363663 0.027346153846153843
0 0.3336008522727273 0.5280384615384616 0.0227414772727273 0.02607692307692308
0 0.15667613636363636 0.3969423076923077 0.018210227272727263 0.02465384615384614
0 0.38043323863636364 0.9429230769230769 0.02151988636363633 0.03461538461538462
0 0.7798366477272727 0.0716923076923077 0.019076704545454636 0.03173076923076923
0 0.2726846590909091 0.6091057692307693 0.024119318181818207 0.03171153846153848
0 0.5723153409090909 0.7545865384615384 0.02525568181818186 0.03490384615384611
0 0.23485085227272728 0.7260192307692307 0.02203124999999999 0.03192307692307686
0 0.4892116477272727 0.7139711538461538 0.023025568181818154 0.03140384615384612
0 0.06674715909090909 0.9758173076923077 0.024630681818181812 0.02863461538461536
0 0.1290625 0.6556346153846154 0.025284090909090926 0.032230769230769216
0 0.6373366477272727 0.3106346153846154 0.02075284090909093 0.028730769230769226
0 0.805262784090909 0.7515865384615386 0.02299715909090917 0.029942307692307678
0 0.09790482954545454 0.6686153846153846 0.021150568181818194 0.025961538461538463
0 0.35071022727272727 0.9467115384615385 0.027102272727272704 0.02980769230769231
0 0.5042116477272728 0.17228846153846156 0.02541193181818188 0.03257692307692307
0 0.650809659090909 0.4673461538461538 0.017159090909090888 0.024538461538461575
0 0.7327982954545454 0.8978846153846154 0.021107954545454645 0.02780769230769227
0 0.08501420454545455 0.6548461538461539 0.020482954545454547 0.035576923076923075
0 0.928544034090909 0.28997115384615385 0.018338068181818136 0.025980769230769214
0 0.48310369318181823 0.15755769230769232 0.014531250000000025 0.0206923076923077
0 0.7378267045454545 0.930625 0.023352272727272725 0.03198076923076922
0 0.04502130681818182 0.93275 0.02313920454545455 0.029307692307692215
0 0.5375071022727272 0.7317788461538461 0.02200284090909084 0.030249999999999926
0 0.055426136363636365 0.9402403846153845 0.019176136363636364 0.027750000000000014
0 0.3651917613636364 0.9593269230769231 0.023536931818181808 0.02888461538461546
0 0.27348011363636365 0.9009615384615385 0.021335227272727245 0.030500000000000027
0 0.11418323863636362 0.7178365384615384 0.024303977272727272 0.02686538461538456
0 0.6673792613636363 0.848576923076923 0.015980113636363636 0.0232307692307692
0 0.1861505681818182 0.38716346153846154 0.023892045454545464 0.025134615384615425
0 0.3272585227272727 0.9227500000000001 0.017784090909090923 0.02638461538461533
0 0.9448437500000001 0.4276634615384615 0.021534090909090864 0.027134615384615358
0 0.8491903409090908 0.8861634615384616 0.024630681818181864 0.03659615384615379
0 0.3150568181818182 0.8555673076923077 0.018806818181818154 0.0318653846153846
0 0.7789275568181818 0.9086730769230769 0.022514204545454417 0.03007692307692305
0 0.23860085227272732 0.3001346153846154 0.01879261363636362 0.022346153846153856
0 0.4171022727272727 0.9937596153846153 0.01829545454545454 0.012480769230769248
0 0.3692755681818182 0.4630769230769231 0.01909090909090909 0.03430769230769232
0 0.8295880681818182 0.1305096153846154 0.01889204545454539 0.02436538461538462
0 0.6947301136363637 0.6544423076923077 0.013039772727272737 0.01992307692307695
0 0.6373366477272727 0.3372596153846154 0.02359375000000002 0.03355769230769229
0 0.5268465909090909 0.155875 0.020625000000000056 0.03386538461538462
0 0.604190340909091 0.2696346153846154 0.021704545454545497 0.026807692307692303
0 0.9417613636363636 0.41163461538461543 0.014488636363636427 0.01819230769230771
0 0.7919602272727272 0.3024423076923077 0.02477272727272719 0.030307692307692344
0 0.3410653409090909 0.2523365384615385 0.02403409090909089 0.026942307692307703
0 0.3075710227272727 0.5664615384615385 0.020312500000000015 0.022076923076923112
0 0.6686860795454546 0.42764423076923075 0.02526988636363631 0.02451923076923077
0 0.20772017045454547 0.37762500000000004 0.025440340909090906 0.03444230769230769
0 0.5045951704545455 0.6805865384615384 0.023536931818181808 0.029788461538461448
0 0.34375710227272727 0.4342884615384615 0.021519886363636373 0.031269230769230806
0 0.6487784090909091 0.290125 0.016931818181818204 0.028403846153846172
0 0.1071875 0.07361538461538462 0.022784090909090917 0.026923076923076925
0 0.3010014204545455 0.8686442307692309 0.018792613636363663 0.027288461538461536
0 0.3001917613636364 0.5417884615384616 0.01978693181818183 0.019730769230769215
0 0.7638849431818181 0.10715384615384616 0.01927556818181809 0.02584615384615384
0 0.826846590909091 0.7074038461538462 0.026534090909091 0.03161538461538461
0 0.00682528409090909 0.43872115384615384 0.01365056818181818 0.030673076923076956
0 0.6993892045454545 0.6370576923076923 0.024431818181818245 0.02946153846153845
0 0.09769886363636364 0.011567307692307691 0.021448863636363637 0.023134615384615382
0 0.7955468750000001 0.3651923076923077 0.021292613636363488 0.027076923076923047
0 0.3323934659090909 0.23294230769230767 0.01910511363636362 0.029538461538461538
0 0.8244460227272726 0.21225961538461538 0.02551136363636369 0.03278846153846156
0 0.06666903409090909 0.7612403846153847 0.02348011363636364 0.028634615384615467
0 0.6675 0.28383653846153845 0.017642045454545476 0.026788461538461553
0 0.5437500000000001 0.15302884615384615 0.014715909090909111 0.026634615384615375
0 0.2567897727272727 0.29525 0.028352272727272698 0.03815384615384611
0 0.32880681818181823 0.2734711538461539 0.023409090909090893 0.03125
0 0.6411505681818181 0.38084615384615383 0.025028409090909098 0.03292307692307693
0 0.09840198863636364 0.6465769230769232 0.02279829545454545 0.0279615384615385
0 0.2829616477272727 0.9910096153846155 0.025071022727272737 0.017980769230769276
0 0.2542897727272727 0.570451923076923 0.021704545454545456 0.03713461538461539
0 0.6777485795454545 0.2509134615384615 0.015269886363636364 0.023557692307692307
0 0.3100852272727273 0.513 0.023948863636363615 0.027961538461538392
0 0.7458167613636365 0.3153173076923077 0.0245596590909092 0.031634615384615365
0 0.22568181818181818 0.36599038461538463 0.019431818181818192 0.03536538461538459
0 0.7837926136363635 0.3233173076923077 0.02312499999999996 0.027326923076923037
0 0.31751420454545454 0.7988173076923076 0.023721590909090894 0.0330192307692308
0 0.7530610795454545 0.072625 0.024275568181818228 0.03290384615384615
0 0.7674715909090909 0.05689423076923077 0.021107954545454565 0.027403846153846154
0 0.1968181818181818 0.8540961538461538 0.02329545454545451 0.02461538461538453
0 0.26852272727272725 0.5753846153846154 0.023778409090909104 0.030538461538461528
0 0.4841548295454546 0.13220192307692308 0.022343749999999944 0.029480769230769227
0 0.953700284090909 0.406875 0.020894886363636414 0.027134615384615358
0 0.04369318181818182 0.040586538461538466 0.021335227272727277 0.028480769230769237
0 0.8094886363636363 0.14666346153846155 0.019460227272727337 0.021865384615384623
0 0.9949715909090909 0.19025 0.01005681818181824 0.029153846153846176
0 0.2850994318181818 0.6307211538461539 0.023948863636363615 0.03548076923076921
0 0.9145738636363636 0.28434615384615386 0.01556818181818187 0.025115384615384564
0 0.30912642045454547 0.9699903846153846 0.023536931818181808 0.03324999999999993
0 0.8402272727272727 0.3279134615384615 0.021477272727272734 0.025596153846153796
0 0.5685511363636363 0.9131346153846155 0.020028409090909124 0.029692307692307688
0 0.9864204545454546 0.20366346153846154 0.02323863636363638 0.03232692307692308
0 0.7917826704545454 0.3409615384615385 0.023678977272727216 0.02634615384615388
0 0.32793323863636364 0.760875 0.020838068181818162 0.02544230769230762
0 0.35993607954545453 0.263875 0.01910511363636366 0.028019230769230755
0 0.2570667613636364 0.5958269230769231 0.024474431818181805 0.03196153846153847
0 0.9038139204545456 0.28751923076923075 0.01620738636363632 0.02684615384615386
0 0.8424360795454546 0.34828846153846155 0.01927556818181825 0.02857692307692305
0 0.1181534090909091 0.8750192307692307 0.0246306818181818 0.03199999999999997
0 0.6589133522727273 0.23653846153846153 0.018110795454545456 0.02711538461538463
0 0.697109375 0.6168653846153845 0.01450284090909088 0.018230769230769266
0 0.0980681818181818 0.8668557692307692 0.024801136363636355 0.03132692307692311
0 0.775078125 0.08876923076923077 0.019644886363636423 0.025346153846153845
0 0.493203125 0.47412499999999996 0.0204971590909091 0.022596153846153846
0 0.15996448863636364 0.6605576923076923 0.024303977272727272 0.02819230769230763
0 0.5453267045454545 0.7937884615384615 0.024573863636363654 0.029076923076923087
0 0.08259232954545453 0.1996153846153846 0.02268465909090909 0.03303846153846155
0 0.07270596590909091 0.04572115384615384 0.023423295454545457 0.02551923076923077
0 0.5127485795454546 0.46574038461538464 0.025752840909090902 0.03744230769230769
0 0.6334019886363637 0.2859326923076923 0.016690340909090908 0.029057692307692333
0 0.9083948863636363 0.26471153846153844 0.022812499999999923 0.02338461538461538
0 0.20259943181818182 0.8727788461538462 0.023295454545454553 0.03290384615384607
0 0.31166903409090907 0.9290576923076923 0.02387784090909091 0.036230769230769184
0 0.6798934659090908 0.46347115384615384 0.0204971590909091 0.02840384615384612
0 0.28916903409090905 0.54825 0.013707386363636371 0.016692307692307704
0 0.07580255681818182 0.06954807692307692 0.01759943181818182 0.026634615384615395
0 0.18632102272727274 0.40218269230769227 0.020795454545454565 0.026288461538461514
0 0.9870596590909091 0.6903173076923077 0.020681818181818103 0.030019230769230687
0 0.6649999999999999 0.3032115384615385 0.01883522727272734 0.031961538461538416
0 0.771221590909091 0.45725 0.016335227272727272 0.02434615384615384
0 0.1066690340909091 0.6028269230769231 0.0247869318181818 0.026846153846153808
0 0.535703125 0.7060673076923076 0.019758522727272684 0.02582692307692309
0 0.887393465909091 0.2876634615384615 0.021321022727272713 0.032903846153846124
0 0.9256676136363637 0.2661538461538462 0.017272727272727228 0.028576923076923104
0 0.2117613636363636 0.3294615384615385 0.015653409090909107 0.022346153846153856
0 0.0886434659090909 0.03449038461538461 0.02339488636363636 0.02890384615384615
0 0.05901988636363636 0.0650576923076923 0.02215909090909091 0.027192307692307686
0 0.13244318181818182 0.6979230769230769 0.015539772727272723 0.021038461538461534
0 0.6730965909090909 0.4959230769230769 0.020738636363636397 0.02549999999999998
0 0.7094957386363636 0.7348653846153846 0.023792613636363636 0.04023076923076915
0 0.9867400568181818 0.726548076923077 0.02600852272727281 0.03148076923076924
0 0.19026988636363634 0.057413461538461545 0.024119318181818186 0.03140384615384616
0 0.5517329545454546 0.9216923076923076 0.023607954545454553 0.03842307692307685
0 0.11790482954545455 0.6935673076923077 0.021491477272727266 0.028865384615384706
0 0.6680894886363636 0.4749326923076923 0.022173295454545473 0.02486538461538463
0 0.34027698863636363 0.2958846153846154 0.02595170454545456 0.03169230769230767
0 0.834268465909091 0.306673076923077 0.02055397727272715 0.027346153846153843
0 0.8868607954545454 0.011057692307692308 0.020681818181818103 0.022115384615384617
0 0.11525568181818181 0.6449999999999999 0.02082386363636363 0.03065384615384615
0 0.3500071022727273 0.46424038461538464 0.02291193181818181 0.03101923076923076
0 0.6070525568181818 0.33080769230769225 0.026946022727272766 0.038730769230769256
0 0.7739701704545454 0.037413461538461534 0.020468750000000115 0.02886538461538462
0 0.5429758522727273 0.13322115384615385 0.02316761363636364 0.03051923076923075
0 0.3059090909090909 0.751576923076923 0.022187499999999968 0.03623076923076929
0 0.47698863636363636 0.4607307692307692 0.019545454545454533 0.026153846153846142
0 0.3474005681818182 0.895576923076923 0.021846590909090902 0.02888461538461535
0 0.006576704545454545 0.3172019230769231 0.01315340909090909 0.029673076923076937
0 0.46038352272727273 0.14103846153846156 0.020738636363636397 0.02630769230769232
0 0.5549573863636365 0.11666346153846154 0.020511363636363633 0.033442307692307695
0 0.5005397727272727 0.08266346153846153 0.024119318181818207 0.0345576923076923
0 0.1021875 0.2050865384615385 0.024744318181818194 0.03140384615384615
0 0.6571235795454545 0.3353173076923077 0.021690340909090885 0.034865384615384604
0 0.16144886363636363 0.9086923076923077 0.019999999999999997 0.034461538461538495
0 0.5144318181818182 0.14423076923076922 0.030568181818181873 0.040076923076923086
0 0.29905539772727274 0.8460576923076922 0.01862215909090911 0.02430769230769228
0 0.3071377840909091 0.5520096153846155 0.023252840909090914 0.018557692307692265
0 0.07278409090909091 0.9457307692307692 0.023125000000000003 0.029307692307692215
0 0.026072443181818183 0.07497115384615384 0.027286931818181818 0.027365384615384618
0 0.19037642045454548 0.8898942307692308 0.020326704545454547 0.027750000000000014
0 0.17420454545454545 0.37785576923076925 0.01375000000000001 0.020942307692307722
0 0.8071946022727274 0.25399999999999995 0.02220170454545454 0.0293076923076923
0 0.30024147727272726 0.9100288461538462 0.021335227272727245 0.03394230769230776
0 0.21220170454545453 0.04974038461538461 0.024857954545454544 0.03586538461538461
0 0.8266690340909091 0.745951923076923 0.021576704545454625 0.026826923076923054
0 0.5036931818181819 0.49478846153846157 0.023835227272727313 0.03484615384615391
0 0.696590909090909 0.30562500000000004 0.02241477272727277 0.02905769230769228
0 0.346015625 0.515701923076923 0.020838068181818204 0.02913461538461545
0 0.5107883522727273 0.6998942307692307 0.018735795454545453 0.026519230769230698
0 0.6193323863636363 0.32419230769230767 0.020028409090909124 0.031961538461538416
0 0.4788565340909091 0.09623076923076923 0.024900568181818142 0.0341153846153846
0 0.5421874999999999 0.17826923076923074 0.02786931818181819 0.032
0 0.3453622159090909 0.26979807692307695 0.015127840909090917 0.02694230769230773
0 0.8723295454545454 0.8672884615384615 0.02392045454545443 0.028730769230769226
0 0.5235866477272727 0.7166442307692307 0.021321022727272713 0.02605769230769233
0 0.08066051136363636 0.009461538461538462 0.016576704545454537 0.018923076923076924
0 0.8289488636363636 0.15311538461538463 0.014687500000000046 0.02584615384615384
0 0.5881463068181818 0.017798076923076923 0.02396306818181819 0.03498076923076923
0 0.776953125 0.005721153846153846 0.019616477272727195 0.011442307692307693
0 0.655575284090909 0.3098269230769231 0.019076704545454556 0.027115384615384604
0 0.5730326704545454 0.14667307692307693 0.020980113636363693 0.03073076923076924
0 0.24673295454545452 0.5545865384615385 0.022215909090909113 0.028903846153846103
0 0.45510653409090907 0.12125 0.019247159090909106 0.032692307692307694
0 0.355625 0.9042884615384615 0.017954545454545476 0.019730769230769215
0 0.2928764204545455 0.9432692307692307 0.02455965909090912 0.03346153846153842
0 0.18360085227272727 0.865625 0.019332386363636364 0.029750000000000054
0 0.9042400568181819 0.31018269230769235 0.019190340909090896 0.02598076923076927
0 0.481640625 0.4455673076923077 0.019303977272727316 0.026788461538461553
0 0.6982528409090909 0.22589423076923076 0.024801136363636414 0.03098076923076923
0 0.5931036931818182 0.31805769230769226 0.0214630681818182 0.031961538461538416
0 0.8130397727272727 0.7891923076923076 0.022642045454545533 0.03138461538461537
0 0.2844815340909091 0.5295769230769231 0.018224431818181796 0.03007692307692305
0 0.1430255681818182 0.7154903846153846 0.021477272727272734 0.031557692307692245
0 0.24682528409090906 0.3629615384615385 0.024588068181818145 0.03257692307692307
0 0.5727201704545455 0.8921538461538461 0.023139204545454494 0.029692307692307688
0 0.9425 0.2693365384615385 0.020681818181818103 0.03148076923076924
0 0.16097301136363637 0.37541346153846156 0.019588068181818172 0.02628846153846157
0 0.33377130681818185 0.8498365384615384 0.021690340909090923 0.03644230769230767
0 0.8363991477272728 0.7642788461538461 0.019815340909090814 0.033288461538461545
0 0.12616477272727272 0.6231923076923077 0.025454545454545455 0.03357692307692315
0 0.17803267045454543 0.823 0.025440340909090906 0.043000000000000024
0 0.10460227272727272 0.6259807692307692 0.020000000000000018 0.024384615384615397
0 0.33301136363636363 0.821173076923077 0.01812499999999999 0.02546153846153848
0 0.1451775568181818 0.5969038461538462 0.02578125000000001 0.029769230769230805
0 0.517762784090909 0.07948076923076923 0.021917613636363645 0.029884615384615384
0 0.9281178977272727 0.3155192307692308 0.020894886363636414 0.03261538461538463
0 0.35993607954545453 0.9247019230769231 0.0204971590909091 0.028442307692307732
0 0.3338565340909091 0.8827403846153846 0.025923295454545456 0.031634615384615365
0 0.022208806818181822 0.8871057692307691 0.025127840909090912 0.03021153846153842
0 0.9072798295454546 0.8353846153846154 0.0191051136363637 0.021653846153846135
0 0.3492684659090909 0.20923076923076925 0.018480113636363624 0.03126923076923078
0 0.34647727272727274 0.834701923076923 0.02065340909090908 0.03140384615384612
0 0.2881321022727273 0.5695192307692307 0.023423295454545467 0.03242307692307684
0 0.32014204545454544 0.832528846153846 0.018806818181818195 0.027519230769230775
0 0.5616548295454545 0.7304903846153846 0.022514204545454497 0.03467307692307698
0 0.2410724431818182 0.27222115384615386 0.02921874999999999 0.03490384615384617
0 0.36103693181818186 0.9825961538461538 0.020994318181818183 0.02819230769230763
0 0.0917471590909091 0.057913461538461546 0.02215909090909091 0.024134615384615386
0 0.7162571022727273 0.3191826923076923 0.025525568181818222 0.03294230769230768
0 0.8040767045454544 0.3177307692307692 0.021107954545454565 0.03007692307692305
0 0.5266761363636363 0.7854134615384615 0.020625000000000056 0.030942307692307644
0 0.005852272727272728 0.40673076923076923 0.011704545454545455 0.02803846153846151
0 0.5587428977272727 0.15316346153846155 0.019872159090909104 0.03517307692307693
0 0.05156960227272727 0.014028846153846154 0.01967329545454545 0.028057692307692308
0 0.07 0.02342307692307692 0.018437500000000006 0.02580769230769231
0 0.03609375 0.900076923076923 0.025113636363636362 0.029769230769230694
0 0.3713494318181818 0.5288653846153846 0.02221590909090907 0.02726923076923078
0 0.5828551136363637 0.2973942307692307 0.022897727272727278 0.03324999999999999
0 0.3022727272727273 0.6794807692307693 0.028806818181818183 0.03853846153846158
0 0.4992684659090909 0.7442211538461538 0.021491477272727266 0.029096153846153838
0 0.5778196022727272 0.7225769230769231 0.022173295454545393 0.028153846153846127
0 0.6832315340909091 0.29416346153846157 0.02098011363636361 0.0306730769230769
0 0.6504474431818182 0.44152884615384613 0.01740056818181818 0.030980769230769256
0 0.5745241477272728 0.12114423076923077 0.021150568181818243 0.027557692307692304
0 0.8032528409090909 0.12975961538461536 0.020198863636363674 0.029326923076923063
0 0.5566761363636363 0.0919903846153846 0.022698863636363583 0.03159615384615384
0 0.7409161931818182 0.03625961538461538 0.022599431818181772 0.030019230769230767
0 0.8090340909090908 0.35101923076923075 0.01963068181818189 0.02807692307692312
0 0.33326704545454544 0.994519230769231 0.009829545454545478 0.010769230769230812
0 0.46652698863636355 0.7699326923076923 0.018906250000000003 0.020942307692307666
0 0.3513423295454546 0.23013461538461538 0.021974431818181817 0.023076923076923078
0 0.3352130681818182 0.9079519230769231 0.023210227272727278 0.026596153846153815
0 0.9170454545454546 0.8431538461538461 0.02193181818181826 0.029115384615384588
0 0.8251846590909092 0.32568269230769237 0.017073863636363772 0.02113461538461535
0 0.18414772727272724 0.03180769230769231 0.02284090909090911 0.03115384615384616
0 0.49608664772727273 0.14915384615384616 0.01984375000000004 0.01888461538461537
0 0.7621377840909092 0.08491346153846153 0.016889204545454527 0.026096153846153845
0 0.65640625 0.4889807692307693 0.01931818181818185 0.027769230769230765
0 0.7329332386363636 0.873 0.02166193181818182 0.028384615384615366
0 0.14194602272727275 0.6900961538461539 0.01900568181818183 0.024615384615384636
0 0.23882812499999997 0.3800673076923077 0.02166193181818182 0.02398076923076923
0 0.8883948863636365 0.8746634615384615 0.021221590909090825 0.024326923076923034
0 0.24006392045454544 0.060375000000000005 0.021008522727272716 0.028942307692307694
0 0.1724431818181818 0.8836346153846154 0.02082386363636363 0.025961538461538463
0 0.31703125 0.5357980769230769 0.017698863636363606 0.02982692307692306
0 0.14120738636363636 0.6406442307692307 0.01653409090909091 0.025057692307692257
0 0.1123650568181818 0.05482692307692307 0.02444602272727272 0.026346153846153846
0 0.3208167613636364 0.9855769230769231 0.02117897727272727 0.02865384615384622
0 0.9111079545454547 0.8707307692307692 0.022500000000000044 0.028730769230769226
0 0.6179048295454546 0.28609615384615383 0.0171732954545455 0.028076923076923065
0 0.4430823863636364 0.5472115384615384 0.024744318181818124 0.03307692307692305
0 0.9464488636363636 0.9906346153846154 0.025596590909090885 0.01873076923076925
0 0.9418607954545454 0.32575961538461534 0.02323863636363638 0.03117307692307694
0 0.38191051136363635 0.24069230769230768 0.02069602272727272 0.03384615384615386
0 0.3430042613636364 0.9253846153846154 0.01845170454545456 0.026153846153846198
0 0.9181960227272729 0.30354807692307695 0.017272727272727228 0.02367307692307693
0 0.3170099431818182 0.7107884615384615 0.02879261363636365 0.03534615384615384
0 0.8172869318181818 0.7317115384615385 0.025113636363636452 0.03138461538461537
0 0.17661221590909093 0.41765384615384615 0.014105113636363647 0.02000000000000001
0 0.5189488636363637 0.7403846153846154 0.02338068181818179 0.02746153846153841
0 0.30811789772727277 0.8895 0.024900568181818183 0.02865384615384622
0 0.7520099431818181 0.01922115384615385 0.02515625000000005 0.030596153846153846
0 0.8071022727272728 0.2255480769230769 0.022386363636363624 0.0315576923076923
0 0.2616690340909091 0.629423076923077 0.024644886363636355 0.03007692307692305
0 0.22061789772727272 0.7197788461538462 0.022400568181818157 0.03125
0 0.36276278409090906 0.5097115384615385 0.017542613636363627 0.029384615384615332
0 0.25485085227272725 0.8853749999999999 0.016946022727272737 0.026365384615384575
0 0.31073863636363636 0.7706153846153847 0.021676136363636352 0.02842307692307698
0 0.09136363636363636 0.22707692307692307 0.02852272727272727 0.03165384615384617
0 0.14591619318181817 0.9129423076923078 0.018025568181818177 0.026846153846153808
0 0.6820951704545455 0.625423076923077 0.021747159090909095 0.035346153846153944
0 0.37899147727272725 0.9754903846153846 0.021335227272727245 0.032326923076922975
0 0.8305042613636363 0.36642307692307696 0.022571022727272707 0.027576923076923082
0 0.3441903409090909 0.5459038461538461 0.022727272727272728 0.03219230769230771
0 0.6952769886363637 0.3251634615384615 0.01740056818181818 0.020980769230769223
0 0.16844460227272728 0.399625 0.01873579545454547 0.030019230769230795
0 0.9004190340909091 0.8532596153846154 0.02038352272727276 0.02863461538461536
0 0.4847372159090909 0.48833653846153846 0.021690340909090885 0.03228846153846152
0 0.7232173295454545 0.9151057692307693 0.023196022727272624 0.031211538461538495
0 0.27381392045454545 0.65375 0.02117897727272727 0.034999999999999976
0 0.6692826704545454 0.45540384615384616 0.01836647727272728 0.023884615384615414
0 0.524737215909091 0.2902980769230769 0.015809659090909086 0.023326923076923124
0 0.4691548295454545 0.12367307692307693 0.018678977272727323 0.028346153846153865
0 0.08956676136363637 0.08132692307692307 0.022400568181818178 0.026653846153846153
0 0.8207741477272728 0.2680384615384615 0.02220170454545454 0.029576923076923067
0 0.3322301136363636 0.2070769230769231 0.01974431818181819 0.028230769230769216
0 0.28423295454545455 0.8614134615384615 0.02252840909090911 0.03255769230769221
0 0.06616477272727272 0.0062403846153846155 0.0178125 0.012480769230769231
0 0.5302911931818182 0.12389423076923077 0.02535511363636367 0.03178846153846154
0 0.5527556818181818 0.05531730769230769 0.022386363636363624 0.031596153846153836
0 0.9909019886363637 0.012644230769230769 0.017684659090909157 0.025288461538461537
0 0.34870738636363635 0.48915384615384616 0.027244318181818192 0.028192307692307687
0 0.22869318181818182 0.29152884615384617 0.020624999999999973 0.029788461538461555
0 0.20224431818181818 0.026865384615384614 0.0224715909090909 0.03215384615384615
0 0.7930681818181817 0.11535576923076923 0.020738636363636397 0.029326923076923077
0 0.8254545454545454 0.3472980769230769 0.01835227272727283 0.02309615384615383
0 0.9949502840909091 0.9612115384615384 0.009588068181818182 0.02569230769230772
0 0.6934872159090909 0.2533365384615385 0.0204971590909091 0.028403846153846172
0 0.7863991477272727 0.8900288461538461 0.02208806818181812 0.029134615384615342
0 0.7955468750000001 0.23772115384615386 0.01541193181818185 0.023096153846153857
0 0.5185156249999999 0.6703461538461539 0.019758522727272763 0.031192307692307634
0 0.5041690340909091 0.7211923076923077 0.022002840909090923 0.028615384615384605
0 0.5252769886363636 0.10423076923076924 0.021605113636363606 0.02807692307692308
0 0.5326917613636364 0.6610384615384616 0.022343750000000027 0.03257692307692307
0 0.0346875 0.022567307692307692 0.01863636363636364 0.026365384615384617
0 0.8839346590909091 0.8918076923076923 0.025056818181818163 0.027192307692307665
0 0.6373366477272727 0.4387788461538462 0.016463068181818228 0.030019230769230743
0 0.6659517045454546 0.4053653846153846 0.0259943181818182 0.033576923076923094
0 0.10567471590909093 0.8172980769230769 0.024786931818181823 0.03513461538461535
0 0.3728125 0.9120865384615384 0.02184659090909086 0.02936538461538469
0 0.05460227272727272 0.96575 0.021818181818181813 0.02865384615384611
0 0.3407173295454546 0.9836730769230769 0.027428977272727275 0.032653846153846186
0 0.17938210227272727 0.9080192307692307 0.021491477272727266 0.02865384615384611
0 0.23951704545454547 0.3160769230769231 0.020624999999999973 0.022115384615384617
0 0.36968039772727274 0.9936442307692307 0.02032670454545459 0.012711538461538488
0 0.5792258522727273 0.043980769230769226 0.02708806818181817 0.03307692307692307
0 0.8693749999999999 0.403125 0.01514204545454541 0.019057692307692355
0 0.5704261363636364 0.6973365384615384 0.024914772727272758 0.03351923076923078
0 0.2284659090909091 0.05 0.01278409090909091 0.020038461538461543
0 0.8146306818181818 0.33176923076923076 0.026789772727272586 0.02434615384615384
0 0.2741619318181818 0.5518942307692308 0.022897727272727278 0.03101923076923076
0 0.578515625 0.09876923076923076 0.02316761363636364 0.0341153846153846
0 0.17282670454545454 0.3533076923076923 0.023721590909090932 0.033269230769230794
0 0.5264275568181819 0.6907019230769231 0.02183238636363637 0.029096153846153838
0 0.12178977272727272 0.8460384615384615 0.026278409090909092 0.034461538461538384
0 0.8630610795454546 0.8491826923076923 0.02376420454545457 0.031211538461538495
0 0.5486789772727273 0.6915192307692308 0.027159090909090914 0.03303846153846155
0 0.3484232954545454 0.7772596153846153 0.020142045454545465 0.031634615384615365
0 0.2828764204545454 0.9206826923076923 0.024900568181818183 0.03324999999999993
0 0.6474715909090909 0.4000384615384615 0.022897727272727278 0.03130769230769231
0 0.9147869318181818 0.3280673076923077 0.020681818181818103 0.02771153846153851
0 0.3296164772727273 0.5423749999999999 0.016136363636363615 0.026557692307692313
0 0.40303977272727276 0.9856923076923078 0.022698863636363663 0.02842307692307698
0 0.47162642045454545 0.4804230769230769 0.01836647727272728 0.024846153846153768
0 0.3192542613636364 0.25212500000000004 0.023735795454545464 0.029980769230769238
0 0.0041974431818181815 0.9856730769230768 0.00825284090909091 0.02865384615384611
0 0.6751278409090908 0.22927884615384614 0.019062500000000024 0.021634615384615384
0 0.747471590909091 0.8857692307692309 0.019715909090909086 0.030461538461538415
0 0.49725142045454546 0.45121153846153844 0.023366477272727337 0.03226923076923077
0 0.7667613636363636 0.8861442307692308 0.022500000000000044 0.03198076923076922
0 0.8150852272727271 0.37065384615384617 0.01963068181818189 0.025576923076923046
0 0.5002343749999999 0.04916346153846153 0.020667613636363654 0.0345576923076923
0 0.056839488636363636 0.6686153846153846 0.025951704545454545 0.033115384615384665
0 0.3381818181818182 0.7952692307692307 0.022017045454545456 0.02865384615384622
0 0.3001065340909091 0.5258076923076922 0.018224431818181796 0.023499999999999945
0 0.3015909090909091 0.9965769230769231 0.013551136363636352 0.006653846153846224
0 0.33775568181818183 0.9579423076923077 0.022869318181818213 0.029346153846153827
