0 0.9790980113636365 0.25721153846153844 0.0418039772727272 0.05157692307692306
0 0.7971803977272728 0.5964615384615384 0.02947443181818182 0.10469230769230768
0 0.673387784090909 0.9223461538461538 0.049303977272727326 0.059923076923076864
0 0.9372940340909092 0.2351923076923077 0.033252840909090864 0.05096153846153849
0 0.9514985795454546 0.2974615384615385 0.03731534090909088 0.10103846153846152
0 0.6778764204545454 0.8756923076923078 0.053792613636363645 0.0470384615384615
0 0.33856534090909096 0.14917307692307694 0.03423295454545454 0.06196153846153847
0 0.7472017045454545 0.8176730769230769 0.03585227272727274 0.10215384615384616
0 0.6295170454545453 0.7722211538461538 0.03295454545454544 0.042403846153846174
0 0.5323792613636363 0.8188846153846153 0.045099431818181816 0.06296153846153849
0 0.6413991477272728 0.800375 0.025383522727272734 0.034365384615384624
0 0.6016974431818182 0.809875 0.06265624999999994 0.06217307692307689
0 0.8681818181818183 0.6292692307692308 0.03633522727272733 0.060499999999999964
0 0.9521306818181817 0.19649038461538462 0.04886363636363633 0.04874999999999999
0 0.923544034090909 0.6769038461538461 0.04495738636363633 0.04457692307692309
0 0.46356534090909096 0.19383653846153845 0.04428977272727274 0.03290384615384615
0 0.5049715909090909 0.6373653846153846 0.048295454545454544 0.03419230769230764
0 0.752109375 0.7194423076923078 0.044815340909090846 0.07584615384615384
0 0.01747159090909091 0.2141826923076923 0.03494318181818182 0.06221153846153845
0 0.7704545454545456 0.06651923076923077 0.057642045454545515 0.04111538461538462
0 0.22874289772727271 0.6677500000000001 0.04262784090909089 0.043615384615384625
0 0.5202414772727273 0.3238653846153846 0.07781249999999997 0.06961538461538459
0 0.4443963068181818 0.2238076923076923 0.05348011363636369 0.04900000000000001
0 0.04681107954545454 0.7480961538461538 0.06649147727272728 0.04788461538461534
0 0.6219673295454545 0.3060673076923077 0.057428977272727284 0.07190384615384612
0 0.9689843749999999 0.7194326923076924 0.06197443181818181 0.10825000000000004
0 0.9919460227272726 0.28691346153846153 0.016107954545454592 0.045557692307692306
0 0.890362215909091 0.5632692307692307 0.02396306818181819 0.0392692307692308
0 0.8885014204545455 0.5939326923076924 0.03751420454545466 0.031173076923076883
0 0.8553977272727273 0.6832980769230769 0.027954545454545385 0.043826923076923006
0 0.5489772727272727 0.8612307692307692 0.04136363636363637 0.03523076923076922
0 0.8737926136363636 0.7420576923076924 0.07210227272727271 0.0398461538461539
0 0.5173508522727274 0.9538653846153846 0.06901988636363633 0.07507692307692301
0 0.03521306818181818 0.2565865384615385 0.05815340909090909 0.07359615384615384
0 0.43291193181818177 0.6418076923076923 0.058267045454545426 0.0738461538461538
0 0.9945596590909092 0.31759615384615386 0.010880681818181774 0.03188461538461535
0 0.1008877840909091 0.1887596153846154 0.07734375 0.08501923076923079
0 0.7696022727272727 0.020153846153846154 0.04894886363636353 0.04030769230769231
0 0.7610369318181818 0.4141923076923077 0.08639204545454536 0.04461538461538459
0 0.118828125 0.45341346153846157 0.030411931818181814 0.03690384615384615
0 0.7120241477272727 0.28169230769230774 0.04109375000000001 0.07519230769230768
0 0.5826633522727273 0.873875 0.02734375 0.04967307692307689
0 0.028778409090909094 0.1520673076923077 0.05741477272727273 0.06378846153846153
0 0.39602982954545457 0.6212596153846154 0.024161931818181805 0.03609615384615381
0 0.6990980113636364 0.4042019230769231 0.0443607954545454 0.04636538461538464
0 0.8096377840909091 0.3876634615384615 0.038082386363636284 0.08540384615384615
0 0.20413352272727273 0.9440769230769231 0.029289772727272734 0.04396153846153849
0 0.150078125 0.7742692307692308 0.02970170454545454 0.04150000000000008
0 0.9156818181818182 0.7655865384615385 0.0508238636363636 0.04951923076923077
0 0.13022017045454545 0.512875 0.03848011363636364 0.10363461538461535
0 0.9767258522727272 0.3020769230769231 0.026036931818181716 0.03942307692307692
0 0.3258877840909091 0.19660576923076922 0.03617897727272727 0.03148076923076924
0 0.416846590909091 0.9789903846153846 0.049261363636363645 0.042019230769230816
0 0.8067613636363636 0.2055673076923077 0.057102272727272634 0.06898076923076923
0 0.5217045454545454 0.8924134615384616 0.05977272727272725 0.08728846153846151
0 0.7335795454545455 0.30825961538461544 0.03588068181818189 0.046365384615384586
0 0.7682244318181817 0.6206634615384615 0.04465909090909082 0.11175000000000003
0 0.5475284090909092 0.604201923076923 0.043380681818181846 0.06959615384615384
0 0.08649857954545453 0.26269230769230767 0.04532670454545454 0.06384615384615383
0 0.8127982954545455 0.01966346153846154 0.037698863636363586 0.039211538461538464
0 0.6499573863636363 0.1289326923076923 0.056477272727272716 0.04586538461538462
0 0.5550071022727273 0.5134711538461538 0.026718750000000003 0.043096153846153784
0 0.2987784090909091 0.1397980769230769 0.030000000000000006 0.03901923076923078
0 0.6392542613636363 0.18178846153846154 0.06936079545454543 0.0881153846153846
0 0.10680397727272727 0.5544230769230769 0.04681818181818182 0.052923076923076885
0 0.06277698863636362 0.2258653846153846 0.028508522727272726 0.04407692307692308
0 0.5257457386363636 0.6571250000000001 0.05950284090909089 0.040288461538461516
0 0.5346022727272728 0.5338076923076924 0.04534090909090911 0.05496153846153843
0 0.22757102272727273 0.23242307692307695 0.04863636363636365 0.04353846153846154
0 0.2127911931818182 0.5838461538461539 0.04737215909090908 0.04919230769230766
0 0.8480184659090909 0.5776634615384615 0.04021306818181811 0.04975000000000001
0 0.36414062500000005 0.16116346153846156 0.02691761363636362 0.040096153846153865
0 0.31628551136363636 0.12178846153846154 0.031150568181818192 0.04011538461538463
0 0.9363139204545454 0.2633942307692308 0.027769886363636462 0.03290384615384618
0 0.26315340909090906 0.20375 0.042017045454545474 0.05688461538461538
0 0.9127769886363637 0.6391923076923077 0.06268465909090909 0.04115384615384611
0 0.3910653409090909 0.9352788461538462 0.05417613636363634 0.05378846153846148
0 0.0943252840909091 0.4675576923076923 0.033792613636363635 0.04688461538461538
0 0.13452414772727272 0.7595865384615385 0.024048295454545465 0.026173076923076948
0 0.531640625 0.6157019230769231 0.06794034090909089 0.08055769230769227
0 0.17955255681818183 0.7915096153846155 0.04339488636363638 0.058096153846153804
0 0.9286789772727272 0.7185961538461537 0.04093750000000007 0.0679615384615384
0 0.30805397727272726 0.21621153846153848 0.048835227272727266 0.04515384615384616
0 0.5907812499999999 0.7545673076923077 0.05869318181818181 0.06140384615384606
0 0.21501420454545456 0.7126346153846154 0.037897727272727284 0.056423076923076985
0 0.7733238636363637 0.7709903846153845 0.04127840909090918 0.05036538461538461
0 0.8479900568181818 0.4975384615384616 0.049303977272727326 0.05657692307692311
0 0.2722514204545455 0.11920192307692308 0.05535511363636363 0.05959615384615385
0 0.07544744318181819 0.4434326923076923 0.04436079545454546 0.0928653846153846
0 0.021541193181818182 0.6549326923076924 0.04257102272727273 0.06821153846153852
0 0.881427556818182 0.6653461538461539 0.03919034090909095 0.04000000000000002
0 0.2821590909090909 0.5250192307692307 0.024744318181818162 0.04284615384615379
0 0.1999005681818182 0.5599134615384614 0.02943181818181818 0.08117307692307689
0 0.4469673295454545 0.7986153846153846 0.11356534090909089 0.06807692307692315
0 0.34459517045454546 0.27472115384615386 0.018224431818181796 0.0440576923076923
0 0.6599289772727273 0.7673846153846154 0.043863636363636355 0.051192307692307704
0 0.26521306818181817 0.6414615384615384 0.05494318181818183 0.05257692307692314
0 0.8074786931818182 0.03618269230769231 0.03154829545454551 0.04951923076923077
0 0.49859375 0.37700000000000006 0.029090909090909115 0.034807692307692296
0 0.6718963068181818 0.1866153846153846 0.0933664772727273 0.07453846153846155
0 0.3576207386363636 0.23595192307692306 0.031235795454545426 0.09340384615384614
0 0.41004971590909084 0.6651730769230769 0.04481534090909092 0.06257692307692311
0 0.246796875 0.16445192307692308 0.04313920454545455 0.05628846153846156
0 0.0902627840909091 0.5181442307692308 0.024218749999999987 0.02371153846153854
0 0.3473082386363636 0.1837884615384615 0.04671874999999998 0.02530769230769233
0 0.8331605113636364 0.5294615384615384 0.051917613636363734 0.06923076923076923
0 0.3846235795454545 0.8391442307692308 0.02001420454545451 0.026557692307692313
0 0.09274857954545455 0.223375 0.05623579545454546 0.04390384615384615
0 0.22906249999999997 0.5588076923076922 0.02889204545454546 0.07599999999999997
0 0.3768181818181818 0.6413942307692307 0.03656249999999997 0.054557692307692314
0 0.8364630681818181 0.11266346153846156 0.048352272727272674 0.04448076923076923
0 0.29992187499999995 0.4990961538461538 0.019815340909090932 0.02026923076923081
0 0.0644034090909091 0.546375 0.05451704545454546 0.05140384615384619
0 0.8640696022727273 0.5705961538461539 0.03970170454545445 0.05107692307692308
0 0.8804119318181818 0.7002211538461539 0.02943181818181806 0.0318653846153846
0 0.6387926136363636 0.9569615384615384 0.025227272727272713 0.02876923076923084
0 0.2393465909090909 0.24994230769230769 0.050198863636363604 0.04673076923076925
0 0.992862215909091 0.7238942307692308 0.014275568181818117 0.042557692307692296
0 0.5694957386363636 0.5269326923076924 0.0375142045454545 0.04694230769230763
0 0.07027698863636363 0.5192307692307693 0.03955965909090909 0.04053846153846162
0 0.9691974431818182 0.22844230769230767 0.04384943181818182 0.03992307692307691
0 0.7154545454545455 0.8216057692307692 0.04178977272727267 0.036057692307692304
0 0.2530539772727272 0.7022403846153846 0.057215909090909095 0.0800192307692308
0 0.6094460227272727 0.7238557692307692 0.06758522727272726 0.06501923076923077
0 0.6792116477272727 0.8274230769230769 0.054559659090909124 0.09580769230769229
0 0.5780326704545454 0.2645673076923077 0.09044034090909085 0.08844230769230768
0 0.6576846590909091 0.2990865384615385 0.03150568181818183 0.0443269230769231
0 0.7902201704545455 0.6371538461538463 0.027741477272727397 0.08976923076923078
0 0.04762784090909091 0.20928846153846156 0.03002840909090909 0.041499999999999995
0 0.8974005681818181 0.24988461538461537 0.05755681818181815 0.09046153846153847
0 0.6527414772727272 0.8245 0.04375000000000002 0.06215384615384614
0 0.32407670454545456 0.10687500000000001 0.0566193181818182 0.055557692307692294
0 0.9889346590909092 0.11427884615384615 0.022130681818181876 0.09075
0 0.28135653409090905 0.24275961538461538 0.04512784090909092 0.06859615384615382
0 0.7385085227272726 0.7371346153846154 0.027215909090909127 0.0881153846153847
0 0.4923082386363637 0.5154903846153847 0.04194602272727277 0.0824423076923077
0 0.07475852272727274 0.5811923076923078 0.04818181818181819 0.05723076923076932
0 0.6070880681818182 0.8654615384615384 0.04210227272727271 0.048846153846153914
0 0.22482954545454545 0.20552884615384615 0.052556818181818184 0.056980769230769224
0 0.27959517045454546 0.1589326923076923 0.031150568181818192 0.040134615384615394
0 0.6658664772727273 0.43624999999999997 0.04940340909090913 0.07419230769230767
0 0.14097301136363638 0.16853846153846153 0.04958806818181818 0.0705
0 0.47383522727272726 0.23002884615384614 0.02701704545454543 0.0511730769230769
0 0.4174857954545454 0.834701923076923 0.04874999999999999 0.02805769230769226
0 0.12424005681818183 0.41370192307692305 0.05913352272727272 0.06005769230769234
0 0.6033167613636364 0.5007788461538462 0.06649147727272728 0.07309615384615388
0 0.10722301136363636 0.5042788461538462 0.024588068181818187 0.05851923076923078
0 0.147109375 0.7237692307692308 0.05546875 0.06257692307692311
0 0.6344247159090909 0.15163461538461537 0.015014204545454535 0.020730769230769233
0 0.3169318181818182 0.24697115384615387 0.037102272727272734 0.0678653846153846
0 0.45722301136363636 0.9705288461538462 0.06154829545454543 0.05894230769230765
0 0.38229403409090906 0.8820384615384614 0.03509943181818187 0.054769230769230695
0 0.9926349431818182 0.18598076923076926 0.014730113636363644 0.05034615384615383
0 0.08112215909090909 0.6371923076923077 0.05727272727272726 0.072
0 0.6044460227272727 0.9151923076923076 0.053465909090909154 0.05665384615384612
0 0.10287642045454545 0.7179615384615385 0.05149147727272727 0.04738461538461547
0 0.07183948863636364 0.24440384615384617 0.02975852272727272 0.048346153846153844
0 0.619453125 0.3624326923076923 0.042343750000000006 0.07190384615384612
0 0.9125071022727272 0.5322692307692307 0.06009943181818174 0.05942307692307699
0 0.08374289772727272 0.4929230769230769 0.03353693181818183 0.03380769230769233
0 0.556065340909091 0.8223076923076924 0.0459090909090909 0.05484615384615392
0 0.9771803977272726 0.7625769230769232 0.04563920454545454 0.04111538461538461
0 0.44784090909090907 0.432875 0.035852272727272656 0.06413461538461543
0 0.6085511363636363 0.16759615384615387 0.03639204545454546 0.07050000000000002
0 0.8312144886363636 0.6120288461538461 0.06069602272727275 0.11171153846153853
0 0.9012784090909091 0.6173461538461538 0.037755681818181716 0.0446538461538461
0 0.9252485795454546 0.5566538461538463 0.05339488636363625 0.044307692307692347
0 0.562315340909091 0.9032211538461538 0.048039772727272716 0.054173076923076956
0 0.5019176136363637 0.19493269230769233 0.032414772727272716 0.09505769230769229
0 0.8909375 0.4912115384615385 0.0629261363636363 0.059692307692307676
0 0.632237215909091 0.8695288461538461 0.03990056818181815 0.05848076923076928
0 0.9321164772727273 0.5972884615384616 0.05463068181818187 0.07657692307692307
0 0.9012784090909091 0.7016442307692308 0.04150568181818186 0.05717307692307696
0 0.9639488636363637 0.15746153846153846 0.04914772727272714 0.07219230769230771
0 0.9886008522727273 0.21259615384615388 0.02279829545454539 0.044384615384615383
0 0.46870028409090914 0.16677884615384614 0.03509943181818179 0.04459615384615384
0 0.6003267045454546 0.1199326923076923 0.05886363636363636 0.06898076923076922
0 0.636875 0.9173173076923077 0.033210227272727266 0.0539423076923076
0 0.40213068181818185 0.881 0.03511363636363632 0.06923076923076923
0 0.9319673295454546 0.3015769230769231 0.032968750000000054 0.04815384615384614
0 0.6870241477272727 0.25640384615384615 0.06044034090909092 0.05657692307692305
0 0.5962997159090909 0.8274230769230769 0.039957386363636355 0.04900000000000004
0 0.9677627840909092 0.7018173076923077 0.04211647727272724 0.05959615384615386
0 0.9791335227272726 0.1735192307692308 0.03644886363636359 0.04934615384615384
0 0.6499147727272727 0.7190384615384615 0.05957386363636363 0.09149999999999997
0 0.8620170454545455 0.7176538461538462 0.041193181818181816 0.02688461538461542
0 0.785234375 0.25967307692307695 0.0527130681818182 0.07730769230769229
0 0.3121022727272727 0.16203846153846155 0.030255681818181834 0.05276923076923076
0 0.7653693181818181 0.31211538461538463 0.05423295454545447 0.04961538461538458
0 0.3091903409090909 0.28838461538461535 0.05284090909090911 0.048115384615384636
0 0.4800994318181818 0.018153846153846152 0.07369318181818181 0.03611538461538461
0 0.026157670454545454 0.19234615384615386 0.026690340909090907 0.039807692307692315
0 0.4705397727272727 0.9482115384615386 0.03306818181818178 0.0826923076923078
0 0.7948650568181819 0.40766346153846156 0.04035511363636359 0.042326923076923116
0 0.8633238636363636 0.7874134615384616 0.06051136363636367 0.060942307692307685
0 0.05891335227272727 0.1744423076923077 0.041917613636363635 0.0546153846153846
0 0.45799005681818183 0.3760769230769231 0.07240056818181823 0.06596153846153849
0 0.6629971590909091 0.24515384615384617 0.09247159090909095 0.06492307692307696
0 0.7221732954545454 0.7883461538461538 0.03809659090909098 0.049538461538461524
0 0.7837642045454545 0.7446153846153846 0.02235795454545456 0.029384615384615332
0 0.29566051136363636 0.1790096153846154 0.026690340909090896 0.03078846153846155
0 0.8715624999999999 0.52975 0.037215909090908994 0.04992307692307688
0 0.3718607954545454 0.9665865384615384 0.06460227272727267 0.06682692307692308
0 0.29965909090909093 0.4833653846153846 0.047954545454545444 0.06292307692307686
