0 0.6822372159090909 0.39155769230769233 0.03140625000000002 0.05011538461538456
0 0.6770738636363636 0.9788269230769231 0.039346590909090894 0.04234615384615381
0 0.9435298295454545 0.6170288461538462 0.0207244318181817 0.040250000000000015
0 0.9688494318181817 0.7067980769230768 0.036051136363636355 0.04917307692307691
0 0.9545383522727273 0.7919326923076924 0.05117897727272724 0.05736538461538469
0 0.6032315340909091 0.931923076923077 0.03964488636363632 0.035769230769230706
0 0.8516974431818182 0.7310192307692308 0.03757102272727279 0.04173076923076932
0 0.8999218750000001 0.7206826923076923 0.03603693181818182 0.04786538461538459
0 0.8791406249999999 0.7524423076923077 0.03467329545454541 0.039115384615384566
0 0.6854190340909091 0.4136634615384615 0.011576704545454593 0.014673076923076914
0 0.6791193181818183 0.420125 0.018068181818181775 0.01767307692307692
0 0.7068536931818182 0.3876826923076923 0.021122159090909098 0.03278846153846156
0 0.881015625 0.7020961538461539 0.033622159090909196 0.06469230769230777
0 0.6993181818181818 0.4126346153846154 0.020568181818181843 0.03530769230769233
0 0.6979971590909091 0.3579519230769231 0.05491477272727276 0.04186538461538464
0 0.7333806818181817 0.3847788461538461 0.038295454545454514 0.05824999999999998
0 0.9832883522727272 0.03896153846153846 0.0332244318181818 0.048769230769230766
0 0.7905965909090908 0.9886057692307694 0.027215909090909044 0.022788461538461584
0 0.8134375000000001 0.9671634615384616 0.03502840909090905 0.06567307692307688
0 0.844325284090909 0.9687307692307693 0.05132102272727272 0.0625384615384615
0 0.022670454545454546 0.013442307692307691 0.04315340909090909 0.02669230769230769
0 0.8292826704545455 0.07517307692307693 0.038394886363636485 0.0516923076923077
0 0.9787144886363636 0.9428269230769231 0.024389204545454648 0.03638461538461542
0 0.745830965909091 0.07898076923076923 0.0917755681818182 0.05788461538461538
0 0.9690056818181817 0.9765673076923078 0.029829545454545456 0.0365961538461539
0 0.7382173295454546 0.11090384615384616 0.05120738636363638 0.02634615384615384
0 0.5727272727272728 0.9217596153846154 0.04485795454545452 0.05963461538461537
0 0.6336576704545455 0.8372980769230769 0.06492897727272724 0.07663461538461531
0 0.7420525568181818 0.8180288461538462 0.04211647727272732 0.07074999999999992
0 0.039985795454545454 0.06591346153846153 0.06232954545454546 0.04725000000000001
0 0.6076349431818181 0.8957019230769231 0.03768465909090913 0.04859615384615381
0 0.3066974431818182 0.6606634615384616 0.02279829545454547 0.03513461538461535
0 0.36350852272727274 0.5962692307692308 0.06880681818181818 0.07346153846153855
0 0.6281889204545454 0.9413076923076923 0.045184659090909095 0.05853846153846153
0 0.9091477272727272 0.10404807692307694 0.04755681818181821 0.10590384615384615
0 0.2200994318181818 0.5118076923076923 0.07105113636363637 0.05738461538461539
0 0.22617187500000002 0.5409134615384615 0.05811079545454545 0.04390384615384613
0 0.22746448863636362 0.5687980769230769 0.04796875000000001 0.04955769230769238
0 0.5930397727272727 0.8485576923076923 0.05872159090909095 0.093423076923077
0 0.17890625000000002 0.516798076923077 0.04318181818181819 0.04363461538461538
0 0.5460511363636363 0.6411730769230769 0.046250000000000006 0.061692307692307664
0 0.5876846590909092 0.6105576923076923 0.06303977272727272 0.08580769230769232
0 0.3430397727272727 0.9500192307692308 0.04170454545454547 0.06315384615384621
0 0.5166406250000001 0.9448461538461538 0.054928977272727296 0.038999999999999944
0 0.5371590909090909 0.9644519230769231 0.03627840909090912 0.04628846153846142
0 0.7902698863636364 0.025951923076923074 0.027414772727272663 0.04351923076923077
0 0.5106676136363636 0.9768846153846155 0.053437500000000006 0.04607692307692315
0 0.06990767045454546 0.9195 0.05697443181818182 0.09684615384615387
0 0.11092329545454546 0.8287403846153847 0.05590909090909091 0.0556730769230769
0 0.1833096590909091 0.8745576923076923 0.06531249999999998 0.07307692307692308
0 0.13598011363636361 0.8638269230769231 0.047329545454545464 0.05219230769230766
0 0.20965198863636364 0.8957307692307692 0.045184659090909095 0.04580769230769229
0 0.20963778409090905 0.8197596153846154 0.07515625 0.09390384615384613
0 0.9481605113636365 0.43025961538461543 0.036747159090909094 0.06451923076923073
0 0.986484375 0.3802211538461538 0.02703124999999996 0.054865384615384614
0 0.9711363636363637 0.3861538461538462 0.0527556818181818 0.061
0 0.7817329545454544 0.1338269230769231 0.04559659090909094 0.06634615384615385
0 0.978778409090909 0.429298076923077 0.04244318181818181 0.0464038461538462
0 0.5055610795454545 0.0885 0.04254261363636362 0.08561538461538461
0 0.4832244318181818 0.14439423076923077 0.051619318181818225 0.058634615384615375
0 0.4388494318181818 0.13248076923076924 0.05414772727272728 0.07565384615384615
0 0.46958806818181825 0.11298076923076923 0.04292613636363632 0.036653846153846155
0 0.46050426136363637 0.06677884615384616 0.060326704545454586 0.08978846153846154
0 0.588309659090909 0.12571153846153846 0.056903409090909095 0.09830769230769232
0 0.1727414772727273 0.5500673076923076 0.03801136363636364 0.039057692307692314
0 0.608125 0.17247115384615386 0.04613636363636366 0.06878846153846153
0 0.5828622159090909 0.194125 0.042031249999999964 0.0906346153846154
0 0.7556605113636364 0.13771153846153847 0.03916193181818173 0.040153846153846144
0 0.38669034090909093 0.28175 0.04627840909090907 0.05773076923076925
0 0.4152272727272727 0.2590673076923077 0.056647727272727266 0.06240384615384616
0 0.3251633522727273 0.25598076923076923 0.027571022727272722 0.03653846153846157
0 0.14550426136363637 0.7338173076923078 0.05623579545454546 0.06328846153846159
0 0.656171875 0.9135961538461538 0.040781250000000054 0.0636153846153847
0 0.1821803977272727 0.6627788461538461 0.023139204545454553 0.030750000000000017
0 0.16779119318181818 0.6975384615384616 0.10941761363636361 0.14153846153846147
0 0.2877272727272727 0.10742307692307693 0.03281250000000003 0.06080769230769232
0 0.3480184659090909 0.07754807692307693 0.04867897727272725 0.08148076923076923
0 0.3151775568181818 0.09249999999999999 0.03282670454545453 0.060807692307692306
0 0.8038707386363636 0.12884615384615383 0.03487215909090919 0.08199999999999999
0 0.3098011363636364 0.14154807692307692 0.03227272727272727 0.05467307692307691
0 0.9871946022727273 0.14826923076923076 0.02478693181818188 0.060807692307692306
0 0.7521661931818181 0.18136538461538462 0.06529829545454541 0.05042307692307692
0 0.7359375 0.029740384615384616 0.05363636363636362 0.05948076923076923
0 0.8992542613636364 0.5146538461538461 0.05126420454545459 0.0863076923076923
0 0.9532244318181817 0.5598173076923078 0.031335227272727355 0.07871153846153847
0 0.38418323863636367 0.6190192307692307 0.04785511363636363 0.054115384615384586
0 0.9594602272727273 0.6037307692307692 0.024261363636363695 0.037423076923076996
0 0.9810014204545454 0.6349134615384615 0.0378267045454547 0.0580576923076923
0 0.984659090909091 0.6769134615384615 0.030681818181818213 0.05098076923076921
0 0.9252698863636364 0.05515384615384615 0.033380681818181816 0.04530769230769231
0 0.9029332386363635 0.6311346153846153 0.03288352272727269 0.06988461538461545
0 0.7378053977272727 0.9276538461538462 0.07333806818181818 0.051230769230769205
0 0.6896590909090908 0.9463846153846154 0.04227272727272726 0.0476923076923076
0 0.04733664772727273 0.4360769230769231 0.07436079545454545 0.09457692307692309
0 0.04295454545454546 0.5122596153846154 0.053011363636363634 0.08271153846153845
0 0.013757102272727272 0.4929423076923077 0.027400568181818182 0.10734615384615388
0 0.6450710227272727 0.8908365384615385 0.05383522727272724 0.05432692307692308
0 0.12514204545454544 0.6329038461538462 0.04613636363636364 0.0708076923076923
0 0.09379261363636364 0.5968461538461539 0.041590909090909095 0.05980769230769235
0 0.06106534090909091 0.6271923076923077 0.041420454545454545 0.07607692307692308
0 0.5554332386363636 0.3185384615384615 0.032599431818181805 0.02896153846153841
0 0.0755184659090909 0.6633653846153846 0.02745738636363636 0.044653846153846204
0 0.09159801136363636 0.6562211538461539 0.03492897727272728 0.06728846153846156
0 0.10607244318181817 0.3654423076923077 0.027201704545454553 0.06599999999999999
0 0.06496448863636363 0.2691153846153846 0.06282670454545453 0.08003846153846154
0 0.08404829545454545 0.32436538461538467 0.0481534090909091 0.07180769230769231
0 0.05224431818181818 0.30833653846153847 0.024857954545454544 0.040288461538461516
0 0.04362926136363637 0.34913461538461543 0.059701704545454544 0.08215384615384615
0 0.07700284090909092 0.3748461538461539 0.04110795454545455 0.03923076923076924
0 0.8401491477272728 0.5197019230769231 0.03262784090909095 0.06940384615384622
0 0.6906889204545454 0.4471538461538462 0.058139204545454556 0.0606923076923077
0 0.7080113636363636 0.9856250000000002 0.024744318181818124 0.02851923076923085
0 0.5349289772727274 0.34216346153846156 0.04051136363636369 0.05071153846153847
0 0.7327485795454546 0.4486538461538462 0.05259943181818186 0.04084615384615381
0 0.9768181818181819 0.5713365384615385 0.031335227272727355 0.08851923076923082
0 0.7294176136363636 0.413048076923077 0.048607954545454586 0.04536538461538462
0 0.8648863636363638 0.5257211538461538 0.022187500000000006 0.03874999999999996
0 0.853125 0.4922115384615385 0.030624999999999923 0.04746153846153847
0 0.5034446022727272 0.3469038461538461 0.03825284090909092 0.09353846153846157
0 0.6192897727272727 0.2956730769230769 0.043267045454545426 0.06023076923076922
0 0.5927201704545454 0.3202692307692308 0.046747159090909124 0.0622307692307692
0 0.4793892045454546 0.32802884615384614 0.03082386363636362 0.03551923076923077
0 0.48881392045454547 0.30543269230769227 0.022173295454545473 0.03309615384615386
0 0.5049928977272727 0.2847403846153846 0.027002840909090896 0.022749999999999968
0 0.5085582386363636 0.3078461538461538 0.02140624999999999 0.02553846153846154
0 0.568046875 0.3409615384615385 0.029303977272727346 0.02965384615384613
0 0.5626988636363636 0.2823269230769231 0.040000000000000036 0.0434615384615385
0 0.5272798295454546 0.32077884615384616 0.02063920454545459 0.029326923076923077
0 0.05933238636363636 0.7204423076923077 0.03556818181818182 0.059846153846153854
0 0.5413423295454546 0.2990480769230769 0.03958806818181819 0.02517307692307693
0 0.8011292613636364 0.009326923076923076 0.015752840909090793 0.018653846153846153
0 0.5329190340909091 0.2795480769230769 0.040838068181818184 0.04159615384615384
0 0.5322088068181818 0.24910576923076921 0.02166193181818182 0.028903846153846183
0 0.5161931818181817 0.2559134615384615 0.022130681818181796 0.038326923076923064
0 0.48686789772727274 0.2779134615384615 0.03992897727272729 0.035826923076923124
0 0.5108522727272727 0.24606730769230767 0.022897727272727278 0.028711538461538448
0 0.491796875 0.23215384615384616 0.09234374999999999 0.07453846153846153
0 0.461484375 0.2917019230769231 0.038593750000000024 0.06859615384615388
0 0.3996022727272727 0.6763076923076922 0.031392045454545485 0.03207692307692309
0 0.34126420454545453 0.4240865384615385 0.027244318181818192 0.06455769230769229
0 0.09978693181818182 0.8800673076923077 0.052471590909090905 0.0550961538461538
0 0.20436789772727273 0.251 0.06240056818181819 0.07296153846153848
0 0.3035369318181818 0.39961538461538465 0.03406250000000002 0.046807692307692314
0 0.3296022727272727 0.3974903846153846 0.04164772727272726 0.06101923076923075
0 0.3162286931818182 0.44048076923076923 0.04634943181818181 0.05538461538461535
0 0.10928977272727272 0.41092307692307695 0.05451704545454545 0.08030769230769229
0 0.06155539772727272 0.4095096153846154 0.06674715909090909 0.047519230769230786
0 0.8810937499999999 0.49401923076923077 0.031505681818181745 0.05407692307692303
0 0.08933238636363637 0.07116346153846154 0.038323863636363635 0.06475
0 0.10224431818181819 0.02160576923076923 0.04392045454545454 0.04251923076923077
0 0.5414701704545455 0.22271153846153846 0.059900568181818124 0.08919230769230768
0 0.38188920454545455 0.8179326923076924 0.04215909090909092 0.044865384615384585
0 0.2813707386363636 0.17675961538461538 0.0676278409090909 0.1016346153846154
0 0.3669886363636364 0.6535576923076923 0.04568181818181818 0.06134615384615391
0 0.22026278409090908 0.6008173076923077 0.058451704545454515 0.05844230769230767
0 0.1876278409090909 0.5764615384615385 0.037642045454545456 0.08696153846153852
0 0.25732954545454545 0.8812115384615385 0.04894886363636361 0.061615384615384655
0 0.27391335227272723 0.8511442307692308 0.04515624999999999 0.06382692307692307
0 0.16170454545454546 0.9534903846153847 0.053096590909090906 0.09282692307692315
0 0.19132102272727272 0.9549903846153847 0.02670454545454545 0.09001923076923077
0 0.3967116477272727 0.6388942307692308 0.035440340909090894 0.05190384615384617
0 0.23154119318181818 0.9246634615384616 0.0254119318181818 0.040749999999999995
0 0.23154119318181818 0.873048076923077 0.04600852272727271 0.035057692307692345
0 0.3337642045454545 0.12124038461538462 0.027357954545454533 0.053903846153846156
0 0.24129261363636365 0.9057692307692308 0.02681818181818181 0.037999999999999985
0 0.2602911931818182 0.8119134615384616 0.04691761363636364 0.08228846153846146
0 0.5138636363636363 0.8122019230769232 0.06565340909090912 0.07340384615384618
0 0.45772727272727276 0.8722211538461537 0.058039772727272745 0.07701923076923078
0 0.47267045454545453 0.7341442307692307 0.025113636363636373 0.027057692307692293
0 0.5002556818181818 0.7543653846153846 0.06659090909090909 0.04842307692307694
0 0.513671875 0.7851538461538461 0.047769886363636355 0.023961538461538423
0 0.9368039772727272 0.09882692307692308 0.02005681818181819 0.03942307692307692
0 0.9566477272727273 0.11298076923076923 0.026534090909091 0.04088461538461538
0 0.9487713068181818 0.12451923076923077 0.036235795454545604 0.0446923076923077
0 0.9194460227272727 0.5825096153846153 0.055767045454545444 0.05155769230769231
0 0.9352982954545456 0.07151923076923077 0.02264204545454537 0.03330769230769231
0 0.9597798295454545 0.06144230769230769 0.027173295454545447 0.028923076923076923
0 0.9710440340909091 0.08100961538461539 0.05791193181818179 0.0896346153846154
0 0.8516051136363636 0.11575961538461539 0.06622159090909091 0.06921153846153845
0 0.8194602272727273 0.051076923076923075 0.03170454545454537 0.06834615384615385
0 0.7837642045454545 0.06363461538461539 0.03235795454545451 0.03330769230769231
0 0.7942258522727272 0.07269230769230768 0.0343039772727274 0.03796153846153846
0 0.7769744318181818 0.04188461538461539 0.03428977272727271 0.03942307692307692
0 0.7572301136363637 0.020865384615384616 0.03235795454545451 0.04173076923076923
0 0.7001562499999999 0.8183365384615384 0.04511363636363643 0.07478846153846162
0 0.213359375 0.9325769230769231 0.019076704545454515 0.029538461538461565
0 0.7048437500000001 0.12697115384615384 0.04417613636363631 0.04205769230769229
0 0.7220880681818183 0.1393076923076923 0.036477272727272816 0.04976923076923076
0 0.7263565340909092 0.17654807692307695 0.041036931818181716 0.06098076923076922
0 0.21386363636363637 0.165 0.06730113636363635 0.06365384615384614
0 0.22779829545454547 0.11486538461538462 0.05349431818181818 0.06326923076923079
0 0.06887784090909091 0.018769230769230767 0.029517045454545456 0.037538461538461534
0 0.04615767045454546 0.012461538461538463 0.027571022727272732 0.024923076923076926
0 0.009204545454545455 0.05275 0.01840909090909091 0.08873076923076924
0 0.0290625 0.047336538461538465 0.036761363636363634 0.04544230769230769
0 0.059296875 0.030211538461538463 0.03330965909090909 0.02776923076923077
0 0.6555042613636364 0.983 0.03825284090909092 0.034000000000000016
0 0.26603693181818183 0.9885961538461537 0.06082386363636363 0.022807692307692334
0 0.7329332386363636 0.9763365384615385 0.028082386363636337 0.0473269230769231
0 0.7596448863636364 0.983201923076923 0.04642045454545447 0.0335961538461539
0 0.7112073863636365 0.9598461538461539 0.040170454545454586 0.03700000000000002
0 0.7534161931818182 0.9523173076923077 0.03254261363636359 0.04667307692307689
0 0.7730894886363636 0.9404038461538461 0.02589488636363639 0.049500000000000016
0 0.7871306818181818 0.9491057692307692 0.035965909090909 0.06709615384615393
0 0.9039701704545454 0.6757115384615384 0.03441761363636366 0.04811538461538458
0 0.9625994318181817 0.6450865384615384 0.03161931818181817 0.04667307692307689
0 0.9306889204545455 0.6325 0.03055397727272726 0.055807692307692384
