0 0.9295738636363637 0.4702788461538462 0.018749999999999902 0.027365384615384597
0 0.7529971590909091 0.7847307692307691 0.019431818181818272 0.027769230769230765
0 0.46589488636363635 0.497048076923077 0.011335227272727299 0.01790384615384616
0 0.47520596590909087 0.4957692307692308 0.01214488636363638 0.015346153846153881
0 0.5515696022727273 0.4566826923076923 0.020241477272727272 0.02628846153846157
0 0.9919744318181819 0.4611153846153846 0.0160511363636363 0.027192307692307665
0 0.930546875 0.41974999999999996 0.01938920454545451 0.029000000000000026
0 0.91671875 0.4140673076923077 0.019119318181818234 0.025326923076923108
0 0.9193963068181819 0.35964423076923074 0.017485795454545375 0.02471153846153845
0 0.9489843750000001 0.44670192307692314 0.017940340909090902 0.020134615384615383
0 0.87578125 0.34846153846153843 0.021335227272727245 0.028884615384615404
0 0.6303622159090909 0.5772307692307692 0.017002840909090867 0.022653846153846212
0 0.2021803977272727 0.126875 0.02026988636363638 0.02709615384615384
0 0.107734375 0.167 0.015980113636363636 0.02465384615384614
0 0.6025639204545454 0.9851057692307692 0.020241477272727272 0.027403846153846154
0 0.05961647727272727 0.22308653846153845 0.022301136363636367 0.027173076923076914
0 0.04968039772727273 0.1803269230769231 0.018394886363636367 0.02465384615384617
0 0.003892045454545455 0.20208653846153848 0.00778409090909091 0.010826923076923095
0 0.004538352272727273 0.1895 0.009076704545454546 0.014846153846153844
0 0.884169034090909 0.5254903846153846 0.021434659090909136 0.02936538461538458
0 0.43378551136363636 0.8278461538461539 0.011860795454545487 0.013884615384615329
0 0.4244744318181818 0.8981634615384616 0.021846590909090902 0.028134615384615376
0 0.7748579545454546 0.5633557692307692 0.016193181818181947 0.01971153846153846
0 0.7790625000000001 0.4606442307692308 0.015738636363636423 0.02582692307692309
0 0.8029616477272729 0.47305769230769235 0.019076704545454473 0.023576923076923058
0 0.7691619318181818 0.4931249999999999 0.017414772727272713 0.021557692307692267
0 0.3943892045454545 0.9301346153846153 0.017272727272727308 0.025576923076923098
0 0.749609375 0.4778269230769231 0.019076704545454636 0.027076923076923047
0 0.7323934659090909 0.4655384615384615 0.01723011363636355 0.02457692307692308
0 0.7417471590909092 0.449875 0.017414772727272876 0.02582692307692309
0 0.43378551136363636 0.8377115384615385 0.012400568181818207 0.013884615384615438
0 0.5278196022727273 0.3989615384615384 0.021321022727272713 0.03142307692307693
0 0.49382812499999995 0.3781346153846154 0.016463068181818145 0.027769230769230765
0 0.7990056818181818 0.6230865384615385 0.019687499999999858 0.024480769230769264
0 0.533622159090909 0.5098365384615384 0.010255681818181777 0.016442307692307714
0 0.7133664772727273 0.3631057692307692 0.019062500000000024 0.02809615384615387
0 0.5430681818181818 0.5087403846153845 0.011335227272727299 0.01863461538461538
0 0.6379758522727272 0.37986538461538455 0.020127840909090932 0.027461538461538464
0 0.30024147727272726 0.29455769230769235 0.01678977272727272 0.019000000000000045
0 0.3129971590909091 0.3528269230769231 0.015511363636363658 0.023884615384615414
0 0.2956676136363636 0.3027596153846154 0.011477272727272704 0.014673076923076914
0 0.20714488636363634 0.41125 0.018920454545454577 0.023307692307692317
0 0.03830965909090909 0.38787499999999997 0.01920454545454545 0.026788461538461553
0 0.48384232954545453 0.3207884615384615 0.01808238636363639 0.024846153846153875
0 0.738828125 0.6937692307692308 0.021860795454545435 0.030692307692307762
0 0.48505681818181823 0.2780384615384615 0.016193181818181867 0.02119230769230771
0 0.09078835227272726 0.43790384615384614 0.013622159090909086 0.018653846153846132
0 0.09412642045454546 0.4541442307692308 0.01615056818181819 0.021865384615384623
0 0.08767755681818182 0.5490192307692308 0.011548295454545469 0.015461538461538391
0 0.08293323863636365 0.5412884615384616 0.010071022727272722 0.01403846153846156
0 0.11901988636363635 0.5211346153846154 0.01792613636363635 0.025076923076923007
0 0.23561789772727273 0.5549326923076923 0.020894886363636334 0.030096153846153804
0 0.18924005681818182 0.5932403846153846 0.01850852272727275 0.025673076923076965
0 0.009822443181818182 0.7356153846153846 0.019588068181818182 0.025384615384615363
0 0.5664275568181818 0.7965384615384615 0.02166193181818182 0.029576923076923067
0 0.6891832386363637 0.736153846153846 0.019701704545454553 0.027038461538461542
0 0.043544034090909095 0.7990865384615384 0.01819602272727273 0.025019230769230752
0 0.1806463068181818 0.9904903846153847 0.016036931818181808 0.019019230769230743
0 0.16626420454545457 0.9731153846153846 0.018806818181818175 0.030692307692307654
0 0.1290696022727273 0.9532788461538463 0.017968749999999988 0.02394230769230767
0 0.184375 0.887951923076923 0.01798295454545454 0.02509615384615387
0 0.2797798295454545 0.8469615384615384 0.01796875000000001 0.024692307692307645
0 0.31420454545454546 0.7627307692307692 0.019346590909090914 0.028461538461538375
0 0.5627698863636363 0.19 0.01889204545454539 0.027038461538461542
0 0.5096519886363636 0.7875673076923076 0.013451704545454503 0.02324999999999995
0 0.8661505681818181 0.572548076923077 0.018607954545454577 0.024480769230769157
0 0.6230752840909091 0.7474711538461538 0.019701704545454553 0.025557692307692236
0 0.7586647727272727 0.8437307692307693 0.01781249999999995 0.024461538461538514
0 0.5278196022727273 0.1496346153846154 0.014303977272727263 0.018615384615384627
0 0.5666761363636363 0.8278461538461539 0.01968750000000002 0.024846153846153875
0 0.6122798295454546 0.8641923076923077 0.01916193181818183 0.025192307692307736
0 0.6357599431818182 0.9072980769230768 0.01862215909090911 0.021557692307692267
0 0.549815340909091 0.8601730769230769 0.019431818181818192 0.023730769230769184
0 0.7485440340909091 0.9014519230769231 0.017002840909090947 0.023750000000000045
0 0.38737215909090916 0.2080865384615385 0.01835227272727275 0.02521153846153846
0 0.43850852272727275 0.14579807692307692 0.01914772727272722 0.02555769230769229
0 0.3610653409090909 0.12845192307692307 0.0191477272727273 0.027403846153846154
0 0.7011931818181818 0.7748653846153846 0.01997159090909091 0.028499999999999987
0 0.34568892045454547 0.013923076923076922 0.01808238636363635 0.024115384615384615
0 0.4483522727272727 0.21411538461538462 0.01835227272727275 0.027038461538461542
0 0.3026420454545455 0.05300961538461538 0.01727272727272727 0.021173076923076926
0 0.27773437500000003 0.1578173076923077 0.018650568181818174 0.027057692307692293
0 0.9247798295454547 0.31022115384615384 0.01748579545454554 0.02524999999999999
0 0.9216477272727271 0.23512500000000003 0.0215056818181818 0.028019230769230782
0 0.8061718750000001 0.3245673076923076 0.017911931818181837 0.02505769230769231
0 0.7883522727272727 0.2523173076923077 0.019687499999999858 0.024519230769230797
0 0.7345951704545454 0.24552884615384618 0.01771306818181814 0.02478846153846154
0 0.7327272727272728 0.2240673076923077 0.016335227272727352 0.021865384615384623
0 0.6750142045454546 0.7889326923076924 0.015653409090909145 0.0222884615384616
0 0.7170738636363637 0.22499038461538462 0.01889204545454547 0.02959615384615385
0 0.6338494318181819 0.07389423076923077 0.0175568181818182 0.025403846153846155
0 0.9622443181818183 0.12098076923076923 0.02144886363636367 0.024615384615384622
0 0.9185795454545456 0.036250000000000004 0.016107954545454592 0.020807692307692312
0 0.46263494318181825 0.6344807692307691 0.016946022727272737 0.020576923076923055
0 0.9027414772727272 0.8783461538461539 0.019232954545454494 0.025192307692307736
0 0.9763210227272726 0.6726153846153846 0.018607954545454577 0.027653846153846143
0 0.9650639204545454 0.6915192307692308 0.012911931818181864 0.018307692307692382
0 0.10842329545454545 0.27313461538461536 0.015937499999999997 0.026730769230769186
