0 0.8434019886363636 0.7699807692307692 0.03680397727272739 0.051807692307692305
0 0.31834517045454547 0.8494903846153846 0.05151988636363638 0.07782692307692313
0 0.36884943181818175 0.745048076923077 0.06281249999999995 0.08171153846153847
0 0.4498863636363637 0.8314711538461539 0.01991477272727278 0.023365384615384573
0 0.8247017045454546 0.22620192307692308 0.09127840909090908 0.08171153846153847
0 0.03912642045454545 0.9255192307692307 0.07703125 0.14865384615384605
0 0.49549005681818187 0.7607403846153847 0.05799715909090907 0.07371153846153843
0 0.6006534090909091 0.2992980769230769 0.045142045454545414 0.06509615384615383
0 0.2266619318181818 0.29639423076923077 0.008068181818181829 0.011865384615384646
0 0.8292542613636364 0.6296538461538462 0.07569602272727284 0.12880769230769235
0 0.3290340909090909 0.7944423076923077 0.04485795454545456 0.04365384615384613
0 0.7940340909090909 0.3062596153846154 0.06821022727272724 0.08636538461538461
0 0.7962428977272729 0.2630769230769231 0.06967329545454555 0.06376923076923076
0 0.6906960227272727 0.1265673076923077 0.09568181818181812 0.12621153846153846
0 0.30850852272727275 0.35144230769230766 0.05607954545454548 0.06596153846153849
0 0.9840625 0.5215192307692308 0.03161931818181817 0.09376923076923076
0 0.7498721590909091 0.201625 0.0564204545454545 0.06709615384615385
0 0.8824076704545454 0.898201923076923 0.05691761363636371 0.05313461538461538
0 0.6410014204545454 0.781423076923077 0.01813920454545452 0.029692307692307688
0 0.3434019886363636 0.8357211538461539 0.05046874999999996 0.051249999999999955
0 0.8728409090909092 0.8530288461538462 0.07801136363636374 0.0770576923076923
0 0.47866477272727276 0.6648365384615386 0.018153409090909133 0.02936538461538469
0 0.5589914772727272 0.5882692307692308 0.038778409090909106 0.08303846153846155
0 0.22316051136363638 0.3599807692307692 0.011576704545454553 0.012807692307692301
0 0.4895099431818182 0.8302692307692308 0.058451704545454515 0.0737307692307693
0 0.331796875 0.7234615384615385 0.05544034090909091 0.08769230769230774
0 0.4399218750000001 0.8494423076923078 0.01771306818181814 0.017384615384615425
0 0.7690127840909091 0.01826923076923077 0.04268465909090902 0.03653846153846154
0 0.06701704545454547 0.9533846153846154 0.04781250000000001 0.06773076923076929
0 0.3181463068181818 0.29425961538461537 0.028394886363636376 0.03701923076923077
0 0.21580255681818183 0.335548076923077 0.060639204545454545 0.07782692307692307
0 0.7356463068181818 0.05148076923076923 0.09961647727272735 0.10296153846153847
0 0.845752840909091 0.11195192307692307 0.0956818181818182 0.15809615384615383
0 0.728778409090909 0.28200961538461533 0.0613352272727272 0.1029807692307692
0 0.5207173295454546 0.05978846153846155 0.11137784090909095 0.11692307692307694
0 0.40892045454545456 0.35547115384615385 0.07886363636363634 0.12336538461538457
0 0.9873153409090908 0.13652884615384617 0.023551136363636423 0.10628846153846153
0 0.6593394886363636 0.06277884615384614 0.05791193181818179 0.10032692307692306
0 0.6976136363636364 0.2461346153846154 0.06477272727272722 0.06842307692307692
0 0.20055397727272728 0.2653173076923077 0.06448863636363635 0.06928846153846151
0 0.01903409090909091 0.8570192307692307 0.03806818181818182 0.0631153846153846
0 0.7015838068181819 0.7560384615384615 0.07998579545454554 0.09300000000000003
0 0.4689275568181818 0.6876153846153846 0.052684659090909136 0.14084615384615387
0 0.8672017045454545 0.7244807692307693 0.06477272727272715 0.05380769230769234
0 0.3078053977272727 0.40648076923076926 0.052571022727272716 0.05742307692307695
0 0.29352272727272727 0.025240384615384616 0.0632954545454545 0.05048076923076923
0 0.5925994318181819 0.05713461538461539 0.10599431818181819 0.11426923076923078
0 0.6578693181818182 0.008971153846153846 0.04906250000000003 0.01794230769230769
0 0.7307386363636365 0.37800961538461536 0.08096590909090917 0.07440384615384615
0 0.8803409090909091 0.6037307692307692 0.04426136363636375 0.07749999999999992
0 0.7926136363636364 0.8543461538461539 0.045142045454545414 0.1780384615384615
0 0.4412215909090909 0.055134615384615386 0.10255681818181825 0.10761538461538461
0 0.6244034090909092 0.7737115384615384 0.03471590909090909 0.0713846153846154
0 0.5402059659090909 0.6900192307692308 0.09961647727272727 0.074923076923077
0 0.34136363636363637 0.013615384615384616 0.04122159090909092 0.027230769230769232
0 0.3679332386363636 0.8084326923076923 0.057485795454545456 0.06121153846153843
