0 0.16259943181818182 0.8767980769230769 0.04778409090909089 0.08948076923076918
0 0.14338778409090908 0.2550288461538462 0.03791193181818184 0.10278846153846155
0 0.3442755681818182 0.023701923076923075 0.08960227272727274 0.04740384615384615
0 0.8804971590909091 0.09066346153846153 0.04451704545454534 0.07890384615384616
0 0.1521875 0.36290384615384613 0.07321022727272726 0.06484615384615385
0 0.5264772727272727 0.5659711538461538 0.024232954545454547 0.03432692307692312
0 0.8885085227272728 0.14921153846153848 0.08710227272727264 0.08342307692307693
0 0.6962571022727272 0.6442788461538461 0.03208806818181815 0.10509615384615391
0 0.027904829545454545 0.29447115384615385 0.05580965909090909 0.11990384615384617
0 0.8676207386363637 0.5344711538461537 0.0410369318181818 0.06978846153846158
0 0.5062855113636363 0.037528846153846156 0.07805397727272725 0.07505769230769231
0 0.7014062499999999 0.06374038461538462 0.13622159090909094 0.12748076923076923
0 0.3074005681818182 0.48708653846153843 0.07585227272727274 0.0770961538461538
0 0.030539772727272728 0.5658942307692307 0.06096590909090909 0.18109615384615388
0 0.28363636363636363 0.6264134615384616 0.09684659090909092 0.20240384615384616
0 0.23643465909090908 0.019153846153846157 0.07355113636363636 0.03830769230769231
0 0.10980823863636364 0.2681442307692308 0.034531249999999986 0.05759615384615385
0 0.3693181818181818 0.5082692307692308 0.07002840909090907 0.08000000000000004
0 0.2928338068181818 0.5075192307692307 0.056860795454545456 0.07999999999999993
0 0.682265625 0.519423076923077 0.05981534090909093 0.07253846153846148
0 0.0165625 0.18205769230769228 0.033125 0.10688461538461538
0 0.10904119318181818 0.1841346153846154 0.04705965909090908 0.05596153846153845
0 0.7860937499999999 0.08709615384615384 0.14670454545454542 0.13815384615384613
0 0.9734588068181819 0.17891346153846152 0.05308238636363637 0.1705576923076923
0 0.15681818181818183 0.20276923076923076 0.05193181818181818 0.11342307692307693
0 0.5370667613636364 0.23263461538461538 0.09944602272727279 0.10303846153846151
0 0.1868963068181818 0.3105769230769231 0.09413352272727274 0.09296153846153841
0 0.9546946022727273 0.7608846153846153 0.09061079545454541 0.14961538461538465
0 0.06931107954545455 0.197125 0.06095170454545454 0.1092884615384615
0 0.9018678977272727 0.5916923076923077 0.04328125000000004 0.05546153846153852
0 0.029019886363636362 0.27808653846153847 0.055198863636363636 0.10948076923076921
0 0.07761363636363636 0.3890576923076923 0.10988636363636362 0.09476923076923077
0 0.22970170454545455 0.1576923076923077 0.10332386363636364 0.1208846153846154
0 0.6609872159090909 0.05600961538461539 0.11867897727272729 0.11201923076923077
0 0.15310369318181818 0.10653846153846155 0.06788352272727273 0.0923846153846154
0 0.09999289772727273 0.12675961538461536 0.062144886363636354 0.09721153846153846
0 0.9836079545454546 0.39873076923076917 0.032784090909090964 0.07446153846153845
0 0.4589417613636364 0.5599519230769231 0.13825284090909087 0.21682692307692308
0 0.072578125 0.32567307692307695 0.04899147727272728 0.045730769230769235
0 0.8741974431818181 0.37738461538461543 0.0859517045454547 0.10757692307692307
0 0.11443892045454546 0.2251346153846154 0.03288352272727273 0.06915384615384616
0 0.8322798295454544 0.7324423076923077 0.08473011363636361 0.12176923076923075
0 0.5475142045454546 0.31850961538461536 0.09971590909090908 0.12405769230769229
0 0.8166406249999999 0.4707692307692308 0.09762784090909093 0.09338461538461533
0 0.9458806818181817 0.0626923076923077 0.10823863636363643 0.1253846153846154
0 0.8517968749999999 0.6055576923076923 0.0851562499999999 0.11649999999999996
0 0.6434375 0.46202884615384615 0.08329545454545452 0.13921153846153844
0 0.8259659090909092 0.40898076923076926 0.06616477272727263 0.11134615384615386
0 0.13855113636363636 0.0486826923076923 0.03590909090909091 0.05736538461538461
0 0.5651349431818182 0.18344230769230765 0.1113494318181818 0.14530769230769228
0 0.9574715909090908 0.6445576923076922 0.08497159090909098 0.2369230769230769
0 0.12091619318181818 0.32214423076923077 0.04788352272727274 0.06467307692307697
0 0.9352201704545454 0.41141346153846153 0.0666619318181819 0.08986538461538465
0 0.985078125 0.34528846153846154 0.02984374999999999 0.05369230769230767
0 0.58703125 0.5866442307692308 0.15903409090909087 0.2504038461538462
0 0.24593749999999998 0.34789423076923076 0.04343750000000002 0.06667307692307696
0 0.813955965909091 0.542298076923077 0.0878267045454546 0.1305576923076923
0 0.899140625 0.6536538461538461 0.04316761363636378 0.07938461538461544
0 0.5905539772727273 0.4180096153846154 0.08522727272727272 0.13228846153846152
0 0.9193181818181819 0.16791346153846154 0.08221590909090909 0.10959615384615384
0 0.04799715909090909 0.19972115384615383 0.06917613636363637 0.10671153846153845
0 0.5577982954545454 0.040971153846153845 0.06039772727272725 0.08194230769230769
0 0.38043323863636364 0.6964230769230769 0.12842329545454542 0.16569230769230775
0 0.09183948863636364 0.35645192307692314 0.05240056818181817 0.04071153846153844
0 0.6857812499999999 0.8960673076923077 0.1445738636363636 0.1776730769230769
0 0.3602414772727273 0.6250096153846154 0.09525568181818178 0.20467307692307693
0 0.8266477272727273 0.9923461538461538 0.033437499999999946 0.015307692307692378
0 0.16378551136363637 0.03868269230769231 0.06086647727272727 0.07736538461538461
0 0.7575568181818181 0.3045576923076923 0.06815340909090904 0.08669230769230767
0 0.19169034090909093 0.37632692307692306 0.08142045454545456 0.0821923076923077
0 0.6524360795454546 0.6424230769230769 0.06169034090909084 0.08307692307692316
0 0.6953409090909091 0.580625 0.04380681818181815 0.06067307692307695
0 0.6015340909090909 0.3137307692307692 0.058721590909090876 0.13453846153846155
0 0.5982670454545455 0.16347115384615385 0.053039772727272776 0.08840384615384614
0 0.57453125 0.7444711538461538 0.04644886363636362 0.0842499999999999
0 0.5267471590909092 0.4415192307692308 0.13133522727272726 0.2161923076923077
0 0.9557031250000001 0.35275961538461537 0.07373579545454541 0.11021153846153847
0 0.8817116477272727 0.42782692307692305 0.08458806818181812 0.06619230769230772
0 0.08244318181818183 0.28502884615384616 0.053977272727272735 0.1009423076923077
0 0.2080965909090909 0.9167211538461538 0.11335227272727275 0.1211346153846154
0 0.9005681818181818 0.6076250000000001 0.042642045454545426 0.039134615384615316
0 0.6729190340909091 0.6015865384615385 0.034161931818181834 0.06744230769230768
0 0.5431107954545454 0.5764230769230769 0.02542613636363641 0.0356923076923077
0 0.9747514204545454 0.2959038461538462 0.05015624999999992 0.09596153846153847
