0 0.9191761363636364 0.12117307692307694 0.08022727272727276 0.08780769230769231
0 0.5128053977272727 0.4035576923076923 0.03794034090909088 0.05434615384615383
0 0.44843750000000004 0.6552115384615385 0.07238636363636361 0.09373076923076924
0 0.5162571022727273 0.6364038461538462 0.06592329545454541 0.06892307692307699
0 0.6843252840909091 0.7563653846153846 0.07313920454545456 0.15273076923076914
0 0.6210724431818182 0.8647692307692307 0.1152130681818182 0.1451923076923077
0 0.8482883522727271 0.23707692307692307 0.07873579545454538 0.11665384615384618
0 0.19471590909090908 0.594125 0.09298295454545456 0.11444230769230768
0 0.565859375 0.8065480769230768 0.10583806818181817 0.22986538461538467
0 0.6409161931818183 0.7439519230769231 0.07643465909090909 0.12986538461538466
0 0.039609375 0.49976923076923074 0.07319602272727273 0.07211538461538461
0 0.4928551136363637 0.9027788461538462 0.045880681818181834 0.06474999999999992
0 0.5134161931818183 0.5285384615384616 0.1467471590909091 0.16619230769230772
0 0.9654261363636365 0.9487788461538462 0.04625000000000008 0.052288461538461534
0 0.9267187500000001 0.9393942307692308 0.051278409090909124 0.12024999999999995
0 0.9488849431818182 0.8937307692307692 0.07458806818181817 0.08396153846153841
0 0.746796875 0.8264615384615385 0.05413352272727267 0.04384615384615387
0 0.7301207386363636 0.8490000000000001 0.07421875 0.07665384615384618
0 0.4876420454545455 0.703875 0.05062499999999998 0.1074038461538462
0 0.6203977272727272 0.9337115384615385 0.1334375 0.1314615384615385
0 0.6774289772727272 0.842971153846154 0.03255681818181821 0.04621153846153852
0 0.31859375 0.1450673076923077 0.07102272727272728 0.06328846153846154
0 0.09196022727272726 0.7357115384615385 0.04965909090909091 0.09711538461538462
0 0.5763352272727272 0.28163461538461537 0.09616477272727271 0.10273076923076924
0 0.5830184659090909 0.20915384615384613 0.028451704545454506 0.041499999999999995
0 0.29912642045454546 0.049644230769230774 0.0638494318181818 0.0744423076923077
0 0.5049502840909091 0.2587884615384615 0.06132102272727275 0.07403846153846154
0 0.011534090909090909 0.03972115384615385 0.023068181818181818 0.06009615384615385
0 0.414140625 0.8279423076923076 0.061946022727272745 0.08173076923076923
0 0.011008522727272728 0.6264423076923077 0.022017045454545456 0.03534615384615384
0 0.687578125 0.6247211538461539 0.018650568181818174 0.025634615384615353
0 0.7096306818181819 0.3024423076923077 0.06289772727272731 0.07746153846153847
0 0.15769886363636362 0.04451923076923077 0.01860795454545454 0.025961538461538463
0 0.1288778409090909 0.7688846153846154 0.05079545454545455 0.07646153846153844
0 0.43567471590909096 0.6004615384615385 0.08566761363636365 0.11596153846153848
0 0.42134232954545453 0.35464423076923074 0.040781250000000054 0.060326923076923084
0 0.49008522727272724 0.7689423076923078 0.04298295454545453 0.06419230769230769
0 0.7118110795454545 0.23847115384615386 0.08944602272727277 0.05990384615384616
0 0.8519886363636363 0.05582692307692308 0.07019886363636357 0.10303846153846154
0 0.155859375 0.977625 0.07836647727272728 0.04474999999999996
0 0.7025284090909092 0.9835384615384615 0.08812500000000002 0.03265384615384608
0 0.6679758522727273 0.9408653846153846 0.09896306818181812 0.0637692307692307
0 0.7596590909090909 0.08547115384615385 0.019517045454545467 0.025750000000000002
0 0.504872159090909 0.44307692307692303 0.09704545454545453 0.06807692307692309
0 0.3795667613636363 0.761673076923077 0.05183238636363634 0.10569230769230777
0 0.4757173295454545 0.9483173076923077 0.05382102272727279 0.1027115384615385
0 0.46623579545454547 0.8543557692307692 0.04718749999999996 0.0907884615384615
0 0.3155326704545454 0.085125 0.06703125 0.06898076923076923
0 0.4433806818181818 0.8044134615384615 0.03761363636363639 0.04236538461538467
0 0.7185227272727274 0.8913846153846153 0.07224431818181812 0.09380769230769237
0 0.5270170454545454 0.9423557692307691 0.08221590909090909 0.11528846153846152
0 0.4382244318181818 0.8986442307692307 0.03792613636363635 0.0806346153846154
0 0.21758522727272728 0.03499038461538462 0.027443181818181808 0.03463461538461538
0 0.57125 0.22875961538461542 0.022897727272727278 0.02990384615384615
0 0.5052769886363637 0.8559519230769231 0.0458664772727273 0.07763461538461529
0 0.9774786931818181 0.10265384615384615 0.045042613636363686 0.09307692307692307
0 0.5233309659090909 0.7188653846153846 0.037286931818181816 0.10484615384615381
0 0.9883096590909091 0.27434615384615385 0.02338068181818187 0.10715384615384618
0 0.28443892045454544 0.9856538461538461 0.020639204545454547 0.02334615384615382
0 0.44078125 0.39722115384615386 0.03349431818181824 0.05305769230769231
0 0.6563920454545454 0.2726826923076923 0.056903409090909095 0.10390384615384615
0 0.5070454545454545 0.7812307692307693 0.020795454545454527 0.04803846153846157
0 0.9095241477272726 0.3838846153846154 0.019190340909090896 0.025807692307692337
0 0.005369318181818182 0.8178749999999999 0.010738636363636363 0.04628846153846153
0 0.9579332386363636 0.16490384615384615 0.08413352272727276 0.06723076923076925
0 0.6041548295454546 0.24408653846153847 0.0673721590909091 0.10394230769230765
0 0.4766051136363636 0.40993269230769236 0.046761363636363656 0.04598076923076922
