0 0.9096590909090909 0.3094326923076923 0.12142045454545457 0.09925000000000003
0 0.6041832386363637 0.5205673076923076 0.041860795454545414 0.10582692307692303
0 0.6797230113636363 0.35565384615384615 0.015752840909090873 0.022615384615384596
0 0.030596590909090907 0.1779423076923077 0.059914772727272726 0.1305769230769231
0 0.013622159090909091 0.2715961538461538 0.02596590909090909 0.062269230769230736
0 0.1873366477272727 0.03875961538461538 0.09975852272727273 0.07625
0 0.009083806818181819 0.3407788461538461 0.016889204545454548 0.07709615384615386
0 0.2986860795454545 0.47373076923076923 0.08907670454545456 0.0928461538461539
0 0.6452556818181818 0.4935673076923077 0.01749999999999999 0.025288461538461548
0 0.31970170454545455 0.9794038461538462 0.05201704545454546 0.040038461538461634
0 0.48794744318181815 0.21835576923076924 0.04887784090909095 0.06498076923076922
0 0.5143821022727273 0.37033653846153847 0.1315198863636364 0.13763461538461544
0 0.9088849431818182 0.5994423076923077 0.11160511363636355 0.18076923076923077
0 0.5619602272727273 0.4538557692307692 0.05656249999999999 0.1257884615384615
0 0.8598863636363636 0.54025 0.04676136363636374 0.09573076923076917
0 0.4568892045454545 0.01875 0.06579545454545453 0.03669230769230769
0 0.20847301136363636 0.6915865384615385 0.08242897727272727 0.10551923076923078
0 0.7093465909090909 0.2931730769230769 0.03252840909090906 0.04311538461538459
0 0.9844034090909091 0.09116346153846154 0.03119318181818187 0.06959615384615384
0 0.1933096590909091 0.6295192307692308 0.021818181818181837 0.05392307692307696
0 0.16790482954545452 0.5023461538461539 0.041718749999999985 0.037807692307692355
0 0.0689346590909091 0.6848173076923078 0.11943181818181818 0.15621153846153848
0 0.9348224431818182 0.3979423076923077 0.06407670454545457 0.08434615384615388
0 0.8927911931818181 0.4757884615384616 0.07711647727272722 0.09061538461538468
0 0.24220170454545453 0.6519038461538462 0.09588068181818182 0.1612692307692308
0 0.820049715909091 0.012769230769230769 0.025838068181818098 0.024846153846153848
0 0.20615056818181818 0.7703557692307693 0.05281249999999999 0.06194230769230765
0 0.9898011363636363 0.15447115384615384 0.02017045454545445 0.07032692307692308
0 0.8423508522727274 0.287375 0.027883522727272722 0.04109615384615385
0 0.6932315340909091 0.3651153846153846 0.01941761363636366 0.019115384615384666
0 0.8692897727272727 0.4057307692307693 0.08113636363636365 0.10776923076923076
0 0.02559659090909091 0.03971153846153846 0.02664772727272727 0.03165384615384616
0 0.13523437500000002 0.725875 0.07220170454545455 0.08932692307692305
0 0.9729616477272728 0.7584807692307691 0.02092329545454548 0.02888461538461546
0 0.7396164772727272 0.13584615384615384 0.06352272727272723 0.111
0 0.232890625 0.7459230769230769 0.01595170454545453 0.020423076923076933
0 0.9188068181818182 0.2821153846153846 0.06386363636363641 0.05249999999999997
0 0.21698863636363636 0.23703846153846156 0.01278409090909091 0.022384615384615413
0 0.15503551136363636 0.5826826923076923 0.07890624999999997 0.058788461538461526
0 0.047499999999999994 0.048471153846153844 0.09499999999999999 0.09467307692307692
0 0.41120738636363635 0.31333653846153847 0.09105113636363639 0.12905769230769235
0 0.3856178977272728 0.2573173076923077 0.09998579545454547 0.13213461538461538
0 0.9784588068181819 0.6940384615384615 0.04257102272727276 0.11526923076923076
0 0.20460227272727272 0.5271826923076923 0.11329545454545453 0.12009615384615388
0 0.7017897727272727 0.3434326923076923 0.06801136363636363 0.09409615384615386
0 0.3142897727272727 0.21384615384615382 0.056278409090909094 0.07584615384615381
0 0.15311789772727272 0.13279807692307694 0.02203124999999999 0.02294230769230768
0 0.1278409090909091 0.6087307692307692 0.046875 0.07365384615384618
0 0.3981321022727272 0.185125 0.021377840909090926 0.032365384615384636
0 0.9710866477272727 0.032499999999999994 0.0566619318181818 0.0645
0 0.919630681818182 0.8641826923076923 0.02937499999999993 0.040865384615384616
0 0.12356534090909092 0.5229423076923077 0.05525568181818181 0.06903846153846155
0 0.4001633522727273 0.49267307692307694 0.07407670454545459 0.09369230769230769
0 0.9911647727272727 0.7779615384615384 0.017670454545454625 0.05884615384615378
