0 0.4128622159090909 0.7737788461538462 0.03319602272727265 0.05394230769230771
0 0.45490767045454544 0.806 0.11177556818181818 0.15280769230769237
0 0.02644176136363636 0.9515673076923077 0.05288352272727272 0.09686538461538463
0 0.3613991477272727 0.09590384615384615 0.10137784090909091 0.1918076923076923
0 0.2065838068181818 0.1438076923076923 0.17313920454545453 0.2876153846153846
0 0.32 0.06736538461538462 0.07477272727272725 0.13473076923076924
0 0.43659801136363635 0.18757692307692306 0.08870738636363634 0.12465384615384614
0 0.5489630681818182 0.4737788461538462 0.0420454545454545 0.09813461538461539
0 0.55109375 0.3878173076923077 0.06122159090909086 0.11209615384615383
0 0.1396590909090909 0.6465865384615385 0.07284090909090907 0.09859615384615392
0 0.3706818181818182 0.932451923076923 0.019772727272727296 0.08332692307692316
0 0.40625 0.8674807692307693 0.07394886363636356 0.08026923076923068
0 0.3130965909090909 0.8735961538461539 0.1191193181818182 0.08942307692307692
0 0.7091477272727272 0.744125 0.1675000000000001 0.27517307692307696
0 0.5192258522727272 0.18942307692307692 0.10086647727272734 0.08492307692307692
0 0.4026207386363636 0.39793269230769235 0.11132102272727273 0.11236538461538458
0 0.44346590909090916 0.31990384615384615 0.05335227272727273 0.07223076923076924
0 0.4582741477272727 0.2445576923076923 0.08694602272727278 0.11950000000000002
0 0.4230397727272727 0.5330384615384616 0.061250000000000006 0.12038461538461542
0 0.9206321022727273 0.7240673076923076 0.0691619318181819 0.059250000000000004
0 0.5688849431818181 0.7685384615384615 0.05643465909090912 0.08088461538461539
0 0.5937784090909091 0.5228461538461538 0.07082386363636366 0.12584615384615389
0 0.40759943181818187 0.8921346153846154 0.0259943181818182 0.03296153846153854
0 0.34617897727272723 0.21214423076923075 0.13778409090909086 0.17563461538461536
0 0.34223011363636363 0.7686153846153846 0.10556818181818177 0.1238076923076923
0 0.35634943181818185 0.6681057692307691 0.06605113636363637 0.1520961538461538
0 0.8879261363636364 0.6565576923076922 0.0705681818181819 0.12038461538461531
0 0.9436789772727273 0.7648269230769231 0.1058522727272727 0.07961538461538469
0 0.8963991477272728 0.7944519230769231 0.10163352272727283 0.08917307692307694
0 0.8712286931818182 0.8661057692307692 0.08328124999999999 0.10636538461538451
0 0.956434659090909 0.5489038461538461 0.08713068181818186 0.08726923076923077
0 0.9547372159090909 0.8419038461538461 0.07151988636363624 0.12419230769230766
0 0.9152201704545455 0.9043269230769231 0.10916193181818185 0.1382307692307692
0 0.4454971590909091 0.9295865384615385 0.11286931818181824 0.1408269230769231
0 0.9803764204545454 0.86675 0.038110795454545515 0.17007692307692307
0 0.8721661931818182 0.7266153846153847 0.031519886363636444 0.05030769230769236
0 0.9596803977272728 0.6702403846153846 0.07950284090909095 0.17324999999999996
0 0.6710440340909091 0.5877596153846154 0.09691761363636359 0.10128846153846156
0 0.96984375 0.2750096153846154 0.060312500000000054 0.11909615384615384
0 0.9641974431818183 0.3568557692307692 0.07160511363636358 0.11848076923076925
0 0.9813707386363636 0.4667403846153846 0.03725852272727275 0.11274999999999999
0 0.519921875 0.7539326923076922 0.06473011363636362 0.09213461538461543
0 0.9305113636363637 0.44857692307692304 0.07105113636363634 0.12611538461538463
0 0.882521306818182 0.39061538461538464 0.05882102272727268 0.1452307692307692
0 0.41507102272727275 0.8224711538461539 0.06085227272727269 0.0824038461538462
0 0.09830965909090911 0.6940096153846154 0.10457386363636365 0.1310961538461539
0 0.1696875 0.7149807692307691 0.07801136363636361 0.07415384615384615
0 0.2103551136363636 0.6951250000000001 0.053125000000000006 0.07790384615384624
0 0.14284801136363637 0.7752884615384615 0.10069602272727271 0.06292307692307686
0 0.18186079545454545 0.7850192307692307 0.11343750000000002 0.10934615384615387
0 0.2604261363636364 0.6546826923076923 0.06474431818181815 0.16328846153846147
0 0.25931818181818184 0.5295865384615385 0.07801136363636366 0.10336538461538461
0 0.3320809659090909 0.6097403846153846 0.07413352272727272 0.0824038461538462
0 0.30026988636363633 0.6876346153846153 0.07801136363636361 0.0898846153846154
0 0.42253551136363643 0.6168557692307692 0.11009943181818188 0.06067307692307695
0 0.17438920454545456 0.4880192307692308 0.09517045454545457 0.07865384615384621
0 0.4172798295454545 0.6775288461538461 0.07967329545454542 0.0651730769230769
0 0.44080255681818187 0.7097307692307693 0.08907670454545452 0.07565384615384621
0 0.35615056818181823 0.3108653846153846 0.12448863636363638 0.0898846153846154
0 0.32654829545454545 0.32921153846153844 0.11508522727272724 0.13557692307692307
0 0.027443181818181818 0.41460576923076925 0.054886363636363636 0.14455769230769233
0 0.27370738636363634 0.4445769230769231 0.06474431818181815 0.07415384615384615
0 0.22419034090909087 0.40861538461538466 0.04647727272727273 0.08765384615384618
0 0.17384232954545453 0.3797692307692308 0.08078124999999999 0.09288461538461536
0 0.30493607954545454 0.013355769230769232 0.04265625 0.026711538461538464
0 0.7481534090909091 0.7164807692307692 0.02102272727272737 0.026230769230769203
0 0.3968110795454546 0.9558076923076922 0.050894886363636344 0.08838461538461534
0 0.40361505681818177 0.4612403846153847 0.061917613636363604 0.060634615384615384
0 0.3680397727272728 0.4648173076923077 0.052698863636363585 0.06955769230769233
0 0.3492684659090909 0.538375 0.1034232954545455 0.09363461538461539
0 0.3186434659090909 0.4906730769230769 0.0895880681818182 0.1480384615384615
0 0.6924360795454546 0.04379807692307692 0.08100852272727277 0.08759615384615384
0 0.1302627840909091 0.29315384615384615 0.05532670454545455 0.08292307692307693
0 0.27549715909090905 0.17633653846153846 0.08892045454545454 0.16140384615384618
0 0.30966619318181815 0.9576826923076923 0.1388778409090909 0.08463461538461536
0 0.28061789772727275 0.9325865384615385 0.1051278409090909 0.07940384615384609
