0 0.7406960227272728 0.31184615384615383 0.021676136363636352 0.027423076923076904
0 0.06515625 0.3280480769230769 0.023238636363636364 0.03355769230769229
0 0.03316761363636364 0.16830769230769232 0.026250000000000006 0.03819230769230769
0 0.7326491477272726 0.29209615384615384 0.02098011363636361 0.03576923076923076
0 0.6152769886363636 0.9605576923076923 0.02600852272727273 0.03992307692307691
0 0.5923508522727272 0.7779038461538461 0.02606534090909094 0.03773076923076924
0 0.34861505681818183 0.6192596153846154 0.021803977272727263 0.032673076923076944
0 0.31090198863636365 0.9262403846153846 0.031661931818181846 0.04109615384615385
0 0.1527059659090909 0.9117019230769231 0.028508522727272737 0.032134615384615345
0 0.4122443181818182 0.5614230769230769 0.04644886363636362 0.05519230769230778
0 0.32521306818181817 0.8742980769230769 0.02380681818181821 0.03832692307692309
0 0.3173153409090909 0.6065384615384615 0.024460227272727272 0.03680769230769239
0 0.5548650568181818 0.23886538461538462 0.06120738636363641 0.08173076923076926
0 0.714424715909091 0.2970673076923077 0.020468750000000036 0.03721153846153845
0 0.022727272727272728 0.5039615384615385 0.02556818181818182 0.03484615384615385
0 0.9794389204545454 0.04227884615384615 0.031519886363636444 0.039211538461538464
0 0.7260724431818182 0.8333269230769231 0.029161931818181778 0.044846153846153834
0 0.8021164772727274 0.09259615384615384 0.025880681818181695 0.03911538461538462
0 0.6182599431818182 0.044653846153846155 0.024928977272727207 0.03553846153846154
0 0.22678977272727277 0.07833653846153846 0.02889204545454546 0.0354423076923077
0 0.9338707386363635 0.456625 0.02714488636363638 0.036750000000000026
0 0.40975852272727276 0.19744230769230767 0.023295454545454595 0.033923076923076924
0 0.8837926136363637 0.9553942307692308 0.02247159090909098 0.03078846153846152
0 0.25428977272727277 0.4877692307692308 0.02857954545454546 0.041423076923076965
0 0.22786931818181821 0.9850673076923078 0.027471590909090914 0.029865384615384565
0 0.2990269886363636 0.09549038461538462 0.030582386363636364 0.04221153846153847
0 0.40774857954545457 0.3112403846153846 0.020014204545454592 0.027557692307692276
0 0.472734375 0.8624326923076924 0.027173295454545447 0.037403846153846135
0 0.9076704545454546 0.5309615384615385 0.036931818181818184 0.046538461538461515
0 0.31333096590909093 0.31022115384615384 0.02734375 0.036134615384615425
0 0.18575994318181818 0.2708942307692308 0.029815340909090923 0.04325000000000002
0 0.20867897727272727 0.5678076923076922 0.02664772727272726 0.03576923076923081
0 0.5640340909090908 0.16620192307692308 0.020624999999999973 0.029634615384615377
0 0.19022727272727274 0.6944134615384616 0.03264204545454544 0.043173076923076904
0 0.11598011363636364 0.24144230769230768 0.019176136363636364 0.03011538461538461
0 0.15144886363636365 0.9417980769230769 0.02872159090909091 0.035442307692307704
0 0.23848721590909092 0.020403846153846154 0.02600852272727273 0.033115384615384616
0 0.16214488636363636 0.10378846153846154 0.03181818181818181 0.038846153846153836
0 0.3529474431818182 0.585375 0.0306676136363636 0.04063461538461537
0 0.37871448863636364 0.5325096153846154 0.0309801136363636 0.04421153846153837
0 0.29797585227272727 0.28674038461538465 0.026292613636363624 0.04871153846153849
0 0.538387784090909 0.1768076923076923 0.025724431818181757 0.03550000000000002
0 0.6552485795454546 0.7385673076923077 0.03285511363636363 0.04682692307692312
0 0.9545454545454546 0.317375 0.026562500000000065 0.03655769230769229
0 0.5918892045454546 0.03661538461538461 0.021818181818181837 0.03115384615384616
0 0.765340909090909 0.04652884615384616 0.029346590909090864 0.04348076923076923
0 0.5837571022727274 0.37800961538461536 0.025667613636363627 0.03678846153846153
0 0.8101988636363636 0.7196923076923077 0.0246306818181817 0.034961538461538474
0 0.5185440340909091 0.5777499999999999 0.03575284090909085 0.05130769230769232
0 0.4475284090909091 0.5661057692307693 0.03099431818181825 0.04355769230769226
0 0.5837500000000001 0.6167307692307692 0.023835227272727313 0.03365384615384615
0 0.7847869318181818 0.14660576923076923 0.02434659090909089 0.03563461538461539
0 0.6831463068181818 0.41165384615384615 0.027258522727272725 0.03946153846153843
0 0.19538352272727275 0.014894230769230769 0.02727272727272728 0.029788461538461538
0 0.16711647727272727 0.13540384615384615 0.02778409090909091 0.03346153846153846
0 0.6461363636363636 0.922375 0.026732954545454535 0.03728846153846151
0 0.6571803977272727 0.11476923076923076 0.010724431818181834 0.01853846153846154
0 0.01740056818181818 0.8329134615384616 0.03480113636363636 0.08782692307692311
0 0.5806676136363635 0.006634615384615385 0.02312500000000004 0.01326923076923077
0 0.7456889204545455 0.22853846153846155 0.025639204545454482 0.039038461538461564
0 0.2389346590909091 0.8219711538461537 0.02875000000000001 0.037826923076923105
0 0.4297798295454545 0.6065480769230769 0.02728693181818187 0.035673076923076946
0 0.11926136363636365 0.41997115384615386 0.02948863636363637 0.03944230769230767
0 0.4512144886363636 0.045134615384615384 0.01595170454545449 0.027076923076923082
0 0.09644886363636364 0.24738461538461537 0.02536931818181818 0.03369230769230771
0 0.09943181818181818 0.48567307692307693 0.03125 0.04057692307692312
0 0.6148224431818181 0.4875096153846154 0.028764204545454544 0.042173076923076994
0 0.562315340909091 0.9370288461538462 0.030056818181818136 0.05144230769230769
0 0.8796519886363637 0.7668846153846154 0.03427556818181818 0.035653846153846196
0 0.10442471590909091 0.12461538461538461 0.02481534090909091 0.03323076923076923
0 0.2380184659090909 0.7279807692307693 0.024105113636363636 0.030346153846153794
0 0.4435866477272727 0.013173076923076925 0.021235795454545438 0.025923076923076924
0 0.45603693181818183 0.022865384615384617 0.02357954545454549 0.025076923076923077
0 0.983515625 0.26176923076923075 0.027372159090909065 0.03938461538461542
0 0.7413636363636364 0.2704423076923077 0.023011363636363538 0.03365384615384615
0 0.11308238636363636 0.5942115384615385 0.02730113636363636 0.03465384615384612
0 0.755 0.8268269230769232 0.024318181818181826 0.04315384615384615
0 0.6186860795454545 0.765 0.024275568181818228 0.035576923076923075
0 0.8777414772727273 0.930326923076923 0.02562500000000011 0.03515384615384621
0 0.48048295454545453 0.7396634615384615 0.024261363636363612 0.03374999999999991
0 0.7436079545454546 0.9662115384615385 0.03551136363636364 0.048346153846153817
0 0.15987926136363637 0.7938365384615385 0.026292613636363645 0.035057692307692345
0 0.26647727272727273 0.2691826923076923 0.027414772727272742 0.03667307692307691
0 0.025426136363636363 0.07873076923076923 0.028693181818181816 0.03869230769230769
0 0.1405965909090909 0.27102884615384615 0.01278409090909091 0.0211346153846154
0 0.5047940340909091 0.7288461538461538 0.03544034090909098 0.04734615384615386
0 0.1236221590909091 0.014711538461538462 0.02872159090909091 0.029423076923076923
0 0.5612784090909091 0.19834615384615384 0.0286931818181818 0.03653846153846154
0 0.8095738636363637 0.9931249999999999 0.02005681818181819 0.013749999999999957
0 0.32215909090909095 0.8440192307692307 0.026392045454545474 0.03915384615384618
0 0.6689204545454545 0.3625384615384615 0.026562499999999985 0.03746153846153844
0 0.3365411931818182 0.3307788461538461 0.02359374999999998 0.03221153846153846
0 0.7951562499999999 0.6959903846153845 0.02446022727272731 0.03928846153846155
0 0.024318181818181815 0.391423076923077 0.028749999999999998 0.03669230769230772
0 0.7017045454545454 0.6663461538461538 0.028409090909090908 0.04038461538461539
0 0.4471732954545455 0.33960576923076924 0.029772727272727326 0.04209615384615382
0 0.7838210227272726 0.8343846153846154 0.03556818181818193 0.054076923076923085
0 0.8240767045454546 0.6045769230769231 0.02198863636363639 0.033230769230769175
0 0.5361150568181818 0.8666923076923077 0.02419034090909087 0.039076923076923065
0 0.31095880681818183 0.9931923076923077 0.03691761363636365 0.013615384615384694
0 0.2137286931818182 0.09952884615384615 0.027428977272727275 0.03721153846153846
0 0.13846590909090908 0.8298076923076924 0.027045454545454553 0.03653846153846154
0 0.6999715909090909 0.8689519230769231 0.024375000000000036 0.03986538461538465
0 0.036328124999999996 0.8348173076923078 0.04041193181818181 0.0800192307692308
0 0.23484375 0.5373846153846153 0.02187500000000001 0.03365384615384615
0 0.5088636363636364 0.10665384615384617 0.025340909090909136 0.038230769230769235
0 0.8230184659090909 0.17010576923076923 0.07561079545454548 0.07744230769230771
0 0.43416903409090907 0.04308653846153846 0.02387784090909091 0.03328846153846154
0 0.4346306818181818 0.5926634615384615 0.02573863636363637 0.03028846153846154
0 0.33590198863636367 0.8986346153846154 0.036093749999999994 0.049500000000000016
0 0.6171590909090909 0.1165576923076923 0.024687499999999994 0.037038461538461534
0 0.46992897727272726 0.3983461538461538 0.023465909090909065 0.0276538461538462
0 0.9494176136363636 0.09902884615384616 0.02701704545454543 0.03421153846153846
0 0.4637002840909091 0.03940384615384615 0.021633522727272755 0.027807692307692308
0 0.008352272727272727 0.7527980769230769 0.016647727272727272 0.033211538461538424
0 0.994190340909091 0.03375961538461538 0.011619318181818111 0.026249999999999996
0 0.6414914772727273 0.09691346153846155 0.03022727272727269 0.040596153846153844
0 0.5756392045454546 0.025826923076923077 0.02119318181818176 0.033269230769230766
0 0.6938991477272727 0.5377403846153846 0.027002840909090896 0.03701923076923077
0 0.8115625000000001 0.4339423076923076 0.024176136363636337 0.03396153846153845
0 0.3108096590909091 0.8683173076923076 0.023210227272727278 0.03294230769230768
0 0.45554687499999996 0.41754807692307694 0.01825284090909094 0.03317307692307692
0 0.6409872159090909 0.706576923076923 0.0370880681818182 0.04411538461538461
0 0.5434303977272728 0.298 0.022400568181818157 0.03119230769230769
0 0.2997585227272727 0.6167692307692308 0.021335227272727245 0.03480769230769224
0 0.5229829545454545 0.6878461538461539 0.027301136363636402 0.03926923076923069
0 0.664609375 0.40284615384615385 0.025866477272727326 0.03850000000000002
0 0.8068181818181818 0.4951923076923077 0.02556818181818182 0.03653846153846154
0 0.6913778409090909 0.29695192307692314 0.026250000000000027 0.037096153846153834
0 0.982997159090909 0.7442596153846154 0.025767045454545435 0.03940384615384617
0 0.1276278409090909 0.27795192307692307 0.020454545454545444 0.034865384615384604
0 0.04767755681818182 0.12099038461538461 0.032940340909090905 0.04217307692307691
0 0.08686789772727273 0.17171153846153844 0.03240056818181818 0.04303846153846156
0 0.6909090909090909 0.33099038461538466 0.02784090909090904 0.03990384615384615
0 0.6805752840909091 0.8634326923076924 0.02359375000000002 0.025326923076923108
0 0.7725639204545455 0.6854711538461539 0.023366477272727337 0.03348076923076917
0 0.06264204545454545 0.875 0.031534090909090914 0.04230769230769231
0 0.31542613636363637 0.33567307692307696 0.023664772727272722 0.03169230769230767
0 0.7799431818181817 0.3252307692307692 0.024204545454545565 0.03976923076923078
0 0.3284659090909091 0.4997403846153846 0.02875000000000001 0.03336538461538466
0 0.06808238636363638 0.20652884615384615 0.032926136363636366 0.04021153846153846
0 0.49519176136363635 0.6286538461538461 0.03717329545454548 0.044384615384615356
0 0.8289772727272727 0.9920865384615385 0.021590909090909157 0.015826923076923113
0 0.7536576704545456 0.11857692307692307 0.027911931818181787 0.041653846153846145
0 0.741590909090909 0.8647019230769231 0.028693181818181722 0.04113461538461536
0 0.8501278409090909 0.5625865384615384 0.02713068181818169 0.036711538461538414
0 0.6306818181818182 0.24615384615384617 0.03409090909090909 0.046153846153846156
0 0.019069602272727273 0.13017307692307692 0.021519886363636363 0.02946153846153845
0 0.012940340909090908 0.7752403846153846 0.025880681818181817 0.036365384615384556
0 0.15631392045454545 0.7668173076923077 0.027400568181818172 0.03694230769230776
0 0.8537144886363636 0.8914807692307692 0.028451704545454506 0.036807692307692284
0 0.8122443181818181 0.3195480769230769 0.03292613636363629 0.05098076923076921
0 0.4138849431818182 0.9889711538461539 0.02754261363636362 0.02205769230769236
0 0.5596590909090909 0.4201923076923077 0.02556818181818182 0.03653846153846154
0 0.8498366477272729 0.6039423076923076 0.031008522727272784 0.04288461538461541
0 0.871171875 0.18178846153846154 0.024588068181818266 0.033307692307692295
0 0.7912571022727274 0.9069903846153846 0.06734374999999995 0.08386538461538465
0 0.1714914772727273 0.8174423076923076 0.024517045454545482 0.03526923076923083
0 0.4752130681818182 0.4235961538461538 0.022926136363636343 0.029153846153846148
0 0.0784659090909091 0.14439423076923077 0.04019886363636363 0.05055769230769232
0 0.7939772727272728 0.4443269230769231 0.029886363636363586 0.0425769230769231
0 0.766193181818182 0.473125 0.027528409090909086 0.035596153846153826
0 0.5248295454545455 0.7548942307692307 0.0277272727272727 0.03836538461538459
0 0.05544034090909091 0.2710480769230769 0.030312500000000006 0.041442307692307716
0 0.6830113636363637 0.8852692307692307 0.02585227272727271 0.029076923076923087
0 0.6604474431818183 0.9065961538461539 0.027059659090909106 0.03765384615384623
0 0.273359375 0.3534423076923077 0.03032670454545454 0.03553846153846152
0 0.8176775568181818 0.6799326923076923 0.03776988636363641 0.05294230769230764
0 0.8006889204545454 0.4057307692307693 0.02339488636363624 0.035307692307692276
0 0.47985795454545455 0.38226923076923075 0.020198863636363674 0.02630769230769232
0 0.04058948863636364 0.21389423076923075 0.03555397727272728 0.05959615384615383
0 0.923125 0.5702307692307692 0.029261363636363506 0.04138461538461535
0 0.56796875 0.6755865384615385 0.026562499999999985 0.04059615384615387
0 0.6506889204545455 0.6691730769230769 0.028707386363636334 0.039884615384615296
0 0.06050426136363636 0.17475961538461537 0.02467329545454546 0.0324807692307692
0 0.12105823863636363 0.3079230769230769 0.02279829545454545 0.02653846153846156
0 0.5297443181818182 0.12134615384615384 0.02482954545454548 0.03557692307692306
0 0.8316761363636364 0.74625 0.024147727272727272 0.030961538461538506
0 0.6787286931818183 0.8326057692307693 0.038821022727272704 0.04628846153846153
0 0.29828835227272726 0.5344903846153847 0.04714488636363636 0.06951923076923072
0 0.24449573863636365 0.9613846153846153 0.03509943181818179 0.046538461538461515
0 0.021882102272727272 0.013124999999999998 0.043764204545454544 0.026019230769230767
0 0.11665482954545454 0.32029807692307694 0.02026988636363638 0.029442307692307698
0 0.9453480113636363 0.8307692307692308 0.024218749999999935 0.03461538461538462
0 0.8835511363636364 0.8 0.03150568181818191 0.03600000000000005
0 0.32506392045454546 0.28180769230769237 0.029417613636363606 0.04200000000000001
0 0.14235795454545455 0.7424134615384615 0.0302840909090909 0.0515192307692307
0 0.718828125 0.3995384615384615 0.032088068181818225 0.044961538461538456
0 0.22363636363636363 0.7759903846153846 0.05644886363636365 0.06863461538461538
0 0.3455042613636364 0.27228846153846153 0.02322443181818181 0.033769230769230774
0 0.6877698863636363 0.9155480769230769 0.024204545454545402 0.03198076923076922
0 0.3638494318181818 0.6052211538461539 0.02053977272727274 0.030942307692307644
0 0.22022017045454545 0.2810384615384615 0.028821022727272758 0.03619230769230773
0 0.2511221590909091 0.522451923076923 0.028977272727272737 0.033788461538461524
0 0.30949573863636365 0.37195192307692304 0.01845170454545456 0.025365384615384613
0 0.044737215909090904 0.32277884615384617 0.02865056818181818 0.04355769230769226
0 0.5516903409090909 0.8865673076923076 0.02701704545454543 0.03532692307692309
0 0.9534303977272726 0.22645192307692308 0.04521306818181824 0.06132692307692305
0 0.4600213068181818 0.5985288461538462 0.025639204545454562 0.03290384615384618
0 0.7642826704545456 0.41923076923076924 0.025724431818181837 0.038461538461538464
0 0.32717329545454543 0.46588461538461534 0.025624999999999988 0.0372307692307692
0 0.9949431818181819 0.7367307692307693 0.01011363636363637 0.038500000000000076
0 0.45694602272727275 0.5706730769230769 0.026051136363636408 0.03526923076923083
