0 0.31236505681818183 0.7997019230769231 0.027997159090909062 0.027903846153846244
0 0.7965767045454545 0.7213076923076923 0.01883522727272726 0.026153846153846198
0 0.9787642045454544 0.010586538461538461 0.02676136363636368 0.021173076923076923
0 0.3962784090909091 0.02110576923076923 0.08122159090909092 0.04221153846153846
0 0.44941051136363636 0.7758461538461539 0.02061079545454544 0.0226538461538461
0 0.02936789772727273 0.9057211538461539 0.03632102272727273 0.04740384615384622
0 0.051143465909090906 0.26146153846153847 0.029417613636363638 0.04126923076923076
0 0.1127059659090909 0.2208076923076923 0.027485795454545447 0.039115384615384594
0 0.32249289772727274 0.8157884615384616 0.030298295454545432 0.03480769230769224
0 0.2844460227272727 0.815548076923077 0.037329545454545414 0.04913461538461541
0 0.6758948863636364 0.5128653846153846 0.058352272727272704 0.04980769230769226
0 0.26348011363636364 0.08785576923076924 0.04122159090909092 0.04221153846153845
0 0.9718110795454545 0.9625096153846153 0.02873579545454548 0.03690384615384615
0 0.6557386363636364 0.9652115384615385 0.03997159090909089 0.045923076923076914
0 0.45980113636363645 0.8290288461538462 0.029772727272727242 0.04124999999999998
0 0.057485795454545456 0.22699999999999998 0.024829545454545455 0.03719230769230767
0 0.7135511363636364 0.27740384615384617 0.025965909090909133 0.028730769230769226
0 0.11772017045454546 0.49480769230769234 0.029417613636363648 0.03769230769230773
0 0.2146022727272727 0.1337596153846154 0.014261363636363626 0.017634615384615387
0 0.09024857954545454 0.045884615384615385 0.03399147727272727 0.047461538461538465
0 0.08223011363636364 0.6860576923076923 0.03275568181818182 0.036730769230769275
0 0.9812215909090909 0.9823557692307692 0.027755681818181766 0.03528846153846158
0 0.017265625 0.47475961538461536 0.023934659090909086 0.037596153846153814
0 0.5877840909090909 0.9705192307692307 0.016136363636363657 0.022115384615384617
0 0.9802556818181817 0.5668173076923076 0.03002840909090907 0.05340384615384612
0 0.54234375 0.011009615384615383 0.033267045454545396 0.022019230769230767
0 0.5606818181818182 0.7138942307692309 0.01997159090909091 0.03255769230769232
0 0.9290340909090908 0.8730576923076924 0.0288920454545455 0.036038461538461554
0 0.21037642045454544 0.6239423076923077 0.03436079545454545 0.04507692307692307
0 0.3249644886363636 0.6969134615384615 0.03382102272727273 0.06082692307692307
0 0.030809659090909092 0.9508846153846153 0.03411931818181819 0.05723076923076921
0 0.014275568181818181 0.5439711538461539 0.028011363636363636 0.03986538461538465
0 0.026477272727272728 0.8166538461538461 0.022670454545454546 0.03696153846153841
0 0.8198295454545454 0.012730769230769231 0.03517045454545453 0.025461538461538463
0 0.3078622159090909 0.36116346153846157 0.06680397727272727 0.09221153846153844
0 0.2884090909090909 0.7605865384615385 0.03258522727272727 0.0550961538461538
0 0.5991051136363637 0.6816057692307692 0.026335227272727302 0.04121153846153836
0 0.9860298295454545 0.6023173076923076 0.027940340909090852 0.04571153846153843
0 0.8573650568181819 0.4614903846153846 0.02279829545454555 0.03667307692307691
0 0.19540482954545454 0.5410673076923077 0.025184659090909115 0.04244230769230768
0 0.7105894886363636 0.231625 0.03416193181818175 0.047673076923076936
0 0.2566974431818182 0.8850096153846154 0.025980113636363666 0.03398076923076926
0 0.6153338068181818 0.22163461538461537 0.03151988636363636 0.04888461538461536
0 0.9538210227272728 0.21940384615384617 0.029460227272727287 0.041384615384615374
0 0.9549289772727273 0.6190192307692307 0.026136363636363603 0.03296153846153844
0 0.004566761363636363 0.4810865384615385 0.009133522727272726 0.041173076923076916
0 0.5224147727272727 0.022634615384615385 0.029232954545454524 0.03957692307692307
0 0.18078125 0.4299423076923077 0.028011363636363636 0.05580769230769233
0 0.0059730113636363635 0.04624038461538462 0.011946022727272727 0.043403846153846154
0 0.11745738636363635 0.6938173076923076 0.029232954545454545 0.046019230769230784
0 0.6368181818181818 0.5613846153846153 0.02926136363636367 0.047692307692307714
0 0.1510724431818182 0.8079807692307692 0.027968749999999997 0.040846153846153865
0 0.1752414772727273 0.29865384615384616 0.014090909090909114 0.022653846153846156
0 0.6175710227272727 0.061057692307692306 0.0234375 0.028307692307692305
0 0.5828835227272727 0.6890096153846154 0.022499999999999964 0.025634615384615353
0 0.7109232954545455 0.6368173076923077 0.07585227272727278 0.07298076923076921
0 0.16132102272727275 0.2650384615384615 0.04122159090909092 0.055576923076923086
0 0.04884943181818182 0.5148365384615385 0.028011363636363636 0.039096153846153815
0 0.33975852272727275 0.7973076923076924 0.026420454545454577 0.04173076923076921
0 0.7870525568181819 0.8230096153846155 0.028934659090909098 0.037403846153846135
0 0.44904829545454544 0.06638461538461539 0.05971590909090904 0.07846153846153847
0 0.45406960227272725 0.6378846153846155 0.02958806818181816 0.04388461538461537
0 0.27602272727272725 0.9956538461538462 0.018551136363636367 0.008692307692307657
0 0.7916406250000001 0.4877596153846154 0.02819602272727276 0.04501923076923071
0 0.5996022727272727 0.07241346153846154 0.024232954545454547 0.03901923076923076
0 0.9392471590909092 0.2433173076923077 0.029147727272727245 0.021865384615384623
0 0.4579474431818182 0.4111057692307692 0.03205965909090908 0.054365384615384635
0 0.6502982954545454 0.2644423076923077 0.022187500000000006 0.03146153846153843
0 0.607109375 0.6256730769230769 0.027684659090909024 0.03819230769230761
0 0.5029474431818182 0.17954807692307695 0.02589488636363639 0.037211538461538476
0 0.15207386363636363 0.6660288461538463 0.024488636363636376 0.04578846153846154
0 0.9411363636363635 0.6086826923076922 0.023863636363636462 0.035596153846153826
0 0.6753053977272727 0.2668269230769231 0.05143465909090906 0.047230769230769236
0 0.9293607954545454 0.6428557692307691 0.019488636363636402 0.027019230769230792
0 0.4455326704545454 0.7496153846153846 0.029417613636363606 0.04365384615384613
0 0.7482528409090908 0.9160192307692308 0.02028409090909087 0.03361538461538465
0 0.2075 0.9943846153846154 0.03318181818181816 0.01061538461538458
0 0.5753835227272727 0.4262980769230769 0.026278409090909092 0.03955769230769235
0 0.6616974431818181 0.19722115384615385 0.025752840909090902 0.03486538461538463
0 0.252734375 0.9037788461538462 0.02686079545454545 0.026826923076923054
0 0.746903409090909 0.9807884615384616 0.02744318181818189 0.038423076923076956
0 0.7959730113636364 0.9106442307692307 0.02873579545454548 0.036634615384615404
0 0.9213494318181819 0.20364423076923077 0.025653409090909015 0.03774999999999999
0 0.17629261363636364 0.3859423076923077 0.02713068181818181 0.036
0 0.28268465909090906 0.6104711538461539 0.05602272727272727 0.07678846153846156
0 0.157890625 0.07068269230769231 0.029417613636363648 0.03936538461538462
0 0.6434730113636363 0.8137884615384615 0.02606534090909094 0.03992307692307691
0 0.30954545454545457 0.4472307692307692 0.026960227272727257 0.030269230769230788
0 0.7961505681818182 0.05323076923076923 0.0277272727272727 0.04096153846153846
0 0.5343039772727273 0.44949038461538465 0.026249999999999944 0.03863461538461539
0 0.9949928977272727 0.012403846153846154 0.009502840909090987 0.02480769230769231
0 0.6631889204545455 0.1106923076923077 0.022485795454545432 0.03365384615384615
0 0.15524147727272727 0.5521634615384615 0.025539772727272734 0.05794230769230768
0 0.3144318181818182 0.3309134615384615 0.01948863636363636 0.028173076923076933
0 0.7893607954545455 0.853798076923077 0.028323863636363553 0.035057692307692234
0 0.7965411931818182 0.43736538461538466 0.049417613636363586 0.08361538461538459
0 0.6029758522727273 0.9906153846153847 0.011349431818181831 0.015653846153846237
0 0.6589204545454546 0.9921634615384615 0.01241477272727274 0.015365384615384524
0 0.9717897727272727 0.3140769230769231 0.030255681818181755 0.04246153846153849
0 0.6276633522727273 0.25538461538461543 0.029076704545454583 0.041499999999999995
0 0.6103551136363636 0.8175673076923077 0.027159090909090914 0.036134615384615314
0 0.9938849431818181 0.7185673076923076 0.012173295454545525 0.03559615384615394
0 0.9744886363636364 0.7521923076923077 0.03409090909090909 0.046153846153846156
0 0.05483664772727272 0.16035576923076925 0.03046875 0.03744230769230769
0 0.5837926136363637 0.990125 0.015596590909090935 0.019096153846153967
0 0.9451917613636364 0.5792307692307692 0.02353693181818189 0.028576923076923104
0 0.8845596590909092 0.6937307692307693 0.03894886363636374 0.03823076923076922
0 0.43487215909090904 0.7989807692307693 0.02536931818181812 0.03934615384615381
0 0.18129261363636362 0.9626634615384616 0.03633522727272725 0.055750000000000126
0 0.6343607954545455 0.03682692307692308 0.03991477272727268 0.04888461538461538
0 0.14727272727272728 0.9306153846153845 0.02113636363636365 0.03042307692307691
0 0.10142755681818182 0.5334423076923077 0.023252840909090914 0.03338461538461541
0 0.9872798295454547 0.14886538461538462 0.025440340909090864 0.03796153846153845
0 0.13569602272727274 0.5634807692307692 0.024488636363636376 0.04149999999999997
0 0.03044744318181818 0.2680192307692308 0.02007102272727273 0.02430769230769228
0 0.7656605113636363 0.06190384615384615 0.026605113636363663 0.036884615384615384
0 0.3426278409090909 0.007317307692307692 0.029062500000000012 0.014634615384615385
0 0.12829545454545455 0.6389615384615385 0.025539772727272734 0.03361538461538465
0 0.3679332386363636 0.12505769230769231 0.03910511363636368 0.046500000000000014
0 0.6326917613636364 0.4947115384615385 0.04521306818181816 0.05099999999999996
0 0.789737215909091 0.07809615384615384 0.03546875000000004 0.032807692307692315
0 0.3299786931818182 0.8362980769230769 0.014275568181818198 0.018134615384615287
0 0.7200071022727272 0.9658269230769231 0.02680397727272736 0.031153846153846133
0 0.28673295454545455 0.19063461538461537 0.0859659090909091 0.10326923076923078
0 0.07958806818181818 0.19397115384615388 0.040511363636363644 0.04840384615384616
0 0.4526633522727273 0.4380480769230769 0.02359375000000002 0.0300576923076923
0 0.9414630681818181 0.020846153846153848 0.033267045454545396 0.04138461538461539
0 0.6530823863636364 0.7093846153846154 0.04073863636363637 0.05903846153846162
0 0.6991051136363636 0.5696826923076923 0.029090909090909115 0.039634615384615414
0 0.9070170454545454 0.28887499999999994 0.025170454545454583 0.042249999999999996
0 0.3160653409090909 0.6591153846153847 0.042812500000000024 0.05626923076923075
0 0.79171875 0.25939423076923074 0.04767045454545447 0.03774999999999999
0 0.2788991477272727 0.24441346153846152 0.027997159090909062 0.03148076923076924
0 0.4826988636363637 0.13424038461538462 0.030113636363636346 0.041980769230769224
0 0.8313991477272729 0.6381346153846155 0.021264204545454423 0.04219230769230769
0 0.16599431818181817 0.5275961538461539 0.029062500000000012 0.03934615384615381
0 0.8070525568181818 0.9135673076923077 0.029872159090909053 0.040942307692307625
0 0.849659090909091 0.8161442307692307 0.02369318181818175 0.03517307692307696
0 0.6710298295454545 0.09739423076923076 0.017258522727272775 0.016519230769230762
0 0.9611008522727272 0.5986826923076923 0.029701704545454663 0.03932692307692316
0 0.7145028409090909 0.06995192307692308 0.03230113636363638 0.03194230769230769
0 0.1353409090909091 0.5124519230769231 0.032244318181818166 0.04578846153846154
0 0.22917613636363637 0.7894711538461539 0.03434659090909092 0.054557692307692314
0 0.3269247159090909 0.3232019230769231 0.01862215909090911 0.026403846153846187
0 0.5886292613636364 0.7672403846153847 0.02995738636363633 0.04001923076923077
0 0.8342400568181819 0.49011538461538456 0.02279829545454555 0.03257692307692307
0 0.49652698863636363 0.3941730769230769 0.025014204545454565 0.044846153846153834
0 0.11799005681818181 0.5284326923076923 0.027116477272727278 0.03767307692307687
0 0.6698437500000001 0.04829807692307693 0.035795454545454526 0.059826923076923076
0 0.07298295454545455 0.007980769230769232 0.02482954545454545 0.015961538461538465
0 0.194609375 0.10884615384615383 0.03805397727272728 0.05365384615384615
0 0.49150568181818177 0.8769615384615385 0.03786931818181822 0.05126923076923082
0 0.582421875 0.707076923076923 0.03646306818181821 0.026461538461538443
0 0.3440767045454546 0.46572115384615387 0.043153409090909124 0.06725000000000005
0 0.34891335227272724 0.6911826923076922 0.02359374999999998 0.04221153846153844
0 0.7366619318181818 0.9465576923076923 0.022556818181818095 0.041807692307692323
0 0.5523295454545455 0.7392307692307691 0.012812500000000055 0.02688461538461531
0 0.7153764204545454 0.041644230769230774 0.033423295454545414 0.03194230769230769
0 0.6032173295454545 0.7639807692307692 0.035838068181818124 0.04007692307692303
0 0.7943607954545455 0.8842403846153847 0.019232954545454494 0.034865384615384604
0 0.8172230113636364 0.7856442307692307 0.01862215909090911 0.029519230769230704
0 0.7622514204545454 0.8390384615384614 0.02771306818181817 0.053499999999999985
0 0.7022230113636364 0.9404038461538461 0.030894886363636364 0.05042307692307697
0 0.24840198863636365 0.9943846153846152 0.021434659090909056 0.011153846153846285
0 0.7811008522727273 0.29777884615384614 0.05748579545454549 0.04501923076923082
0 0.22112215909090913 0.5479807692307693 0.034346590909090875 0.05103846153846158
0 0.6355042613636364 0.41536538461538464 0.025582386363636352 0.04126923076923079
0 0.7208380681818182 0.25972115384615385 0.03357954545454544 0.030673076923076928
0 0.06321022727272728 0.7021538461538461 0.0359375 0.03457692307692311
0 0.015220170454545455 0.4220673076923077 0.03044034090909091 0.03863461538461539
0 0.589140625 0.41699038461538457 0.024105113636363674 0.03598076923076925
0 0.20412642045454543 0.5637211538461538 0.027485795454545447 0.026711538461538436
0 0.4952059659090909 0.5472692307692307 0.017798295454545417 0.025769230769230725
0 0.8146803977272726 0.4933365384615385 0.022656250000000065 0.03559615384615388
0 0.49626420454545456 0.4188557692307692 0.010397727272727263 0.015980769230769236
0 0.920106534090909 0.8531826923076923 0.02532670454545444 0.034942307692307724
0 0.5203053977272727 0.26563461538461536 0.03205965909090908 0.04576923076923076
0 0.37075994318181815 0.5956826923076923 0.07961647727272729 0.0901346153846154
0 0.6203409090909091 0.08710576923076924 0.02232954545454541 0.027673076923076925
0 0.30936789772727274 0.7753653846153846 0.04174715909090911 0.05223076923076917
0 0.867265625 0.22723076923076924 0.03342329545454558 0.04461538461538459
0 0.14291193181818182 0.5969903846153847 0.032244318181818166 0.04078846153846161
0 0.49546164772727275 0.21222115384615384 0.026775568181818213 0.034826923076923075
0 0.6289701704545454 0.792471153846154 0.03367897727272724 0.044750000000000074
0 0.35904119318181815 0.8277211538461537 0.031178977272727296 0.04817307692307694
0 0.6871946022727272 0.4266346153846154 0.034701704545454556 0.03819230769230772
0 0.9498579545454546 0.13952884615384617 0.03230113636363638 0.04375000000000001
0 0.37154829545454543 0.6773557692307692 0.03224431818181821 0.05271153846153851
0 0.5707102272727272 0.7403557692307693 0.02616477272727275 0.0336730769230769
0 0.703359375 0.6593557692307692 0.02044034090909089 0.02828846153846161
0 0.8460369318181818 0.20997115384615386 0.03088068181818183 0.04309615384615384
0 0.14300426136363636 0.46667307692307697 0.023252840909090914 0.02719230769230772
0 0.8503053977272728 0.636048076923077 0.022400568181818157 0.03713461538461539
0 0.5683735795454545 0.6729326923076923 0.041889204545454556 0.04390384615384613
0 0.8367755681818181 0.45816346153846155 0.025028409090909098 0.0360192307692308
0 0.6441832386363636 0.11325961538461539 0.025980113636363586 0.037096153846153855
0 0.18844460227272727 0.37354807692307695 0.034531249999999986 0.05078846153846153
0 0.2178409090909091 0.8101826923076924 0.03369318181818182 0.03994230769230766
0 0.4120667613636364 0.0526826923076923 0.03646306818181821 0.04578846153846153
0 0.6982812500000001 0.6757596153846154 0.03755681818181818 0.027057692307692293
0 0.6068252840909092 0.970173076923077 0.02708806818181817 0.04611538461538465
0 0.03212357954545455 0.24250961538461535 0.027656249999999997 0.03386538461538462
0 0.5368607954545455 0.8844711538461538 0.04650568181818183 0.06440384615384617
0 0.6904332386363636 0.45747115384615383 0.021207386363636293 0.03013461538461536
0 0.7941761363636364 0.8144807692307692 0.035823863636363674 0.03869230769230759
0 0.546200284090909 0.2180576923076923 0.03663352272727276 0.08369230769230772
0 0.3982386363636364 0.5408269230769231 0.09159090909090911 0.11303846153846155
0 0.5853693181818183 0.9770576923076923 0.02690340909090909 0.04573076923076929
0 0.838046875 0.09225 0.028508522727272636 0.04053846153846154
0 0.22906960227272724 0.7398365384615384 0.032372159090909076 0.06082692307692307
0 0.25864346590909093 0.2371346153846154 0.02166193181818182 0.035538461538461574
0 0.10512784090909091 0.5619326923076923 0.027471590909090914 0.03171153846153848
0 0.8956960227272728 0.20375000000000001 0.029460227272727287 0.032384615384615394
0 0.4610511363636364 0.008682692307692308 0.03647727272727274 0.017365384615384616
0 0.8202485795454545 0.8101346153846154 0.022571022727272707 0.029307692307692326
0 0.5863920454545455 0.7292980769230769 0.034517045454545474 0.03767307692307687
0 0.12943892045454544 0.6662692307692307 0.029588068181818198 0.03338461538461541
0 0.5041832386363637 0.30414423076923075 0.032940340909090905 0.056519230769230745
0 0.6864772727272727 0.9675673076923077 0.01696022727272727 0.016596153846153837
0 0.010816761363636363 0.4472307692307692 0.021633522727272727 0.030269230769230788
0 0.46825284090909086 0.14520192307692306 0.024119318181818127 0.03290384615384615
0 0.9219815340909091 0.5838461538461539 0.028082386363636337 0.046153846153846156
0 0.801924715909091 0.792298076923077 0.0249857954545455 0.03463461538461537
0 0.01838068181818182 0.03718269230769231 0.02835227272727273 0.038634615384615385
0 0.6520809659090909 0.21665384615384614 0.033963068181818136 0.0346923076923077
0 0.9170667613636364 0.01205769230769231 0.028508522727272636 0.023807692307692307
0 0.10433948863636364 0.6626923076923077 0.027997159090909093 0.041961538461538446
0 0.9924360795454544 0.6859326923076923 0.015127840909090877 0.0336346153846154
0 0.48040482954545455 0.3990576923076923 0.022372159090909092 0.05507692307692311
0 0.06364346590909091 0.13364423076923077 0.02589488636363637 0.04221153846153845
0 0.5159019886363636 0.46213461538461537 0.024303977272727293 0.04292307692307691
0 0.7228125 0.9405096153846154 0.014829545454545533 0.027673076923076897
0 0.9475426136363635 0.9323942307692308 0.024034090909090852 0.03559615384615394
0 0.8502343750000001 0.67725 0.039446022727272864 0.05142307692307694
0 0.8382954545454545 0.7391153846153847 0.026306818181818157 0.05734615384615383
0 0.8302414772727272 0.8551346153846153 0.024687499999999994 0.03526923076923072
0 0.10847301136363638 0.5898365384615385 0.026775568181818196 0.03313461538461531
0 0.7461292613636364 0.7849134615384615 0.025440340909090864 0.036288461538461436
0 0.04533380681818182 0.8215384615384616 0.02157670454545454 0.03576923076923081
0 0.9335440340909091 0.12098076923076923 0.03200284090909087 0.04096153846153847
0 0.3409872159090909 0.6378942307692307 0.04367897727272727 0.06009615384615385
0 0.8752272727272729 0.7224134615384615 0.026136363636363603 0.03759615384615387
0 0.07615767045454545 0.23797115384615386 0.028366477272727272 0.03909615384615384
0 0.32015625 0.02530769230769231 0.035767045454545426 0.05061538461538462
0 0.3649502840909091 0.7887211538461538 0.028536931818181864 0.04078846153846161
0 0.01762784090909091 0.5107403846153846 0.028494318181818187 0.03824999999999997
0 0.9585014204545454 0.6598846153846154 0.03521306818181813 0.04923076923076927
0 0.24842329545454545 0.635625 0.023778409090909062 0.030750000000000017
0 0.5864488636363636 0.21436538461538462 0.05443181818181817 0.09730769230769232
0 0.4885795454545454 0.006451923076923077 0.01792613636363637 0.012903846153846155
0 0.6854403409090909 0.5922211538461538 0.02803977272727274 0.03913461538461543
0 0.33509232954545454 0.13149038461538462 0.032940340909090905 0.04363461538461538
0 0.269296875 0.6572115384615385 0.025355113636363627 0.03434615384615387
0 0.010163352272727274 0.941298076923077 0.020326704545454547 0.05098076923076921
0 0.6408451704545454 0.5294711538461538 0.036264204545454586 0.0526730769230769
0 0.6147301136363637 0.6052692307692308 0.032414772727272716 0.04342307692307689
0 0.6794318181818182 0.6939038461538461 0.0398295454545454 0.05596153846153851
0 0.5693678977272727 0.7647596153846155 0.025014204545454565 0.055942307692307756
0 0.6549644886363637 0.23964423076923078 0.030468749999999985 0.028134615384615404
