0 0.5624928977272727 0.6417884615384616 0.044332386363636414 0.04057692307692301
0 0.8830184659090908 0.5787692307692308 0.033196022727272734 0.035461538461538454
0 0.8935937500000001 0.20973076923076925 0.032272727272727314 0.04292307692307691
0 0.3812286931818182 0.3153846153846154 0.06146306818181815 0.1226538461538461
0 0.9016548295454545 0.2236826923076923 0.0355823863636363 0.0544807692307692
0 0.9132315340909091 0.5650769230769231 0.02515625000000005 0.03757692307692312
0 0.45842329545454547 0.5727596153846155 0.02460227272727272 0.03259615384615382
0 0.4717471590909091 0.5913269230769231 0.02460227272727272 0.0731923076923077
0 0.986512784090909 0.7143461538461539 0.02697443181818183 0.041807692307692323
0 0.9045241477272729 0.1570673076923077 0.02637784090909098 0.06394230769230769
0 0.07578835227272727 0.5736057692307692 0.024872159090909087 0.026019230769230826
0 0.6550071022727273 0.130375 0.020411931818181826 0.03132692307692308
0 0.02486505681818182 0.7467211538461538 0.018281250000000002 0.02313461538461544
0 0.9441477272727273 0.02707692307692308 0.06519886363636361 0.05311538461538462
0 0.7746661931818182 0.8744903846153846 0.042002840909090816 0.057134615384615346
0 0.11805397727272728 0.8423365384615384 0.02968750000000001 0.03355769230769229
0 0.4259161931818182 0.9669903846153846 0.02623579545454541 0.05901923076923066
0 0.6395170454545455 0.744173076923077 0.031164772727272725 0.040423076923077
0 0.39014914772727277 0.6270384615384615 0.03992897727272729 0.056499999999999995
0 0.786690340909091 0.35873076923076924 0.03866477272727276 0.04853846153846156
0 0.04581676136363637 0.8283173076923077 0.04123579545454546 0.09182692307692308
0 0.1528622159090909 0.5589134615384616 0.026661931818181814 0.03090384615384614
0 0.8850923295454546 0.47833653846153845 0.028536931818181864 0.03405769230769227
0 0.45964488636363643 0.42422115384615383 0.051079545454545426 0.040365384615384636
0 0.5816761363636364 0.13557692307692307 0.026988636363636364 0.03653846153846154
0 0.41708806818181815 0.22076923076923077 0.03997159090909089 0.044653846153846155
0 0.09488636363636363 0.5457596153846154 0.021931818181818177 0.031519230769230744
0 0.5232102272727274 0.07083653846153846 0.02215909090909086 0.04351923076923077
0 0.8810014204545454 0.6063365384615385 0.019815340909090973 0.01971153846153846
0 0.7052272727272727 0.1997980769230769 0.022443181818181834 0.0449423076923077
0 0.11214488636363634 0.5052692307692308 0.02102272727272727 0.03488461538461541
0 0.3024360795454546 0.3727403846153846 0.028451704545454547 0.04109615384615385
0 0.24164062500000003 0.6220673076923078 0.022542613636363642 0.025326923076923108
0 0.6887642045454545 0.12999999999999998 0.017159090909090888 0.04900000000000001
0 0.9009019886363636 0.6051634615384615 0.02103693181818174 0.028480769230769237
0 0.5457386363636364 0.3593173076923077 0.02690340909090909 0.03028846153846154
0 0.41973011363636364 0.5032115384615385 0.0409943181818182 0.07388461538461535
0 0.07158380681818183 0.768375 0.047911931818181826 0.04648076923076915
0 0.48756392045454544 0.3004326923076923 0.02958806818181824 0.042519230769230795
0 0.2395809659090909 0.6463557692307693 0.019985795454545444 0.026711538461538436
0 0.6785582386363637 0.8163846153846154 0.03393465909090907 0.03580769230769232
0 0.44727982954545453 0.5984326923076924 0.03254261363636359 0.04855769230769231
0 0.5601775568181818 0.05244230769230769 0.021008522727272674 0.030269230769230774
0 0.8076704545454546 0.3544519230769231 0.018750000000000065 0.01967307692307696
0 0.5992542613636364 0.6894903846153846 0.030752840909090876 0.044403846153846106
0 0.5050710227272727 0.24232692307692308 0.03252840909090906 0.05411538461538464
0 0.3419602272727273 0.4560192307692308 0.03161931818181817 0.053499999999999985
0 0.989637784090909 0.08962500000000001 0.020724431818181864 0.043711538461538454
0 0.5250426136363636 0.5606153846153846 0.04869318181818178 0.0374615384615385
0 0.5384730113636363 0.8586538461538461 0.024701704545454527 0.038461538461538464
0 0.28946732954545457 0.44425 0.03478693181818183 0.039384615384615365
0 0.5747159090909091 0.8325384615384616 0.028409090909090908 0.033884615384615395
0 0.10850852272727272 0.8123461538461538 0.02593749999999999 0.03726923076923076
0 0.5632386363636364 0.48735576923076923 0.021789772727272692 0.03440384615384618
0 0.5467045454545455 0.8411730769230769 0.025028409090909098 0.033230769230769286
0 0.6330681818181817 0.7086538461538462 0.03309659090909092 0.03584615384615382
0 0.6111221590909092 0.06033653846153846 0.03034090909090911 0.03975
0 0.5498011363636363 0.3854711538461538 0.021931818181818177 0.03059615384615384
0 0.788799715909091 0.25482692307692306 0.023196022727272784 0.02411538461538463
0 0.1853977272727273 0.5965769230769231 0.024857954545454565 0.03815384615384611
0 0.2467755681818182 0.4513076923076923 0.05187500000000001 0.0381153846153846
0 0.84171875 0.9121923076923076 0.026448863636363642 0.05384615384615385
0 0.28361505681818183 0.41021153846153846 0.028139204545454547 0.04238461538461542
0 0.07465909090909091 0.5327596153846154 0.03028409090909091 0.017749999999999926
0 0.7978267045454547 0.331923076923077 0.024374999999999956 0.032999999999999995
0 0.811143465909091 0.9151057692307693 0.03919034090909095 0.06728846153846156
0 0.059218749999999994 0.5541730769230769 0.02125 0.03384615384615389
0 0.12877130681818183 0.6749423076923078 0.021207386363636373 0.033192307692307785
0 0.8768394886363637 0.11714423076923076 0.02748579545454549 0.04932692307692306
0 0.7024289772727272 0.4818557692307692 0.01786931818181816 0.04232692307692306
0 0.4031960227272728 0.08222115384615383 0.02803977272727274 0.03932692307692307
0 0.6474431818181818 0.5974326923076922 0.029829545454545456 0.03890384615384608
0 0.778728693181818 0.23404807692307694 0.023196022727272784 0.03140384615384615
0 0.9632741477272727 0.43320192307692307 0.04501420454545462 0.046326923076923085
0 0.43334517045454546 0.28147115384615384 0.030042613636363603 0.06209615384615383
0 0.04182528409090909 0.5518461538461539 0.01759943181818182 0.024230769230769167
0 0.7518821022727273 0.8856538461538461 0.035071022727272645 0.048999999999999926
0 0.6711008522727272 0.25065384615384617 0.025752840909090902 0.03915384615384618
0 0.7372514204545456 0.23769230769230767 0.02038352272727276 0.029192307692307677
0 0.8615624999999999 0.3019423076923077 0.010312499999999987 0.017461538461538487
0 0.6438636363636363 0.5643557692307692 0.05051136363636364 0.032711538461538556
0 0.819737215909091 0.32810576923076923 0.03217329545454542 0.046826923076923065
0 0.8102911931818181 0.15246153846153845 0.02038352272727276 0.03134615384615387
0 0.9625142045454546 0.5726346153846154 0.03968750000000008 0.0351153846153846
0 0.2464559659090909 0.4159903846153846 0.027201704545454553 0.03851923076923077
0 0.802450284090909 0.2035673076923077 0.02552556818181806 0.033634615384615374
0 0.845411931818182 0.46057692307692305 0.025994318181818278 0.03715384615384614
0 0.9857883522727273 0.3841346153846154 0.02842329545454544 0.05315384615384613
0 0.8630468750000001 0.5478653846153846 0.026463068181818174 0.04038461538461539
0 0.6339417613636363 0.4078461538461538 0.022968750000000024 0.03649999999999998
0 0.6186931818181818 0.021932692307692306 0.032670454545454544 0.04371153846153846
0 0.14706676136363636 0.6157019230769231 0.02697443181818181 0.04951923076923077
0 0.33886363636363637 0.3301442307692308 0.015539772727272723 0.02328846153846151
0 0.47125710227272727 0.08922115384615384 0.04271306818181817 0.038557692307692314
0 0.030099431818181813 0.5859134615384615 0.02625 0.048903846153846166
0 0.3949005681818182 0.16882692307692307 0.046875 0.04319230769230768
0 0.8743181818181818 0.6821826923076924 0.027414772727272663 0.04925000000000002
0 0.2364488636363636 0.6833557692307692 0.024460227272727272 0.03359615384615379
0 0.9872514204545454 0.23446153846153844 0.025468750000000092 0.04134615384615382
0 0.89953125 0.8858076923076923 0.052500000000000054 0.05315384615384613
0 0.22165482954545457 0.6061057692307692 0.022031250000000027 0.031557692307692245
0 0.1668181818181818 0.5941442307692308 0.013835227272727285 0.0229038461538462
0 0.895340909090909 0.5336538461538461 0.021534090909090864 0.027384615384615403
0 0.4059019886363636 0.27458653846153847 0.025752840909090902 0.03609615384615381
0 0.27017755681818184 0.37766346153846153 0.03098011363636364 0.06378846153846152
0 0.20101562499999998 0.578125 0.026463068181818216 0.042480769230769294
0 0.9389204545454546 0.18365384615384617 0.022727272727272728 0.032692307692307694
0 0.9348934659090908 0.5575288461538462 0.03268465909090908 0.044249999999999984
0 0.6873721590909091 0.47424038461538465 0.020511363636363633 0.03382692307692308
0 0.12318892045454545 0.7821442307692307 0.03186079545454545 0.034865384615384604
0 0.5797798295454546 0.8563557692307692 0.04262784090909089 0.04798076923076921
0 0.2660653409090909 0.4271153846153846 0.024034090909090932 0.0351153846153846
0 0.6420170454545455 0.3597788461538461 0.025823863636363645 0.03444230769230769
0 0.585262784090909 0.06429807692307693 0.019446022727272725 0.0334423076923077
0 0.007897727272727272 0.7701442307692308 0.015795454545454543 0.06598076923076923
0 0.813671875 0.7442211538461538 0.03109374999999998 0.04478846153846147
0 0.020987215909090907 0.5648076923076923 0.030269886363636363 0.030923076923076893
0 0.6784232954545455 0.15377884615384615 0.017698863636363606 0.02505769230769231
0 0.46303977272727276 0.05252884615384615 0.031164772727272725 0.04140384615384615
0 0.028409090909090908 0.7980384615384616 0.024602272727272726 0.0357307692307692
0 0.5086221590909091 0.18818269230769233 0.04116477272727275 0.08575
0 0.830752840909091 0.7303942307692307 0.025880681818181858 0.039557692307692294
0 0.06548295454545454 0.8825288461538462 0.0296875 0.037250000000000005
0 0.8735653409090909 0.20341346153846154 0.02605113636363625 0.04290384615384616
0 0.5483309659090909 0.5084230769230769 0.036576704545454544 0.06742307692307699
0 0.7302982954545455 0.5103076923076924 0.09744318181818178 0.06384615384615383
0 0.018984375 0.5405576923076924 0.026860795454545453 0.03346153846153853
0 0.044609375 0.5144230769230769 0.046633522727272725 0.054769230769230806
0 0.4405184659090909 0.8388942307692309 0.027315340909090935 0.0520961538461538
0 0.07502840909090909 0.5096153846153846 0.019147727272727278 0.0351153846153846
0 0.4000284090909091 0.2401923076923077 0.028011363636363674 0.03823076923076925
0 0.6642613636363636 0.019625 0.052556818181818184 0.03925
0 0.6780042613636363 0.6206057692307693 0.027997159090909142 0.03667307692307691
0 0.9040198863636365 0.7556346153846154 0.0558522727272728 0.08846153846153847
0 0.7820738636363636 0.19573076923076924 0.02750000000000002 0.056499999999999995
0 0.8351136363636364 0.6905 0.0253693181818182 0.036769230769230776
0 0.16267045454545456 0.4259807692307692 0.051505681818181825 0.0503076923076923
0 0.4783309659090909 0.10732692307692308 0.07606534090909084 0.13334615384615386
0 0.22443181818181818 0.8153846153846154 0.045454545454545456 0.05
0 0.924012784090909 0.44422115384615385 0.07924715909090904 0.11248076923076925
0 0.6502840909090909 0.025538461538461538 0.027357954545454533 0.040769230769230766
0 0.4287926136363636 0.11854807692307691 0.029943181818181876 0.037480769230769234
0 0.535078125 0.5966923076923076 0.046377840909090876 0.04057692307692301
0 0.6074289772727273 0.18400000000000002 0.024147727272727272 0.03461538461538462
0 0.8597514204545454 0.08550961538461539 0.060326704545454586 0.10409615384615385
0 0.567080965909091 0.07140384615384615 0.018082386363636307 0.03184615384615384
0 0.44178267045454545 0.6623557692307692 0.020525568181818166 0.026480769230769197
0 0.15686079545454545 0.89175 0.02451704545454546 0.035038461538461484
0 0.19730823863636363 0.6626538461538461 0.03382102272727273 0.038499999999999965
0 0.8570170454545455 0.7627307692307692 0.02911931818181818 0.043000000000000024
0 0.15715909090909091 0.4435 0.016392045454545444 0.022192307692307678
0 0.7577627840909091 0.7383942307692307 0.01808238636363639 0.027173076923076914
0 0.8241193181818183 0.05631730769230769 0.03531250000000002 0.08548076923076922
0 0.42607244318181814 0.7677596153846155 0.027514204545454553 0.04048076923076925
0 0.17458096590909092 0.4474903846153846 0.018963068181818196 0.029480769230769255
0 0.8822940340909091 0.4138653846153846 0.025440340909091027 0.0413846153846154
0 0.7861079545454547 0.29036538461538464 0.02531250000000007 0.05646153846153843
0 0.7359588068181818 0.26625 0.022485795454545432 0.039346153846153864
0 0.5769034090909091 0.041125 0.018664772727272707 0.029750000000000002
0 0.25188920454545455 0.6545000000000001 0.024090909090909104 0.057576923076923074
0 0.1863707386363636 0.4428076923076923 0.025610795454545456 0.034000000000000016
0 0.7234375 0.4842115384615385 0.033409090909090805 0.041653846153846145
0 0.13691761363636365 0.7392115384615384 0.04124999999999999 0.059346153846153875
0 0.1622088068181818 0.5254711538461538 0.042940340909090914 0.04528846153846145
0 0.5847727272727272 0.49385576923076924 0.023352272727272725 0.03686538461538459
0 0.6269673295454545 0.08272115384615385 0.03907670454545453 0.03975
0 0.15735085227272727 0.4670192307692308 0.02734375 0.03853846153846152
0 0.8958309659090908 0.6359615384615385 0.03916193181818189 0.040884615384615366
0 0.522890625 0.8730865384615385 0.02776988636363638 0.03540384615384609
0 0.7410085227272728 0.2083076923076923 0.012869318181818266 0.03150000000000002
0 0.6474928977272727 0.24438461538461542 0.03410511363636362 0.05107692307692311
0 0.20242897727272727 0.6453076923076924 0.03894886363636362 0.039192307692307686
0 0.6639914772727272 0.14658653846153846 0.01931818181818185 0.028365384615384615
0 0.14344460227272726 0.49211538461538457 0.023053977272727257 0.03550000000000002
0 0.42718039772727273 0.3811923076923077 0.05470170454545453 0.042846153846153846
0 0.5654545454545454 0.42573076923076925 0.029829545454545456 0.046000000000000034
0 0.8888352272727272 0.8620673076923077 0.03329545454545462 0.05105769230769233
0 0.8971306818181819 0.012807692307692308 0.03164772727272724 0.025615384615384616
0 0.19462357954545453 0.6170288461538462 0.01819602272727269 0.025673076923076858
0 0.9599715909090908 0.12325000000000001 0.026590909090908967 0.03642307692307693
0 0.46723011363636363 0.22887500000000002 0.060312500000000054 0.08594230769230772
0 0.15795454545454543 0.6214903846153845 0.022301136363636367 0.04917307692307691
0 0.8141761363636363 0.8668461538461538 0.02911931818181818 0.04149999999999997
0 0.7657244318181817 0.26100961538461537 0.022500000000000044 0.04155769230769231
0 0.9618394886363636 0.22342307692307695 0.03072443181818181 0.07923076923076923
0 0.8051917613636363 0.126125 0.012656249999999954 0.02132692307692307
0 0.4651633522727273 0.11720192307692308 0.023338068181818192 0.04017307692307692
0 0.7594602272727274 0.20965384615384616 0.02465909090909093 0.03896153846153847
0 0.8129332386363636 0.8347211538461539 0.05149147727272727 0.06832692307692302
0 0.4617471590909091 0.8266057692307693 0.024857954545454544 0.04986538461538463
0 0.8397372159090909 0.413375 0.0230539772727273 0.06267307692307693
0 0.8743394886363638 0.2438173076923077 0.02606534090909094 0.03686538461538462
0 0.7117826704545455 0.8766442307692308 0.030355113636363562 0.03413461538461538
0 0.888203125 0.5633173076923077 0.024900568181818142 0.03336538461538466
0 0.3269460227272727 0.40764423076923073 0.03826704545454545 0.05951923076923075
0 0.8730184659090909 0.8161634615384615 0.024588068181818103 0.03678846153846164
0 0.7612571022727272 0.762625 0.021377840909091006 0.032749999999999946
0 0.4417542613636364 0.7951153846153847 0.04044034090909095 0.04984615384615387
0 0.5398295454545454 0.2239423076923077 0.03636363636363631 0.05138461538461538
0 0.8514914772727273 0.8014230769230769 0.024090909090908982 0.03642307692307692
0 0.5672301136363637 0.6759615384615385 0.03946022727272731 0.0374615384615385
0 0.8922230113636364 0.51925 0.046434659090909165 0.05196153846153843
0 0.647265625 0.24897115384615384 0.01964488636363634 0.027211538461538447
0 0.22254261363636366 0.637673076923077 0.025880681818181817 0.03157692307692311
0 0.07781960227272727 0.807625 0.05822443181818182 0.048403846153846186
0 0.7736434659090908 0.7307788461538461 0.024701704545454527 0.03525000000000008
0 0.4599431818181818 0.8030576923076924 0.02349431818181821 0.03699999999999991
0 0.20474431818181815 0.6133942307692307 0.014857954545454556 0.03294230769230768
0 0.8160014204545454 0.1602019230769231 0.03427556818181818 0.050173076923076904
0 0.46487215909090907 0.4590480769230769 0.044431818181818225 0.05705769230769228
0 0.1327627840909091 0.8091442307692308 0.02424715909090908 0.045365384615384675
0 0.8056747159090908 0.2684711538461539 0.01944602272727264 0.031096153846153822
0 0.6825781249999999 0.5888942307692309 0.038991477272727254 0.04409615384615386
0 0.5686860795454546 0.515625 0.024900568181818225 0.030557692307692282
0 0.6492258522727272 0.3949903846153846 0.03151988636363636 0.06271153846153843
0 0.7814204545454545 0.759451923076923 0.01931818181818169 0.03809615384615385
0 0.5949857954545454 0.09573076923076923 0.026676136363636326 0.029846153846153838
0 0.12159090909090908 0.8838173076923077 0.0275 0.05309615384615387
0 0.1583664772727273 0.8144903846153846 0.05147727272727274 0.08555769230769221
0 0.9648721590909091 0.8149423076923077 0.03767045454545452 0.05376923076923073
0 0.9532315340909091 0.6591153846153847 0.01978693181818175 0.027307692307692286
0 0.6879758522727273 0.7139519230769231 0.028536931818181784 0.03786538461538461
0 0.4343039772727273 0.34309615384615383 0.04045454545454548 0.04315384615384615
0 0.09049715909090911 0.7087980769230771 0.024687500000000005 0.03598076923076919
0 0.575731534090909 0.23352884615384617 0.043224431818181745 0.05509615384615383
0 0.7152130681818182 0.6936346153846153 0.0351988636363636 0.040884615384615366
0 0.5222443181818183 0.8412788461538461 0.02130681818181818 0.040865384615384616
0 0.8492471590909091 0.853701923076923 0.0445454545454544 0.08151923076923075
0 0.4436434659090909 0.0684326923076923 0.024531249999999973 0.03228846153846153
0 0.7072727272727272 0.13183653846153848 0.02531249999999999 0.053442307692307706
0 0.8133167613636364 0.7892788461538461 0.05072443181818171 0.03921153846153844
0 0.5745170454545455 0.3868942307692308 0.028295454545454568 0.036250000000000046
0 0.17118607954545453 0.5684615384615385 0.03734374999999999 0.040730769230769244
0 0.208984375 0.4416730769230769 0.03447443181818179 0.061653846153846156
0 0.14936789772727274 0.6678846153846153 0.025866477272727284 0.037346153846153876
0 0.9544957386363635 0.8026346153846154 0.049190340909090906 0.049961538461538495
0 0.1575568181818182 0.7585769230769231 0.03923295454545455 0.04453846153846159
0 0.18368607954545454 0.489625 0.02498579545454548 0.03425
0 0.870390625 0.35366346153846157 0.01921874999999996 0.029980769230769182
0 0.8725 0.4407596153846154 0.025255681818181778 0.039634615384615414
0 0.4607954545454545 0.2622019230769231 0.045625000000000006 0.07001923076923079
0 0.5518110795454546 0.6936826923076924 0.04044034090909087 0.06213461538461539
0 0.9556818181818181 0.455 0.03386363636363641 0.040884615384615366
0 0.09299005681818183 0.8731153846153846 0.03186079545454546 0.04573076923076929
0 0.7992258522727272 0.7191346153846153 0.032201704545454485 0.03823076923076922
0 0.8700852272727272 0.7043846153846154 0.02767045454545457 0.03815384615384611
0 0.5076136363636364 0.4820865384615385 0.06769886363636367 0.037211538461538504
0 0.8750639204545455 0.7839038461538461 0.022542613636363642 0.04092307692307687
0 0.9826207386363638 0.6888269230769231 0.020071022727272722 0.02419230769230777
0 0.821846590909091 0.2532403846153846 0.022727272727272728 0.032365384615384615
0 0.2838778409090909 0.6594038461538462 0.04076704545454544 0.0654615384615385
0 0.0603125 0.4060384615384615 0.02920454545454546 0.034692307692307675
0 0.03248579545454545 0.3741826923076923 0.030596590909090907 0.03548076923076926
0 0.006903409090909091 0.38648076923076924 0.013806818181818182 0.03476923076923074
0 0.03790482954545455 0.4099519230769231 0.022372159090909095 0.03555769230769227
0 0.13833806818181818 0.387125 0.02894886363636363 0.047519230769230786
0 0.8194957386363636 0.2870384615384615 0.03913352272727282 0.037115384615384585
0 0.100546875 0.3963269230769231 0.031775568181818176 0.05688461538461535
0 0.017194602272727275 0.4202980769230769 0.03438920454545455 0.06890384615384618
0 0.19997159090909092 0.3112692307692308 0.025511363636363606 0.0383461538461539
0 0.18871448863636361 0.29742307692307696 0.019502840909090914 0.030461538461538467
0 0.17381392045454547 0.2919711538461538 0.02007102272727274 0.04036538461538458
0 0.16836647727272727 0.31672115384615385 0.02119318181818182 0.028442307692307676
0 0.053288352272727275 0.4582980769230769 0.04271306818181818 0.07498076923076925
0 0.1546590909090909 0.33111538461538464 0.02258522727272726 0.029500000000000005
0 0.25779829545454547 0.086375 0.01460227272727273 0.02494230769230769
0 0.13181107954545454 0.4739038461538462 0.023735795454545464 0.05723076923076921
0 0.6106321022727272 0.10549038461538462 0.01606534090909091 0.02948076923076924
0 0.15584517045454546 0.29842307692307696 0.020213068181818186 0.0366153846153846
0 0.23922585227272727 0.7064038461538461 0.029019886363636373 0.028115384615384625
0 0.13142045454545453 0.3474807692307692 0.029659090909090902 0.04230769230769231
0 0.03623579545454546 0.33165384615384613 0.024687500000000005 0.05403846153846153
0 0.32501420454545454 0.6183365384615384 0.025511363636363606 0.05255769230769228
0 0.35252130681818183 0.6203076923076923 0.04066761363636363 0.06657692307692309
0 0.12459517045454546 0.32846153846153847 0.026519886363636367 0.03057692307692309
0 0.30401278409090904 0.609875 0.027116477272727278 0.06082692307692307
0 0.04700284090909091 0.3053461538461538 0.03465909090909091 0.03838461538461534
0 0.10214488636363636 0.3398365384615385 0.05670454545454546 0.07394230769230767
0 0.07514914772727273 0.8504423076923078 0.028877840909090905 0.03650000000000003
0 0.1693821022727273 0.778298076923077 0.02632102272727271 0.03705769230769238
0 0.1329971590909091 0.3160192307692307 0.024431818181818186 0.022038461538461555
0 0.04542613636363636 0.2710480769230769 0.027840909090909093 0.0330576923076923
0 0.018693181818181817 0.24797115384615384 0.037386363636363634 0.08559615384615382
0 0.04378551136363636 0.2300096153846154 0.01808238636363636 0.027173076923076914
0 0.07455255681818182 0.3085480769230769 0.022002840909090902 0.030096153846153856
0 0.22591619318181816 0.7287403846153846 0.04305397727272728 0.07048076923076918
0 0.06881392045454547 0.3528557692307693 0.051860795454545465 0.07928846153846152
0 0.1263778409090909 0.19681730769230768 0.03150568181818183 0.04232692307692306
0 0.1403409090909091 0.23169230769230767 0.02664772727272728 0.034346153846153846
0 0.6803480113636363 0.8503076923076922 0.03160511363636364 0.03538461538461545
0 0.16980823863636363 0.2176346153846154 0.06455965909090912 0.034692307692307675
0 0.2114559659090909 0.7376538461538462 0.027627840909090932 0.08207692307692309
0 0.19133522727272725 0.2302980769230769 0.02767045454545455 0.03644230769230767
0 0.06590198863636364 0.1737019230769231 0.04075284090909092 0.04867307692307693
0 0.07915482954545454 0.14711538461538462 0.02649147727272727 0.05015384615384617
0 0.1805965909090909 0.7464134615384616 0.04261363636363635 0.05017307692307699
0 0.047095170454545456 0.14072115384615386 0.041690340909090906 0.02382692307692308
0 0.18546164772727272 0.720701923076923 0.029190340909090905 0.0639807692307692
0 0.022748579545454548 0.47521153846153846 0.03796875 0.07711538461538466
0 0.008465909090909092 0.9911057692307692 0.016931818181818183 0.017788461538461538
0 0.8701278409090908 0.010615384615384617 0.02102272727272737 0.02080769230769231
0 0.012748579545454546 0.8243557692307693 0.02549715909090909 0.06682692307692308
0 0.04685369318181818 0.9346346153846153 0.05720170454545454 0.050769230769230726
0 0.02727272727272727 0.15551923076923077 0.03241477272727273 0.04842307692307691
0 0.0066335227272727275 0.8645769230769231 0.013267045454545455 0.026346153846153825
0 0.010348011363636363 0.8919326923076923 0.020696022727272726 0.09759615384615385
0 0.04494318181818182 0.1151923076923077 0.05508522727272727 0.03865384615384616
0 0.013920454545454547 0.09599038461538462 0.027840909090909093 0.029980769230769238
0 0.13515625 0.27792307692307694 0.04232954545454545 0.06023076923076922
0 0.010426136363636363 0.05690384615384616 0.020852272727272726 0.04961538461538462
0 0.006889204545454545 0.9561538461538461 0.01377840909090909 0.035576923076923075
0 0.05193181818181818 0.7370769230769231 0.04011363636363636 0.0886923076923076
0 0.07505681818181818 0.9918846153846154 0.01701704545454545 0.016230769230769226
0 0.033643465909090904 0.8820673076923076 0.02171875 0.029403846153846194
0 0.05275568181818182 0.8982403846153847 0.022585227272727274 0.03763461538461537
0 0.025490056818181818 0.9113269230769231 0.034105113636363635 0.039692307692307666
0 0.1054190340909091 0.9797692307692308 0.03521306818181818 0.0404615384615385
0 0.012805397727272728 0.08548076923076924 0.025610795454545456 0.025384615384615377
0 0.16511363636363638 0.3900769230769231 0.02767045454545455 0.034000000000000016
0 0.11563920454545454 0.966971153846154 0.03332386363636363 0.04613461538461551
0 0.08289772727272728 0.9758173076923078 0.021960227272727274 0.03563461538461544
0 0.009041193181818181 0.13564423076923077 0.018082386363636363 0.06040384615384615
0 0.7322514204545455 0.8493653846153847 0.024275568181818145 0.03434615384615387
0 0.1620596590909091 0.9904230769230769 0.02258522727272728 0.019153846153846115
0 0.06879261363636363 0.10070192307692308 0.040710227272727266 0.03755769230769231
0 0.14390625 0.9960480769230771 0.014886363636363642 0.007711538461538444
0 0.14949573863636365 0.9151826923076922 0.034872159090909086 0.054711538461538436
0 0.13402698863636364 0.9181538461538461 0.023309659090909086 0.027499999999999913
0 0.27769886363636365 0.5060192307692307 0.01985795454545457 0.02515384615384623
0 0.03352982954545454 0.037384615384615384 0.04791193181818181 0.07476923076923077
0 0.06940340909090909 0.024124999999999997 0.023835227272727275 0.03748076923076923
0 0.1373721590909091 0.9461442307692308 0.024943181818181802 0.030326923076923043
0 0.15988636363636363 0.9608269230769231 0.0556534090909091 0.06157692307692304
0 0.4796946022727273 0.04310576923076923 0.01978693181818183 0.03209615384615385
0 0.025582386363636366 0.7160288461538462 0.019232954545454546 0.040826923076923004
0 0.13338068181818183 0.021346153846153845 0.039034090909090914 0.04269230769230769
0 0.09797585227272726 0.019173076923076925 0.04203124999999999 0.03834615384615385
0 0.19957386363636365 0.8807692307692307 0.015625 0.023076923076923078
0 0.3890838068181818 0.6961153846153847 0.030241477272727302 0.03711538461538464
0 0.41060369318181816 0.6898653846153846 0.02921875000000007 0.03711538461538464
0 0.396640625 0.6718269230769232 0.029985795454545473 0.03642307692307692
0 0.3992045454545454 0.7276730769230769 0.04125000000000003 0.03226923076923072
0 0.22899147727272726 0.9709326923076923 0.025880681818181817 0.03921153846153855
0 0.248984375 0.9647403846153846 0.02177556818181816 0.0705192307692308
0 0.3662784090909091 0.7089423076923076 0.02460227272727272 0.0357307692307692
0 0.26813920454545453 0.7172884615384616 0.04397727272727274 0.06680769230769233
0 0.09835227272727272 0.09965384615384616 0.04215909090909091 0.07284615384615385
0 0.11466619318181817 0.09810576923076923 0.02975852272727273 0.038750000000000014
0 0.0747940340909091 0.06310576923076923 0.030525568181818185 0.039019230769230764
0 0.09978693181818182 0.06194230769230769 0.028238636363636358 0.0371923076923077
0 0.1220809659090909 0.058557692307692304 0.05012784090909092 0.0643076923076923
0 0.27384232954545457 0.9506923076923077 0.04791193181818185 0.09861538461538456
0 0.15656960227272726 0.018528846153846153 0.022002840909090902 0.03171153846153846
0 0.1758877840909091 0.021298076923076923 0.04345170454545455 0.042326923076923074
0 0.17585227272727275 0.04198076923076923 0.020085227272727272 0.02926923076923077
0 0.22950994318181817 0.9308653846153846 0.03049715909090909 0.036769230769230776
0 0.7606818181818181 0.3106634615384616 0.03210227272727276 0.033634615384615346
0 0.1558877840909091 0.04703846153846154 0.022400568181818178 0.02684615384615385
0 0.16902698863636365 0.06550961538461537 0.022400568181818178 0.0289423076923077
0 0.34724431818181817 0.9397115384615384 0.027159090909090914 0.05100000000000007
0 0.14760653409090907 0.08723076923076922 0.025696022727272713 0.058192307692307696
0 0.13298295454545456 0.13164423076923076 0.05443181818181819 0.04717307692307693
0 0.1393465909090909 0.154375 0.04323863636363636 0.040288461538461544
0 0.15765625 0.17194230769230767 0.02392045454545455 0.03065384615384615
0 0.16821022727272728 0.11253846153846153 0.032812499999999994 0.030999999999999996
0 0.333671875 0.9798269230769231 0.03177556818181819 0.04034615384615388
0 0.3181605113636364 0.9348557692307692 0.020241477272727272 0.0336346153846154
0 0.009907670454545454 0.7209423076923077 0.019815340909090907 0.05488461538461542
0 0.32507812500000005 0.9532403846153846 0.018707386363636346 0.02948076923076931
0 0.30945312500000005 0.9926634615384614 0.01717329545454546 0.014673076923076914
0 0.17233664772727272 0.1424903846153846 0.024332386363636337 0.03159615384615386
0 0.2949786931818182 0.9888269230769232 0.018963068181818175 0.022269230769230847
0 0.30622869318181817 0.9641153846153847 0.026519886363636346 0.042307692307692414
0 0.2857528409090909 0.9740769230769231 0.01968749999999998 0.030923076923076782
0 0.2597088068181818 0.111 0.018423295454545453 0.025576923076923084
0 0.24767755681818182 0.89375 0.05086647727272728 0.0601153846153846
0 0.1895809659090909 0.12903846153846152 0.01862215909090911 0.025538461538461527
0 0.2560724431818182 0.8602307692307692 0.027173295454545447 0.033884615384615395
0 0.9211434659090908 0.09435576923076923 0.02964488636363637 0.04140384615384616
0 0.40894176136363636 0.9933557692307694 0.02697443181818183 0.013288461538461476
0 0.1933025568181818 0.10485576923076924 0.02109374999999999 0.024865384615384616
0 0.43688920454545455 0.9958557692307692 0.020426136363636358 0.008173076923076924
0 0.20546875 0.12821153846153846 0.026562499999999985 0.04334615384615385
0 0.47492187500000005 0.9934903846153846 0.03384943181818179 0.012903846153846224
0 0.3663991477272727 0.8277115384615384 0.09578125000000005 0.13792307692307687
0 0.19082386363636364 0.08401923076923076 0.046903409090909086 0.03965384615384615
0 0.28712357954545453 0.841298076923077 0.06421875 0.08159615384615386
0 0.3987997159090909 0.8426538461538462 0.017201704545454565 0.024769230769230762
0 0.1864133522727273 0.16495192307692308 0.028451704545454547 0.03186538461538463
0 0.04844460227272727 0.6778076923076922 0.02592329545454545 0.04926923076923078
0 0.2789559659090909 0.5301826923076923 0.03637784090909089 0.0526730769230769
0 0.409325284090909 0.8468653846153846 0.027627840909090894 0.04411538461538461
0 0.3629190340909091 0.6885576923076924 0.03413352272727273 0.04157692307692309
0 0.33928267045454547 0.6906826923076923 0.024161931818181846 0.03590384615384618
0 0.21473011363636366 0.1462019230769231 0.023295454545454553 0.03551923076923077
0 0.20958096590909092 0.09143269230769231 0.018877840909090896 0.03151923076923077
0 0.22526988636363632 0.08695192307692308 0.017897727272727263 0.047788461538461544
0 0.35952414772727276 0.6596826923076923 0.026292613636363663 0.03359615384615379
0 0.20874999999999996 0.1836826923076923 0.040369318181818166 0.06859615384615382
0 0.3475355113636364 0.6687307692307692 0.013281249999999993 0.019730769230769215
0 0.6045099431818182 0.6443942307692309 0.034076704545454556 0.04717307692307698
0 0.3336008522727273 0.6646730769230769 0.026036931818181838 0.02784615384615388
0 0.23015625 0.14205769230769233 0.02451704545454544 0.06519230769230767
0 0.24860085227272724 0.128 0.033735795454545456 0.03942307692307692
0 0.3214985795454545 0.6870576923076923 0.013281249999999993 0.03030769230769229
0 0.3289133522727273 0.7161442307692307 0.02759943181818183 0.027865384615384632
0 0.253671875 0.1630480769230769 0.026207386363636346 0.05582692307692308
0 0.24174715909090908 0.10463461538461538 0.018465909090909092 0.020346153846153858
0 0.3020880681818182 0.6958461538461539 0.03181818181818183 0.06038461538461545
0 0.2420028409090909 0.08151923076923077 0.01889204545454547 0.02557692307692307
0 0.3267400568181818 0.7406057692307693 0.02958806818181816 0.03217307692307696
0 0.7135795454545455 0.25372115384615385 0.026477272727272707 0.03774999999999999
0 0.3351278409090909 0.7644230769230769 0.05196022727272729 0.05530769230769229
0 0.30482954545454544 0.7919134615384614 0.04627840909090907 0.05559615384615389
0 0.27556107954545456 0.7796249999999999 0.0254119318181818 0.040865384615384616
0 0.24439630681818184 0.08670192307692307 0.014105113636363647 0.017173076923076923
0 0.24195312500000002 0.2627115384615385 0.024161931818181805 0.03865384615384614
0 0.23124289772727274 0.25750961538461536 0.027997159090909104 0.034942307692307724
0 0.20941761363636366 0.25935576923076925 0.031022727272727278 0.05278846153846154
0 0.22656960227272727 0.22627884615384614 0.039531249999999976 0.02825000000000002
0 0.29484375 0.745375 0.035397727272727254 0.052211538461538524
0 0.2559517045454545 0.21791346153846153 0.029659090909090902 0.038288461538461535
0 0.028039772727272726 0.6850865384615384 0.017642045454545455 0.030980769230769256
0 0.37313210227272725 0.7456826923076924 0.02723011363636362 0.03809615384615385
0 0.20819602272727272 0.0520673076923077 0.027244318181818192 0.041442307692307695
0 0.3575852272727273 0.7292500000000001 0.031079545454545447 0.04269230769230767
0 0.6985866477272727 0.9362788461538462 0.02151988636363633 0.02982692307692306
0 0.2311505681818182 0.04369230769230769 0.020028409090909083 0.03869230769230769
0 0.710497159090909 0.9196249999999999 0.02434659090909089 0.02982692307692306
0 0.21641335227272726 0.019480769230769232 0.03870738636363636 0.038961538461538464
0 0.6651420454545455 0.9820192307692307 0.02690340909090909 0.03596153846153844
0 0.25431107954545457 0.012471153846153847 0.04089488636363639 0.024942307692307694
0 0.7143607954545454 0.9652596153846154 0.06764204545454545 0.06948076923076922
0 0.12620028409090908 0.6492788461538461 0.022571022727272728 0.030019230769230795
0 0.6968465909090908 0.9865384615384616 0.026306818181818157 0.02688461538461542
0 0.7227627840909091 0.9870961538461538 0.022599431818181772 0.025807692307692337
0 0.7487713068181818 0.9415673076923077 0.01916193181818183 0.027442307692307658
0 0.7499715909090909 0.9669326923076923 0.017215909090909098 0.025673076923076965
0 0.6207954545454545 0.9780000000000001 0.02690340909090909 0.03469230769230773
0 0.6424431818181818 0.9707115384615385 0.024090909090909062 0.03538461538461545
0 0.6336079545454546 0.9483461538461538 0.02894886363636363 0.048923076923076916
0 0.25144176136363633 0.022288461538461538 0.02521306818181818 0.029076923076923073
0 0.6169531250000001 0.943826923076923 0.008963068181818185 0.016307692307692235
0 0.9696732954545454 0.1426923076923077 0.01278409090909091 0.01880769230769231
0 0.8575284090909091 0.6599711538461539 0.02920454545454554 0.04648076923076915
0 0.4015411931818181 0.1294423076923077 0.04376420454545455 0.04319230769230771
0 0.9953693181818182 0.15523076923076923 0.008607954545454467 0.02419230769230769
0 0.988203125 0.14149038461538463 0.013224431818181902 0.01821153846153846
0 0.9729829545454546 0.13313461538461538 0.013238636363636274 0.02000000000000001
0 0.984453125 0.1326826923076923 0.026463068181818174 0.045980769230769235
0 0.7973295454545454 0.96275 0.03022727272727285 0.04230769230769231
0 0.766328125 0.9693461538461539 0.0230539772727273 0.036769230769230776
0 0.24848011363636366 0.1885096153846154 0.05991477272727274 0.05198076923076923
0 0.3401491477272727 0.021807692307692306 0.08941761363636362 0.04334615384615385
0 0.28220170454545457 0.1474230769230769 0.03553977272727274 0.08007692307692307
0 0.28275568181818184 0.01671153846153846 0.039204545454545485 0.03342307692307692
0 0.8092613636363637 0.7563076923076922 0.021392045454545375 0.03134615384615387
0 0.29223011363636364 0.055624999999999994 0.04329545454545453 0.04717307692307692
0 0.29453124999999997 0.09950961538461539 0.026392045454545432 0.05305769230769231
0 0.33553267045454543 0.07349038461538461 0.06123579545454543 0.10094230769230768
0 0.2908380681818182 0.5441826923076923 0.018579545454545432 0.03817307692307686
0 0.33488636363636365 0.5385480769230768 0.06181818181818179 0.03644230769230767
0 0.32197443181818186 0.5143461538461539 0.14798295454545451 0.1554230769230769
0 0.24906960227272726 0.534875 0.09615056818181818 0.14117307692307687
0 0.2476846590909091 0.5795096153846154 0.03593750000000002 0.06732692307692317
0 0.28069602272727273 0.6123942307692307 0.025994318181818157 0.032134615384615456
0 0.23449573863636364 0.4672596153846154 0.01819602272727273 0.02636538461538463
0 0.0940625 0.5109326923076923 0.020113636363636358 0.03578846153846157
0 0.21641335227272726 0.4684326923076923 0.02086647727272727 0.032096153846153844
0 0.45566051136363633 0.014990384615384615 0.021803977272727225 0.02998076923076923
0 0.791690340909091 0.9792211538461538 0.025113636363636452 0.02809615384615387
0 0.47530539772727276 0.006269230769230769 0.017855113636363627 0.012538461538461538
0 0.4695809659090909 0.021538461538461538 0.019701704545454553 0.0205
0 0.4899147727272727 0.021634615384615388 0.019829545454545426 0.03788461538461539
0 0.50390625 0.052403846153846155 0.010511363636363603 0.014923076923076919
0 0.7320241477272728 0.035625 0.04100852272727265 0.06021153846153846
0 0.5079616477272727 0.020778846153846155 0.018707386363636388 0.04155769230769231
0 0.5242471590909091 0.039442307692307686 0.022954545454545408 0.026076923076923074
0 0.5388636363636364 0.4431057692307693 0.02750000000000002 0.04775000000000002
0 0.5410866477272727 0.015019230769230769 0.05086647727272728 0.030038461538461538
0 0.5817897727272728 0.004788461538461539 0.021051136363636355 0.009576923076923078
0 0.8310227272727272 0.9705192307692307 0.03801136363636362 0.05838461538461541
0 0.8700426136363636 0.9824999999999999 0.02471590909090922 0.034999999999999976
0 0.9260227272727274 0.934298076923077 0.027784090909090994 0.05163461538461532
0 0.9557102272727271 0.9479326923076922 0.02124999999999989 0.04794230769230771
0 0.9356889204545454 0.9503365384615385 0.022059659090909053 0.026173076923076948
0 0.9410014204545454 0.9722788461538461 0.026150568181818136 0.02582692307692298
0 0.9303835227272728 0.9704326923076924 0.11767045454545443 0.05901923076923087
0 0.9745525568181819 0.9315961538461539 0.028707386363636414 0.05723076923076921
0 0.027606534090909088 0.6600769230769231 0.04876420454545454 0.050153846153846125
0 0.9894673295454546 0.9739423076923077 0.020724431818181864 0.051807692307692194
0 0.9726349431818181 0.8697884615384615 0.021860795454545435 0.03311538461538456
0 0.9851917613636364 0.8781923076923076 0.029559659090909175 0.06565384615384624
0 0.993544034090909 0.8373076923076923 0.012911931818181864 0.04238461538461542
0 0.9836079545454546 0.8240480769230769 0.025255681818181778 0.04113461538461536
0 0.776640625 0.023134615384615382 0.04163352272727265 0.04557692307692308
0 0.7698579545454546 0.0653076923076923 0.03409090909090909 0.046461538461538464
0 0.7985795454545456 0.07026923076923076 0.029744318181818098 0.033461538461538466
0 0.8053267045454546 0.051057692307692304 0.024943181818181902 0.02911538461538461
0 0.8009801136363636 0.014346153846153844 0.030426136363636468 0.02819230769230769
0 0.8434019886363636 0.2990865384615385 0.03913352272727266 0.05551923076923078
0 0.854190340909091 0.014490384615384615 0.02349431818181813 0.02898076923076923
0 0.8065625000000001 0.9924807692307691 0.013835227272727285 0.015038461538461634
0 0.1669034090909091 0.36267307692307693 0.0409943181818182 0.04230769230769231
0 0.014140625 0.30957692307692314 0.02828125 0.03865384615384614
0 0.11873579545454546 0.4487019230769231 0.02920454545454546 0.07286538461538464
0 0.009666193181818182 0.3313365384615385 0.01919034090909091 0.030557692307692338
0 0.09413352272727273 0.4530384615384615 0.03843749999999999 0.046846153846153815
0 0.01404119318181818 0.3520576923076923 0.02808238636363636 0.04249999999999999
0 0.7752982954545454 0.9252884615384614 0.016392045454545565 0.037461538461538386
0 0.785419034090909 0.9339615384615384 0.014616477272727383 0.02357692307692317
0 0.03619318181818182 0.6628557692307693 0.01852272727272727 0.025442307692307726
0 0.024751420454545457 0.6239423076923076 0.04086647727272727 0.04573076923076918
0 0.0785440340909091 0.6580576923076923 0.03623579545454545 0.0660000000000001
0 0.10224431818181819 0.6297692307692309 0.03187500000000001 0.07507692307692311
0 0.720887784090909 0.21157692307692308 0.03225852272727278 0.05138461538461538
0 0.5501349431818182 0.03020192307692308 0.023082386363636364 0.028442307692307694
0 0.7933096590909091 0.151625 0.014204545454545454 0.03721153846153845
0 0.8794460227272727 0.3762019230769231 0.028551136363636234 0.03394230769230765
0 0.4292755681818182 0.8979615384615385 0.034573863636363604 0.06119230769230779
0 0.5298153409090909 0.6657211538461538 0.028181818181818228 0.0502884615384615
0 0.9921661931818182 0.03714423076923076 0.015667613636363598 0.03471153846153846
0 0.6909375 0.6834807692307692 0.027045454545454574 0.027076923076923047
0 0.4132599431818182 0.14970192307692307 0.02484375000000001 0.028673076923076916
0 0.628125 0.5848076923076924 0.02562500000000003 0.03642307692307692
0 0.46289772727272727 0.9084615384615384 0.025596590909090885 0.0386923076923077
0 0.10141335227272727 0.7124903846153846 0.046519886363636354 0.07036538461538468
0 0.4469673295454545 0.8858076923076923 0.027485795454545405 0.04423076923076923
0 0.07612926136363636 0.5506634615384616 0.018764204545454546 0.025403846153846114
0 0.8243394886363636 0.12633653846153844 0.02933238636363633 0.039288461538461536
0 0.22318181818181818 0.5602019230769231 0.029829545454545456 0.06271153846153849
0 0.3526846590909091 0.35800961538461534 0.07 0.1479423076923077
0 0.538622159090909 0.3354423076923077 0.025767045454545435 0.03519230769230772
0 0.40888494318181823 0.10497115384615385 0.04433238636363634 0.041673076923076924
0 0.17637073863636363 0.6371153846153845 0.022826704545454535 0.06357692307692309
0 0.9890696022727273 0.47907692307692307 0.021860795454545435 0.042846153846153846
0 0.9147940340909091 0.5057307692307693 0.03552556818181817 0.04461538461538459
0 0.028430397727272728 0.7688942307692308 0.019218750000000003 0.025057692307692257
0 0.39698153409090914 0.9574711538461538 0.03538352272727276 0.05394230769230771
0 0.7581107954545455 0.3409615384615385 0.03960227272727272 0.04726923076923079
0 0.4307457386363636 0.18745192307692307 0.07140624999999998 0.04267307692307692
0 0.6130894886363637 0.12189423076923078 0.03566761363636366 0.04386538461538463
0 0.8595951704545454 0.41027884615384613 0.018849431818181793 0.06394230769230769
0 0.5230610795454546 0.40764423076923073 0.04651988636363636 0.03855769230769233
0 0.8028125 0.7651153846153846 0.0331818181818182 0.045384615384615426
0 0.10279829545454545 0.5763653846153847 0.038210227272727264 0.044384615384615356
0 0.880809659090909 0.5318942307692307 0.04747159090909085 0.0526730769230769
0 0.15209517045454543 0.7081346153846154 0.03890625 0.050576923076923096
0 0.8880539772727274 0.34871153846153846 0.020142045454545385 0.028000000000000004
0 0.5788068181818182 0.45926923076923076 0.03215909090909089 0.04003846153846152
0 0.6736576704545455 0.126875 0.017968749999999967 0.029480769230769227
0 0.5173295454545455 0.4445192307692307 0.03994318181818182 0.046346153846153836
0 0.43698153409090906 0.14072115384615383 0.041235795454545414 0.06728846153846155
0 0.30733664772727276 0.4102019230769231 0.022457386363636367 0.037250000000000005
0 0.43215909090909094 0.04815384615384615 0.027301136363636402 0.03869230769230769
0 0.26600142045454545 0.6720673076923077 0.024275568181818186 0.04717307692307698
0 0.4878124999999999 0.19406730769230768 0.027443181818181808 0.03994230769230769
0 0.5465198863636364 0.2707692307692308 0.051732954545454485 0.047384615384615414
0 0.05194602272727273 0.5930480769230769 0.025539772727272734 0.058750000000000024
