0 0.4494957386363636 0.899125 0.02515625000000005 0.03878846153846157
0 0.1572159090909091 0.32198076923076924 0.04656249999999998 0.03757692307692306
0 0.9366548295454545 0.35903846153846153 0.02299715909090917 0.036999999999999963
0 0.21923295454545452 0.8995961538461538 0.04931818181818182 0.07038461538461532
0 0.9483096590909089 0.2654326923076923 0.042414772727272745 0.04671153846153844
0 0.8955113636363637 0.34155769230769234 0.051221590909090994 0.06146153846153848
0 0.9138849431818182 0.3110288461538462 0.036889204545454586 0.04609615384615384
0 0.853700284090909 0.4140384615384616 0.038082386363636284 0.07300000000000001
0 0.9572656249999999 0.6341153846153846 0.027173295454545447 0.058230769230769176
0 0.9665980113636364 0.6490865384615384 0.02285511363636352 0.05378846153846148
0 0.8979829545454546 0.9421634615384615 0.020909090909090787 0.03417307692307689
0 0.16962357954545454 0.2770576923076923 0.043309659090909086 0.06269230769230771
0 0.46068892045454546 0.783701923076923 0.03742897727272731 0.09059615384615376
0 0.9359872159090908 0.9184038461538462 0.029730113636363565 0.044884615384615446
0 0.8918536931818182 0.9770384615384614 0.04151988636363639 0.03842307692307685
0 0.936356534090909 0.9740096153846154 0.04092329545454554 0.04528846153846156
0 0.9510014204545455 0.7143557692307693 0.03936079545454551 0.07386538461538467
0 0.9642045454545454 0.7216346153846154 0.030426136363636305 0.04319230769230776
0 0.9012144886363636 0.6976346153846154 0.020014204545454592 0.04992307692307688
0 0.21280539772727272 0.8524903846153846 0.04140624999999997 0.04951923076923077
0 0.9417471590909091 0.7718269230769231 0.042755681818181686 0.048961538461538424
0 0.9184375 0.7870192307692307 0.029460227272727287 0.05184615384615392
0 0.8857244318181817 0.5273076923076923 0.03312500000000007 0.04373076923076925
0 0.18462357954545452 0.3922692307692308 0.03126420454545453 0.03511538461538465
0 0.8983735795454545 0.4986346153846153 0.025497159090908994 0.03838461538461534
0 0.8747514204545456 0.727548076923077 0.056690340909090864 0.033288461538461545
0 0.7390980113636364 0.4979326923076923 0.02867897727272719 0.04190384615384614
0 0.9165056818181818 0.7076057692307693 0.028437499999999973 0.07317307692307695
0 0.8852343749999999 0.7573076923076923 0.03927556818181815 0.03657692307692304
0 0.8520241477272728 0.8676057692307692 0.02933238636363633 0.04678846153846151
0 0.8199431818181818 0.8415769230769231 0.04417613636363624 0.06596153846153838
0 0.7921946022727272 0.8715576923076924 0.033451704545454646 0.05965384615384623
0 0.17791193181818182 0.8535576923076924 0.03647727272727274 0.0636923076923077
0 0.06209517045454545 0.8952211538461539 0.038281249999999996 0.03794230769230773
0 0.3704900568181818 0.9316442307692309 0.02734375 0.043173076923076904
0 0.2629119318181818 0.3864423076923077 0.03360795454545454 0.061230769230769234
0 0.8282812499999999 0.8909807692307692 0.028210227272727293 0.05049999999999998
0 0.19700994318181816 0.48453846153846153 0.045184659090909074 0.0731538461538462
0 0.6730894886363636 0.8426346153846154 0.026718750000000003 0.03819230769230772
0 0.6897798295454546 0.8583846153846154 0.02740056818181821 0.03757692307692312
0 0.6021022727272727 0.7037500000000001 0.03471590909090909 0.05734615384615383
0 0.6281321022727273 0.7050384615384615 0.028821022727272758 0.056923076923076965
0 0.2804616477272727 0.3587980769230769 0.043593749999999994 0.04032692307692307
0 0.6693039772727273 0.7229326923076923 0.03855113636363634 0.06125000000000004
0 0.7784588068181818 0.4749903846153846 0.03200284090909087 0.03871153846153845
0 0.18919744318181816 0.18453846153846154 0.02842329545454544 0.031961538461538444
0 0.32767045454545457 0.3804326923076923 0.04644886363636362 0.049211538461538466
0 0.6525071022727272 0.7638942307692308 0.04507102272727275 0.060365384615384696
0 0.5935014204545455 0.6252788461538461 0.03475852272727276 0.03705769230769227
0 0.588465909090909 0.5876923076923077 0.03286931818181824 0.04726923076923074
0 0.1981747159090909 0.35770192307692306 0.024105113636363636 0.05413461538461539
0 0.6156036931818182 0.5854615384615386 0.05916193181818179 0.06623076923076923
0 0.7479048295454547 0.5750576923076922 0.03927556818181815 0.05573076923076915
0 0.27583806818181816 0.5965673076923077 0.027244318181818192 0.03932692307692306
0 0.7337713068181819 0.37639423076923073 0.0370880681818182 0.05674999999999998
0 0.7207954545454546 0.4278173076923077 0.03292613636363629 0.05340384615384612
0 0.38154119318181823 0.8127980769230768 0.03669034090909089 0.0556346153846154
0 0.353828125 0.46302884615384615 0.040582386363636355 0.040865384615384616
0 0.638671875 0.4289134615384616 0.04044034090909095 0.052596153846153834
0 0.3100426136363636 0.49623076923076914 0.03579545454545457 0.05661538461538461
0 0.67328125 0.40389423076923076 0.03792613636363635 0.0651730769230769
0 0.6929474431818182 0.3644807692307692 0.04515625000000003 0.0494230769230769
0 0.7351065340909091 0.31635576923076925 0.05018465909090899 0.08263461538461538
0 0.2399502840909091 0.39292307692307693 0.029786931818181817 0.07934615384615383
0 0.7111931818181818 0.3159230769230769 0.03130681818181813 0.0749615384615385
0 0.2627272727272727 0.2822211538461538 0.040369318181818166 0.05059615384615385
0 0.2538352272727273 0.2721153846153846 0.032840909090909094 0.05446153846153845
0 0.3396022727272727 0.48973076923076925 0.031051136363636343 0.03303846153846155
0 0.2954261363636364 0.2751730769230769 0.04701704545454544 0.03896153846153844
0 0.18561789772727275 0.15009615384615385 0.033252840909090906 0.04142307692307691
0 0.2895525568181818 0.5435865384615384 0.031150568181818192 0.06436538461538456
0 0.32608664772727275 0.33525 0.0456676136363636 0.0603846153846154
0 0.5089488636363636 0.8014038461538462 0.02653409090909092 0.041307692307692344
0 0.3274644886363636 0.4170576923076923 0.03566761363636366 0.04588461538461541
0 0.1672372159090909 0.7428653846153845 0.03572443181818183 0.04676923076923076
0 0.4372585227272727 0.8442211538461538 0.018607954545454577 0.04032692307692313
0 0.06326704545454545 0.3151923076923077 0.03889204545454545 0.03488461538461536
0 0.09926136363636363 0.433125 0.05036931818181818 0.05109615384615383
0 0.5687215909090909 0.8216538461538462 0.026619318181818195 0.035076923076923096
0 0.39576704545454544 0.8308942307692307 0.03218749999999995 0.03924999999999994
0 0.285859375 0.3266826923076923 0.05319602272727271 0.07751923076923077
0 0.12414772727272728 0.7329134615384616 0.047215909090909086 0.06632692307692309
0 0.14140625 0.22301923076923078 0.024573863636363633 0.0363076923076923
0 0.07365767045454547 0.26003846153846155 0.05401988636363637 0.054692307692307686
0 0.4892116477272727 0.8206634615384616 0.03345170454545456 0.08328846153846155
0 0.18266335227272726 0.7282307692307692 0.03055397727272726 0.04046153846153839
0 0.43158380681818187 0.9140865384615384 0.02686079545454549 0.03794230769230773
0 0.6386789772727273 0.29409615384615384 0.037102272727272734 0.05696153846153847
0 0.21796875 0.5182884615384615 0.03559659090909091 0.04323076923076927
0 0.10425426136363636 0.7776923076923077 0.04921875 0.03719230769230764
0 0.2174005681818182 0.4815384615384615 0.036988636363636355 0.05588461538461539
0 0.0883877840909091 0.8922980769230769 0.029502840909090902 0.05778846153846145
0 0.07140624999999999 0.9275576923076922 0.037386363636363634 0.03484615384615385
0 0.10069602272727272 0.9435096153846154 0.027471590909090914 0.032749999999999946
0 0.07235085227272728 0.950076923076923 0.03478693181818182 0.03815384615384611
0 0.02097301136363636 0.847798076923077 0.041917613636363635 0.09248076923076919
0 0.03759232954545454 0.8196153846153847 0.05478693181818182 0.06888461538461538
0 0.04607244318181818 0.7356538461538461 0.028110795454545454 0.040769230769230745
0 0.04455255681818182 0.4332403846153846 0.022002840909090906 0.03521153846153847
0 0.01463778409090909 0.5733942307692308 0.02924715909090909 0.045403846153846183
0 0.30188920454545454 0.6649807692307693 0.04071022727272731 0.0589230769230769
0 0.01419744318181818 0.6088557692307692 0.02839488636363636 0.04901923076923079
0 0.019588068181818182 0.41609615384615384 0.03173295454545454 0.05326923076923075
0 0.02330255681818182 0.4712980769230769 0.03916193181818182 0.06617307692307686
0 0.039069602272727266 0.4012596153846154 0.0354403409090909 0.04217307692307694
0 0.03183238636363636 0.4542019230769231 0.023238636363636364 0.027865384615384632
0 0.009055397727272728 0.5039903846153846 0.018110795454545456 0.04644230769230765
0 0.017017045454545455 0.5268942307692308 0.029829545454545456 0.03444230769230774
0 0.09642045454545455 0.48477884615384614 0.06531250000000001 0.03275000000000006
0 0.8389417613636364 0.9588173076923077 0.04240056818181805 0.05021153846153849
0 0.07892755681818181 0.5233173076923077 0.03808238636363637 0.059750000000000095
0 0.4308522727272727 0.8868942307692308 0.030369318181818174 0.058173076923076925
0 0.36359375000000005 0.8407115384615383 0.03164772727272727 0.036192307692307676
0 0.10358664772727272 0.5927019230769232 0.034928977272727264 0.05198076923076929
0 0.9817613636363638 0.36472115384615383 0.027215909090909044 0.04824999999999995
0 0.8065340909090909 0.9856730769230768 0.02593749999999999 0.02865384615384611
0 0.8308806818181819 0.9893269230769232 0.01761363636363633 0.02134615384615389
0 0.8187571022727272 0.9755961538461537 0.03691761363636365 0.04853846153846145
0 0.8371306818181818 0.5277596153846154 0.027272727272727337 0.04148076923076933
0 0.8148579545454545 0.5368653846153846 0.032670454545454544 0.05323076923076924
0 0.8378338068181819 0.4361826923076923 0.02725852272727264 0.04578846153846154
0 0.797421875 0.10616346153846154 0.017428977272727245 0.026980769230769232
0 0.8268181818181817 0.03179807692307693 0.02363636363636362 0.03163461538461539
0 0.26110795454545455 0.5829038461538462 0.030426136363636346 0.05280769230769227
0 0.8179545454545454 0.055163461538461536 0.02363636363636362 0.030673076923076914
0 0.8078196022727272 0.03107692307692308 0.02921875000000007 0.045538461538461535
0 0.7933025568181818 0.23249038461538463 0.030639204545454456 0.036788461538461555
0 0.78546875 0.2136730769230769 0.031079545454545447 0.03607692307692306
0 0.87421875 0.22633653846153845 0.021420454545454604 0.028826923076923066
0 0.8913849431818183 0.26598076923076924 0.02390625000000006 0.04234615384615384
0 0.8776988636363637 0.281375 0.026505681818181772 0.03598076923076919
0 0.8697088068181817 0.26140384615384615 0.025298295454545375 0.03134615384615387
0 0.8291051136363637 0.22403846153846155 0.08139204545454555 0.12276923076923074
0 0.9472230113636364 0.1787403846153846 0.037173295454545396 0.04674999999999998
0 0.14143465909090908 0.24773076923076923 0.029289772727272713 0.03584615384615382
0 0.6745667613636364 0.06750961538461539 0.021150568181818163 0.037596153846153856
0 0.9590198863636364 0.21016346153846152 0.02428977272727276 0.03113461538461538
0 0.9526775568181818 0.22895192307692308 0.040951704545454604 0.03167307692307695
0 0.9900000000000001 0.23003846153846155 0.01963068181818189 0.039192307692307686
0 0.7806036931818181 0.013653846153846154 0.034133522727272686 0.027307692307692307
0 0.6433948863636364 0.008259615384615384 0.03161931818181817 0.01651923076923077
0 0.7258806818181818 0.005798076923076923 0.02548295454545454 0.011596153846153846
0 0.751875 0.008259615384615384 0.024914772727272837 0.01651923076923077
0 0.7663210227272728 0.08506730769230769 0.05630681818181816 0.05667307692307692
0 0.7139346590909091 0.05403846153846154 0.025255681818181778 0.034038461538461545
0 0.1826278409090909 0.41511538461538466 0.03625000000000001 0.02992307692307687
0 0.7250284090909092 0.039480769230769236 0.01968750000000002 0.031115384615384614
0 0.6782102272727273 0.040711538461538466 0.02798295454545453 0.04065384615384615
0 0.6448721590909091 0.06543269230769232 0.028210227272727293 0.049442307692307695
0 0.6558522727272728 0.06750961538461539 0.01673295454545459 0.039134615384615386
0 0.6726349431818182 0.23362500000000003 0.03367897727272724 0.07163461538461541
0 0.6722869318181818 0.27375 0.025710227272727225 0.029576923076923067
0 0.7123224431818183 0.1836730769230769 0.0306676136363636 0.04426923076923076
0 0.7172869318181818 0.21829807692307693 0.031505681818181745 0.03944230769230767
0 0.32058238636363634 0.18916346153846153 0.025170454545454544 0.03924999999999999
0 0.7481747159090909 0.2149903846153846 0.038678977272727295 0.03928846153846155
0 0.15845880681818184 0.24127884615384615 0.020639204545454527 0.03917307692307693
0 0.6911789772727274 0.21876923076923077 0.03184659090909093 0.06530769230769232
0 0.7462997159090908 0.41652884615384617 0.036519886363636414 0.04282692307692304
0 0.7023224431818181 0.41083653846153845 0.036633522727272674 0.0523653846153846
0 0.7149573863636364 0.4722211538461539 0.025937500000000068 0.0472884615384616
0 0.7262784090909091 0.46828846153846154 0.021051136363636435 0.027115384615384604
0 0.6448792613636364 0.8823076923076922 0.03231534090909091 0.05946153846153849
0 0.6777556818181818 0.8977884615384616 0.044829545454545455 0.07530769230769235
0 0.6824147727272728 0.48129807692307686 0.04596590909090911 0.08886538461538462
0 0.7514772727272727 0.4537307692307692 0.05210227272727274 0.053461538461538484
0 0.69515625 0.46950961538461533 0.026846590909090876 0.05051923076923073
0 0.45700284090909093 0.8526826923076922 0.028068181818181805 0.05544230769230766
0 0.654715909090909 0.47621153846153846 0.02991477272727273 0.060230769230769275
0 0.6832173295454546 0.44325000000000003 0.044133522727272716 0.03003846153846155
0 0.6108451704545454 0.2828461538461538 0.037286931818181816 0.046230769230769214
0 0.5971306818181819 0.5023173076923076 0.019886363636363636 0.03744230769230769
0 0.5776704545454545 0.5040192307692307 0.024204545454545402 0.04084615384615381
0 0.6123295454545454 0.5090576923076923 0.02130681818181818 0.03965384615384611
0 0.455909090909091 0.36313461538461533 0.03593750000000002 0.04884615384615386
0 0.465 0.3811730769230769 0.04306818181818181 0.06511538461538459
0 0.4329474431818182 0.21920192307692307 0.016178977272727255 0.020134615384615383
0 0.45122869318181813 0.22959615384615384 0.025440340909090944 0.04488461538461539
0 0.08196732954545455 0.3594134615384615 0.03208806818181819 0.06482692307692309
0 0.5144460227272727 0.2531346153846154 0.0380965909090909 0.046653846153846136
0 0.9266477272727273 0.011932692307692307 0.030624999999999923 0.023865384615384615
0 0.4905113636363636 0.23761538461538462 0.027301136363636402 0.03849999999999999
0 0.2562073863636364 0.44361538461538463 0.03642045454545453 0.06500000000000002
0 0.2977201704545455 0.08875961538461538 0.05473011363636364 0.041673076923076924
0 0.28935369318181814 0.15927884615384616 0.03617897727272727 0.04001923076923077
0 0.2751349431818182 0.12328846153846154 0.030667613636363642 0.037115384615384626
0 0.30086647727272725 0.19198076923076923 0.016079545454545444 0.05553846153846153
0 0.3819389204545454 0.275125 0.04450284090909093 0.04501923076923076
0 0.31289062500000003 0.2341923076923077 0.042144886363636384 0.05142307692307694
0 0.1497159090909091 0.36604807692307695 0.028920454545454544 0.04163461538461534
0 0.33216619318181817 0.214125 0.03686079545454544 0.03924999999999999
0 0.34828835227272725 0.19517307692307695 0.03450284090909086 0.0546153846153846
0 0.6585582386363636 0.9737692307692308 0.05404829545454539 0.05207692307692305
0 0.6967329545454546 0.9725384615384616 0.029687499999999967 0.05492307692307693
0 0.4992755681818182 0.8885192307692307 0.021903409090909112 0.03707692307692313
0 0.47794034090909093 0.8835000000000001 0.02579545454545458 0.03753846153846151
0 0.5239772727272727 0.868826923076923 0.05625000000000003 0.0690384615384616
0 0.4131321022727273 0.942701923076923 0.046235795454545474 0.045942307692307664
0 0.41667613636363643 0.7981923076923075 0.031874999999999994 0.054692307692307686
0 0.3693394886363636 0.7582307692307692 0.04828124999999997 0.04699999999999999
0 0.10848011363636365 0.152125 0.042556818181818175 0.06886538461538462
0 0.20735795454545458 0.7523846153846154 0.04301136363636364 0.05861538461538465
0 0.8006889204545454 0.07302884615384615 0.030269886363636447 0.040865384615384616
0 0.8584090909090908 0.10060576923076922 0.029772727272727163 0.03275
0 0.8655539772727273 0.017288461538461537 0.032670454545454544 0.034576923076923075
0 0.8994105113636363 0.103875 0.03802556818181832 0.05548076923076922
0 0.9357599431818181 0.07713461538461538 0.04333806818181817 0.07242307692307692
0 0.7486647727272726 0.24778846153846154 0.06622159090909091 0.03149999999999999
0 0.7596875 0.20389423076923077 0.0293181818181818 0.046673076923076914
0 0.7828977272727272 0.1844326923076923 0.020994318181818142 0.028096153846153844
0 0.8062073863636363 0.18148076923076925 0.03818181818181818 0.039038461538461536
0 0.31707386363636364 0.5361826923076924 0.03374999999999999 0.06694230769230769
0 0.7784446022727273 0.14101923076923076 0.05504261363636364 0.06846153846153845
0 0.14316051136363636 0.641 0.03828125 0.09657692307692313
0 0.16286221590909092 0.6583173076923078 0.04407670454545453 0.07459615384615388
0 0.5461292613636364 0.7596153846153846 0.057485795454545414 0.07888461538461534
0 0.12464488636363637 0.623951923076923 0.02053977272727274 0.03344230769230767
0 0.963359375 0.35684615384615387 0.029872159090909053 0.041461538461538466
0 0.8896803977272728 0.913201923076923 0.02220170454545454 0.06363461538461544
0 0.9100852272727273 0.9128461538461539 0.024374999999999956 0.040846153846153865
0 0.9750071022727272 0.9802692307692308 0.04990056818181818 0.03946153846153843
0 0.04066051136363636 0.5403461538461539 0.04535511363636364 0.041961538461538446
0 0.3378693181818182 0.5970384615384615 0.02767045454545453 0.03315384615384617
0 0.7656534090909091 0.18229807692307692 0.022329545454545494 0.0321346153846154
0 0.1390553977272727 0.2928846153846154 0.052741477272727266 0.05661538461538461
0 0.04840909090909091 0.5689711538461538 0.05014204545454545 0.044826923076923084
0 0.2450284090909091 0.48729807692307686 0.035823863636363674 0.08767307692307692
0 0.30123579545454543 0.4628076923076923 0.025284090909090926 0.0393076923076923
0 0.2857741477272727 0.43283653846153847 0.018735795454545453 0.02440384615384615
0 0.47645596590909095 0.2638076923076923 0.04029829545454546 0.046192307692307685
0 0.19162642045454545 0.23633653846153846 0.01904829545454549 0.07567307692307691
0 0.2772869318181818 0.5094134615384615 0.04156249999999999 0.0830576923076923
0 0.1718252840909091 0.3644423076923077 0.035269886363636364 0.06511538461538459
0 0.11920454545454544 0.3662596153846154 0.03633522727272727 0.03486538461538466
0 0.45793323863636365 0.6522788461538461 0.07725852272727271 0.07686538461538467
0 0.1696590909090909 0.6114903846153846 0.019999999999999997 0.028365384615384615
0 0.18968749999999998 0.4369807692307693 0.03960227272727272 0.046307692307692334
0 0.13397727272727272 0.5067884615384616 0.05696022727272729 0.041615384615384644
0 0.11296164772727274 0.53625 0.02376420454545455 0.036230769230769184
0 0.09303267045454545 0.546 0.03387784090909091 0.059884615384615356
0 0.15901988636363634 0.46851923076923074 0.058039772727272725 0.06838461538461545
0 0.13363636363636364 0.44861538461538464 0.023579545454545447 0.03542307692307695
0 0.22046874999999996 0.4193653846153846 0.04727272727272727 0.07403846153846154
0 0.08443892045454546 0.45467307692307696 0.05680397727272726 0.034769230769230795
0 0.07000710227272727 0.4046538461538462 0.040639204545454555 0.08273076923076925
0 0.10267755681818182 0.3481923076923077 0.025923295454545456 0.043615384615384625
0 0.039403409090909086 0.36459615384615385 0.05454545454545454 0.06803846153846153
0 0.17475142045454548 0.22998076923076924 0.01862215909090911 0.06373076923076923
0 0.05100852272727272 0.3492596153846154 0.03659090909090909 0.058980769230769205
0 0.02236505681818182 0.9766826923076923 0.044474431818181816 0.046634615384615385
0 0.10526988636363636 0.9858173076923077 0.052784090909090906 0.028365384615384615
0 0.05014914772727272 0.9919134615384615 0.0495028409090909 0.01617307692307697
0 0.3758948863636364 0.5720288461538461 0.06880681818181822 0.08098076923076926
0 0.301328125 0.41061538461538466 0.035752840909090894 0.03149999999999999
0 0.36524857954545453 0.5190384615384614 0.07541193181818183 0.07746153846153851
0 0.44144176136363633 0.4898942307692308 0.06796874999999995 0.06640384615384616
0 0.735731534090909 0.12787500000000002 0.03714488636363633 0.052057692307692305
0 0.4902556818181818 0.5812884615384615 0.04974431818181815 0.0910769230769231
0 0.340625 0.7742596153846154 0.015625 0.02148076923076926
0 0.3637215909090909 0.787076923076923 0.022926136363636343 0.02819230769230774
0 0.3796377840909091 0.865951923076923 0.04143465909090911 0.04344230769230764
0 0.40239346590909086 0.865625 0.07649147727272722 0.10428846153846158
0 0.3570596590909091 0.8833557692307693 0.032982954545454586 0.06409615384615382
0 0.040113636363636365 0.17139423076923077 0.03667613636363636 0.04590384615384616
0 0.3026846590909091 0.3836730769230769 0.0322159090909091 0.03757692307692306
0 0.27784801136363635 0.40090384615384617 0.020156249999999997 0.05038461538461536
0 0.17644886363636364 0.9190096153846153 0.03633522727272725 0.04967307692307689
0 0.2240909090909091 0.3477692307692308 0.035880681818181805 0.08438461538461538
0 0.21109375000000002 0.9227884615384616 0.04647727272727273 0.07276923076923072
0 0.5059161931818181 0.7657307692307692 0.04299715909090915 0.045461538461538435
0 0.5965127840909091 0.9261153846153847 0.025525568181818222 0.06842307692307689
0 0.5754758522727272 0.9365769230769231 0.029673295454545435 0.04861538461538467
0 0.583544034090909 0.9092307692307693 0.023849431818181766 0.03826923076923072
0 0.06130681818181818 0.14913461538461537 0.030624999999999993 0.0679230769230769
0 0.5987144886363637 0.87175 0.03242897727272733 0.062576923076923
0 0.5991832386363636 0.8264230769230769 0.04436079545454548 0.0696923076923077
0 0.2785511363636364 0.1838076923076923 0.03261363636363637 0.042538461538461546
0 0.5758167613636364 0.8768173076923077 0.017372159090909115 0.028134615384615376
0 0.29237926136363634 0.25048076923076923 0.04507102272727271 0.022192307692307706
0 0.5666832386363636 0.9883653846153847 0.021349431818181778 0.023269230769230813
0 0.6059801136363636 0.9890673076923078 0.047869318181818166 0.021788461538461618
0 0.24316761363636363 0.9230096153846155 0.07329545454545458 0.15398076923076923
0 0.298984375 0.9425865384615384 0.0520596590909091 0.07132692307692302
0 0.28500710227272724 0.45350961538461537 0.03305397727272729 0.04036538461538458
0 0.2599431818181818 0.1663653846153846 0.03142045454545455 0.05646153846153846
0 0.0883096590909091 0.830326923076923 0.06735795454545454 0.07211538461538461
0 0.323671875 0.14711538461538462 0.03529829545454544 0.03607692307692306
0 0.08361505681818181 0.8132596153846153 0.05282670454545453 0.06421153846153843
0 0.010369318181818181 0.7715576923076923 0.020738636363636362 0.060538461538461465
0 0.4842400568181818 0.6734807692307693 0.026832386363636426 0.04457692307692309
0 0.0037855113636363637 0.8057115384615385 0.0075710227272727275 0.04803846153846147
0 0.02516335227272727 0.6717788461538462 0.03308238636363636 0.042403846153846174
0 0.004367897727272727 0.6753750000000001 0.008735795454545454 0.05278846153846151
0 0.11998579545454545 0.5571442307692308 0.02730113636363636 0.024326923076923142
0 0.14073863636363637 0.5383365384615385 0.03383522727272726 0.03894230769230769
0 0.1228409090909091 0.580375 0.036931818181818184 0.034519230769230747
0 0.14605113636363634 0.40402884615384616 0.0558806818181818 0.07832692307692311
0 0.10379971590909091 0.39513461538461536 0.03254261363636364 0.041999999999999954
0 0.2994886363636364 0.1196923076923077 0.04954545454545454 0.04442307692307694
0 0.3198721590909091 0.1629326923076923 0.03633522727272725 0.0330576923076923
0 0.7162144886363637 0.15327884615384618 0.02776988636363638 0.036326923076923076
0 0.04083806818181818 0.7829903846153846 0.05127840909090908 0.07840384615384623
0 0.3601207386363636 0.134875 0.049957386363636384 0.06890384615384615
0 0.3570028409090909 0.29121153846153847 0.04903409090909088 0.10234615384615385
0 0.33587357954545455 0.24271153846153848 0.028536931818181822 0.030423076923076938
0 0.37968039772727274 0.3655865384615385 0.03353693181818184 0.04817307692307689
0 0.3407528409090909 0.09266346153846154 0.03755681818181822 0.09371153846153846
0 0.3614630681818181 0.34628846153846154 0.021107954545454524 0.02465384615384614
0 0.354375 0.027432692307692307 0.06406249999999995 0.054865384615384614
0 0.3978480113636364 0.3806730769230769 0.021434659090909056 0.030461538461538467
0 0.40240056818181813 0.3428076923076923 0.04747159090909093 0.09080769230769231
0 0.7255468749999999 0.19417307692307692 0.021860795454545515 0.03250000000000001
0 0.39093750000000005 0.393875 0.021761363636363627 0.02467307692307689
0 0.3693963068181818 0.3935096153846154 0.024105113636363674 0.03524999999999997
0 0.35434659090909093 0.40715384615384614 0.018210227272727263 0.025961538461538463
0 0.37700994318181813 0.4098365384615385 0.019616477272727275 0.02582692307692309
0 0.8194744318181819 0.4821442307692308 0.05090909090909095 0.07175000000000001
0 0.7994957386363637 0.42363461538461544 0.0648153409090909 0.09223076923076924
0 0.8216193181818181 0.4453461538461539 0.027329545454545467 0.041461538461538466
0 0.8625710227272727 0.4787019230769231 0.043295454545454574 0.07836538461538461
0 0.33056107954545455 0.077125 0.03666193181818182 0.06090384615384615
0 0.5491548295454546 0.7972692307692307 0.03223011363636363 0.03461538461538462
0 0.7106392045454545 0.11263461538461539 0.02579545454545458 0.03734615384615385
0 0.6261718749999999 0.46770192307692304 0.033366477272727284 0.02871153846153842
0 0.9948295454545455 0.10651923076923077 0.010340909090909052 0.03457692307692307
0 0.9744318181818182 0.21951923076923074 0.03420454545454535 0.08949999999999998
0 0.9855397727272727 0.19228846153846152 0.028920454545454565 0.035576923076923075
0 0.9531605113636363 0.13410576923076922 0.05478693181818173 0.04332692307692308
0 0.8829119318181817 0.05972115384615385 0.0398011363636365 0.0919423076923077
0 0.905546875 0.06690384615384615 0.028877840909090804 0.06953846153846154
0 0.8306960227272726 0.09839423076923078 0.06150568181818192 0.08263461538461539
0 0.81171875 0.009788461538461538 0.040539772727272834 0.019384615384615386
0 0.8449289772727273 0.032711538461538466 0.050113636363636326 0.06542307692307693
0 0.23696022727272725 0.543125 0.030795454545454556 0.032673076923076944
0 0.6824431818181819 0.1630576923076923 0.03826704545454545 0.04215384615384616
0 0.7507954545454545 0.666298076923077 0.02792613636363632 0.04032692307692302
0 0.7417187500000001 0.6506923076923077 0.02792613636363632 0.04099999999999999
0 0.8396377840909092 0.05065384615384616 0.02080965909090906 0.030115384615384617
0 0.8525284090909092 0.07264423076923077 0.03690340909090895 0.036826923076923083
0 0.5924289772727273 0.09157692307692308 0.06306818181818179 0.07623076923076923
0 0.4514488636363636 0.012903846153846155 0.02767045454545457 0.02580769230769231
0 0.4776846590909091 0.016048076923076922 0.029829545454545456 0.031365384615384614
0 0.47753551136363637 0.034124999999999996 0.020639204545454506 0.027249999999999996
0 0.4588494318181818 0.03222115384615385 0.016420454545454547 0.03205769230769231
0 0.6105042613636363 0.01966346153846154 0.04348011363636366 0.03932692307692308
0 0.6912571022727273 0.28257692307692306 0.022514204545454497 0.027692307692307648
0 0.6091477272727274 0.048519230769230766 0.0224715909090909 0.028692307692307687
0 0.9936292613636364 0.912923076923077 0.012741477272727312 0.0416153846153847
0 0.8576207386363636 0.9855576923076923 0.03811079545454535 0.02888461538461535
0 0.8784588068181818 0.6830288461538462 0.03438920454545444 0.06732692307692306
0 0.8650284090909092 0.9461057692307693 0.04656249999999996 0.07251923076923072
0 0.5318536931818181 0.8194326923076923 0.049957386363636384 0.05371153846153848
0 0.5642258522727274 0.8595384615384616 0.031377840909090876 0.06626923076923073
0 0.8547727272727272 0.6863076923076923 0.03934659090909098 0.060653846153846086
0 0.7217045454545455 0.5179711538461539 0.028863636363636355 0.05201923076923079
0 0.5688210227272728 0.7889423076923077 0.018323863636363603 0.033423076923076916
0 0.7002627840909091 0.2549423076923077 0.035269886363636344 0.036192307692307676
0 0.5873366477272728 0.791826923076923 0.024048295454545465 0.04057692307692312
0 0.5447301136363637 0.6517211538461538 0.01985795454545457 0.039134615384615316
0 0.5647443181818183 0.653125 0.02318181818181817 0.04467307692307696
0 0.5395099431818182 0.09063461538461537 0.021747159090909095 0.030538461538461542
0 0.5051349431818182 0.009298076923076923 0.03669034090909089 0.018596153846153846
0 0.49736505681818177 0.028423076923076922 0.020213068181818207 0.027999999999999997
0 0.42803977272727267 0.01969230769230769 0.0234375 0.03934615384615384
0 0.4463778409090909 0.04046153846153846 0.019289772727272784 0.032692307692307694
0 0.49004261363636364 0.050932692307692304 0.02119318181818184 0.028673076923076916
0 0.4702343749999999 0.052980769230769234 0.02055397727272723 0.02973076923076923
0 0.7247514204545454 0.2803557692307692 0.036576704545454544 0.04940384615384615
0 0.47875 0.4441538461538461 0.017585227272727266 0.0241153846153846
0 0.4516548295454546 0.5065673076923077 0.027315340909090855 0.03725000000000006
0 0.45625710227272726 0.5360096153846154 0.046377840909090876 0.04163461538461545
0 0.9868536931818181 0.16019230769230772 0.026292613636363624 0.05496153846153846
0 0.9754048295454545 0.08516346153846154 0.049190340909090906 0.08705769230769231
0 0.992478693181818 0.024923076923076926 0.015042613636363682 0.04230769230769231
0 0.03420454545454545 0.709875 0.031846590909090915 0.05774999999999995
0 0.00970880681818182 0.7319134615384616 0.019303977272727275 0.06028846153846147
0 0.01691761363636364 0.7031057692307693 0.02585227272727273 0.035557692307692325
0 0.10563920454545456 0.8651153846153846 0.03119318181818181 0.030538461538461528
0 0.766171875 0.2903269230769231 0.049247159090909196 0.05842307692307691
0 0.24365767045454545 0.9812692307692308 0.02873579545454548 0.0291538461538462
0 0.19911221590909092 0.9689423076923077 0.05061079545454547 0.05342307692307698
0 0.27169034090909094 0.8585384615384616 0.040312499999999994 0.04399999999999999
0 0.4020028409090909 0.8878653846153846 0.0339488636363636 0.04073076923076913
0 0.4278267045454545 0.08298076923076923 0.026306818181818157 0.03184615384615385
0 0.6958522727272727 0.526125 0.04360795454545461 0.06440384615384617
0 0.42034090909090904 0.05554807692307692 0.04647727272727269 0.0464423076923077
0 0.3912144886363636 0.017326923076923077 0.055099431818181846 0.03465384615384615
0 0.31557528409090907 0.02708653846153846 0.03541193181818183 0.05244230769230769
0 0.30796875 0.012903846153846155 0.03420454545454543 0.02580769230769231
0 0.8715767045454544 0.19477884615384614 0.02335227272727264 0.051057692307692304
0 0.2927698863636364 0.04993269230769232 0.041931818181818195 0.07440384615384617
0 0.27634232954545457 0.02002884615384615 0.02890624999999999 0.0400576923076923
0 0.2481463068181818 0.04978846153846154 0.04634943181818181 0.09957692307692308
0 0.022855113636363632 0.058480769230769225 0.04553977272727272 0.05861538461538461
0 0.014836647727272728 0.09146153846153847 0.029673295454545456 0.04096153846153847
0 0.012798295454545455 0.17040384615384616 0.02559659090909091 0.03880769230769232
0 0.008927556818181819 0.1296442307692308 0.017855113636363638 0.05432692307692309
0 0.02512073863636364 0.12175000000000001 0.02694602272727273 0.04373076923076925
0 0.022208806818181815 0.15409615384615383 0.023224431818181814 0.03026923076923076
0 0.03720880681818182 0.1442019230769231 0.020156249999999997 0.03013461538461536
0 0.8585298295454545 0.1535 0.02819602272727276 0.03719230769230767
0 0.11161931818181818 0.053250000000000006 0.0471875 0.06692307692307693
0 0.10600852272727272 0.08814423076923077 0.04096590909090909 0.04294230769230769
0 0.07461647727272727 0.10254807692307691 0.024971590909090905 0.04132692307692307
0 0.05433238636363636 0.09404807692307693 0.028011363636363636 0.03971153846153846
0 0.06642755681818181 0.042423076923076924 0.05723011363636363 0.07711538461538461
0 0.09139914772727273 0.021230769230769234 0.056690340909090906 0.04223076923076923
0 0.10408380681818183 0.22347115384615387 0.0304403409090909 0.053750000000000006
0 0.12213068181818182 0.20192307692307693 0.02392045454545455 0.03057692307692309
0 0.12117897727272728 0.2322307692307692 0.020113636363636358 0.03726923076923076
0 0.018764204545454546 0.27394230769230765 0.03752840909090909 0.026269230769230763
0 0.5153053977272727 0.668173076923077 0.030838068181818154 0.04576923076923079
0 0.019375 0.23944230769230768 0.03875 0.047730769230769216
0 0.008203125 0.23702884615384615 0.01640625 0.02959615384615382
0 0.07492187500000001 0.2974615384615385 0.03032670454545455 0.03142307692307693
0 0.017592329545454546 0.2948846153846154 0.03518465909090909 0.04223076923076919
0 0.012130681818181816 0.20477884615384614 0.024261363636363633 0.038903846153846136
0 0.6355113636363636 0.5323365384615385 0.055454545454545486 0.11340384615384615
0 0.5965909090909091 0.15346153846153848 0.052897727272727284 0.09311538461538461
0 0.6309801136363636 0.11459615384615385 0.04076704545454544 0.05653846153846155
0 0.6179971590909091 0.3969423076923077 0.06818181818181818 0.06061538461538458
0 0.6377130681818182 0.22815384615384612 0.05698863636363637 0.06992307692307692
0 0.38902698863636365 0.7249326923076924 0.04524147727272731 0.053019230769230756
0 0.026683238636363637 0.7544903846153846 0.02552556818181818 0.0330192307692308
0 0.6389133522727273 0.1884807692307692 0.03146306818181815 0.034538461538461525
0 0.8868678977272727 0.1760576923076923 0.025184659090909115 0.036192307692307676
0 0.12276988636363638 0.3345673076923077 0.02744318181818183 0.03855769230769233
0 0.9100284090909091 0.2039519230769231 0.02846590909090904 0.03594230769230772
0 0.3643039772727273 0.7137307692307692 0.04573863636363635 0.04296153846153841
0 0.8895951704545454 0.139 0.03759943181818186 0.045923076923076914
0 0.8258451704545454 0.14448076923076922 0.04507102272727275 0.06376923076923076
0 0.21644886363636362 0.24458653846153847 0.04090909090909092 0.07794230769230767
0 0.52234375 0.032538461538461544 0.03565340909090904 0.0485
0 0.5358451704545455 0.011548076923076923 0.025241477272727245 0.023096153846153846
0 0.568799715909091 0.015009615384615383 0.03274147727272721 0.030019230769230767
0 0.5805397727272728 0.044298076923076926 0.03980113636363634 0.0634423076923077
0 0.23942471590909092 0.20271153846153844 0.03458806818181817 0.07246153846153848
0 0.6165269886363636 0.8763173076923076 0.028394886363636296 0.07128846153846163
0 0.5613920454545455 0.1711826923076923 0.0322159090909091 0.03644230769230767
0 0.38700994318181814 0.9154423076923076 0.024303977272727293 0.03530769230769223
0 0.5594034090909091 0.14740384615384616 0.030000000000000006 0.0338076923076923
0 0.55875 0.12034615384615384 0.03326704545454548 0.05019230769230768
0 0.3736434659090909 0.08260576923076923 0.05129261363636366 0.058480769230769225
0 0.2329829545454545 0.16853846153846153 0.047471590909090894 0.07246153846153848
0 0.3928835227272728 0.13289423076923076 0.020909090909090867 0.06501923076923077
0 0.4075355113636363 0.26275 0.02734375 0.05111538461538458
0 0.3920951704545454 0.41610576923076925 0.028281250000000036 0.025865384615384592
0 0.4471661931818182 0.9303557692307691 0.025724431818181837 0.033211538461538535
0 0.09540482954545454 0.7471442307692308 0.020355113636363633 0.02924999999999996
0 0.405 0.43138461538461537 0.03471590909090909 0.03742307692307694
0 0.42993607954545454 0.4657788461538461 0.02720170454545451 0.03601923076923075
0 0.4051704545454546 0.5250961538461538 0.025710227272727305 0.034384615384615375
0 0.39446732954545455 0.612923076923077 0.05132102272727272 0.05999999999999998
0 0.13753551136363634 0.975 0.01995738636363636 0.029576923076923178
0 0.2799431818181818 0.22049038461538462 0.039375 0.05571153846153843
0 0.42208806818181815 0.6270865384615384 0.030511363636363583 0.047134615384615365
0 0.36301136363636366 0.6589038461538461 0.03411931818181815 0.07276923076923084
0 0.2919034090909091 0.9772692307692308 0.06085227272727269 0.045461538461538435
0 0.3419389204545455 0.9402307692307692 0.032372159090909076 0.050653846153846105
0 0.35328125 0.8137019230769231 0.02301136363636362 0.03655769230769229
0 0.3016690340909091 0.586076923076923 0.02984374999999999 0.05550000000000003
0 0.1301278409090909 0.9804134615384617 0.020568181818181805 0.027019230769230792
0 0.33201704545454547 0.8766826923076924 0.030426136363636346 0.07378846153846155
0 0.2596946022727273 0.8065288461538461 0.041008522727272734 0.05990384615384622
0 0.30606534090909093 0.803548076923077 0.05011363636363637 0.07201923076923075
0 0.11310369318181818 0.9219423076923077 0.03924715909090908 0.04176923076923071
0 0.11488636363636363 0.8907403846153846 0.028551136363636376 0.03159615384615375
0 0.13046875 0.9525865384615385 0.025397727272727287 0.029173076923076954
0 0.17134943181818182 0.8925673076923076 0.03383522727272726 0.04463461538461545
0 0.14318892045454545 0.8784038461538461 0.030184659090909092 0.03719230769230764
0 0.23837357954545454 0.6254903846153846 0.03907670454545453 0.044826923076923084
0 0.10248579545454546 0.6561153846153845 0.05014204545454545 0.062115384615384635
0 0.05754971590909091 0.6680288461538462 0.037343749999999995 0.03828846153846148
0 0.04901278409090908 0.6403942307692307 0.06961647727272727 0.05055769230769224
0 0.16372869318181815 0.967326923076923 0.039133522727272725 0.06534615384615389
0 0.08534090909090909 0.6868173076923076 0.05511363636363637 0.030942307692307644
0 0.08717329545454545 0.7173942307692308 0.03045454545454546 0.0336730769230769
0 0.07792613636363636 0.7563846153846153 0.022187500000000006 0.037230769230769255
0 0.15574573863636365 0.8044711538461539 0.046321022727272725 0.07544230769230773
0 0.13052556818181818 0.8025865384615385 0.029403409090909074 0.060365384615384696
0 0.9245596590909091 0.33488461538461534 0.023892045454545364 0.04003846153846158
