0 0.746903409090909 0.6969134615384615 0.02329545454545451 0.03113461538461538
0 0.28984375 0.257625 0.019943181818181808 0.025557692307692347
0 0.4558025568181818 0.16751923076923078 0.022485795454545432 0.03307692307692305
0 0.3820880681818182 0.3377307692307692 0.03485795454545449 0.039846153846153844
0 0.3149431818181818 0.004490384615384615 0.0244034090909091 0.008865384615384614
0 0.5522514204545454 0.760798076923077 0.04313920454545455 0.05167307692307693
0 0.6200142045454545 0.6396057692307693 0.035994318181818225 0.0384423076923076
0 0.4538778409090909 0.24661538461538463 0.025056818181818243 0.035153846153846154
0 0.7250355113636364 0.679903846153846 0.04205965909090911 0.03934615384615381
0 0.7557457386363636 0.9024711538461538 0.03231534090909091 0.0467115384615385
0 0.7272514204545455 0.15798076923076923 0.02407670454545461 0.033461538461538445
0 0.6793039772727273 0.056269230769230766 0.02761363636363636 0.037576923076923084
0 0.7598579545454546 0.7986634615384616 0.037159090909090864 0.037173076923077
0 0.6174715909090909 0.022528846153846153 0.01664772727272731 0.02428846153846154
0 0.46392045454545455 0.22198076923076923 0.022244318181818216 0.03546153846153848
0 0.6716335227272728 0.16547115384615385 0.026022727272727263 0.03786538461538461
0 0.6190198863636364 0.008875000000000001 0.022613636363636388 0.017750000000000002
0 0.7017684659090908 0.046375 0.024417613636363633 0.03628846153846153
0 0.9670525568181819 0.15932692307692306 0.02754261363636362 0.034923076923076946
0 0.01892045454545455 0.8989230769230769 0.03295454545454546 0.03523076923076933
0 0.8759801136363637 0.9272211538461538 0.04008522727272715 0.05363461538461547
0 0.4137997159090909 0.7274807692307692 0.025582386363636352 0.03553846153846146
0 0.7959232954545455 0.04304807692307692 0.024545454545454506 0.03386538461538462
0 0.5013849431818183 0.2790769230769231 0.020156249999999997 0.05234615384615384
0 0.17507102272727273 0.7520384615384615 0.028181818181818166 0.03611538461538456
0 0.8822230113636365 0.5122788461538461 0.029928977272727343 0.03463461538461537
0 0.59953125 0.18689423076923078 0.029715909090909032 0.041980769230769224
0 0.6631036931818182 0.3741153846153846 0.02754261363636362 0.046961538461538437
0 0.6361079545454547 0.3453461538461538 0.02991477272727273 0.042269230769230746
0 0.9420170454545456 0.8643173076923076 0.02454545454545467 0.03344230769230767
0 0.6450568181818181 0.8490384615384615 0.08715909090909092 0.10753846153846146
0 0.3518678977272727 0.12427884615384616 0.019872159090909104 0.02517307692307693
0 0.8346306818181819 0.19597115384615385 0.025170454545454583 0.03386538461538462
0 0.7866193181818182 0.6548846153846153 0.021676136363636352 0.025884615384615346
0 0.1829403409090909 0.29941346153846154 0.031221590909090914 0.03551923076923077
0 0.18279829545454546 0.6552692307692308 0.026448863636363642 0.030538461538461528
0 0.08688210227272727 0.44869230769230767 0.03296874999999999 0.039346153846153864
0 0.9814701704545453 0.17605769230769233 0.030355113636363642 0.039038461538461536
0 0.658671875 0.8105865384615385 0.018650568181818174 0.021865384615384623
0 0.976640625 0.11602884615384615 0.04671874999999998 0.06282692307692309
0 0.6233806818181818 0.7296826923076923 0.03664772727272729 0.03463461538461537
0 0.5314701704545454 0.2744230769230769 0.03879261363636364 0.0363076923076923
0 0.741612215909091 0.940548076923077 0.028593749999999994 0.0365961538461539
0 0.9119318181818182 0.47441346153846153 0.02125000000000005 0.03582692307692307
0 0.8728977272727273 0.4899230769230769 0.025596590909090885 0.03669230769230772
0 0.8126633522727272 0.8009038461538462 0.030298295454545352 0.04207692307692318
0 0.1426278409090909 0.9858653846153845 0.04357954545454546 0.028269230769230748
0 0.3648934659090909 0.35791346153846154 0.024502840909090908 0.03140384615384618
0 0.2515625 0.9890288461538463 0.024545454545454547 0.021865384615384623
0 0.022230113636363638 0.7056153846153846 0.031448863636363636 0.05019230769230774
0 0.4447869318181818 0.2848269230769231 0.02792613636363632 0.04657692307692307
0 0.8469247159090909 0.1835480769230769 0.027116477272727157 0.03348076923076925
0 0.7101207386363636 0.1421346153846154 0.03404829545454549 0.039923076923076936
0 0.8565767045454545 0.1600576923076923 0.025596590909090885 0.0311153846153846
0 0.01509943181818182 0.8801346153846155 0.03019886363636364 0.03465384615384612
0 0.22551136363636362 0.18415384615384614 0.02633522727272726 0.04334615384615386
0 0.7435724431818183 0.6521634615384615 0.02103693181818174 0.024942307692307746
0 0.7094389204545455 0.014259615384615384 0.025071022727272695 0.02851923076923077
0 0.8076562499999999 0.7176346153846153 0.020823863636363592 0.028461538461538483
0 0.5066335227272728 0.2014423076923077 0.04298295454545453 0.027038461538461542
0 0.1496661931818182 0.24905769230769229 0.029673295454545456 0.03850000000000002
0 0.9753835227272727 0.5468269230769232 0.028409090909090908 0.03934615384615381
0 0.1880752840909091 0.20564423076923077 0.02529829545454546 0.04717307692307693
0 0.808174715909091 0.41923076923076924 0.024502840909090908 0.031115384615384628
0 0.2733167613636364 0.8538076923076924 0.026406250000000006 0.03996153846153852
0 0.5431392045454545 0.7374615384615385 0.031874999999999994 0.03726923076923076
0 0.8151349431818182 0.15084615384615385 0.033082386363636314 0.04334615384615383
0 0.5002201704545454 0.10272115384615385 0.01936079545454553 0.021673076923076916
0 0.7788991477272728 0.3377115384615385 0.02407670454545461 0.035230769230769274
0 0.5264275568181819 0.010413461538461538 0.025610795454545497 0.020826923076923076
0 0.29577414772727273 0.8394038461538462 0.029048295454545438 0.037230769230769255
0 0.14012784090909092 0.9591057692307693 0.02167613636363637 0.03171153846153848
0 0.43807528409090907 0.18126923076923074 0.018593749999999964 0.034230769230769224
0 0.6587428977272727 0.7917596153846155 0.019417613636363577 0.018711538461538387
0 0.1643465909090909 0.14651923076923076 0.030454545454545453 0.04626923076923077
0 0.9234446022727273 0.8363076923076923 0.030298295454545352 0.03492307692307686
0 0.9066548295454546 0.1556826923076923 0.029985795454545473 0.04205769230769232
0 0.5304545454545454 0.5698846153846154 0.03252840909090906 0.04461538461538459
0 0.7131107954545454 0.6376346153846154 0.03252840909090914 0.0434615384615385
0 0.8126420454545453 0.6934134615384616 0.022556818181818174 0.029942307692307678
0 0.43636363636363634 0.35910576923076926 0.022017045454545456 0.03205769230769229
0 0.7700994318181817 0.8237980769230769 0.03806818181818175 0.041442307692307605
0 0.12007102272727273 0.07903846153846154 0.0325284090909091 0.0455
0 0.5070880681818182 0.19051923076923075 0.018380681818181813 0.028384615384615394
0 0.5101420454545454 0.24575 0.027840909090909124 0.03823076923076922
0 0.743877840909091 0.6708942307692308 0.024517045454545604 0.016788461538461575
0 0.9314488636363637 0.47823076923076924 0.02125000000000005 0.034653846153846174
0 0.18006392045454545 0.7124038461538461 0.04813920454545457 0.05138461538461544
0 0.2046661931818182 0.047644230769230765 0.023622159090909086 0.03555769230769231
0 0.9788494318181818 0.6707115384615384 0.022755681818181793 0.02876923076923073
0 0.011299715909090909 0.8485673076923077 0.022599431818181817 0.039634615384615414
0 0.021186079545454546 0.04351923076923077 0.03816761363636364 0.07896153846153846
0 0.36034801136363637 0.5418461538461539 0.03012784090909092 0.03726923076923076
0 0.6206676136363637 0.5993846153846154 0.02906249999999997 0.04023076923076915
0 0.6097159090909091 0.7514134615384616 0.05008522727272726 0.04286538461538465
0 0.5108664772727273 0.16989423076923077 0.023778409090909104 0.0333653846153846
0 0.861377840909091 0.810375 0.026732954545454615 0.03574999999999995
0 0.30670454545454545 0.984625 0.024147727272727272 0.030750000000000017
0 0.0071661931818181816 0.21571153846153843 0.010099431818181818 0.017038461538461537
0 0.06174005681818182 0.9552884615384616 0.044019886363636365 0.04696153846153838
0 0.1741619318181818 0.3170192307692308 0.017130681818181802 0.023769230769230796
0 0.10466619318181819 0.7946923076923077 0.025014204545454544 0.035538461538461574
0 0.6011647727272728 0.08875000000000001 0.027102272727272704 0.037038461538461534
0 0.8805113636363636 0.5553365384615384 0.04553977272727265 0.060480769230769206
0 0.4940269886363637 0.9118461538461538 0.02819602272727276 0.036115384615384674
0 0.8722017045454545 0.014769230769230769 0.021590909090909157 0.029538461538461538
0 0.6888068181818181 0.4865 0.026022727272727263 0.03961538461538455
0 0.6204900568181819 0.031749999999999994 0.03436079545454545 0.032769230769230766
0 0.9056676136363637 0.6579423076923077 0.02906250000000005 0.04315384615384615
0 0.5325568181818181 0.3008461538461538 0.04735795454545451 0.042576923076923054
0 0.035788352272727274 0.2315480769230769 0.029360795454545455 0.0348269230769231
0 0.36967329545454547 0.37393269230769227 0.022556818181818174 0.03113461538461538
0 0.763828125 0.4946250000000001 0.029048295454545518 0.03786538461538461
0 0.7540269886363636 0.16576923076923075 0.027315340909090935 0.03669230769230769
0 0.3957173295454546 0.49619230769230765 0.055980113636363675 0.06392307692307689
0 0.6865269886363636 0.022384615384615385 0.03242897727272733 0.032192307692307694
0 0.6096448863636365 0.8730096153846154 0.015539772727272723 0.023980769230769174
0 0.13296875 0.009509615384615385 0.030142045454545453 0.01901923076923077
0 0.992734375 0.5339038461538461 0.014531250000000025 0.03700000000000002
0 0.11615767045454546 0.04014423076923077 0.035127840909090914 0.04286538461538462
0 0.7856889204545454 0.21361538461538462 0.03555397727272724 0.04315384615384615
0 0.15802556818181818 0.9727596153846154 0.03664772727272729 0.041980769230769203
0 0.5718181818181818 0.8160576923076923 0.030454545454545453 0.04669230769230775
0 0.02129261363636364 0.10650000000000001 0.02710227272727273 0.03757692307692309
0 0.6734659090909091 0.040749999999999995 0.01508522727272728 0.017730769230769234
0 0.8249786931818182 0.39158653846153846 0.035127840909090935 0.05078846153846159
0 0.7100923295454545 0.8127115384615385 0.06748579545454544 0.09300000000000003
0 0.07332386363636363 0.35944230769230767 0.04011363636363636 0.05226923076923078
0 0.6633238636363636 0.41300961538461534 0.03014204545454541 0.04021153846153846
0 0.14694602272727272 0.29192307692307695 0.04292613636363636 0.05400000000000003
0 0.20806107954545452 0.6857980769230769 0.04012784090909091 0.04813461538461533
0 0.4741974431818182 0.3003461538461539 0.03237215909090912 0.04607692307692309
0 0.992762784090909 0.9138653846153847 0.014474431818181895 0.04669230769230775
0 0.7858806818181818 0.4617307692307692 0.059318181818181805 0.09176923076923071
0 0.7996448863636364 0.8409423076923076 0.03340909090909088 0.03934615384615381
0 0.625546875 0.9831057692307693 0.03481534090909089 0.033788461538461524
0 0.1465838068181818 0.6837403846153847 0.06938920454545455 0.08101923076923076
0 0.8240411931818182 0.8691250000000001 0.03061079545454539 0.04817307692307694
0 0.11644886363636364 0.6595288461538461 0.041193181818181816 0.05313461538461538
0 0.8927911931818181 0.007201923076923077 0.02953124999999995 0.014403846153846154
0 0.9873863636363637 0.8579807692307692 0.025170454545454583 0.06015384615384621
0 0.8432599431818182 0.22403846153846155 0.0297017045454545 0.039346153846153864
0 0.5046164772727273 0.07651923076923077 0.032272727272727314 0.039846153846153844
0 0.44882102272727276 0.8374230769230769 0.028409090909090908 0.04930769230769228
0 0.6956960227272727 0.196 0.02082386363636367 0.027884615384615386
0 0.2024005681818182 0.1750673076923077 0.022982954545454556 0.045442307692307685
0 0.180859375 0.5135096153846155 0.047201704545454554 0.05940384615384618
0 0.9588139204545455 0.08603846153846152 0.03794034090909096 0.059
0 0.6507670454545454 0.02610576923076923 0.029744318181818177 0.02467307692307692
0 0.5447727272727273 0.7121153846153846 0.03383522727272726 0.03726923076923076
0 0.026498579545454547 0.1381923076923077 0.023196022727272725 0.03992307692307692
0 0.503359375 0.7551249999999999 0.03166193181818177 0.03286538461538457
0 0.6804403409090909 0.8131153846153846 0.024517045454545524 0.035653846153846085
0 0.1846377840909091 0.6263461538461539 0.026235795454545453 0.033769230769230774
0 0.06498579545454546 0.036326923076923076 0.01994318181818183 0.031115384615384614
0 0.2613565340909091 0.7184423076923078 0.07768465909090909 0.06288461538461536
0 0.1732528409090909 0.5867211538461539 0.017784090909090902 0.024365384615384646
0 0.24523437499999998 0.009836538461538463 0.029673295454545476 0.019673076923076925
0 0.24542613636363636 0.7549423076923077 0.026562499999999985 0.02946153846153845
0 0.9475426136363635 0.17665384615384616 0.02883522727272737 0.03669230769230772
0 0.40740767045454546 0.908028846153846 0.03274147727272721 0.0443269230769231
0 0.22242897727272729 0.9827307692307692 0.03278409090909089 0.0345384615384615
0 0.8748792613636364 0.17377884615384614 0.03137784090909095 0.03744230769230769
0 0.4821732954545455 0.2606634615384616 0.024914772727272758 0.04067307692307694
0 0.41950284090909096 0.8419423076923077 0.06329545454545454 0.06692307692307684
0 0.64984375 0.05236538461538461 0.032414772727272716 0.03980769230769231
0 0.8425639204545454 0.6068557692307692 0.027315340909090935 0.03494230769230761
0 0.03647017045454545 0.08667307692307692 0.027542613636363632 0.03611538461538462
0 0.716122159090909 0.4768557692307692 0.02906249999999997 0.04051923076923076
0 0.7350568181818182 0.18102884615384615 0.023210227272727237 0.03786538461538461
0 0.5998508522727273 0.7845865384615385 0.025582386363636352 0.03228846153846158
0 0.2576491477272727 0.4162884615384616 0.022002840909090923 0.03696153846153846
0 0.8163494318181819 0.19455769230769232 0.02883522727272737 0.05138461538461538
0 0.26825994318181823 0.9208076923076923 0.03558238636363634 0.045423076923076934
0 0.15078125 0.7502692307692307 0.022982954545454536 0.039038461538461564
0 0.7822798295454544 0.7060384615384615 0.02819602272727276 0.03580769230769232
0 0.33399147727272727 0.7947019230769231 0.03869318181818183 0.051326923076923076
0 0.20643465909090908 0.5551634615384615 0.027755681818181808 0.03698076923076927
0 0.9657386363636363 0.28039423076923076 0.03147727272727285 0.053673076923076914
0 0.9009161931818181 0.11133653846153847 0.027968750000000077 0.04051923076923079
0 0.8564062500000001 0.8529711538461537 0.030767045454545408 0.03975000000000003
0 0.8734872159090908 0.07474038461538461 0.03859374999999994 0.054019230769230764
0 0.5922230113636364 0.8874326923076924 0.024701704545454527 0.03598076923076919
0 0.8722443181818181 0.7103173076923077 0.1330397727272727 0.16240384615384612
0 0.7132599431818182 0.18396153846153845 0.023849431818181766 0.03669230769230769
0 0.5536363636363636 0.3993846153846154 0.027840909090909124 0.048346153846153817
0 0.9048082386363636 0.8458461538461539 0.022343750000000027 0.03230769230769233
0 0.6281889204545454 0.9164615384615384 0.052826704545454545 0.05911538461538463
0 0.891875 0.47823076923076924 0.02494318181818174 0.05049999999999998
0 0.8207670454545454 0.6212403846153847 0.015397727272727318 0.022596153846153846
0 0.12408380681818182 0.9708461538461539 0.02038352272727272 0.03815384615384611
0 0.10706676136363637 0.9544038461538461 0.031008522727272746 0.0416923076923077
0 0.486328125 0.873826923076923 0.0292755681818182 0.04461538461538459
0 0.8889062499999999 0.02806730769230769 0.02329545454545451 0.03071153846153846
0 0.6127982954545454 0.05774038461538461 0.02525568181818186 0.04340384615384616
0 0.7211505681818181 0.859875 0.03403409090909088 0.06436538461538467
0 0.5796875 0.25975961538461534 0.03210227272727268 0.038173076923076914
0 0.8201633522727273 0.01800961538461538 0.01492897727272726 0.020826923076923073
0 0.6573082386363637 0.020682692307692305 0.01990056818181817 0.02194230769230769
0 0.5930965909090908 0.8590192307692308 0.028125000000000015 0.025038461538461503
0 0.5589133522727273 0.25339423076923073 0.01904829545454549 0.02928846153846152
0 0.12486505681818182 0.8122115384615385 0.026093750000000006 0.03596153846153844
0 0.2456463068181818 0.20669230769230768 0.02529829545454546 0.043
0 0.4298650568181818 0.15687500000000001 0.04524147727272731 0.05432692307692308
0 0.9713849431818182 0.9020480769230769 0.03294034090909099 0.06625000000000009
0 0.6710227272727273 0.5695769230769231 0.03383522727272726 0.045499999999999936
0 0.4997798295454546 0.7008173076923078 0.034048295454545414 0.03874999999999996
0 0.48454545454545456 0.2244326923076923 0.02593749999999999 0.03805769230769229
0 0.5172301136363636 0.5186538461538461 0.022556818181818174 0.029076923076923087
0 0.04970170454545455 0.03560576923076923 0.0240625 0.053134615384615384
0 0.029971590909090906 0.9836634615384615 0.04207386363636363 0.032673076923076944
0 0.902940340909091 0.8030096153846153 0.03434659090909084 0.05217307692307691
0 0.27494318181818184 0.4085865384615385 0.022130681818181796 0.03517307692307696
0 0.978224431818182 0.017701923076923077 0.026448863636363642 0.035403846153846154
0 0.5119744318181818 0.03067307692307692 0.0495738636363636 0.05138461538461538
0 0.18695312500000003 0.058798076923076925 0.023309659090909086 0.034288461538461545
0 0.08590909090909091 0.38307692307692304 0.04357954545454545 0.05253846153846158
0 0.08578835227272728 0.8062115384615385 0.024701704545454548 0.03534615384615384
0 0.07789772727272727 0.9807211538461539 0.049005681818181816 0.03855769230769233
0 0.2891122159090909 0.983875 0.01973011363636362 0.03140384615384612
0 0.701590909090909 0.5600384615384616 0.018210227272727263 0.02465384615384614
0 0.5298508522727272 0.19853846153846155 0.02413352272727274 0.030615384615384617
0 0.8618394886363636 0.8850576923076924 0.02703124999999996 0.03407692307692302
0 0.6067755681818181 0.8428461538461538 0.04008522727272723 0.03434615384615376
0 0.6885511363636364 0.9237115384615385 0.022840909090909068 0.03407692307692302
0 0.8056392045454545 0.014951923076923078 0.023778409090909104 0.029903846153846156
0 0.7607741477272728 0.8574519230769231 0.048934659090908994 0.05363461538461536
0 0.4413139204545455 0.12698076923076923 0.024218749999999935 0.030423076923076924
0 0.03940340909090909 0.13365384615384615 0.027329545454545454 0.03492307692307692
0 0.8202059659090909 0.4425192307692308 0.03382102272727281 0.04638461538461534
0 0.9949715909090909 0.36376923076923084 0.01005681818181824 0.037692307692307685
0 0.43386363636363634 0.9448653846153847 0.03744318181818184 0.04669230769230775
0 0.8043536931818182 0.7639903846153846 0.02953124999999995 0.043134615384615396
0 0.8508877840909093 0.4924711538461538 0.0214630681818182 0.02494230769230769
0 0.916299715909091 0.8649326923076923 0.025809659090909032 0.029942307692307678
0 0.4866761363636364 0.14028846153846156 0.03613636363636363 0.06046153846153847
0 0.9867684659090908 0.6064134615384617 0.026463068181818174 0.04051923076923076
0 0.5304616477272728 0.6142115384615384 0.029048295454545438 0.03700000000000002
0 0.7797088068181818 0.6739326923076924 0.02964488636363637 0.03278846153846156
0 0.10875 0.629576923076923 0.027102272727272725 0.03434615384615387
0 0.6913707386363637 0.3318173076923077 0.037713068181818195 0.02778846153846157
0 0.8375994318181817 0.8058557692307692 0.024857954545454544 0.03598076923076919
0 0.9936008522727273 0.6416442307692307 0.012798295454545442 0.0229038461538462
0 0.08115056818181819 0.027230769230769232 0.02536931818181818 0.04873076923076923
0 0.26174715909090907 0.7671346153846155 0.028749999999999973 0.04038461538461539
0 0.10586647727272727 0.01875 0.03230113636363638 0.0375
0 0.02720880681818182 0.20814423076923078 0.027201704545454543 0.03428846153846156
0 0.6780255681818183 0.005057692307692307 0.017642045454545476 0.010115384615384615
0 0.2730681818181818 0.9763846153846154 0.030227272727272728 0.04380769230769237
0 0.5906392045454546 0.7682788461538461 0.030142045454545494 0.03317307692307692
0 0.4245383522727273 0.5371442307692309 0.0292755681818182 0.03786538461538461
0 0.7606392045454545 0.6837692307692308 0.025426136363636494 0.032769230769230696
0 0.2779474431818182 0.5980673076923076 0.06873579545454547 0.07574999999999997
0 0.7172727272727273 0.11645192307692309 0.024062499999999917 0.03317307692307694
0 0.16433948863636363 0.774201923076923 0.02927556818181818 0.03582692307692307
0 0.9909872159090909 0.00625 0.01802556818181826 0.0125
0 0.560703125 0.9723173076923077 0.03751420454545458 0.05490384615384618
0 0.1537784090909091 0.3221634615384615 0.03576704545454545 0.0428653846153846
0 0.8431178977272729 0.8822115384615384 0.014446022727272669 0.02334615384615382
0 0.06672585227272727 0.06729807692307692 0.04032670454545455 0.03551923076923076
0 0.8200071022727274 0.04767307692307692 0.026093750000000006 0.044807692307692305
0 0.7796022727272728 0.9190865384615385 0.03403409090909096 0.05721153846153846
0 0.1499431818181818 0.615048076923077 0.04792613636363638 0.056942307692307716
0 0.21970170454545457 0.3370384615384615 0.03360795454545454 0.04580769230769229
0 0.5543110795454546 0.6305096153846154 0.04120738636363635 0.05959615384615386
0 0.6670312500000001 0.8991057692307692 0.03636363636363631 0.05217307692307691
0 0.7154758522727274 0.3168653846153846 0.023849431818181846 0.034653846153846174
0 0.6156960227272728 0.8262019230769231 0.02144886363636367 0.02167307692307689
0 0.35227982954545456 0.2625865384615385 0.03098011363636368 0.046826923076923065
0 0.8360227272727272 0.16028846153846152 0.02829545454545449 0.03653846153846154
0 0.4389488636363636 0.7499423076923077 0.026022727272727263 0.03992307692307701
0 0.8134517045454545 0.6893653846153847 0.04931818181818186 0.08523076923076922
0 0.46734375 0.9808365384615384 0.013977272727272772 0.023980769230769174
0 0.8013636363636363 0.6568653846153847 0.025596590909090885 0.03257692307692307
0 0.6733238636363637 0.934548076923077 0.02005681818181819 0.027134615384615302
0 0.16235085227272728 0.05585576923076924 0.028622159090909097 0.03786538461538462
0 0.656015625 0.14932692307692308 0.025582386363636352 0.03726923076923079
0 0.6980042613636364 0.35449038461538457 0.046150568181818195 0.027365384615384597
0 0.4289559659090909 0.1568653846153846 0.026548295454545453 0.03553846153846155
0 0.03517755681818182 0.8678076923076923 0.016036931818181818 0.02642307692307694
0 0.37855113636363635 0.3583557692307692 0.022329545454545494 0.02817307692307688
0 0.15003551136363635 0.8141442307692308 0.02842329545454544 0.04332692307692313
0 0.23758522727272727 0.7786442307692307 0.02610795454545454 0.029442307692307698
