0 0.04583096590909091 0.9266442307692309 0.03140625 0.06786538461538466
0 0.04170454545454545 0.9844903846153846 0.03232954545454546 0.03101923076923076
0 0.9460724431818182 0.5932211538461539 0.023082386363636364 0.036134615384615425
0 0.9638423295454547 0.313625 0.03205965909090916 0.07713461538461536
0 0.9891193181818181 0.3201826923076923 0.021761363636363707 0.03290384615384618
0 0.9898224431818182 0.35470192307692305 0.020355113636363695 0.06478846153846153
0 0.973075284090909 0.23623076923076924 0.04009943181818185 0.047384615384615386
0 0.9903338068181817 0.215625 0.01933238636363638 0.08174999999999999
0 0.9919460227272726 0.2950096153846154 0.016107954545454592 0.03309615384615381
0 0.970419034090909 0.013048076923076923 0.02484375000000001 0.026096153846153845
0 0.8566974431818182 0.03448076923076923 0.025724431818181837 0.042769230769230775
0 0.8452556818181818 0.010740384615384615 0.02573863636363637 0.02148076923076923
0 0.2820596590909091 0.985875 0.025454545454545438 0.028249999999999997
0 0.8360653409090909 0.023182692307692307 0.03022727272727269 0.03825
0 0.8185085227272727 0.03682692307692308 0.027642045454545506 0.03880769230769231
0 0.7925284090909092 0.0069134615384615385 0.022670454545454435 0.013826923076923077
0 0.7913423295454546 0.052403846153846155 0.023139204545454494 0.03234615384615384
0 0.7039985795454545 0.02466346153846154 0.029559659090909095 0.04875
0 0.6858948863636364 0.05674038461538462 0.03676136363636363 0.04525000000000001
0 0.6518110795454546 0.052730769230769234 0.03410511363636362 0.04976923076923077
0 0.6372514204545454 0.061384615384615385 0.011093749999999923 0.02765384615384615
0 0.606953125 0.0553076923076923 0.05004261363636366 0.07576923076923077
0 0.5499715909090909 0.03425 0.034659090909090876 0.04930769230769231
0 0.17968039772727273 0.965701923076923 0.028167613636363633 0.03375000000000002
0 0.5469105113636363 0.07014423076923076 0.028650568181818204 0.037788461538461535
0 0.4526207386363636 0.04433653846153846 0.04853693181818184 0.05198076923076923
0 0.3469318181818182 0.021384615384615384 0.04778409090909093 0.04276923076923077
0 0.32521306818181817 0.013 0.03730113636363639 0.026
0 0.3090838068181818 0.05144230769230769 0.027911931818181787 0.061192307692307685
0 0.2634375 0.06259615384615384 0.024573863636363654 0.03300000000000001
0 0.12652698863636364 0.06926923076923078 0.03927556818181819 0.029961538461538467
0 0.07183238636363637 0.024471153846153844 0.04085227272727274 0.04894230769230769
0 0.03387784090909091 0.014384615384615385 0.03928977272727273 0.02876923076923077
0 0.009296875 0.005346153846153846 0.01859375 0.010692307692307692
0 0.025447443181818182 0.9057980769230769 0.019730113636363636 0.06186538461538465
0 0.012869318181818183 0.07014423076923076 0.025738636363636366 0.07171153846153847
0 0.027244318181818182 0.09189423076923076 0.040710227272727266 0.06525
0 0.01450284090909091 0.1193173076923077 0.02900568181818182 0.03771153846153845
0 0.012833806818181819 0.1383076923076923 0.025667613636363638 0.027384615384615403
0 0.018046875 0.1599615384615385 0.03609375 0.04488461538461536
0 0.013053977272727273 0.21456730769230767 0.026107954545454545 0.05405769230769231
0 0.008735795454545454 0.17499038461538463 0.01747159090909091 0.024326923076923062
0 0.4782599431818182 0.5127884615384615 0.02535511363636367 0.026961538461538537
0 0.034971590909090904 0.21173076923076922 0.04602272727272727 0.06276923076923077
0 0.009794034090909091 0.26440384615384616 0.019588068181818182 0.04442307692307691
0 0.011874999999999998 0.9501442307692307 0.023749999999999997 0.03028846153846154
0 0.03354403409090909 0.2759134615384615 0.03200284090909091 0.0663653846153846
0 0.054680397727272734 0.2704326923076923 0.033963068181818185 0.06682692307692308
0 0.019900568181818182 0.3241730769230769 0.039801136363636365 0.058153846153846174
0 0.05590198863636364 0.3338461538461539 0.03600852272727273 0.06830769230769233
0 0.010419034090909092 0.4074807692307692 0.020838068181818183 0.027461538461538464
0 0.023849431818181818 0.37814423076923076 0.047698863636363636 0.04440384615384616
0 0.03173295454545455 0.43333653846153847 0.042215909090909096 0.06405769230769232
0 0.05480823863636364 0.4914423076923077 0.03322443181818182 0.037423076923076885
0 0.405703125 0.9814326923076924 0.04007102272727278 0.036634615384615404
0 0.4019176136363637 0.9632788461538461 0.03897727272727272 0.04113461538461547
0 0.21899857954545457 0.9430000000000001 0.04194602272727273 0.05126923076923082
0 0.4418750000000001 0.9767692307692307 0.053693181818181834 0.04646153846153851
0 0.42519176136363634 0.9425384615384615 0.03498579545454545 0.04988461538461538
0 0.4531036931818182 0.9292884615384616 0.03515625 0.06923076923076923
0 0.2174715909090909 0.9906538461538461 0.016931818181818204 0.018692307692307744
0 0.483359375 0.9801634615384617 0.023991477272727334 0.038480769230769325
0 0.508203125 0.9838461538461539 0.027741477272727313 0.03180769230769235
0 0.5322443181818182 0.9871923076923077 0.029346590909090864 0.025576923076923098
0 0.6003622159090909 0.9326826923076923 0.034048295454545414 0.037326923076923015
0 0.598359375 0.9611442307692307 0.04723011363636364 0.03478846153846149
0 0.5975142045454546 0.9859807692307693 0.02477272727272727 0.028000000000000004
0 0.15193892045454546 0.9881250000000001 0.02867897727272727 0.023750000000000045
0 0.6189985795454546 0.9766442307692308 0.030468749999999985 0.03975000000000014
0 0.6414701704545455 0.9893173076923075 0.027741477272727313 0.02109615384615379
0 0.6186647727272727 0.9958269230769229 0.01889204545454547 0.008307692307692405
0 0.6967826704545454 0.9435865384615384 0.03157670454545449 0.04413461538461536
0 0.7160156249999999 0.9676057692307691 0.03294034090909082 0.036173076923076815
0 0.7082741477272727 0.9866153846153846 0.032088068181818225 0.026499999999999947
0 0.6452130681818182 0.9639711538461538 0.03173295454545451 0.03951923076923079
0 0.7434161931818182 0.928375 0.02884943181818174 0.043673076923076995
0 0.761122159090909 0.9545384615384616 0.035653409090909124 0.05080769230769234
0 0.7826846590909091 0.9865 0.03505681818181827 0.026961538461538426
0 0.2625497159090909 0.8264519230769231 0.022230113636363645 0.028365384615384615
0 0.787919034090909 0.951701923076923 0.024417613636363553 0.0347884615384616
0 0.8020099431818182 0.9693365384615383 0.029616477272727145 0.03894230769230758
0 0.8217897727272727 0.981326923076923 0.03088068181818183 0.037346153846153876
0 0.8752343749999999 0.9584519230769231 0.03481534090909089 0.04528846153846156
0 0.8108167613636365 0.9023942307692308 0.031917613636363515 0.08201923076923072
0 0.888252840909091 0.8811442307692309 0.03446022727272726 0.044826923076923084
0 0.8413210227272727 0.8489423076923078 0.03778409090909094 0.059230769230769253
0 0.8483877840909091 0.868125 0.02723011363636374 0.04690384615384613
0 0.8745099431818182 0.8560865384615385 0.025525568181818222 0.05598076923076926
0 0.8994460227272728 0.8368461538461538 0.03812500000000005 0.054615384615384684
0 0.35626420454545454 0.4021346153846154 0.03369318181818186 0.0276538461538462
0 0.8132386363636364 0.8492884615384615 0.021960227272727326 0.029038461538461582
0 0.8264275568181819 0.8863846153846154 0.02177556818181824 0.022576923076923095
0 0.8439559659090908 0.7602980769230769 0.026548295454545533 0.03698076923076927
0 0.8195383522727272 0.7662788461538462 0.025696022727272772 0.03813461538461536
0 0.7931178977272727 0.7813173076923077 0.02612215909090907 0.03363461538461529
0 0.8021732954545455 0.7418557692307692 0.03301136363636365 0.04690384615384613
0 0.815028409090909 0.8780384615384617 0.019403409090909044 0.029384615384615443
0 0.7959161931818183 0.6403557692307693 0.02748579545454549 0.03190384615384611
0 0.7994531250000001 0.6081634615384616 0.0280823863636365 0.04148076923076922
0 0.8128551136363636 0.5094326923076923 0.032926136363636456 0.06244230769230769
0 0.33303267045454543 0.4356634615384616 0.03285511363636367 0.058519230769230726
0 0.8478693181818183 0.46766346153846156 0.01906249999999994 0.0342115384615385
0 0.839580965909091 0.33972115384615387 0.02867897727272719 0.03986538461538465
0 0.8169389204545454 0.3292403846153846 0.024758522727272816 0.04009615384615384
0 0.8873579545454546 0.36408653846153843 0.03215909090909089 0.039288461538461494
0 0.8434517045454545 0.3002596153846154 0.022982954545454473 0.038134615384615406
0 0.8695738636363636 0.3189326923076923 0.012073863636363636 0.015788461538461498
0 0.8701704545454544 0.2137403846153846 0.026051136363636408 0.03167307692307692
0 0.8654900568181819 0.1881153846153846 0.06245738636363624 0.07673076923076921
0 0.8688068181818182 0.14875961538461538 0.03130681818181813 0.04459615384615384
0 0.8457457386363636 0.15037499999999998 0.027059659090909027 0.04136538461538462
0 0.3024786931818182 0.9825865384615384 0.023053977272727257 0.0348269230769231
0 0.3438423295454545 0.3702788461538462 0.023309659090909086 0.06232692307692307
0 0.08033380681818181 0.7196730769230769 0.048338068181818176 0.059230769230769253
0 0.8009019886363636 0.14109615384615384 0.029446022727272755 0.04907692307692307
0 0.8559161931818182 0.10912500000000001 0.03157670454545441 0.04044230769230771
0 0.8177485795454544 0.07411538461538462 0.04612215909090897 0.09803846153846155
0 0.7959232954545453 0.07664423076923077 0.0336079545454545 0.03490384615384615
0 0.9424431818181819 0.08895192307692308 0.039204545454545485 0.07898076923076924
0 0.9268607954545455 0.09668269230769232 0.05872159090909079 0.07821153846153847
0 0.9588352272727273 0.20433653846153846 0.04963068181818189 0.05567307692307693
0 0.9494460227272726 0.2871730769230769 0.03616477272727278 0.04896153846153848
0 0.9368892045454544 0.30122115384615383 0.03829545454545444 0.041326923076923094
0 0.3943039772727273 0.39511538461538465 0.01889204545454547 0.025576923076923098
0 0.8772301136363635 0.31258653846153844 0.04051136363636377 0.06394230769230769
0 0.9110369318181818 0.30401923076923076 0.053607954545454556 0.07776923076923077
0 0.9288565340909091 0.35874038461538466 0.03265625000000001 0.04982692307692307
0 0.9151917613636363 0.4051153846153846 0.03447443181818179 0.051846153846153806
0 0.9371590909090909 0.5021730769230769 0.024147727272727272 0.0371538461538462
0 0.10853693181818182 0.9243461538461538 0.03838068181818182 0.07834615384615376
0 0.1539346590909091 0.9220961538461538 0.0340340909090909 0.0452692307692307
0 0.15619318181818184 0.8904807692307692 0.02119318181818182 0.023500000000000052
0 0.12999289772727274 0.8943173076923078 0.019502840909090893 0.026173076923076948
0 0.11810369318181818 0.854971153846154 0.02552556818181818 0.04032692307692302
0 0.3672869318181818 0.33975000000000005 0.024261363636363654 0.029153846153846148
0 0.12322443181818182 0.827625 0.05684659090909092 0.07548076923076923
0 0.15068892045454546 0.7878557692307693 0.026605113636363642 0.04621153846153841
0 0.1637784090909091 0.8306346153846154 0.030426136363636367 0.055730769230769264
0 0.23633522727272727 0.8653557692307693 0.039090909090909065 0.03690384615384615
0 0.24676136363636364 0.8761346153846155 0.024034090909090932 0.029961538461538432
0 0.23056107954545454 0.8947499999999999 0.025127840909090905 0.03823076923076922
0 0.2499502840909091 0.5241442307692308 0.026207386363636346 0.09205769230769231
0 0.227265625 0.5080673076923077 0.02509943181818184 0.04355769230769226
0 0.13399857954545455 0.5595769230769231 0.028508522727272737 0.04699999999999999
0 0.11877130681818183 0.560721153846154 0.022713068181818175 0.036173076923076926
0 0.3583522727272727 0.32593269230769234 0.024261363636363612 0.041134615384615415
0 0.1620809659090909 0.5144134615384616 0.03174715909090908 0.032019230769230723
0 0.18901988636363634 0.47436538461538463 0.014971590909090919 0.02315384615384614
0 0.18051136363636364 0.47759615384615384 0.014801136363636346 0.01992307692307695
0 0.1689346590909091 0.4824423076923077 0.05667613636363635 0.048269230769230814
0 0.20395596590909093 0.43866346153846153 0.026633522727272728 0.03628846153846155
0 0.01755681818181818 0.5610961538461539 0.03511363636363636 0.07488461538461538
0 0.021974431818181817 0.4826057692307692 0.010738636363636365 0.015826923076923058
0 0.013572443181818182 0.529048076923077 0.013082386363636365 0.019442307692307717
0 0.18047585227272728 0.8516538461538462 0.04467329545454546 0.031538461538461494
0 0.18691051136363637 0.837326923076923 0.031803977272727275 0.030807692307692383
0 0.9371448863636364 0.473951923076923 0.025198863636363648 0.02809615384615382
0 0.1914275568181818 0.8264519230769231 0.041491477272727284 0.04105769230769235
0 0.1995099431818182 0.8695769230769231 0.03595170454545457 0.03946153846153843
0 0.186796875 0.7900096153846153 0.041803977272727263 0.04363461538461538
0 0.17223011363636365 0.758548076923077 0.04221590909090911 0.054711538461538436
0 0.19836647727272727 0.7523461538461539 0.029573863636363627 0.04680769230769226
0 0.22134232954545452 0.7997211538461538 0.03234375000000001 0.06321153846153847
0 0.23154829545454544 0.8072115384615385 0.01957386363636364 0.030961538461538506
0 0.24718749999999998 0.7893461538461538 0.021278409090909077 0.02980769230769231
0 0.22463778409090907 0.7249711538461538 0.04404829545454548 0.05890384615384615
0 0.22134232954545452 0.7577403846153846 0.020639204545454547 0.026480769230769304
0 0.6375710227272727 0.19521153846153846 0.025198863636363648 0.04765384615384616
0 0.2445241477272727 0.7632115384615384 0.04254261363636366 0.028807692307692343
0 0.2648721590909091 0.7808557692307692 0.0191477272727273 0.030596153846153894
0 0.2785724431818182 0.786701923076923 0.027656249999999997 0.04590384615384616
0 0.28727982954545456 0.8526826923076922 0.05384943181818181 0.043211538461538405
0 0.30609375 0.8999326923076924 0.06355113636363638 0.06425000000000004
0 0.33247869318181816 0.8227115384615384 0.06262784090909092 0.08515384615384611
0 0.28806818181818183 0.9152403846153846 0.025397727272727266 0.03798076923076923
0 0.49660511363636367 0.4730384615384616 0.02204545454545452 0.031346153846153815
0 0.4374573863636364 0.8897596153846155 0.043607954545454526 0.06371153846153846
0 0.47269176136363633 0.9136153846153847 0.032713068181818225 0.08046153846153842
0 0.6084232954545454 0.3188461538461539 0.045625000000000006 0.054423076923076893
0 0.3929829545454545 0.8587980769230769 0.028863636363636355 0.03528846153846158
0 0.40175426136363634 0.8112788461538462 0.03603693181818182 0.05617307692307699
0 0.42609375000000005 0.8312596153846153 0.025397727272727346 0.045365384615384675
0 0.46358664772727276 0.8276538461538462 0.02061079545454544 0.036730769230769275
0 0.47036931818181815 0.8525865384615385 0.02380681818181817 0.03113461538461538
0 0.4451704545454545 0.8477307692307692 0.029517045454545497 0.046615384615384635
0 0.07178267045454545 0.7829230769230769 0.04859375 0.07442307692307701
0 0.6995880681818182 0.40405769230769234 0.09161931818181818 0.11953846153846154
0 0.7565056818181817 0.44793269230769234 0.052982954545454646 0.0773653846153846
0 0.7638849431818181 0.5064326923076924 0.05194602272727264 0.07509615384615387
0 0.08130681818181817 0.0893173076923077 0.04894886363636364 0.052711538461538456
0 0.7483025568181819 0.6187980769230769 0.0614914772727273 0.06525000000000002
0 0.6872230113636364 0.7881250000000001 0.08186079545454544 0.06694230769230769
0 0.6680042613636363 0.7598557692307693 0.08413352272727267 0.0812884615384615
0 0.7171377840909091 0.7412980769230769 0.041974431818181834 0.07451923076923077
0 0.690965909090909 0.6960192307692307 0.04778409090909089 0.05034615384615386
0 0.7176633522727273 0.6778653846153846 0.034275568181818095 0.07988461538461532
0 0.7727556818181818 0.7172884615384616 0.02113636363636363 0.025384615384615363
0 0.7752769886363637 0.8084711538461538 0.04561079545454547 0.04213461538461543
0 0.7573295454545454 0.8358365384615385 0.0230113636363637 0.042134615384615326
0 0.7664985795454545 0.8683173076923076 0.02884943181818174 0.03294230769230768
0 0.3534588068181818 0.4358942307692308 0.029446022727272713 0.035250000000000024
0 0.6724360795454545 0.9118846153846153 0.03509943181818179 0.04842307692307694
0 0.7055397727272728 0.8410576923076923 0.03190340909090906 0.055807692307692384
0 0.48692471590909087 0.410173076923077 0.07001420454545458 0.09226923076923076
0 0.5599573863636365 0.4274423076923077 0.0342329545454545 0.06211538461538458
0 0.5975994318181819 0.4872980769230769 0.03772727272727273 0.062096153846153884
0 0.7463281249999999 0.688 0.03677556818181816 0.06357692307692309
0 0.5871306818181818 0.38761538461538464 0.040056818181818166 0.06526923076923076
0 0.4761931818181818 0.239 0.06414772727272723 0.06457692307692307
0 0.4774360795454546 0.28546153846153843 0.05799715909090907 0.05130769230769232
0 0.5113423295454546 0.30840384615384614 0.04305397727272728 0.05130769230769232
0 0.4211221590909091 0.40339423076923075 0.03292613636363637 0.040442307692307694
0 0.4724502840909091 0.32225 0.03473011363636362 0.040269230769230765
0 0.5038636363636364 0.34497115384615384 0.058664772727272746 0.0461346153846154
0 0.5238068181818182 0.5322115384615385 0.03616477272727278 0.045846153846153904
0 0.7678977272727273 0.6927692307692308 0.020198863636363674 0.02980769230769231
0 0.5304403409090909 0.4616442307692308 0.037698863636363586 0.03974999999999997
0 0.5745667613636364 0.49345192307692315 0.022457386363636367 0.039057692307692314
0 0.4000852272727272 0.6867596153846154 0.03113636363636366 0.05955769230769236
0 0.3797514204545455 0.6740865384615384 0.027741477272727313 0.056326923076923115
0 0.3971946022727273 0.6000096153846154 0.03115056818181811 0.04390384615384623
0 0.37357954545454547 0.6016250000000001 0.02017045454545457 0.044826923076923084
0 0.03459517045454545 0.9525673076923077 0.026803977272727268 0.03651923076923079
0 0.11779119318181817 0.09516346153846154 0.027173295454545447 0.04378846153846153
0 0.4054474431818182 0.6168365384615384 0.041178977272727284 0.039749999999999924
0 0.34022017045454545 0.6931057692307693 0.0305539772727273 0.06394230769230769
0 0.3286931818181818 0.6975865384615385 0.021448863636363627 0.039749999999999924
0 0.4482102272727273 0.7039326923076922 0.03088068181818183 0.06624999999999998
0 0.4336150568181818 0.7130288461538461 0.02177556818181816 0.032826923076923066
0 0.4091903409090909 0.7254134615384616 0.03164772727272724 0.04055769230769226
0 0.3865198863636364 0.2640961538461538 0.0507386363636364 0.06738461538461538
0 0.4849431818181818 0.4875 0.02221590909090915 0.02661538461538462
0 0.35248579545454545 0.25725 0.029034090909090905 0.0496923076923077
0 0.3339275568181818 0.26366346153846154 0.02808238636363638 0.044365384615384605
0 0.12139914772727273 0.15687500000000001 0.028394886363636355 0.04590384615384616
0 0.3333877840909091 0.4949423076923077 0.05595170454545457 0.05703846153846153
0 0.4260866477272728 0.6564615384615385 0.025440340909090944 0.04411538461538461
0 0.34078125 0.5675961538461538 0.03542613636363636 0.04565384615384617
0 0.19487926136363634 0.31208653846153844 0.03430397727272728 0.07740384615384616
0 0.16470170454545455 0.35231730769230774 0.038551136363636385 0.040865384615384616
0 0.18198863636363638 0.3779615384615385 0.03269886363636363 0.05796153846153849
0 0.5193252840909092 0.4847884615384615 0.02492897727272729 0.05023076923076918
0 0.5508238636363636 0.481875 0.024005681818181867 0.03755769230769226
0 0.07647727272727273 0.4517692307692308 0.0474715909090909 0.057230769230769266
0 0.11630681818181818 0.46490384615384617 0.04201704545454545 0.03492307692307697
0 0.6044318181818181 0.27593269230769235 0.02616477272727275 0.0351346153846154
0 0.09037642045454546 0.6166634615384616 0.06009943181818182 0.0824423076923077
0 0.5355397727272727 0.4959615384615384 0.020085227272727255 0.029730769230769245
0 0.11271306818181817 0.7446538461538462 0.0412215909090909 0.043192307692307655
0 0.17360795454545455 0.7040576923076923 0.04627840909090907 0.048769230769230794
0 0.23311079545454547 0.6529423076923077 0.043749999999999976 0.047346153846153746
0 0.5047727272727273 0.504951923076923 0.04281249999999998 0.037326923076923015
0 0.9666761363636364 0.25923076923076926 0.06659090909090909 0.047230769230769264
0 0.26044034090909096 0.6902019230769231 0.02659090909090909 0.03401923076923077
0 0.47528409090909096 0.5487307692307692 0.032499999999999994 0.048846153846153914
0 0.7894318181818182 0.2891442307692308 0.061477272727272686 0.09548076923076924
0 0.1400213068181818 0.1978846153846154 0.036633522727272716 0.04423076923076923
0 0.8135795454545455 0.21050961538461538 0.023607954545454553 0.049096153846153845
0 0.19708806818181818 0.9912788461538462 0.024005681818181787 0.016942307692307697
0 0.4337997159090909 0.5691250000000001 0.016775568181818187 0.036634615384615404
0 0.8074573863636364 0.22441346153846153 0.015852272727272684 0.02505769230769228
0 0.757997159090909 0.12548076923076923 0.029261363636363506 0.04119230769230768
0 0.716356534090909 0.09882692307692308 0.02765624999999996 0.053576923076923064
0 0.6955042613636363 0.09529807692307692 0.028082386363636337 0.04305769230769231
0 0.33855823863636364 0.627201923076923 0.04424715909090906 0.0819038461538461
0 0.6803480113636364 0.15917307692307692 0.025838068181818177 0.04061538461538462
0 0.6918394886363637 0.2510576923076923 0.057116477272727326 0.0979230769230769
0 0.40328125 0.41377884615384614 0.016079545454545444 0.029942307692307678
0 0.7182741477272727 0.2648076923076923 0.018082386363636307 0.019730769230769267
0 0.7099147727272727 0.29216346153846157 0.04500000000000001 0.04017307692307695
0 0.730184659090909 0.34977884615384613 0.08616477272727269 0.11794230769230772
0 0.13762073863636362 0.8819230769230769 0.04109374999999999 0.05399999999999997
0 0.659921875 0.4366826923076923 0.02754261363636362 0.049249999999999974
0 0.6657741477272727 0.32549999999999996 0.030326704545454577 0.058461538461538474
0 0.6529545454545453 0.31664423076923076 0.027443181818181808 0.05544230769230766
0 0.06816761363636364 0.38282692307692306 0.05025568181818183 0.08207692307692309
0 0.640887784090909 0.3695 0.03223011363636363 0.049384615384615346
0 0.44580255681818187 0.5687788461538461 0.02612215909090915 0.049096153846153796
0 0.3775 0.39228846153846153 0.017784090909090885 0.060269230769230776
0 0.6494460227272728 0.3900192307692308 0.02616477272727275 0.03253846153846157
0 0.6337571022727272 0.4142115384615384 0.028821022727272758 0.0354230769230769
0 0.6358877840909091 0.4436730769230769 0.029673295454545435 0.044500000000000026
0 0.6106747159090908 0.4249423076923077 0.025838068181818177 0.04969230769230765
0 0.6109446022727273 0.38584615384615384 0.02595170454545452 0.04953846153846157
0 0.619609375 0.5997788461538461 0.02455965909090912 0.045942307692307664
0 0.5723792613636364 0.6247596153846153 0.030951704545454574 0.04436538461538471
0 0.6129119318181818 0.684451923076923 0.03414772727272722 0.04363461538461538
0 0.60578125 0.814701923076923 0.04434659090909087 0.04867307692307693
0 0.6013139204545455 0.8525769230769231 0.039900568181818225 0.028230769230769243
0 0.12640625000000003 0.2733653846153846 0.031448863636363636 0.04976923076923076
0 0.41703125 0.5718846153846153 0.01914772727272722 0.0297307692307693
0 0.42227272727272724 0.545451923076923 0.019403409090909127 0.0300576923076923
0 0.30968749999999995 0.797298076923077 0.025937500000000027 0.04105769230769224
0 0.42239346590909094 0.5316826923076924 0.03140625000000002 0.038480769230769214
0 0.3915127840909091 0.5518365384615385 0.026633522727272728 0.03824999999999997
0 0.6015269886363637 0.8835480769230769 0.02626420454545456 0.04032692307692313
0 0.34100142045454546 0.5334134615384616 0.029105113636363648 0.03709615384615378
0 0.3570809659090909 0.5206826923076923 0.029105113636363648 0.03490384615384611
0 0.6983735795454545 0.8877884615384615 0.03424715909090903 0.04334615384615389
0 0.3792116477272728 0.5020096153846153 0.026548295454545453 0.03813461538461536
0 0.11496448863636365 0.3525865384615385 0.03430397727272728 0.04563461538461542
0 0.637421875 0.8650384615384615 0.03149147727272721 0.03469230769230762
0 0.38984375 0.4865769230769231 0.021789772727272772 0.034461538461538495
0 0.26223721590909094 0.2273269230769231 0.04308238636363638 0.04061538461538462
0 0.2599502840909091 0.20284615384615384 0.04191761363636362 0.04176923076923077
0 0.589375 0.6852403846153846 0.02349431818181821 0.03705769230769227
0 0.6452698863636364 0.5499423076923078 0.01980113636363636 0.03649999999999993
0 0.33268465909090905 0.1695 0.05775568181818181 0.05126923076923076
0 0.6336860795454545 0.26794230769230765 0.036803977272727224 0.06149999999999998
0 0.5781107954545455 0.6039903846153847 0.026676136363636326 0.035673076923076946
0 0.3532102272727273 0.18851923076923077 0.04414772727272725 0.0625
0 0.41884943181818185 0.4341153846153846 0.020681818181818187 0.029384615384615387
0 0.593934659090909 0.6013653846153847 0.02457386363636357 0.044807692307692326
0 0.347578125 0.12767307692307692 0.03541193181818187 0.03615384615384616
0 0.36811079545454545 0.14984615384615385 0.02585227272727271 0.04334615384615383
0 0.5620738636363636 0.5712307692307692 0.016818181818181864 0.03207692307692309
0 0.6552982954545455 0.7233365384615384 0.04573863636363635 0.07501923076923075
0 0.5793323863636364 0.5760673076923077 0.017840909090909095 0.025173076923076985
0 0.6009517045454545 0.5692403846153846 0.028380681818181843 0.03474999999999999
0 0.5748366477272727 0.5571730769230769 0.018650568181818174 0.027923076923076887
0 0.6040482954545454 0.5213173076923078 0.01647727272727276 0.032519230769230814
0 0.03455255681818182 0.7582115384615384 0.030639204545454546 0.04988461538461538
0 0.1425 0.3793653846153846 0.027159090909090897 0.03649999999999998
0 0.5906036931818182 0.5380480769230769 0.031661931818181846 0.03982692307692304
0 0.0467684659090909 0.6740576923076923 0.02595170454545455 0.04930769230769228
0 0.04085227272727272 0.5484038461538461 0.03267045454545454 0.04388461538461537
0 0.02247159090909091 0.6772692307692307 0.016335227272727272 0.02419230769230777
0 0.06301846590909091 0.6083173076923077 0.020667613636363633 0.033288461538461545
0 0.37852982954545455 0.19874038461538462 0.021377840909090926 0.03628846153846155
0 0.3954971590909091 0.18139423076923078 0.02446022727272731 0.04190384615384614
0 0.38927556818181813 0.14689423076923078 0.023721590909090894 0.0345576923076923
0 0.6290980113636363 0.545875 0.022599431818181772 0.03871153846153845
0 0.06612215909090909 0.5753750000000001 0.024005681818181815 0.03351923076923078
0 0.03667613636363636 0.6856346153846153 0.0171875 0.02523076923076913
0 0.1234090909090909 0.3958557692307692 0.031051136363636364 0.0354038461538462
0 0.6197088068181817 0.5244519230769231 0.02001420454545451 0.045980769230769276
0 0.61875 0.5624326923076923 0.02369318181818183 0.030865384615384638
0 0.6091406250000001 0.8018653846153847 0.020099431818181867 0.028961538461538466
0 0.44713778409090904 0.06538461538461539 0.03669034090909089 0.043769230769230776
0 0.4729332386363637 0.10333653846153847 0.042343750000000006 0.039326923076923086
0 0.6206818181818181 0.7567884615384615 0.0331818181818182 0.0655384615384615
0 0.48681818181818187 0.08403846153846155 0.033295454545454545 0.06234615384615385
0 0.6070099431818181 0.7547019230769232 0.03904829545454547 0.07921153846153846
0 0.5211505681818182 0.24251923076923076 0.022556818181818174 0.03369230769230771
0 0.5436505681818182 0.23352884615384617 0.022869318181818133 0.04305769230769231
0 0.19659801136363636 0.5135480769230769 0.038394886363636346 0.05125000000000001
0 0.67828125 0.8723557692307692 0.01840909090909096 0.03198076923076922
0 0.6440767045454545 0.7063846153846154 0.01786931818181824 0.04738461538461536
0 0.6144034090909091 0.7090480769230769 0.011477272727272704 0.017288461538461555
0 0.6239204545454545 0.6978173076923078 0.025000000000000033 0.03628846153846155
0 0.6649857954545454 0.8172019230769231 0.02585227272727271 0.021903846153846128
0 0.6626491477272727 0.8367884615384615 0.06967329545454538 0.053000000000000005
0 0.6452982954545454 0.8401730769230769 0.0341477272727273 0.036730769230769275
0 0.6609375 0.8662307692307692 0.0181818181818182 0.030384615384615298
0 0.6604616477272728 0.8907884615384616 0.01978693181818183 0.030230769230769172
0 0.6474786931818183 0.8977019230769231 0.0263778409090909 0.036865384615384536
0 0.18661931818181818 0.54125 0.02633522727272728 0.03346153846153842
0 0.6535156249999999 0.9670673076923076 0.053849431818181775 0.06228846153846162
0 0.6418892045454545 0.9238749999999999 0.030312499999999964 0.029519230769230704
0 0.04770596590909091 0.5979519230769231 0.028338068181818186 0.05794230769230768
0 0.628721590909091 0.9400673076923077 0.03190340909090914 0.03563461538461544
0 0.767869318181818 0.7797211538461538 0.024431818181818086 0.035557692307692325
0 0.2938636363636364 0.7883846153846154 0.017159090909090888 0.03076923076923077
0 0.7395738636363636 0.8050576923076923 0.04778409090909097 0.13434615384615387
0 0.8560937500000001 0.49737499999999996 0.0175568181818182 0.022903846153846094
0 0.7510014204545453 0.7152788461538462 0.0261789772727272 0.054557692307692314
0 0.7756107954545454 0.7498173076923076 0.0288920454545455 0.05601923076923087
0 0.21660511363636364 0.5509807692307692 0.026960227272727257 0.029307692307692326
0 0.7833380681818182 0.6947403846153846 0.03224431818181825 0.05213461538461541
0 0.8280113636363637 0.6119423076923076 0.018181818181818278 0.024769230769230762
0 0.7823792613636364 0.5703173076923077 0.029673295454545435 0.043211538461538516
0 0.7891335227272727 0.6025 0.023409090909090935 0.038461538461538464
0 0.7387144886363637 0.5847115384615384 0.03149147727272721 0.04234615384615381
0 0.521200284090909 0.15935576923076922 0.043082386363636344 0.05775
0 0.5583735795454546 0.15733653846153844 0.032542613636363675 0.052288461538461534
0 0.7877485795454546 0.5342403846153846 0.028082386363636337 0.045365384615384675
0 0.8101988636363636 0.5391346153846154 0.018721590909091 0.03873076923076931
0 0.8294531249999999 0.46224038461538464 0.022343749999999864 0.040749999999999995
0 0.2269886363636364 0.604798076923077 0.03301136363636361 0.05659615384615386
0 0.9337926136363638 0.6924807692307693 0.02681818181818181 0.03169230769230762
0 0.9286008522727272 0.6608557692307692 0.022542613636363642 0.03294230769230768
0 0.6065696022727273 0.1007403846153846 0.02850852272727272 0.040749999999999995
0 0.9160085227272727 0.6807211538461538 0.02017045454545461 0.03467307692307698
0 0.9259588068181818 0.5824519230769231 0.02680397727272712 0.03928846153846144
0 0.8393963068181818 0.44517307692307695 0.01734374999999989 0.023038461538461518
0 0.6377343750000001 0.10240384615384615 0.03509943181818179 0.04838461538461538
0 0.9428906250000001 0.4546538461538462 0.027769886363636462 0.0401923076923077
0 0.6184801136363636 0.1387596153846154 0.04275568181818177 0.05255769230769229
0 0.2546590909090909 0.6057211538461539 0.03525568181818181 0.04590384615384616
0 0.42828835227272727 0.4259519230769231 0.013565340909090924 0.022749999999999968
0 0.18487926136363636 0.6376153846153846 0.02328125 0.04976923076923076
0 0.19683238636363634 0.6640192307692308 0.024715909090909097 0.048384615384615436
0 0.16 0.6730961538461538 0.02798295454545453 0.031153846153846133
0 0.07583096590909091 0.9071250000000001 0.029616477272727273 0.06290384615384612
0 0.13205255681818182 0.677701923076923 0.02899147727272727 0.03705769230769238
0 0.1216690340909091 0.7013846153846154 0.03751420454545454 0.04257692307692316
0 0.3646661931818182 0.6850673076923077 0.027116477272727237 0.04590384615384616
0 0.3638068181818182 0.7099903846153846 0.02857954545454546 0.030250000000000034
0 0.35403409090909094 0.7897403846153845 0.022073863636363624 0.0205192307692308
0 0.33534801136363634 0.7632692307692307 0.05066761363636362 0.05076923076923084
0 0.3112784090909091 0.5975673076923077 0.02911931818181818 0.03690384615384615
0 0.3040340909090909 0.6215096153846154 0.05744318181818182 0.043019230769230775
0 0.3014417613636364 0.5784903846153846 0.0458664772727273 0.05021153846153849
0 0.2794389204545455 0.4951442307692308 0.027656249999999997 0.0350961538461539
0 0.07693181818181817 0.9791923076923077 0.039318181818181815 0.04161538461538459
0 0.27764204545454546 0.5243942307692308 0.0400284090909091 0.039596153846153906
0 0.2814346590909091 0.5484230769230769 0.05105113636363636 0.026461538461538443
0 0.2644815340909091 0.5829903846153845 0.04586647727272726 0.04517307692307683
0 0.2657457386363636 0.6280865384615385 0.04095170454545456 0.050749999999999976
0 0.1574005681818182 0.7249038461538463 0.01946022727272728 0.028230769230769243
0 0.15500710227272727 0.721875 0.03191761363636363 0.061057692307692306
0 0.29040482954545455 0.8242115384615385 0.02964488636363637 0.04265384615384617
0 0.05115056818181818 0.8856923076923077 0.03215909090909091 0.054153846153846094
0 0.12506392045454545 0.7235288461538462 0.028821022727272716 0.044788461538461576
0 0.01416903409090909 0.7966826923076923 0.02833806818181818 0.037903846153846114
0 0.1307102272727273 0.969326923076923 0.03727272727272726 0.04561538461538456
0 0.2570809659090909 0.8875192307692308 0.030639204545454577 0.029384615384615332
0 0.012890625 0.7727788461538462 0.02578125 0.03524999999999997
0 0.20063920454545456 0.552451923076923 0.015596590909090935 0.029865384615384672
0 0.44265625 0.41791346153846154 0.01931818181818185 0.044365384615384605
0 0.43426846590909096 0.4206730769230769 0.009701704545454522 0.0238461538461538
0 0.3716832386363636 0.4669326923076923 0.023735795454545426 0.06498076923076922
0 0.39486505681818185 0.44982692307692307 0.024161931818181805 0.027076923076923047
0 0.02838778409090909 0.8059134615384617 0.02919034090909091 0.039057692307692314
0 0.38972301136363635 0.4224038461538462 0.027826704545454592 0.030538461538461528
0 0.43171874999999993 0.44994230769230775 0.022982954545454556 0.035153846153846154
0 0.014296874999999999 0.9177115384615384 0.028593749999999998 0.05530769230769229
0 0.45529119318181815 0.4600769230769231 0.025696022727272692 0.04988461538461538
0 0.4653693181818182 0.49556730769230767 0.021874999999999967 0.019019230769230743
0 0.5191193181818181 0.7125769230769231 0.06960227272727272 0.09423076923076923
0 0.4628409090909091 0.7247596153846154 0.05806818181818181 0.11005769230769234
0 0.5603196022727274 0.8098076923076923 0.04759943181818189 0.06930769230769235
0 0.5813423295454545 0.7539903846153847 0.04186079545454549 0.07463461538461538
0 0.5016832386363637 0.9260673076923077 0.03924715909090908 0.045826923076923154
0 0.5068323863636363 0.9554807692307693 0.044659090909090905 0.03042307692307691
0 0.8945383522727273 0.993173076923077 0.018309659090909234 0.013538461538461687
0 0.9177201704545456 0.9844903846153846 0.028053977272727272 0.03101923076923076
0 0.022088068181818184 0.988346153846154 0.018125 0.023307692307692317
0 0.9522372159090909 0.9706826923076923 0.04669034090909075 0.05851923076923078
0 0.9834730113636364 0.9740961538461538 0.03305397727272725 0.04450000000000008
0 0.9861931818181818 0.9342307692307692 0.02761363636363644 0.03853846153846158
0 0.9903125 0.9089807692307693 0.01937499999999998 0.03484615384615385
0 0.9656818181818181 0.895846153846154 0.03681818181818176 0.04176923076923071
0 0.994190340909091 0.854375 0.011619318181818111 0.04248076923076918
0 0.9921164772727273 0.8838173076923077 0.01576704545454549 0.03040384615384616
0 0.9467258522727273 0.8728557692307692 0.027372159090909065 0.03871153846153845
0 0.9618039772727273 0.706673076923077 0.02676136363636352 0.029499999999999953
0 0.9714701704545454 0.6837788461538461 0.025809659090909032 0.033826923076923136
