0 0.24621448863636364 0.5317692307692308 0.04990056818181818 0.07880769230769234
0 0.7906178977272728 0.4633173076923077 0.025525568181818222 0.03598076923076925
0 0.7451420454545453 0.9826346153846154 0.01937499999999998 0.03473076923076923
0 0.08308948863636365 0.5160961538461538 0.03657670454545456 0.05076923076923078
0 0.9019602272727273 0.6337788461538462 0.022642045454545533 0.03332692307692316
0 0.06365056818181819 0.5615961538461538 0.024232954545454547 0.030346153846153905
0 0.3857883522727273 0.4650192307692308 0.024417613636363633 0.026038461538461576
0 0.3414772727272727 0.03803846153846154 0.024005681818181825 0.0393076923076923
0 0.4498153409090909 0.49265384615384616 0.05982954545454546 0.042923076923076856
0 0.5902911931818182 0.9802307692307692 0.031008522727272784 0.03934615384615392
0 0.19044744318181817 0.08125961538461539 0.04041193181818184 0.04882692307692309
0 0.5313707386363636 0.946173076923077 0.02171875000000003 0.05799999999999994
0 0.031200284090909084 0.19627884615384614 0.04467329545454545 0.060480769230769234
0 0.225390625 0.24314423076923078 0.03044034090909088 0.032749999999999974
0 0.6122727272727272 0.46306730769230775 0.044659090909090905 0.03686538461538459
0 0.42286931818181817 0.6753846153846154 0.018636363636363642 0.03600000000000005
0 0.1695099431818182 0.6627788461538461 0.0698721590909091 0.1282884615384615
0 0.4337357954545455 0.4669807692307692 0.049005681818181816 0.034807692307692296
0 0.8214488636363636 0.004355769230769231 0.018977272727272745 0.008711538461538462
0 0.981612215909091 0.3797692307692308 0.03677556818181816 0.04384615384615381
0 0.22230823863636362 0.11022115384615384 0.04055397727272729 0.04363461538461538
0 0.4505042613636363 0.3730673076923077 0.06430397727272733 0.08351923076923078
0 0.741690340909091 0.07682692307692308 0.02215909090909094 0.037076923076923084
0 0.7916832386363637 0.5976826923076922 0.10720170454545458 0.07559615384615385
0 0.49897017045454545 0.3218076923076923 0.049957386363636384 0.07580769230769234
0 0.8532812500000001 0.89875 0.03988636363636369 0.03599999999999994
0 0.2719034090909091 0.2009423076923077 0.031590909090909065 0.04276923076923076
0 0.9777911931818182 0.5130384615384614 0.02606534090909078 0.03296153846153854
0 0.5763494318181818 0.9895384615384617 0.016107954545454592 0.02073076923076929
0 0.2995738636363636 0.04669230769230769 0.07977272727272727 0.09338461538461539
0 0.8095241477272727 0.6557980769230769 0.02455965909090904 0.03748076923076925
0 0.21282670454545452 0.8788076923076923 0.030198863636363663 0.037999999999999985
0 0.5658238636363637 0.4659615384615385 0.037897727272727284 0.04611538461538459
0 0.5490340909090908 0.9486442307692307 0.03147727272727276 0.06240384615384613
0 0.9371377840909091 0.06991346153846155 0.028196022727272597 0.05378846153846154
0 0.8020099431818182 0.034096153846153845 0.023536931818181728 0.020730769230769233
0 0.753622159090909 0.5981634615384614 0.01508522727272728 0.022673076923076962
0 0.20793323863636362 0.9677307692307693 0.02257102272727275 0.032692307692307694
0 0.8837002840909091 0.6509903846153846 0.024872159090909077 0.0288653846153846
0 0.9649076704545455 0.02483653846153846 0.0245596590909092 0.048365384615384616
0 0.5908167613636364 0.9784615384615385 0.029815340909090923 0.043076923076923034
0 0.038345170454545455 0.5569519230769231 0.07669034090909091 0.10028846153846149
0 0.5442897727272726 0.104375 0.024573863636363654 0.05617307692307691
0 0.2984659090909091 0.28944230769230767 0.024431818181818166 0.032384615384615394
0 0.07122869318181818 0.06527884615384616 0.024502840909090908 0.07148076923076924
0 0.5862926136363636 0.4137307692307692 0.03951704545454553 0.08230769230769228
0 0.8836789772727272 0.40231730769230767 0.024005681818181787 0.0309807692307692
0 0.6679758522727273 0.7172403846153846 0.03660511363636361 0.044288461538461596
0 0.7108735795454546 0.4086153846153846 0.03223011363636363 0.041461538461538466
0 0.007933238636363636 0.2557980769230769 0.015809659090909093 0.05075000000000003
0 0.0966193181818182 0.6177692307692307 0.028295454545454547 0.04119230769230772
0 0.20838778409090908 0.7912692307692307 0.03731534090909092 0.04353846153846151
0 0.43884943181818187 0.06663461538461538 0.021363636363636394 0.027730769230769226
0 0.8579474431818181 0.02258653846153846 0.03487215909090902 0.04509615384615384
0 0.16110795454545454 0.041951923076923074 0.034744318181818196 0.039288461538461536
0 0.822556818181818 0.2615 0.029034090909090825 0.03250000000000001
0 0.2888423295454545 0.3910192307692308 0.035355113636363615 0.057692307692307696
0 0.5137997159090909 0.1666153846153846 0.025724431818181757 0.03653846153846154
0 0.1659375 0.8143846153846154 0.02610795454545456 0.03738461538461538
0 0.7597301136363636 0.2256826923076923 0.012642045454545421 0.020673076923076922
0 0.4857599431818182 0.6363173076923077 0.05183238636363638 0.07094230769230767
0 0.5892471590909092 0.5526057692307693 0.02454545454545459 0.0318653846153846
0 0.5318039772727272 0.9463846153846154 0.02215909090909094 0.05561538461538454
0 0.014907670454545453 0.9617307692307693 0.02856534090909091 0.03973076923076928
0 0.68890625 0.4852403846153846 0.024573863636363654 0.034365384615384624
0 0.2740980113636364 0.2012596153846154 0.026349431818181834 0.04171153846153846
0 0.3985298295454545 0.0824326923076923 0.02183238636363637 0.06263461538461539
0 0.4855397727272728 0.3735769230769231 0.0322159090909091 0.04588461538461536
0 0.6000852272727273 0.7383076923076922 0.022556818181818174 0.051807692307692305
0 0.14948153409090909 0.8539134615384615 0.033508522727272734 0.04363461538461538
0 0.2046519886363636 0.9482596153846155 0.02183238636363637 0.032634615384615324
0 0.15259943181818184 0.01573076923076923 0.05411931818181819 0.031269230769230764
0 0.44066761363636364 0.5616057692307692 0.029034090909090905 0.0509423076923076
0 0.04894886363636364 0.7532115384615384 0.04002840909090909 0.05488461538461542
0 0.8619176136363635 0.3947596153846154 0.024005681818181787 0.04005769230769228
0 0.5634232954545454 0.46525 0.029801136363636307 0.045269230769230756
0 0.8103835227272728 0.6567403846153846 0.0246306818181817 0.03490384615384611
0 0.6848792613636363 0.9114807692307693 0.03262784090909087 0.042538461538461435
0 0.8973579545454545 0.9110192307692309 0.03147727272727285 0.04726923076923074
0 0.24751420454545456 0.8436346153846154 0.034829545454545426 0.04292307692307702
0 0.8080539772727273 0.9415384615384615 0.021534090909091027 0.03753846153846161
0 0.48531960227272725 0.6963076923076924 0.022485795454545432 0.03476923076923074
0 0.8021732954545455 0.3098461538461539 0.028920454545454565 0.03653846153846154
0 0.624453125 0.8004038461538462 0.030213068181818157 0.07853846153846149
0 0.7452982954545455 0.5505961538461539 0.0262215909090908 0.04473076923076921
0 0.82171875 0.3564615384615385 0.02198863636363639 0.030230769230769228
0 0.7856321022727273 0.3953269230769231 0.02322443181818185 0.030846153846153832
0 0.386640625 0.4641923076923077 0.02461647727272733 0.02334615384615382
0 0.16097301136363634 0.04043269230769231 0.030156250000000006 0.03871153846153846
0 0.6812571022727273 0.6941153846153846 0.028821022727272758 0.0375
0 0.6934161931818182 0.20549038461538463 0.04242897727272728 0.0574423076923077
0 0.55703125 0.25961538461538464 0.06625000000000006 0.07773076923076923
0 0.7693394886363637 0.2008076923076923 0.035298295454545325 0.028346153846153865
0 0.784865056818182 0.43656730769230767 0.037911931818181734 0.03598076923076925
0 0.8235511363636363 0.4099903846153846 0.03147727272727268 0.034365384615384624
0 0.3746164772727273 0.10001923076923078 0.05093750000000002 0.058423076923076925
0 0.1109375 0.6583365384615385 0.044431818181818176 0.06194230769230765
0 0.2046306818181818 0.7358461538461538 0.054062500000000006 0.05911538461538463
0 0.1643465909090909 0.29496153846153844 0.04730113636363636 0.047153846153846116
0 0.2506463068181818 0.1698173076923077 0.050014204545454556 0.05259615384615386
0 0.31468039772727274 0.9793653846153846 0.02691761363636362 0.04126923076923073
0 0.9649005681818181 0.023067307692307693 0.02440340909090902 0.029634615384615384
0 0.18035511363636364 0.6426249999999999 0.09377840909090908 0.17078846153846156
0 0.5519247159090909 0.3354423076923077 0.0359232954545454 0.05961538461538462
0 0.17035511363636366 0.14134615384615384 0.042244318181818195 0.07961538461538463
0 0.8816761363636364 0.5716057692307692 0.036051136363636355 0.05840384615384616
0 0.5398792613636364 0.4321634615384616 0.029872159090909053 0.048019230769230765
0 0.16694602272727274 0.14189423076923077 0.04210227272727273 0.07317307692307694
0 0.7970170454545453 0.6736346153846154 0.01653409090909089 0.023576923076923058
0 0.5775213068181818 0.8408461538461539 0.037059659090909136 0.04746153846153847
0 0.9473792613636363 0.14350000000000002 0.025838068181818098 0.037692307692307706
0 0.33926846590909093 0.7100480769230769 0.03430397727272724 0.03098076923076915
0 0.7833806818181818 0.12746153846153846 0.021761363636363548 0.03219230769230771
0 0.092734375 0.5480961538461538 0.030411931818181814 0.04357692307692301
0 0.2850284090909091 0.5035192307692309 0.034431818181818195 0.03184615384615385
0 0.6466122159090909 0.5858653846153846 0.05115056818181825 0.09380769230769237
0 0.5133735795454546 0.9359903846153846 0.02166193181818182 0.09721153846153849
0 0.8378622159090909 0.5063173076923076 0.05720170454545452 0.04701923076923075
0 0.14303977272727272 0.757778846153846 0.04730113636363636 0.04575000000000004
0 0.02265625 0.5368942307692308 0.0453125 0.08913461538461542
0 0.4219176136363636 0.3998076923076923 0.03014204545454541 0.04011538461538464
0 0.1492755681818182 0.8537211538461539 0.033778409090909095 0.04151923076923083
0 0.6361150568181819 0.43503846153846154 0.03436079545454545 0.06480769230769229
0 0.3006889204545455 0.2095673076923077 0.015127840909090877 0.01882692307692309
0 0.31338068181818185 0.005365384615384616 0.01980113636363636 0.010730769230769231
0 0.5609375 0.9908942307692308 0.020738636363636317 0.018211538461538515
0 0.24791903409090912 0.8429615384615385 0.03714488636363637 0.045230769230769304
0 0.007436079545454546 0.25152884615384613 0.01421875 0.040134615384615366
0 0.7227556818181818 0.8743942307692306 0.026988636363636444 0.04363461538461538
0 0.1258877840909091 0.41647115384615385 0.041065340909090906 0.04575000000000004
0 0.05794034090909091 0.5857500000000001 0.023778409090909083 0.032807692307692315
0 0.7036150568181818 0.46888461538461534 0.02740056818181821 0.035461538461538454
0 0.02245028409090909 0.4592596153846154 0.03779829545454545 0.04148076923076922
0 0.48558948863636364 0.3754230769230769 0.03379261363636366 0.04292307692307691
0 0.6419815340909092 0.17353846153846156 0.03223011363636363 0.054538461538461536
0 0.6821803977272727 0.780875 0.029957386363636408 0.04809615384615383
0 0.943934659090909 0.9858942307692307 0.02724431818181811 0.028211538461538493
0 0.17292613636363638 0.32556730769230774 0.0322159090909091 0.046442307692307706
0 0.04056107954545454 0.5324423076923077 0.02853693181818182 0.04853846153846156
0 0.4390696022727273 0.5614423076923076 0.025980113636363666 0.049961538461538495
0 0.4624502840909091 0.8476730769230768 0.04830965909090908 0.07392307692307692
0 0.9240340909090908 0.3599807692307692 0.023778409090909104 0.03403846153846152
0 0.9604474431818182 0.0645673076923077 0.027173295454545447 0.037980769230769235
0 0.5281747159090909 0.4578846153846154 0.040696022727272775 0.0392692307692308
0 0.54546875 0.7666923076923077 0.020823863636363592 0.026923076923076925
0 0.9682457386363637 0.6834903846153847 0.06350852272727278 0.09690384615384613
0 0.8881463068181819 0.008134615384615386 0.02958806818181808 0.016269230769230772
0 0.3997017045454545 0.08163461538461539 0.027357954545454533 0.06965384615384615
0 0.8576704545454544 0.24587499999999998 0.043636363636363515 0.0599807692307692
0 0.1198934659090909 0.11466346153846153 0.07666193181818182 0.07251923076923077
0 0.5531534090909092 0.5962307692307691 0.028607954545454527 0.02946153846153845
0 0.6803977272727273 0.6942884615384615 0.027414772727272663 0.03711538461538464
0 0.8361789772727274 0.7539230769230768 0.03749999999999997 0.045346153846153814
0 0.01830965909090909 0.9807115384615385 0.026988636363636364 0.03796153846153848
0 0.7885085227272726 0.7266442307692308 0.042414772727272745 0.04836538461538468
0 0.7296448863636364 0.5217788461538462 0.02639204545454551 0.034365384615384624
0 0.8877911931818182 0.0074423076923076925 0.029076704545454583 0.014884615384615385
0 0.7678338068181819 0.09794230769230769 0.035355113636363615 0.035153846153846154
0 0.4637642045454546 0.8502115384615385 0.04730113636363638 0.06826923076923076
0 0.7329403409090909 0.22764423076923077 0.038068181818181834 0.05498076923076921
0 0.4534730113636364 0.7365192307692308 0.028394886363636376 0.031461538461538485
0 0.8969886363636363 0.9118461538461538 0.030624999999999923 0.044730769230769324
0 0.8236150568181819 0.4104326923076923 0.03188920454545445 0.03501923076923078
0 0.7773579545454545 0.6162788461538462 0.027414772727272663 0.035057692307692234
0 0.283125 0.5032692307692308 0.03326704545454544 0.030269230769230732
0 0.6067258522727272 0.2827788461538462 0.0220880681818182 0.03140384615384618
0 0.08955255681818182 0.5834519230769231 0.02617897727272728 0.03255769230769232
0 0.6337855113636364 0.05417307692307693 0.02714488636363638 0.03788461538461539
0 0.39410511363636364 0.48859615384615385 0.02755681818181815 0.03096153846153845
0 0.6821377840909091 0.7803173076923077 0.03012784090909088 0.051750000000000046
0 0.4583948863636364 0.6761730769230769 0.03937499999999996 0.07096153846153842
0 0.2758522727272727 0.5458461538461539 0.025994318181818157 0.028153846153846238
0 0.6720454545454545 0.5327403846153845 0.03917613636363642 0.04975000000000001
0 0.7625497159090909 0.45202884615384614 0.04134943181818184 0.04748076923076923
0 0.4235866477272728 0.39918269230769227 0.030781250000000024 0.03917307692307693
0 0.12937500000000002 0.6670384615384616 0.022130681818181817 0.041923076923076945
0 0.9164772727272728 0.9046826923076923 0.016079545454545527 0.02298076923076932
0 0.9876207386363638 0.2698173076923077 0.024758522727272657 0.07551923076923076
0 0.40762073863636367 0.8319134615384616 0.026519886363636388 0.06263461538461537
0 0.47521306818181813 0.46303846153846157 0.027102272727272704 0.03738461538461538
0 0.1558309659090909 0.40310576923076924 0.024957386363636355 0.03855769230769227
0 0.5564772727272728 0.4192692307692307 0.02531249999999999 0.03973076923076922
0 0.5662428977272728 0.6254134615384616 0.035440340909090894 0.043096153846153895
0 0.5893394886363637 0.2865576923076923 0.017002840909090867 0.03592307692307694
0 0.6760511363636363 0.6256730769230769 0.028920454545454565 0.037884615384615364
0 0.08975852272727272 0.5822019230769231 0.025994318181818188 0.033788461538461524
0 0.3317258522727273 0.5647307692307691 0.05146306818181821 0.06403846153846156
0 0.09339488636363637 0.6180865384615384 0.03431818181818181 0.03940384615384606
0 0.2267258522727273 0.946625 0.026519886363636346 0.030250000000000034
0 0.657890625 0.046192307692307685 0.02617897727272728 0.041999999999999996
0 0.18462357954545452 0.8371923076923078 0.038991477272727254 0.06473076923076927
0 0.7664630681818182 0.9033076923076924 0.027386363636363598 0.0392692307692308
0 0.2033309659090909 0.9480288461538462 0.02026988636363638 0.0288653846153846
0 0.4346519886363636 0.7791346153846154 0.04313920454545455 0.03307692307692305
0 0.24427556818181817 0.589701923076923 0.03980113636363634 0.038019230769230736
0 0.09209517045454545 0.7475865384615384 0.035866477272727265 0.03659615384615379
0 0.02324573863636364 0.21189423076923078 0.028877840909090912 0.0333653846153846
0 0.5900355113636363 0.5520192307692308 0.01964488636363634 0.030230769230769283
0 0.5000497159090909 0.3204903846153846 0.05163352272727268 0.08017307692307692
0 0.9769176136363636 0.21892307692307694 0.04599431818181834 0.04519230769230769
0 0.7510227272727273 0.5578557692307692 0.04153409090909092 0.03748076923076925
0 0.5230539772727273 0.5301442307692307 0.03215909090909089 0.03686538461538465
0 0.9459730113636364 0.48617307692307693 0.02274147727272726 0.03296153846153844
0 0.8821803977272729 0.10393269230769231 0.05938920454545463 0.08248076923076922
0 0.9938352272727274 0.5013076923076923 0.012329545454545383 0.04319230769230776
0 0.2872869318181818 0.5240288461538462 0.03639204545454546 0.029557692307692316
0 0.5886008522727273 0.7983076923076923 0.04873579545454538 0.059461538461538385
0 0.9372727272727274 0.0714326923076923 0.02846590909090904 0.05140384615384615
0 0.5310795454545455 0.08311538461538462 0.026250000000000027 0.039884615384615386
0 0.34498579545454544 0.8102115384615385 0.03326704545454548 0.04080769230769236
0 0.5807173295454546 0.6800480769230769 0.035042613636363656 0.05921153846153839
0 0.11938210227272728 0.11561538461538462 0.07796874999999999 0.0731923076923077
0 0.86796875 0.31457692307692303 0.05838068181818185 0.08453846153846155
0 0.6794602272727274 0.06320192307692307 0.04525568181818176 0.07240384615384615
0 0.11548295454545454 0.6876442307692308 0.02130681818181818 0.03871153846153845
0 0.8446164772727273 0.9464807692307692 0.05076704545454547 0.051807692307692305
0 0.10974431818181817 0.21951923076923077 0.0815340909090909 0.10042307692307689
0 0.7692897727272728 0.9457211538461539 0.03838068181818179 0.050519230769230844
0 0.6036576704545454 0.4824807692307692 0.05313920454545458 0.03626923076923074
0 0.829893465909091 0.8335961538461539 0.03737215909090901 0.02584615384615384
0 0.16501420454545457 0.2939903846153846 0.04866477272727274 0.04932692307692303
0 0.6693181818181818 0.21934615384615386 0.021676136363636352 0.060923076923076934
0 0.7036931818181817 0.46775000000000005 0.027443181818181808 0.034192307692307695
0 0.9623011363636365 0.39799999999999996 0.033096590909091006 0.035153846153846154
0 0.44686789772727276 0.2648076923076923 0.030156249999999944 0.042230769230769245
0 0.7994318181818181 0.4000673076923077 0.04318181818181815 0.05659615384615386
0 0.216328125 0.9896730769230769 0.026519886363636346 0.020653846153846172
0 0.48305397727272736 0.6351346153846154 0.04713068181818183 0.06653846153846148
0 0.8387997159090909 0.7767596153846154 0.04163352272727265 0.06236538461538463
0 0.900987215909091 0.6343173076923078 0.022883522727272745 0.03248076923076931
0 0.8102769886363635 0.2981538461538462 0.029019886363636293 0.04080769230769231
0 0.4212357954545455 0.6256634615384616 0.03928977272727268 0.07194230769230774
0 0.17328125000000003 0.9720576923076923 0.02258522727272726 0.029499999999999953
0 0.5009801136363637 0.48024038461538465 0.030625000000000003 0.037096153846153834
0 0.04644886363636364 0.70175 0.046960227272727265 0.06238461538461538
0 0.022436079545454544 0.46021153846153845 0.03586647727272727 0.037999999999999985
0 0.8525994318181819 0.8995673076923076 0.0409943181818182 0.03655769230769229
0 0.21191051136363637 0.02389423076923077 0.025980113636363666 0.04644230769230769
0 0.49546875 0.4137692307692308 0.03795454545454549 0.04926923076923078
0 0.5897798295454546 0.32332692307692307 0.037713068181818195 0.05607692307692307
0 0.6950781250000001 0.9620673076923076 0.04362215909090906 0.043596153846153875
0 0.29560369318181823 0.5608557692307692 0.023906250000000018 0.040826923076923115
0 0.8217258522727273 0.3563365384615385 0.022883522727272586 0.02871153846153842
0 0.12712357954545456 0.05099038461538462 0.05078125 0.0749423076923077
0 0.7044318181818181 0.034624999999999996 0.03698863636363639 0.06913461538461538
0 0.2032670454545455 0.8380192307692307 0.020028409090909083 0.042730769230769176
0 0.5092400568181819 0.9878365384615384 0.041491477272727326 0.022903846153846094
0 0.22127130681818177 0.22540384615384618 0.04157670454545456 0.029538461538461538
0 0.3655113636363636 0.6294711538461538 0.04730113636363642 0.06825000000000002
0 0.8811789772727273 0.10059615384615385 0.061079545454545456 0.08269230769230769
0 0.5697088068181818 0.0888173076923077 0.03907670454545453 0.06955769230769229
0 0.42147727272727276 0.6224711538461538 0.04025568181818178 0.07017307692307694
0 0.5593963068181819 0.992826923076923 0.016122159090909124 0.014346153846153916
0 0.7750710227272727 0.24722115384615387 0.030965909090909027 0.050173076923076904
0 0.6802556818181817 0.06446153846153846 0.04269886363636364 0.072
0 0.61015625 0.08800000000000001 0.05639204545454544 0.08126923076923077
0 0.9930326704545455 0.01060576923076923 0.01353693181818178 0.02121153846153846
0 0.3140553977272727 0.9794711538461538 0.026519886363636388 0.04105769230769235
0 0.4578551136363637 0.5349807692307692 0.036619318181818225 0.059846153846153854
0 0.5368181818181817 0.7514711538461538 0.03292613636363637 0.02159615384615388
0 0.7759303977272727 0.016778846153846155 0.04069602272727286 0.03355769230769231
0 0.571953125 0.5444519230769231 0.022769886363636405 0.030826923076923026
0 0.4629829545454545 0.02131730769230769 0.02599431818181812 0.03940384615384615
0 0.827833806818182 0.2899423076923077 0.033196022727272734 0.0368846153846154
0 0.8093039772727273 0.67575 0.01428977272727265 0.02661538461538457
0 0.8589630681818182 0.7106730769230769 0.025965909090909053 0.03700000000000002
0 0.9032741477272727 0.9696634615384616 0.03328124999999993 0.06067307692307695
0 0.7350568181818182 0.034 0.05181818181818185 0.068
0 0.779765625 0.6677980769230769 0.03697443181818178 0.08178846153846149
0 0.407265625 0.4655096153846154 0.0209232954545454 0.024596153846153886
0 0.9521661931818183 0.7464326923076923 0.05686079545454558 0.08594230769230769
0 0.7890411931818182 0.27569230769230774 0.0355823863636363 0.045769230769230736
0 0.7539275568181818 0.9944326923076924 0.016349431818181805 0.011134615384615314
0 0.12677556818181818 0.41921153846153847 0.0471875 0.04965384615384614
0 0.8480397727272727 0.9663846153846154 0.0648579545454545 0.05999999999999998
0 0.7693750000000001 0.1803173076923077 0.010511363636363603 0.014480769230769233
0 0.7329332386363636 0.035298076923076925 0.04376420454545455 0.05198076923076923
0 0.8052769886363635 0.36690384615384614 0.018764204545454598 0.023576923076923058
0 0.9682528409090909 0.6840673076923076 0.06252840909090907 0.08917307692307694
0 0.43914062499999995 0.06664423076923078 0.02376420454545449 0.02617307692307692
0 0.788778409090909 0.4643942307692308 0.02488636363636361 0.03917307692307688
0 0.7551349431818182 0.6170192307692308 0.025383522727272734 0.03653846153846154
0 0.23057528409090908 0.82125 0.02194602272727275 0.03361538461538465
0 0.18434659090909092 0.017221153846153848 0.02568181818181818 0.034442307692307696
0 0.9467613636363637 0.20343269230769231 0.021761363636363548 0.03628846153846155
0 0.8689914772727273 0.8753076923076922 0.029403409090909157 0.032730769230769306
0 0.25556107954545454 0.19460576923076922 0.03126420454545453 0.04171153846153849
0 0.6588210227272726 0.4910865384615385 0.02690340909090909 0.038480769230769214
0 0.779140625 0.8327403846153846 0.05242897727272739 0.05371153846153848
0 0.961640625 0.18427884615384613 0.03876420454545449 0.05767307692307691
0 0.20957386363636366 0.9705480769230768 0.023380681818181828 0.030249999999999926
0 0.8580042613636365 0.5762596153846153 0.02177556818181824 0.028711538461538476
0 0.014360795454545454 0.29307692307692307 0.02872159090909091 0.039076923076923065
0 0.049090909090909095 0.7547307692307693 0.039318181818181815 0.056807692307692344
0 0.4564630681818182 0.7714903846153847 0.02536931818181812 0.040365384615384636
0 0.9867116477272727 0.02824038461538461 0.025724431818181837 0.033826923076923074
0 0.7557102272727273 0.8850288461538462 0.022500000000000044 0.027788461538461515
0 0.2885369318181818 0.5256826923076924 0.03661931818181818 0.03217307692307696
0 0.5128125 0.9871826923076924 0.03957386363636366 0.025634615384615353
0 0.7669602272727274 0.20414423076923077 0.04133522727272731 0.058442307692307696
0 0.526768465909091 0.879403846153846 0.03223011363636363 0.044807692307692326
0 0.7842116477272728 0.6971057692307693 0.023849431818181766 0.030211538461538533
0 0.8347727272727273 0.8825096153846154 0.01857954545454551 0.03344230769230778
0 0.7170312499999999 0.1784519230769231 0.052215909090909 0.0994423076923077
0 0.14727272727272728 0.8158269230769231 0.0300568181818182 0.05096153846153846
0 0.5774644886363636 0.8401730769230769 0.03927556818181823 0.050153846153846125
0 0.7850142045454546 0.3956923076923077 0.022386363636363624 0.03246153846153845
0 0.957294034090909 0.09601923076923079 0.04629261363636368 0.06365384615384616
0 0.18903409090909093 0.07961538461538462 0.038465909090909085 0.04573076923076923
0 0.8353551136363637 0.881576923076923 0.017727272727272755 0.031076923076923123
0 0.30970170454545454 0.006105769230769231 0.0234375 0.012211538461538461
0 0.5995241477272727 0.21042307692307693 0.026832386363636343 0.05046153846153848
0 0.8474360795454546 0.02346153846153846 0.022571022727272707 0.03326923076923077
0 0.8698508522727273 0.47879807692307697 0.04674715909090921 0.06417307692307699
0 0.35816051136363636 0.18361538461538462 0.02674715909090911 0.035461538461538454
0 0.5936079545454546 0.5625961538461538 0.05982954545454546 0.08161538461538462
0 0.42636363636363633 0.8848653846153846 0.043437499999999976 0.043423076923077
0 0.5142755681818182 0.1668173076923077 0.02659090909090913 0.04036538461538461
0 0.9868039772727273 0.9831730769230769 0.025454545454545396 0.03365384615384615
0 0.8035440340909091 0.3637115384615385 0.029105113636363648 0.028384615384615366
0 0.5420738636363637 0.7422980769230769 0.023352272727272725 0.035057692307692345
0 0.850859375 0.9927403846153846 0.026178977272727364 0.014519230769230682
0 0.5614488636363636 0.38061538461538463 0.04738636363636366 0.05430769230769227
0 0.8224715909090908 0.6488461538461539 0.022784090909090858 0.0368846153846154
0 0.5276491477272728 0.7532307692307693 0.01583806818181823 0.018692307692307744
0 0.8826065340909092 0.5715865384615385 0.0385937500000001 0.06690384615384619
0 0.8144105113636364 0.22855769230769232 0.03757102272727279 0.05773076923076925
0 0.7617684659090909 0.06548076923076923 0.02311079545454543 0.030769230769230764
0 0.767265625 0.09773076923076923 0.03464488636363634 0.0338076923076923
0 0.3015553977272727 0.21183653846153847 0.01606534090909091 0.0181346153846154
0 0.6238068181818183 0.9873365384615383 0.037812500000000006 0.025326923076923108
0 0.5992755681818182 0.25853846153846155 0.02900568181818184 0.02453846153846152
0 0.9171732954545455 0.9025673076923078 0.0184090909090908 0.02367307692307693
0 0.7013991477272726 0.945298076923077 0.03262784090909087 0.03709615384615378
0 0.4588210227272727 0.043625000000000004 0.02750000000000002 0.03348076923076923
0 0.8156107954545455 0.8798461538461538 0.022556818181818174 0.03599999999999994
0 0.6238565340909091 0.986923076923077 0.04109375000000001 0.026153846153846198
0 0.1431747159090909 0.7552115384615385 0.050980113636363636 0.057115384615384596
0 0.7001917613636365 0.11927884615384617 0.06325284090909095 0.04855769230769232
0 0.9587571022727274 0.328875 0.02455965909090904 0.03778846153846155
0 0.6721946022727273 0.534875 0.036264204545454586 0.04636538461538464
0 0.6055255681818181 0.283625 0.020539772727272698 0.031096153846153822
0 0.14518465909090908 0.496625 0.0746306818181818 0.16644230769230767
0 0.8233522727272727 0.09351923076923076 0.03193181818181821 0.04707692307692307
0 0.8021875 0.7806826923076924 0.030710227272727278 0.050634615384615354
0 0.17756392045454544 0.5897211538461538 0.09839488636363634 0.06536538461538452
0 0.7506463068181819 0.9289423076923077 0.03234374999999998 0.03538461538461534
0 0.07536931818181819 0.30244230769230773 0.10096590909090909 0.10349999999999998
0 0.7614275568181817 0.06600961538461539 0.021349431818181778 0.029980769230769224
0 0.11359375 0.3485 0.10644886363636363 0.11738461538461542
0 0.9434446022727272 0.5960192307692308 0.11311079545454544 0.2072692307692307
0 0.9230397727272727 0.36175 0.02568181818181824 0.03250000000000001
0 0.20046875 0.5281153846153847 0.05340909090909092 0.10053846153846153
0 0.8063423295454545 0.6752211538461539 0.018849431818181793 0.028134615384615376
0 0.7187144886363637 0.2610576923076923 0.036321022727272716 0.048307692307692315
0 0.8630539772727271 0.4274807692307693 0.0324147727272728 0.02999999999999999
0 0.40664772727272724 0.3685480769230769 0.027698863636363636 0.046249999999999965
0 0.8685298295454544 0.31613461538461535 0.058338068181818255 0.08642307692307698
0 0.4973011363636364 0.2036923076923077 0.03713068181818188 0.05661538461538461
0 0.3282457386363636 0.5617692307692308 0.04291193181818183 0.0648846153846154
0 0.4230184659090909 0.6797692307692308 0.019644886363636423 0.01934615384615385
0 0.12119318181818181 0.16397115384615385 0.05542613636363636 0.053326923076923056
0 0.01586647727272727 0.4111826923076923 0.028636363636363637 0.0461346153846154
0 0.7482599431818181 0.8960673076923078 0.025582386363636352 0.03159615384615386
0 0.6294886363636363 0.04265384615384615 0.03786931818181822 0.03053846153846154
0 0.6685866477272727 0.5718461538461539 0.030639204545454615 0.04276923076923079
0 0.5427982954545455 0.11394230769230769 0.025340909090909136 0.03523076923076922
0 0.5414630681818182 0.14745192307692306 0.06727272727272729 0.09871153846153848
0 0.07855823863636363 0.2937692307692307 0.10069602272727272 0.09665384615384613
0 0.69265625 0.2040576923076923 0.04531249999999997 0.05326923076923075
0 0.7868323863636365 0.8029711538461538 0.034602272727272745 0.07555769230769235
0 0.5884801136363637 0.8016923076923077 0.049005681818181816 0.05638461538461537
0 0.5112713068181818 0.05425961538461539 0.04617897727272726 0.04321153846153847
0 0.8690269886363637 0.8763557692307693 0.031065340909090914 0.033788461538461524
0 0.9865340909090908 0.33243269230769235 0.026931818181818234 0.045865384615384606
0 0.48666193181818185 0.4990096153846154 0.01920454545454543 0.03021153846153842
0 0.2156818181818182 0.9891923076923077 0.024943181818181823 0.021615384615384634
0 0.7487357954545453 0.9286634615384615 0.03142045454545455 0.03436538461538451
0 0.8789417613636364 0.8095192307692308 0.08149147727272728 0.055923076923076895
0 0.8248224431818181 0.5530576923076924 0.031974431818181805 0.057038461538461586
0 0.5711576704545455 0.5414615384615384 0.02177556818181816 0.03357692307692315
0 0.7776207386363635 0.6159423076923076 0.02600852272727281 0.03523076923076922
0 0.19657670454545453 0.45025 0.06289772727272727 0.11469230769230766
0 0.3603409090909091 0.028384615384615383 0.02639204545454551 0.056769230769230766
0 0.6359374999999999 0.43478846153846157 0.033039772727272716 0.05999999999999998
0 0.6189062500000001 0.019961538461538465 0.038607954545454556 0.03992307692307693
0 0.8302343749999999 0.5815480769230769 0.03927556818181815 0.05498076923076918
0 0.4570951704545454 0.5835769230769231 0.03475852272727269 0.043192307692307655
0 0.8432315340909091 0.9436538461538462 0.05166193181818182 0.05380769230769234
0 0.48546874999999995 0.7796730769230769 0.03505681818181819 0.043615384615384625
0 0.8705681818181819 0.4752403846153846 0.04576704545454549 0.06044230769230765
0 0.38188920454545455 0.7607211538461538 0.028068181818181805 0.03940384615384617
0 0.4060511363636364 0.6643653846153846 0.03840909090909094 0.05742307692307684
0 0.5607528409090908 0.6240384615384615 0.02531249999999999 0.03700000000000002
0 0.9056889204545455 0.2667884615384616 0.039900568181818225 0.06869230769230769
0 0.047130681818181815 0.7018365384615386 0.04678977272727272 0.06332692307692309
0 0.605909090909091 0.08964423076923075 0.043920454545454485 0.07817307692307691
0 0.9875710227272727 0.9833173076923076 0.02477272727272735 0.03336538461538466
0 0.35630681818181814 0.7370865384615384 0.025880681818181817 0.03598076923076919
0 0.4705681818181818 0.524451923076923 0.058721590909090876 0.08409615384615382
0 0.35729403409090904 0.05986538461538462 0.05075284090909089 0.041923076923076924
0 0.8560511363636365 0.5996826923076923 0.02568181818181824 0.037788461538461604
0 0.1888565340909091 0.7724038461538462 0.019730113636363636 0.03123076923076925
0 0.4592826704545454 0.679048076923077 0.03907670454545453 0.06382692307692307
0 0.9146732954545456 0.14036538461538461 0.05735795454545454 0.07834615384615384
0 0.015504261363636362 0.3318653846153846 0.031008522727272725 0.042846153846153846
0 0.3272869318181818 0.26195192307692305 0.01997159090909091 0.025288461538461548
0 0.2568110795454545 0.6320961538461538 0.02600852272727273 0.041923076923076834
0 0.7920099431818183 0.9781634615384615 0.04308238636363642 0.043673076923076884
0 0.5879971590909091 0.16345192307692308 0.03383522727272726 0.046365384615384614
0 0.7098579545454545 0.9076538461538461 0.020539772727272778 0.0392692307692308
0 0.5475142045454545 0.9488461538461538 0.026988636363636364 0.060538461538461465
0 0.17720170454545456 0.5258365384615384 0.04792613636363638 0.0515192307692307
0 0.9089985795454545 0.31819230769230766 0.028877840909090968 0.039384615384615365
0 0.9479971590909091 0.282 0.034176136363636284 0.05526923076923073
0 0.6691761363636364 0.21899038461538461 0.02215909090909086 0.05017307692307693
0 0.5676491477272727 0.08119230769230769 0.04552556818181812 0.08507692307692308
0 0.5018394886363636 0.5428461538461538 0.02098011363636361 0.0368846153846154
0 0.23436789772727273 0.19902884615384617 0.0214630681818182 0.03175000000000001
0 0.28203125 0.27295192307692306 0.022301136363636388 0.03159615384615386
0 0.5411576704545454 0.7362307692307692 0.023622159090909086 0.027923076923077
0 0.4577840909090909 0.045250000000000005 0.0259943181818182 0.030961538461538457
0 0.9364346590909091 0.30092307692307696 0.02568181818181808 0.03626923076923074
0 0.69515625 0.5940480769230768 0.03707386363636367 0.040365384615384525
0 0.5422727272727272 0.9865576923076923 0.024573863636363654 0.02688461538461542
0 0.9032173295454545 0.35305769230769224 0.02177556818181808 0.030230769230769228
0 0.6109161931818181 0.6187307692307692 0.026463068181818174 0.037192307692307754
0 0.5054119318181818 0.24862499999999998 0.034659090909090876 0.04144230769230769
0 0.20956676136363636 0.6124711538461539 0.017855113636363627 0.03748076923076925
0 0.4477698863636364 0.2644711538461539 0.030710227272727278 0.04567307692307692
0 0.6221590909090909 0.2691153846153846 0.02130681818181818 0.03107692307692307
0 0.621640625 0.2694519230769231 0.021349431818181778 0.0321730769230769
0 0.8200142045454545 0.9549615384615385 0.025000000000000033 0.0368846153846154
0 0.6247869318181819 0.8030576923076923 0.03272727272727276 0.08823076923076922
0 0.5062855113636364 0.24867307692307694 0.036349431818181864 0.046038461538461535
0 0.7152414772727272 0.0799326923076923 0.038607954545454556 0.05925
0 0.5271661931818182 0.11664423076923078 0.021747159090909015 0.04582692307692306
0 0.7549431818181819 0.28689423076923076 0.028181818181818228 0.03609615384615381
0 0.6492471590909091 0.09165384615384614 0.031079545454545447 0.052
0 0.6529332386363635 0.7929038461538461 0.03151988636363636 0.05219230769230766
0 0.01750710227272727 0.9832211538461538 0.023906249999999997 0.03355769230769229
0 0.6297088068181819 0.04103846153846154 0.034019886363636426 0.0305
0 0.15733664772727274 0.5013846153846153 0.029105113636363648 0.04011538461538459
0 0.28566761363636367 0.24345192307692307 0.022301136363636388 0.03090384615384614
0 0.621875 0.7374615384615385 0.024232954545454547 0.046500000000000014
0 0.6323934659090908 0.08686538461538462 0.021690340909090885 0.03830769230769231
0 0.8048792613636363 0.013846153846153845 0.025440340909091027 0.02719230769230769
0 0.2114985795454545 0.023461538461538464 0.026349431818181793 0.04661538461538462
0 0.2543465909090909 0.19409615384615386 0.028806818181818183 0.042076923076923095
0 0.5648295454545454 0.9741153846153846 0.020539772727272698 0.030000000000000044
0 0.2288068181818182 0.6261826923076923 0.03275568181818182 0.05278846153846151
0 0.8118607954545454 0.29971153846153853 0.031136363636363577 0.04357692307692307
0 0.6212357954545454 0.7380384615384615 0.024573863636363654 0.044730769230769324
0 0.7445454545454546 0.5460673076923078 0.026789772727272745 0.035673076923076946
0 0.9782954545454546 0.09032692307692307 0.02568181818181824 0.058961538461538454
0 0.48949573863636364 0.7158557692307692 0.03424715909090911 0.05890384615384615
0 0.036995738636363636 0.9660961538461539 0.021321022727272723 0.04292307692307691
0 0.5892116477272727 0.41452884615384616 0.045923295454545515 0.08017307692307692
0 0.302421875 0.22974038461538462 0.02455965909090912 0.02494230769230769
0 0.43873579545454544 0.6369615384615385 0.02215909090909094 0.02946153846153845
0 0.27707386363636366 0.5447788461538461 0.025227272727272713 0.02924999999999996
0 0.7304048295454545 0.9079326923076924 0.02296874999999994 0.03217307692307696
0 0.4367258522727273 0.46502884615384615 0.04106534090909095 0.03167307692307692
0 0.030362215909090908 0.5390192307692309 0.060724431818181816 0.1373461538461538
0 0.1746661931818182 0.3276057692307693 0.03589488636363636 0.045634615384615364
0 0.6934659090909091 0.24850961538461538 0.04034090909090906 0.04717307692307695
0 0.8486434659090908 0.8714807692307692 0.02819602272727276 0.032730769230769195
0 0.5186008522727273 0.21784615384615386 0.02970170454545458 0.04207692307692307
0 0.7789275568181818 0.6663846153846154 0.03572443181818195 0.0731538461538462
0 0.06320312500000001 0.5583942307692308 0.019446022727272735 0.025865384615384592
0 0.20203125000000002 0.8396538461538462 0.020795454545454565 0.04434615384615385
0 0.7521306818181818 0.7632692307692307 0.03767045454545452 0.08592307692307694
0 0.8183735795454545 0.8165769230769231 0.04186079545454549 0.04230769230769231
0 0.9671377840909091 0.26200961538461537 0.023451704545454533 0.03551923076923074
0 0.7885298295454546 0.27734615384615385 0.0324857954545453 0.042615384615384666
0 0.22890624999999998 0.6260288461538461 0.03181818181818183 0.04955769230769238
0 0.014985795454545455 0.33283653846153843 0.02997159090909091 0.039403846153846116
0 0.7481534090909091 0.18514423076923078 0.01968750000000002 0.025711538461538442
0 0.9828551136363637 0.4559711538461539 0.03428977272727271 0.04017307692307695
0 0.83484375 0.7547307692307693 0.034602272727272745 0.03853846153846158
0 0.5994815340909091 0.2582307692307692 0.027627840909090894 0.026038461538461552
0 0.44771306818181816 0.09200000000000001 0.02687499999999994 0.05211538461538462
0 0.5486079545454546 0.8640192307692307 0.023977272727272802 0.05969230769230773
0 0.42325284090909093 0.02746153846153846 0.026789772727272666 0.04684615384615384
0 0.6996519886363637 0.9451538461538462 0.030156250000000027 0.039192307692307686
0 0.2908096590909091 0.39149999999999996 0.03670454545454546 0.06061538461538463
0 0.44999999999999996 0.6538365384615384 0.02301136363636362 0.032249999999999966
0 0.724453125 0.012211538461538461 0.027684659090909104 0.024423076923076922
0 0.6186150568181819 0.5910576923076923 0.017713068181818222 0.051807692307692305
0 0.6274786931818181 0.9271153846153847 0.037059659090909136 0.03492307692307697
0 0.710390625 0.4086634615384615 0.03200284090909087 0.04051923076923076
0 0.4721732954545454 0.7540384615384615 0.029403409090909074 0.03599999999999994
0 0.5489488636363636 0.5323653846153847 0.036619318181818225 0.0731538461538462
0 0.335625 0.6840096153846154 0.0259943181818182 0.030980769230769256
0 0.4913139204545454 0.9463846153846154 0.03384943181818179 0.09273076923076928
0 0.6065269886363637 0.4296153846153846 0.025781249999999967 0.035461538461538454
0 0.958799715909091 0.32958653846153846 0.024900568181818142 0.040865384615384616
0 0.22104403409090911 0.2254423076923077 0.04541193181818182 0.03250000000000001
0 0.03676846590909091 0.18114423076923075 0.034105113636363635 0.03328846153846152
0 0.8574289772727273 0.6020096153846153 0.028068181818181805 0.04213461538461543
0 0.46209517045454546 0.50475 0.020099431818181787 0.02600000000000002
0 0.7963352272727273 0.6804423076923076 0.022698863636363663 0.0375
0 0.6335227272727273 0.8976634615384614 0.02659090909090913 0.03709615384615388
0 0.9906107954545454 0.824875 0.01877840909090913 0.05078846153846148
0 0.4415625 0.7183173076923076 0.028607954545454527 0.04090384615384623
0 0.5025355113636363 0.54375 0.019616477272727275 0.03726923076923076
0 0.647450284090909 0.25290384615384615 0.05319602272727271 0.08246153846153845
0 0.6951633522727273 0.5932980769230769 0.03660511363636361 0.04444230769230772
0 0.4846519886363636 0.5615865384615384 0.03572443181818179 0.04413461538461536
0 0.08282670454545454 0.6281826923076923 0.01610795454545454 0.023634615384615424
0 0.3975710227272727 0.4471057692307692 0.024943181818181823 0.032519230769230766
0 0.406534090909091 0.5305576923076922 0.039517045454545444 0.06376923076923081
0 0.7690696022727272 0.904826923076923 0.026150568181818136 0.033115384615384665
0 0.3890411931818182 0.025259615384615384 0.04384943181818182 0.04963461538461538
0 0.8276988636363637 0.07062500000000001 0.03457386363636368 0.04171153846153847
0 0.8221661931818183 0.25902884615384614 0.032088068181818225 0.03632692307692305
0 0.8304048295454546 0.17300000000000001 0.029957386363636408 0.05153846153846153
0 0.23434659090909093 0.19883653846153845 0.023664772727272722 0.029634615384615377
0 0.9088352272727271 0.3185865384615385 0.024374999999999956 0.035750000000000004
0 0.12967329545454545 0.27871153846153846 0.03832386363636364 0.0496923076923077
0 0.4271164772727273 0.7464038461538461 0.03119318181818187 0.035192307692307606
0 0.4006960227272728 0.7000288461538461 0.03303977272727279 0.030826923076923026
0 0.5009446022727272 0.48142307692307695 0.030326704545454497 0.03515384615384621
0 0.9369957386363637 0.5107596153846155 0.03572443181818179 0.04836538461538463
0 0.7254403409090909 0.29582692307692304 0.029090909090909115 0.03307692307692311
0 0.7862002840909091 0.051557692307692304 0.020951704545454544 0.04253846153846153
0 0.22427556818181815 0.8440192307692307 0.023749999999999997 0.05480769230769231
0 0.7251207386363636 0.29627884615384614 0.026349431818181834 0.031442307692307735
0 0.46817471590909093 0.843173076923077 0.018707386363636388 0.024615384615384636
0 0.20796875000000004 0.2846730769230769 0.03724431818181818 0.04784615384615384
0 0.6049644886363637 0.4828557692307692 0.05205965909090914 0.037403846153846135
0 0.6686505681818182 0.46636538461538457 0.04400568181818185 0.06276923076923074
0 0.1661647727272727 0.7720961538461538 0.04053977272727274 0.056999999999999974
0 0.8835085227272728 0.21813461538461537 0.026022727272727184 0.056692307692307674
0 0.789872159090909 0.7258365384615385 0.03911931818181829 0.053596153846153856
0 0.8381889204545455 0.724875 0.03126420454545453 0.03778846153846149
0 0.17214488636363637 0.9716057692307692 0.02235795454545456 0.03236538461538459
0 0.6078764204545455 0.9036826923076923 0.029190340909090926 0.03813461538461536
0 0.4738991477272727 0.0954423076923077 0.02703124999999996 0.04080769230769231
0 0.6304332386363636 0.32416346153846154 0.040838068181818184 0.040134615384615394
0 0.8920525568181819 0.609 0.030696022727272586 0.02569230769230772
0 0.07130681818181818 0.06529807692307692 0.029630681818181816 0.06544230769230769
0 0.9387286931818182 0.5108365384615384 0.03703124999999991 0.049634615384615444
0 0.34602272727272726 0.9652692307692308 0.03846590909090907 0.04784615384615384
0 0.7888210227272726 0.9114807692307693 0.036647727272727366 0.0654615384615385
0 0.4323082386363637 0.5269519230769231 0.03223011363636363 0.04855769230769231
0 0.6446732954545454 0.8416442307692307 0.038238636363636384 0.06794230769230766
0 0.42324573863636367 0.7112115384615384 0.03348011363636363 0.04473076923076921
0 0.5907315340909091 0.4342211538461539 0.034900568181818255 0.06036538461538465
0 0.6008309659090909 0.7358653846153845 0.023508522727272742 0.054769230769230695
0 0.9126633522727272 0.13943269230769229 0.055468749999999935 0.07690384615384616
0 0.5092400568181819 0.6027788461538461 0.03262784090909095 0.040365384615384636
0 0.6123650568181819 0.4622307692307693 0.04376420454545455 0.03565384615384614
0 0.9202911931818182 0.8725769230769231 0.03475852272727276 0.05023076923076924
0 0.9919318181818181 0.4050192307692308 0.016136363636363657 0.031961538461538416
0 0.801349431818182 0.312125 0.026789772727272745 0.030980769230769256
0 0.48446022727272725 0.6960480769230769 0.024176136363636337 0.03709615384615378
0 0.2653835227272727 0.6341346153846154 0.042869318181818154 0.046538461538461626
0 0.46944602272727276 0.841451923076923 0.019232954545454494 0.02513461538461537
0 0.7302485795454546 0.5197596153846153 0.024048295454545385 0.03444230769230774
0 0.10906960227272727 0.7761346153846155 0.03098011363636364 0.03561538461538469
0 0.8786576704545456 0.62525 0.025127840909090825 0.034000000000000016
0 0.014730113636363635 0.2951923076923077 0.02946022727272727 0.04011538461538464
0 0.5477130681818182 0.8616634615384615 0.024176136363636417 0.05344230769230762
0 0.45406960227272725 0.49335576923076924 0.017968750000000047 0.02736538461538465
0 0.8849715909090908 0.7331057692307693 0.03147727272727268 0.028173076923076988
0 0.7519602272727273 0.7673173076923077 0.037869318181818296 0.08944230769230767
0 0.9573721590909091 0.0975 0.04298295454545453 0.05819230769230769
0 0.8471803977272727 0.022442307692307692 0.021434659090909136 0.03238461538461539
0 0.03696022727272727 0.966 0.022187499999999995 0.045576923076922946
0 0.7438991477272726 0.10927884615384616 0.02819602272727276 0.038711538461538464
0 0.8514417613636364 0.9918269230769231 0.027002840909090896 0.016346153846153847
0 0.7213139204545455 0.5581346153846154 0.05157670454545463 0.1088846153846154
0 0.21086647727272725 0.6732115384615385 0.038465909090909106 0.0661538461538461
0 0.9811505681818182 0.37932692307692306 0.037698863636363586 0.044846153846153834
0 0.8027414772727273 0.04875961538461538 0.024005681818181947 0.048365384615384616
0 0.4349076704545455 0.8181923076923078 0.051974431818181864 0.06615384615384622
0 0.4306392045454545 0.8228653846153846 0.04556818181818179 0.061500000000000034
0 0.79828125 0.5959038461538462 0.06531250000000002 0.06953846153846148
0 0.8475923295454546 0.9659326923076924 0.06961647727272725 0.06794230769230777
0 0.3474502840909091 0.11379807692307693 0.045838068181818195 0.05855769230769231
0 0.8149147727272728 0.8801249999999999 0.02374999999999988 0.03763461538461537
0 0.5225426136363637 0.5306057692307692 0.03110795454545451 0.035673076923076946
0 0.8739701704545454 0.4379903846153846 0.024446022727272778 0.02578846153846153
0 0.28615056818181817 0.24327884615384615 0.020994318181818183 0.03144230769230771
0 0.24676846590909093 0.7174903846153846 0.02879261363636365 0.051250000000000066
0 0.9615482954545456 0.39866346153846155 0.03014204545454533 0.03474999999999999
0 0.8134517045454547 0.2223076923076923 0.04269886363636372 0.07246153846153845
0 0.9668039772727273 0.5338076923076923 0.017272727272727387 0.025730769230769224
0 0.9484375 0.2835384615384615 0.03292613636363629 0.05442307692307694
0 0.3316619318181818 0.007423076923076923 0.02690340909090909 0.014846153846153846
0 0.2080184659090909 0.2852211538461538 0.03586647727272727 0.04644230769230765
0 0.8753053977272726 0.436701923076923 0.022883522727272745 0.02721153846153847
0 0.09941761363636363 0.7393557692307693 0.03076704545454545 0.03275000000000006
0 0.09267045454545456 0.027615384615384615 0.05829545454545455 0.05523076923076923
0 0.2220525568181818 0.8449326923076923 0.02026988636363638 0.05490384615384618
0 0.39572443181818184 0.48864423076923075 0.030482954545454518 0.031673076923076866
0 0.7537926136363637 0.5579711538461538 0.03539772727272721 0.04048076923076925
0 0.6764275568181818 0.6254134615384616 0.030213068181818157 0.035442307692307704
0 0.904765625 0.2677307692307692 0.03654829545454548 0.06734615384615383
0 0.7087571022727274 0.9104519230769231 0.020838068181818204 0.04740384615384611
0 0.8998721590909091 0.5005576923076923 0.04187500000000002 0.05365384615384616
0 0.9211576704545454 0.9796442307692307 0.021889204545454663 0.035057692307692234
0 0.67546875 0.1618173076923077 0.03289772727272731 0.03782692307692308
0 0.3561647727272727 0.7360865384615385 0.024431818181818166 0.03236538461538459
0 0.358046875 0.04276923076923077 0.052855113636363645 0.08553846153846154
0 0.5134659090909092 0.9373942307692309 0.021761363636363627 0.09217307692307694
0 0.05871448863636364 0.22651923076923075 0.039133522727272725 0.06523076923076923
0 0.18384232954545457 0.017913461538461538 0.028082386363636358 0.03448076923076923
0 0.5420738636363637 0.6469615384615384 0.05639204545454552 0.03707692307692313
0 0.11688210227272727 0.679451923076923 0.020894886363636355 0.05621153846153849
0 0.6472230113636364 0.06610576923076923 0.023366477272727258 0.03163461538461539
0 0.9933380681818181 0.47071153846153846 0.01332386363636363 0.021153846153846155
0 0.03465198863636364 0.2303653846153846 0.02964488636363636 0.06376923076923079
0 0.6590767045454545 0.4911538461538461 0.026676136363636326 0.04011538461538459
0 0.1976775568181818 0.44926923076923075 0.06313920454545453 0.11984615384615378
0 0.9792116477272728 0.091375 0.025553977272727287 0.06155769230769232
0 0.35827414772727273 0.1835192307692308 0.025894886363636307 0.03930769230769233
0 0.15785511363636362 0.19549038461538462 0.04678977272727272 0.05559615384615384
0 0.8020525568181818 0.7522115384615384 0.03580965909090914 0.06015384615384621
0 0.33404829545454545 0.9270865384615384 0.036051136363636396 0.062288461538461515
0 0.7461363636363636 0.3714807692307693 0.05894886363636364 0.10903846153846157
0 0.48754261363636364 0.7133365384615384 0.03803977272727277 0.06082692307692307
0 0.4981605113636364 0.20308653846153846 0.04271306818181817 0.058365384615384604
0 0.4057244318181818 0.6623076923076923 0.03585227272727274 0.053384615384615364
0 0.23841619318181817 0.8897115384615384 0.03447443181818179 0.05388461538461546
0 0.19370028409090911 0.9923846153846153 0.018423295454545453 0.015230769230769152
0 0.2718678977272727 0.6366153846153847 0.029076704545454544 0.04399999999999999
0 0.807734375 0.9437788461538461 0.022769886363636326 0.04232692307692306
0 0.3196875 0.16649038461538462 0.03551136363636364 0.046634615384615385
0 0.9626633522727274 0.18680769230769229 0.03907670454545453 0.057423076923076924
0 0.5523721590909091 0.5985096153846154 0.02676136363636368 0.0329807692307693
0 0.33406960227272725 0.9279807692307692 0.035355113636363615 0.05911538461538463
0 0.111328125 0.657028846153846 0.04626420454545454 0.060519230769230714
0 0.7812144886363636 0.16384615384615386 0.0683380681818182 0.1180769230769231
0 0.9473792613636363 0.20334615384615387 0.022144886363636408 0.042115384615384596
0 0.6419815340909091 0.843576923076923 0.038678977272727295 0.05399999999999997
0 0.5724928977272726 0.2855865384615385 0.03643465909090914 0.04598076923076922
0 0.15524857954545454 0.8146730769230769 0.04782670454545455 0.05207692307692315
0 0.31359374999999995 0.09291346153846153 0.02488636363636365 0.034826923076923075
0 0.2999928977272727 0.26110576923076917 0.020099431818181825 0.029634615384615377
0 0.1911221590909091 0.03820192307692308 0.030142045454545453 0.03659615384615385
0 0.8281463068181818 0.28907692307692306 0.03126420454545453 0.03173076923076923
0 0.9524928977272729 0.7468557692307692 0.052798295454545396 0.08178846153846149
0 0.430078125 0.8448076923076924 0.02759943181818183 0.041807692307692323
0 0.22387073863636367 0.24475961538461538 0.02910511363636361 0.030249999999999982
0 0.8022301136363637 0.5362115384615386 0.04465909090909099 0.056346153846153865
0 0.8627485795454546 0.43481730769230775 0.03126420454545453 0.04609615384615384
0 0.05813920454545454 0.5840288461538462 0.024488636363636355 0.029942307692307678
0 0.7660866477272728 0.33205769230769233 0.05671874999999993 0.10038461538461542
0 0.8837713068181817 0.4017596153846154 0.02151988636363633 0.03263461538461538
0 0.13705965909090911 0.727875 0.03639204545454544 0.03236538461538469
0 0.5500142045454545 0.15338461538461537 0.05431818181818183 0.04403846153846152
0 0.4413636363636364 0.7218173076923078 0.029630681818181757 0.0509038461538461
0 0.6794460227272727 0.42061538461538467 0.028210227272727293 0.05234615384615384
0 0.8593892045454545 0.5806826923076924 0.023409090909090935 0.03767307692307687
0 0.647265625 0.7429326923076923 0.04376420454545455 0.06324999999999997
0 0.16699573863636363 0.7713076923076924 0.04461647727272729 0.057538461538461566
0 0.3339346590909091 0.6823461538461539 0.022187500000000006 0.029423076923076944
0 0.4281534090909091 0.8839903846153846 0.04261363636363636 0.04009615384615389
0 0.47516335227272727 0.9906538461538461 0.03481534090909089 0.018692307692307744
0 0.6901704545454546 0.4866442307692308 0.0244034090909091 0.034403846153846125
0 0.6308096590909091 0.1708942307692308 0.05633522727272731 0.09078846153846153
0 0.34850142045454546 0.992826923076923 0.05197443181818178 0.014346153846153916
0 0.23062500000000002 0.8207692307692307 0.022869318181818175 0.03519230769230772
0 0.2430965909090909 0.5887692307692307 0.03639204545454542 0.03519230769230772
0 0.09209517045454545 0.5461923076923076 0.030667613636363632 0.04434615384615385
0 0.4111931818181818 0.26669230769230773 0.03957386363636366 0.04734615384615386
0 0.3767755681818182 0.101125 0.05585227272727276 0.06125000000000002
0 0.531796875 0.08491346153846153 0.02941761363636369 0.04417307692307692
0 0.21243607954545454 0.879173076923077 0.029105113636363648 0.037999999999999985
0 0.9911008522727273 0.40798076923076926 0.017798295454545417 0.027192307692307665
0 0.3026775568181818 0.2305769230769231 0.02455965909090908 0.02419230769230769
0 0.5324005681818181 0.5656923076923076 0.027386363636363598 0.03819230769230761
0 0.8834588068181817 0.7323846153846154 0.03450284090909102 0.025500000000000092
0 0.5425923295454546 0.9877692307692307 0.020838068181818204 0.024461538461538514
0 0.5743678977272727 0.6266923076923077 0.01771306818181814 0.03892307692307694
0 0.6675142045454545 0.46444230769230765 0.04511363636363635 0.06226923076923076
0 0.5263920454545455 0.11406730769230769 0.02124999999999997 0.05005769230769231
0 0.4075568181818181 0.8307019230769231 0.028011363636363595 0.06428846153846156
0 0.6397230113636364 0.008048076923076923 0.0283096590909091 0.01582692307692308
0 0.9467613636363637 0.1454903846153846 0.027357954545454533 0.03928846153846155
0 0.2508096590909091 0.16460576923076922 0.0537215909090909 0.04190384615384614
0 0.5569744318181818 0.4191634615384615 0.02659090909090913 0.038173076923076914
0 0.584453125 0.5072788461538462 0.05938920454545455 0.042326923076923116
0 0.6576917613636364 0.1266442307692308 0.029815340909090923 0.03490384615384617
0 0.6102272727272727 0.3743076923076923 0.04946022727272726 0.0669615384615385
0 0.9200426136363636 0.8741442307692308 0.0339488636363636 0.046557692307692376
0 0.4380255681818182 0.42585576923076923 0.03639204545454546 0.04855769230769231
0 0.39800426136363637 0.44919230769230767 0.02390625000000006 0.03096153846153845
0 0.43207386363636363 0.5264711538461538 0.03349431818181824 0.05236538461538465
0 0.5625071022727273 0.19865384615384615 0.047713068181818225 0.05853846153846153
0 0.6804332386363636 0.41912499999999997 0.03180397727272733 0.0523653846153846
0 0.4273721590909091 0.7452884615384615 0.033096590909090846 0.03623076923076929
0 0.10029119318181817 0.3567019230769231 0.12123579545454545 0.10425000000000001
0 0.22316051136363638 0.005692307692307692 0.02194602272727275 0.011384615384615384
0 0.108984375 0.7764326923076923 0.03223011363636363 0.03659615384615379
0 0.01369318181818182 0.966798076923077 0.02738636363636364 0.04575000000000004
0 0.5334161931818181 0.1838076923076923 0.02214488636363633 0.04034615384615382
0 0.7315767045454545 0.9508269230769231 0.03522727272727266 0.031461538461538485
0 0.9805326704545455 0.04082692307692308 0.03683238636363629 0.05365384615384615
0 0.7347159090909091 0.22689423076923076 0.036676136363636355 0.050903846153846154
0 0.031796874999999995 0.23342307692307693 0.025071022727272727 0.06061538461538458
0 0.7159659090909091 0.08034615384615384 0.03394886363636369 0.059846153846153854
0 0.8206392045454546 0.8560576923076922 0.051761363636363716 0.03196153846153847
0 0.9033380681818183 0.3530480769230769 0.022897727272727278 0.03048076923076922
0 0.7529616477272728 0.9950096153846153 0.016519886363636358 0.009980769230769336
0 0.16649857954545455 0.5075192307692307 0.1201278409090909 0.17511538461538462
0 0.6832670454545454 0.8255769230769231 0.03585227272727274 0.04853846153846156
0 0.6746093750000001 0.16373076923076924 0.033025568181818184 0.03707692307692308
0 0.710262784090909 0.43806730769230773 0.03666193181818174 0.046903846153846185
0 0.9662926136363637 0.5334230769230769 0.017301136363636452 0.02569230769230772
0 0.7988920454545454 0.3528461538461538 0.026619318181818195 0.0238076923076923
0 0.609950284090909 0.6175096153846155 0.027798295454545444 0.03490384615384622
0 0.9869176136363635 0.33215384615384613 0.02616477272727267 0.045346153846153814
0 0.7831747159090909 0.6963076923076924 0.022769886363636326 0.025384615384615363
0 0.7422869318181817 0.07876923076923077 0.02048295454545449 0.032807692307692315
0 0.5050071022727273 0.010471153846153845 0.020951704545454544 0.020711538461538462
0 0.5980681818181818 0.21145192307692307 0.02900568181818184 0.05071153846153847
0 0.6033451704545455 0.24375961538461538 0.04214488636363631 0.024557692307692273
0 0.42629261363636367 0.5111346153846154 0.021647727272727287 0.025653846153846107
0 0.9665411931818181 0.945548076923077 0.022286931818181734 0.039096153846153926
0 0.426328125 0.5121730769230769 0.020269886363636337 0.028846153846153848
0 0.7550213068181819 0.7111153846153846 0.025383522727272734 0.030923076923076893
0 0.7308096590909091 0.9491153846153847 0.03664772727272729 0.030538461538461528
0 0.18323863636363635 0.714875 0.040056818181818166 0.05836538461538466
0 0.8022230113636364 0.7834230769230769 0.03421874999999988 0.06146153846153853
0 0.4670383522727272 0.7133750000000001 0.0204971590909091 0.03763461538461537
0 0.46457386363636366 0.7595288461538461 0.0398295454545454 0.05051923076923073
0 0.9440838068181818 0.9861442307692309 0.026463068181818174 0.027673076923076897
0 0.02307528409090909 0.16776923076923078 0.04583806818181819 0.05599999999999998
0 0.19985085227272725 0.6420288461538461 0.02203124999999999 0.031519230769230744
0 0.7032173295454546 0.034596153846153846 0.037059659090909136 0.06919230769230769
0 0.8992613636363636 0.500423076923077 0.04267045454545466 0.05538461538461541
0 0.8620241477272728 0.3940576923076923 0.025923295454545456 0.041461538461538466
0 0.0941122159090909 0.7494615384615385 0.038821022727272725 0.0428076923076924
0 0.9489914772727274 0.24008653846153846 0.027357954545454533 0.04155769230769231
0 0.6464559659090909 0.06545192307692307 0.018764204545454518 0.024480769230769226
0 0.052805397727272725 0.3918076923076923 0.03836647727272727 0.053884615384615406
0 0.7154758522727273 0.5369711538461539 0.03248579545454546 0.058288461538461546
0 0.452578125 0.43969230769230766 0.02183238636363637 0.03165384615384617
0 0.5738920454545454 0.9460192307692308 0.022556818181818174 0.03600000000000005
0 0.4626349431818182 0.504826923076923 0.021633522727272755 0.02776923076923082
0 0.8892613636363635 0.7743749999999999 0.06196022727272728 0.08236538461538459
0 0.5896093750000001 0.32752884615384614 0.03705965909090905 0.05671153846153848
0 0.19969460227272726 0.6406057692307693 0.02339488636363636 0.03236538461538459
0 0.11964488636363635 0.1575 0.05249999999999999 0.03307692307692308
0 0.5757102272727272 0.9882788461538461 0.018920454545454535 0.02344230769230769
0 0.6674573863636364 0.7190192307692307 0.03400568181818182 0.041230769230769224
0 0.587606534090909 0.16355769230769232 0.03379261363636366 0.04642307692307692
0 0.9788210227272726 0.22119230769230772 0.042357954545454615 0.04611538461538462
0 0.2272443181818182 0.1468173076923077 0.03690340909090908 0.04082692307692306
0 0.880809659090909 0.03298076923076923 0.03928977272727268 0.04838461538461539
0 0.023224431818181814 0.17016346153846154 0.04159090909090909 0.05559615384615384
0 0.8215127840909091 0.6481826923076923 0.025326704545454604 0.035519230769230824
0 0.7859446022727273 0.05183653846153846 0.020468749999999956 0.04582692307692307
0 0.4247372159090909 0.7114615384615385 0.03475852272727276 0.048384615384615436
0 0.859296875 0.14478846153846156 0.06526988636363627 0.07465384615384615
0 0.12796875 0.6704038461538462 0.024431818181818186 0.04080769230769236
0 0.558515625 0.9496826923076924 0.014218749999999987 0.04178846153846146
0 0.9341122159090909 0.9439807692307692 0.045099431818181816 0.061653846153846156
0 0.18688210227272728 0.8374038461538461 0.03884943181818183 0.0661538461538461
0 0.42242897727272727 0.09801923076923076 0.028068181818181805 0.04503846153846154
0 0.5576491477272728 0.9526923076923076 0.02322443181818177 0.05276923076923076
0 0.4454545454545455 0.4926153846153847 0.05301136363636363 0.0413846153846154
0 0.9099147727272728 0.1988942307692308 0.06531250000000002 0.07405769230769232
0 0.20953835227272724 0.6120769230769231 0.015809659090909124 0.03753846153846161
0 0.9244318181818181 0.24234615384615385 0.0262215909090908 0.03853846153846152
0 0.04869318181818182 0.12828846153846155 0.0509375 0.076
0 0.7563920454545454 0.7088269230769232 0.02968750000000013 0.029307692307692215
0 0.684872159090909 0.9126442307692308 0.029346590909090944 0.040288461538461516
0 0.31301136363636367 0.09099038461538461 0.026505681818181814 0.03517307692307692
0 0.3817542613636364 0.7616057692307692 0.029303977272727266 0.03936538461538456
0 0.546299715909091 0.773673076923077 0.022968750000000024 0.029461538461538556
0 0.4671448863636364 0.7144999999999999 0.022556818181818174 0.043076923076923145
0 0.7485653409090909 0.1852403846153846 0.020539772727272778 0.029019230769230776
0 0.4242400568181818 0.026134615384615388 0.027372159090909145 0.04653846153846154
0 0.48017755681818186 0.5253076923076923 0.03572443181818179 0.0405
0 0.20931107954545458 0.7908557692307693 0.03535511363636366 0.04574999999999993
0 0.4958380681818182 0.4154423076923077 0.03849431818181821 0.048269230769230814
0 0.58578125 0.43988461538461543 0.024573863636363654 0.05346153846153843
0 0.9415482954545454 0.6030769230769231 0.11690340909090903 0.1857307692307692
0 0.5406605113636364 0.4289807692307692 0.027798295454545527 0.053461538461538484
0 0.723330965909091 0.9277884615384615 0.025468750000000092 0.03176923076923074
0 0.44780539772727274 0.09064423076923078 0.025781249999999967 0.05236538461538461
0 0.6325142045454546 0.08874038461538461 0.023778409090909104 0.04417307692307693
0 0.7834019886363636 0.12586538461538463 0.01941761363636374 0.0276153846153846
0 0.5867897727272727 0.7598653846153846 0.02821022727272721 0.051269230769230706
0 0.4525568181818182 0.4401730769230769 0.01997159090909091 0.030884615384615333
0 0.8193323863636363 0.816048076923077 0.04210227272727271 0.046403846153846254
0 0.47415482954545457 0.09524038461538463 0.028963068181818163 0.042326923076923074
0 0.7439133522727274 0.37096153846153845 0.061093750000000065 0.11538461538461539
0 0.9355965909090909 0.1637596153846154 0.027357954545454533 0.03551923076923077
0 0.18825994318181818 0.7713942307692307 0.02339488636363638 0.034480769230769134
0 0.4875710227272727 0.49877884615384616 0.020198863636363674 0.02548076923076923
0 0.563046875 0.9744326923076924 0.018224431818181796 0.02509615384615387
0 0.5112571022727272 0.05600961538461539 0.045525568181818195 0.04309615384615384
0 0.5626207386363636 0.3813461538461539 0.04754261363636359 0.05346153846153843
0 0.467627840909091 0.42225961538461537 0.021704545454545497 0.0324423076923077
0 0.912890625 0.38421153846153844 0.033508522727272776 0.03642307692307692
0 0.4491974431818182 0.9525673076923078 0.06947443181818186 0.08986538461538465
0 0.3192542613636364 0.1632403846153846 0.03586647727272727 0.04082692307692309
0 0.6290980113636363 0.32387499999999997 0.03808238636363637 0.03917307692307693
0 0.42377130681818187 0.09883653846153845 0.027798295454545444 0.04194230769230768
0 0.047840909090909094 0.12699038461538462 0.049403409090909095 0.07301923076923077
0 0.34014204545454546 0.03867307692307692 0.02130681818181818 0.04080769230769231
0 0.6433309659090909 0.17351923076923076 0.03546874999999996 0.05569230769230768
0 0.21085227272727272 0.6709134615384615 0.03642045454545453 0.0657500000000001
0 0.9916832386363637 0.43032692307692305 0.016633522727272778 0.031807692307692294
0 0.7261789772727273 0.9854615384615386 0.02980113636363639 0.029076923076923087
0 0.5416548295454545 0.6778365384615385 0.027855113636363657 0.03886538461538458
0 0.8192471590909091 0.95225 0.026193181818181897 0.04303846153846153
0 0.5590198863636364 0.9027884615384615 0.030909090909090896 0.04138461538461535
0 0.8486647727272728 0.5394807692307692 0.023409090909090935 0.026961538461538537
0 0.19370738636363638 0.9922403846153847 0.01920454545454543 0.015519230769230756
0 0.8471519886363637 0.5396442307692307 0.02080965909090906 0.0288653846153846
0 0.5645880681818182 0.7608846153846153 0.018863636363636405 0.029192307692307705
0 0.9783025568181819 0.008634615384615385 0.021207386363636452 0.01726923076923077
0 0.4000710227272727 0.6963269230769231 0.02894886363636363 0.03657692307692315
0 0.45019176136363637 0.006048076923076923 0.025383522727272734 0.012096153846153847
0 0.6076420454545454 0.4277211538461539 0.02605113636363633 0.04128846153846154
0 0.9035227272727272 0.9713846153846154 0.030369318181818174 0.05723076923076921
0 0.8484517045454545 0.40494230769230766 0.018494318181818317 0.03365384615384615
0 0.7260369318181819 0.9829423076923077 0.029744318181818177 0.03411538461538463
0 0.6413778409090909 0.00856730769230769 0.029403409090909074 0.01690384615384615
0 0.22774857954545452 0.9477115384615384 0.025184659090909077 0.03338461538461541
0 0.40658380681818185 0.36778846153846156 0.02754261363636362 0.04503846153846157
0 0.9347088068181818 0.944923076923077 0.048650568181818184 0.06865384615384613
0 0.8381889204545455 0.7747596153846154 0.04018465909090904 0.07555769230769224
0 0.7741122159090907 0.017230769230769234 0.03884943181818185 0.03446153846153847
0 0.5211079545454546 0.6059230769230769 0.05755681818181815 0.04784615384615384
0 0.5352201704545454 0.6150480769230771 0.03223011363636363 0.031096153846153878
0 0.5044744318181817 0.01039423076923077 0.02235795454545456 0.02078846153846154
0 0.08741477272727273 0.7803076923076923 0.02130681818181819 0.030269230769230788
0 0.5801420454545455 0.5487788461538462 0.08931818181818181 0.10894230769230764
0 0.7623863636363637 0.45122115384615386 0.03806818181818175 0.038480769230769214
0 0.6300142045454545 0.9270673076923077 0.030681818181818133 0.03744230769230775
0 0.7164914772727273 0.5717884615384615 0.043465909090909124 0.08173076923076923
0 0.6457741477272727 0.5864038461538462 0.05382102272727271 0.09738461538461536
0 0.5752130681818182 0.9459711538461538 0.02093750000000001 0.03363461538461529
0 0.654453125 0.41675 0.022002840909090923 0.04338461538461539
0 0.8395454545454545 0.6898173076923076 0.042130681818181775 0.04328846153846152
0 0.4866477272727273 0.7751442307692308 0.03531249999999994 0.05221153846153842
0 0.8508238636363636 0.8722307692307693 0.03352272727272731 0.0339615384615384
0 0.4454119318181818 0.8045673076923077 0.0293181818181818 0.038980769230769194
0 0.936953125 0.29985576923076923 0.02589488636363639 0.037057692307692326
0 0.5164204545454546 0.12478846153846154 0.016818181818181864 0.053769230769230784
0 0.17919034090909092 0.5259711538461538 0.04173295454545456 0.04901923076923079
0 0.5030255681818182 0.510625 0.03011363636363643 0.03432692307692301
0 0.013423295454545453 0.4907115384615384 0.026846590909090907 0.0470384615384615
0 0.8001420454545454 0.40076923076923077 0.03795454545454533 0.059846153846153854
0 0.3887713068181818 0.023230769230769232 0.0406107954545455 0.046461538461538464
0 0.8227982954545454 0.004557692307692308 0.015198863636363701 0.009115384615384615
0 0.8278693181818181 0.0714423076923077 0.03181818181818179 0.04080769230769231
0 0.7755539772727272 0.16178846153846152 0.08340909090909095 0.11738461538461539
0 0.7037571022727274 0.11964423076923077 0.06862215909090909 0.054249999999999986
0 0.29739346590909094 0.04453846153846154 0.07512784090909093 0.08907692307692308
0 0.13710227272727274 0.7270576923076923 0.0425 0.03123076923076925
0 0.42502130681818184 0.05711538461538462 0.050213068181818137 0.05196153846153846
0 0.5541619318181819 0.2584423076923077 0.0628409090909091 0.0698076923076923
0 0.057187499999999995 0.2281730769230769 0.034914772727272725 0.06376923076923076
0 0.5642258522727274 0.7593173076923078 0.0193323863636363 0.028365384615384615
0 0.24752130681818182 0.7169615384615384 0.030667613636363642 0.049961538461538495
0 0.22102272727272732 0.0043749999999999995 0.022329545454545453 0.008749999999999999
0 0.6945525568181818 0.9635673076923077 0.04149147727272724 0.03982692307692315
0 0.44840198863636355 0.9545673076923077 0.06808238636363638 0.0872499999999999
0 0.9403835227272727 0.4255480769230769 0.044971590909090864 0.057557692307692324
0 0.05076704545454546 0.9863846153846153 0.025994318181818184 0.02723076923076928
0 0.34430397727272727 0.19831730769230768 0.03133522727272724 0.04201923076923076
0 0.5514346590909092 0.33830769230769236 0.03400568181818182 0.05703846153846153
0 0.45075994318181817 0.38714423076923077 0.06393465909090908 0.11190384615384615
0 0.8295383522727273 0.8343269230769231 0.03515625 0.0279615384615385
0 0.5585866477272727 0.9055673076923076 0.029815340909090923 0.044173076923076864
0 0.9499928977272728 0.23768269230769232 0.026093750000000006 0.03771153846153846
0 0.7972443181818182 0.35723076923076924 0.026789772727272745 0.03203846153846153
0 0.20402698863636362 0.7448750000000001 0.05737215909090911 0.08548076923076921
0 0.584169034090909 0.5073942307692308 0.06501420454545452 0.04174999999999996
0 0.475390625 0.12900961538461536 0.017201704545454565 0.018326923076923067
0 0.12796164772727273 0.2793557692307692 0.0379403409090909 0.04786538461538464
0 0.9587571022727271 0.061990384615384614 0.027911931818181787 0.0400576923076923
0 0.8357386363636362 0.5087211538461539 0.05380681818181818 0.048096153846153886
0 0.7648579545454546 0.9887403846153846 0.020142045454545385 0.02251923076923073
0 0.26238636363636364 0.33484615384615385 0.03446022727272726 0.046653846153846136
0 0.9366619318181819 0.16372115384615382 0.030056818181818136 0.0379423076923077
0 0.5255539772727272 0.8793942307692307 0.02980113636363639 0.044173076923076864
0 0.9932528409090909 0.06672115384615385 0.013494318181818182 0.040249999999999994
0 0.5587855113636363 0.198625 0.05035511363636362 0.05890384615384615
0 0.3462855113636364 0.11362499999999999 0.04313920454545459 0.058403846153846146
0 0.7112286931818181 0.43830769230769234 0.033622159090909036 0.044961538461538504
0 0.9766264204545455 0.5115096153846154 0.0245596590909092 0.033250000000000036
0 0.8197727272727273 0.8543653846153846 0.05247159090909099 0.030230769230769172
0 0.18644176136363635 0.7136826923076923 0.0488494318181818 0.057019230769230725
0 0.6930894886363637 0.24757692307692308 0.03958806818181819 0.0467307692307692
0 0.7208735795454545 0.26272115384615385 0.02947443181818182 0.04532692307692309
0 0.44842329545454546 0.3104423076923077 0.0519886363636364 0.09219230769230768
0 0.80265625 0.5352884615384615 0.043863636363636355 0.058653846153846154
0 0.5263068181818181 0.4583846153846154 0.04252840909090909 0.037730769230769186
0 0.7447088068181817 0.9841057692307693 0.018536931818181755 0.03178846153846149
0 0.7300568181818182 0.9058076923076923 0.022670454545454598 0.030500000000000027
0 0.9367116477272727 0.42473076923076925 0.044105113636363734 0.05365384615384616
0 0.1616619318181818 0.20451923076923076 0.0412215909090909 0.03696153846153846
0 0.9930539772727273 0.5013076923076923 0.013892045454545416 0.03853846153846152
0 0.8242471590909091 0.5544807692307693 0.03676136363636363 0.06869230769230764
0 0.7986860795454547 0.08452884615384615 0.020781249999999994 0.03759615384615384
0 0.44872869318181813 0.30803846153846154 0.056377840909090905 0.10176923076923075
0 0.8643607954545455 0.8356826923076923 0.03457386363636352 0.036134615384615314
0 0.8591193181818181 0.021740384615384616 0.0362784090909092 0.04348076923076923
0 0.33463778409090905 0.007750000000000001 0.02674715909090911 0.015500000000000002
0 0.5803409090909091 0.6817692307692307 0.033039772727272716 0.060538461538461576
0 0.1284801136363636 0.051230769230769226 0.04937500000000001 0.07107692307692307
0 0.18358664772727273 0.9487403846153847 0.023394886363636343 0.031673076923076866
0 0.6810014204545455 0.06675961538461539 0.02183238636363637 0.029557692307692302
0 0.40424005681818187 0.532 0.03430397727272732 0.057692307692307696
0 0.11626420454545454 0.22341346153846156 0.06446022727272728 0.10063461538461538
0 0.8046946022727273 0.014182692307692308 0.02455965909090904 0.028365384615384615
0 0.5331463068181818 0.5670865384615384 0.025752840909090902 0.036211538461538434
0 0.6472230113636364 0.7436730769230769 0.04109375000000001 0.05673076923076923
0 0.4723792613636364 0.9906442307692308 0.033025568181818184 0.018711538461538498
0 0.7842471590909089 0.8046634615384616 0.030369318181818174 0.07313461538461533
0 0.5898082386363637 0.2888076923076923 0.016519886363636358 0.03492307692307692
0 0.5720880681818182 0.2852692307692308 0.03826704545454553 0.04526923076923081
0 0.4577769886363636 0.5816153846153846 0.03223011363636363 0.047153846153846116
0 0.8842329545454546 0.6528846153846154 0.02659090909090913 0.031192307692307745
0 0.8623437500000001 0.8373942307692308 0.033039772727272716 0.03982692307692315
0 0.79828125 0.08503846153846153 0.025113636363636452 0.030230769230769228
0 0.32705255681818185 0.2623461538461539 0.020269886363636337 0.026038461538461524
0 0.8916193181818183 0.6096442307692307 0.03269886363636361 0.02667307692307693
0 0.6919318181818181 0.9873749999999999 0.030625000000000003 0.02524999999999999
0 0.4757173295454545 0.4646730769230769 0.028593750000000074 0.042230769230769245
0 0.7779048295454545 0.7632980769230769 0.020099431818181787 0.026442307692307692
0 0.2461434659090909 0.5310865384615385 0.04774147727272729 0.0791730769230769
0 0.784971590909091 0.435875 0.03755681818181826 0.030250000000000034
0 0.4916051136363636 0.9406538461538462 0.031079545454545447 0.08553846153846158
0 0.15499289772727273 0.4055576923076923 0.024417613636363633 0.042230769230769245
0 0.3426349431818182 0.19742307692307692 0.02947443181818182 0.04534615384615384
0 0.29889204545454545 0.289451923076923 0.02386363636363634 0.033711538461538466
0 0.8782812499999999 0.8098846153846153 0.08596590909090923 0.060923076923076934
0 0.2384232954545455 0.8900865384615385 0.03431818181818181 0.04998076923076914
0 0.8043252840909091 0.3368557692307692 0.02830965909090918 0.022365384615384606
0 0.10014914772727272 0.7391346153846154 0.027031249999999993 0.033769230769230774
0 0.6989985795454546 0.2944615384615385 0.050014204545454514 0.05442307692307694
0 0.6482315340909092 0.2505 0.055099431818181846 0.08711538461538461
0 0.8885724431818183 0.7651634615384615 0.06626420454545451 0.06801923076923078
0 0.45022017045454543 0.6536826923076923 0.022571022727272707 0.031634615384615365
0 0.8304190340909091 0.17250000000000001 0.029616477272727145 0.05492307692307693
0 0.8580681818181817 0.2451634615384615 0.03960227272727272 0.0611730769230769
0 0.692265625 0.9876634615384616 0.031150568181818192 0.024480769230769264
0 0.7976917613636364 0.6914711538461539 0.021434659090909136 0.02298076923076932
0 0.9781321022727273 0.048192307692307694 0.031065340909090914 0.03584615384615385
0 0.29629261363636367 0.5603076923076923 0.024744318181818204 0.0410769230769231
0 0.18259943181818183 0.9475288461538462 0.02178977272727273 0.03021153846153842
0 0.7678764204545455 0.9461153846153847 0.0366619318181819 0.04746153846153847
0 0.6583309659090909 0.04616346153846154 0.024843749999999932 0.04348076923076924
0 0.4288849431818182 0.05544230769230769 0.06242897727272734 0.05080769230769231
0 0.7530610795454545 0.5906153846153847 0.03404829545454549 0.0362692307692308
0 0.921583806818182 0.9804615384615385 0.020127840909090852 0.03519230769230772
0 0.46344460227272727 0.019971153846153843 0.026633522727272728 0.03528846153846153
0 0.6578977272727272 0.126875 0.031363636363636344 0.036326923076923076
0 0.8037286931818183 0.05701923076923077 0.021235795454545358 0.026153846153846156
0 0.978799715909091 0.008048076923076922 0.020269886363636337 0.016019230769230768
0 0.9937855113636364 0.4712211538461538 0.012428977272727272 0.020903846153846162
0 0.9464772727272727 0.48544230769230773 0.02232954545454533 0.03100000000000001
0 0.9911008522727273 0.4329230769230769 0.017798295454545417 0.03173076923076923
0 0.6092542613636364 0.3748173076923077 0.05132102272727272 0.06613461538461536
0 0.983565340909091 0.45596153846153853 0.03286931818181816 0.03853846153846152
0 0.8826917613636364 0.21870192307692307 0.024872159090909077 0.05636538461538462
0 0.8398650568181819 0.7244038461538461 0.03600852272727276 0.0410769230769231
0 0.7470809659090908 0.10072115384615385 0.033139204545454604 0.051326923076923076
0 0.43724431818181825 0.7785865384615385 0.05139204545454546 0.03217307692307696
0 0.9869176136363635 0.2717019230769231 0.02616477272727267 0.06801923076923078
0 0.699921875 0.29606730769230766 0.051235795454545444 0.05467307692307688
0 0.34629261363636366 0.9652884615384616 0.04170454545454547 0.05100000000000007
0 0.43848011363636363 0.6373653846153845 0.02065340909090904 0.028730769230769226
0 0.9671590909090909 0.2627403846153846 0.023096590909090896 0.041980769230769224
0 0.34480113636363635 0.80975 0.03431818181818181 0.046153846153846156
0 0.9271022727272729 0.23972115384615386 0.029801136363636228 0.037403846153846135
0 0.08442471590909091 0.5152980769230769 0.04066761363636364 0.05459615384615382
0 0.6182102272727273 0.02028846153846154 0.037073863636363585 0.040346153846153844
0 0.7211363636363636 0.9278365384615385 0.026988636363636284 0.031634615384615365
0 0.7148508522727273 0.1784903846153846 0.05313920454545458 0.09371153846153847
0 0.08987215909090908 0.7818750000000001 0.02440340909090909 0.034480769230769245
0 0.7781178977272728 0.8339038461538462 0.05126420454545459 0.052923076923076885
0 0.09209517045454546 0.02684615384615385 0.05666193181818182 0.0536923076923077
0 0.1926349431818182 0.03738461538461538 0.031150568181818192 0.04323076923076923
0 0.6681676136363636 0.5719615384615384 0.02980113636363639 0.04526923076923081
0 0.26207386363636365 0.3358942307692308 0.03377840909090905 0.04082692307692306
0 0.4536079545454546 0.4932692307692308 0.017414772727272796 0.025999999999999964
0 0.6317684659090909 0.17696153846153848 0.05487215909090908 0.08357692307692306
0 0.9085582386363636 0.19976923076923075 0.06438920454545444 0.07134615384615386
0 0.6528551136363636 0.7925865384615385 0.03142045454545455 0.05344230769230773
0 0.9132173295454545 0.38479807692307694 0.03546875000000004 0.03574999999999995
0 0.4073579545454545 0.4674903846153846 0.01974431818181823 0.02394230769230767
0 0.6516477272727272 0.09774038461538462 0.022556818181818174 0.03817307692307693
0 0.6184730113636363 0.5913365384615384 0.015269886363636364 0.04813461538461533
0 0.7238849431818182 0.8735 0.02856534090909085 0.043692307692307635
0 0.36553977272727267 0.6287019230769231 0.04613636363636362 0.07048076923076918
0 0.7505539772727272 0.8912980769230769 0.033437499999999946 0.041442307692307716
0 0.8295383522727273 0.5845673076923077 0.03740056818181808 0.04836538461538468
0 0.7768323863636364 0.7627115384615385 0.0191477272727273 0.026692307692307682
0 0.15783380681818182 0.501951923076923 0.029332386363636352 0.040865384615384616
0 0.6340411931818182 0.8994903846153847 0.030184659090909092 0.04290384615384616
0 0.4857102272727273 0.5594519230769232 0.03653409090909095 0.052403846153846155
0 0.5040696022727272 0.5110961538461538 0.028139204545454547 0.032653846153846186
0 0.5215269886363636 0.21999038461538464 0.02981534090909084 0.046365384615384614
0 0.9655965909090909 0.9415576923076924 0.024119318181818207 0.04473076923076921
0 0.42815340909090904 0.8474038461538461 0.02392045454545451 0.03307692307692305
0 0.28183238636363633 0.2715 0.024431818181818166 0.03307692307692305
0 0.8382883522727272 0.6896153846153846 0.0433948863636363 0.04392307692307688
0 0.5410582386363636 0.6760480769230769 0.027798295454545444 0.041442307692307716
0 0.33809659090909094 0.7045192307692308 0.04093749999999999 0.050615384615384604
0 0.35086647727272724 0.9935673076923076 0.0513920454545455 0.012865384615384721
0 0.9933380681818181 0.06690384615384615 0.01332386363636363 0.04080769230769231
0 0.22753551136363637 0.14545192307692306 0.03887784090909092 0.039826923076923065
0 0.9101988636363636 0.01191346153846154 0.04130681818181824 0.02382692307692308
0 0.8585724431818181 0.7128365384615385 0.025383522727272734 0.03575000000000006
0 0.7526917613636364 0.5968269230769231 0.017315340909090985 0.025384615384615363
0 0.9900355113636364 0.8237692307692308 0.019928977272727234 0.052346153846153896
0 0.6826065340909091 0.8254230769230769 0.03742897727272731 0.05030769230769236
0 0.05102982954545454 0.39054807692307686 0.038991477272727275 0.05067307692307691
0 0.654872159090909 0.4178846153846154 0.022556818181818258 0.04580769230769235
0 0.8788210227272728 0.6243076923076922 0.025994318181818278 0.03465384615384612
0 0.7905752840909092 0.9121153846153847 0.04333806818181833 0.0685
0 0.8820099431818181 0.03704807692307693 0.03740056818181824 0.04155769230769231
0 0.0515625 0.9876346153846153 0.025511363636363638 0.024730769230769258
0 0.5872585227272727 0.7595673076923077 0.028920454545454565 0.05305769230769226
0 0.7896235795454545 0.9778269230769231 0.041491477272727326 0.04434615384615385
0 0.803302556818182 0.7515865384615384 0.038508522727272745 0.0574423076923077
0 0.22280539772727276 0.10839423076923076 0.043735795454545444 0.05090384615384614
0 0.5421519886363636 0.6473846153846153 0.05828124999999996 0.04061538461538462
0 0.7680255681818182 0.2206826923076923 0.011846590909090954 0.019980769230769233
0 0.764453125 0.9872307692307692 0.019559659090909065 0.025538461538461486
0 0.8476775568181818 0.4053365384615385 0.01674715909090904 0.0324807692307692
0 0.15241477272727272 0.012923076923076923 0.053210227272727284 0.025846153846153845
0 0.803046875 0.3390961538461538 0.027684659090909104 0.023576923076923113
0 0.7640340909090909 0.32564423076923077 0.056704545454545556 0.11094230769230769
0 0.8206107954545455 0.09373076923076921 0.02846590909090904 0.041576923076923074
0 0.4133380681818182 0.26622115384615386 0.03690340909090912 0.047865384615384615
0 0.8570525568181818 0.14241346153846154 0.059900568181818284 0.07009615384615385
0 0.6069318181818182 0.9031153846153847 0.027386363636363677 0.03926923076923069
0 0.3007102272727273 0.2629423076923077 0.02178977272727273 0.030538461538461528
0 0.7747301136363636 0.24723076923076923 0.03619318181818185 0.0488076923076923
0 0.013870738636363638 0.4131923076923077 0.027031250000000003 0.04292307692307697
0 0.4516335227272728 0.7371346153846154 0.026193181818181813 0.030538461538461528
