0 0.8182102272727273 0.8634903846153846 0.035767045454545544 0.054634615384615434
0 0.7008096590909091 0.010432692307692308 0.03767045454545452 0.020865384615384616
0 0.6360724431818181 0.8769134615384615 0.014843749999999984 0.018788461538461504
0 0.4316903409090909 0.7528076923076923 0.026278409090909092 0.04473076923076921
0 0.4690340909090909 0.23997115384615383 0.027301136363636402 0.034942307692307696
0 0.19883522727272726 0.5355000000000001 0.0537215909090909 0.06269230769230763
0 0.7225071022727273 0.02564423076923077 0.028139204545454467 0.03990384615384615
0 0.41561789772727276 0.9318846153846154 0.028792613636363693 0.055846153846153886
0 0.9708948863636363 0.30859615384615385 0.04321022727272738 0.075
0 0.5568394886363636 0.9805673076923077 0.02759943181818183 0.03886538461538458
0 0.6341548295454545 0.006 0.02509943181818176 0.012
0 0.9330042613636365 0.8554711538461539 0.02038352272727276 0.021673076923076996
0 0.011313920454545455 0.873423076923077 0.02262784090909091 0.032692307692307694
0 0.39307528409090914 0.35680769230769227 0.05495738636363636 0.0648846153846154
0 0.9900071022727271 0.8777115384615384 0.019985795454545527 0.05207692307692305
0 0.7348153409090908 0.8937596153846153 0.04284090909090905 0.06898076923076923
0 0.6570170454545454 0.7244615384615385 0.04940340909090913 0.08615384615384618
0 0.7349360795454545 0.21189423076923078 0.030184659090909092 0.034980769230769225
0 0.5418678977272727 0.3091153846153846 0.041889204545454556 0.03384615384615384
0 0.05509943181818182 0.18715384615384614 0.02431818181818182 0.027615384615384615
0 0.9444460227272727 0.8353365384615384 0.029943181818181716 0.038865384615384684
0 0.46444602272727276 0.9210384615384616 0.022755681818181873 0.03373076923076916
0 0.45122869318181813 0.3839230769230769 0.02393465909090904 0.03223076923076927
0 0.54484375 0.6400288461538461 0.030653409090909148 0.036711538461538525
0 0.50015625 0.8971634615384615 0.032272727272727314 0.04459615384615384
0 0.8862144886363637 0.8564519230769231 0.03578125000000008 0.050673076923076855
0 0.7092684659090909 0.9498461538461538 0.026605113636363663 0.037423076923076885
0 0.6494886363636364 0.8577980769230769 0.06946022727272724 0.12655769230769232
0 0.5311008522727273 0.33061538461538464 0.02617897727272728 0.03611538461538462
0 0.4958735795454546 0.927625 0.02262784090909092 0.026365384615384686
0 0.40109375 0.9904903846153847 0.02750000000000002 0.019019230769230743
0 0.9177698863636364 0.49944230769230774 0.034829545454545426 0.03950000000000004
0 0.3640909090909091 0.34820192307692305 0.043693181818181805 0.07455769230769227
0 0.8193323863636363 0.6698461538461539 0.029176136363636473 0.027615384615384642
0 0.7003267045454545 0.5872019230769231 0.026988636363636364 0.03382692307692303
0 0.7695454545454545 0.9315 0.03951704545454537 0.07292307692307684
0 0.7005042613636363 0.5105480769230769 0.03646306818181821 0.03801923076923079
0 0.49477272727272725 0.24655769230769226 0.027698863636363636 0.035307692307692276
0 0.7781747159090909 0.9618269230769231 0.021122159090909098 0.027192307692307776
0 0.08781960227272728 0.98725 0.03600852272727273 0.02549999999999998
0 0.23883522727272724 0.7394038461538461 0.01636363636363638 0.020192307692307693
0 0.22359375000000004 0.07390384615384615 0.030142045454545453 0.03842307692307692
0 0.3289914772727273 0.5302788461538461 0.019176136363636364 0.026711538461538436
0 0.5525213068181819 0.2175 0.04237215909090907 0.05457692307692309
0 0.9895667613636363 0.6359615384615385 0.02086647727272735 0.04296153846153852
0 0.6555681818181818 0.3747115384615385 0.03374999999999999 0.05569230769230771
0 0.9942684659090908 0.9533173076923077 0.011463068181818253 0.03098076923076915
0 0.3004119318181818 0.9495480769230769 0.02815340909090908 0.03871153846153845
0 0.3287784090909091 0.01716346153846154 0.029488636363636352 0.03432692307692308
0 0.2171875 0.677096153846154 0.027585227272727296 0.034961538461538474
0 0.8696803977272729 0.2165576923076923 0.023622159090909086 0.0371923076923077
0 0.8023224431818182 0.6775961538461539 0.015582386363636402 0.019884615384615337
0 0.6359517045454546 0.08974038461538462 0.030852272727272687 0.04190384615384615
0 0.8647088068181819 0.7210096153846154 0.02316761363636356 0.027403846153846154
0 0.045305397727272725 0.16040384615384615 0.027315340909090904 0.03838461538461537
0 0.6597585227272728 0.6932307692307693 0.025710227272727225 0.03357692307692304
0 0.05683238636363636 0.2959903846153846 0.028693181818181816 0.03432692307692307
0 0.6117116477272727 0.8713365384615385 0.03603693181818182 0.04332692307692313
0 0.7174644886363637 0.5839903846153846 0.014218750000000068 0.02394230769230767
0 0.1310227272727273 0.6629807692307692 0.04116477272727273 0.0488461538461538
0 0.05801136363636364 0.8797211538461539 0.02130681818181818 0.025865384615384592
0 0.7247869318181818 0.34026923076923077 0.026107954545454618 0.04176923076923077
0 0.9106392045454544 0.1432019230769231 0.02852272727272733 0.03694230769230768
0 0.14591619318181817 0.9790576923076924 0.02589488636363637 0.041307692307692344
0 0.7562286931818182 0.2274326923076923 0.02686079545454557 0.03636538461538461
0 0.9490411931818182 0.5011634615384616 0.02626420454545456 0.04394230769230763
0 0.8311008522727273 0.8046538461538462 0.02703124999999996 0.03434615384615387
0 0.2964559659090909 0.6229903846153847 0.07566761363636365 0.07340384615384618
0 0.8083238636363635 0.6384519230769231 0.018267045454545473 0.02205769230769236
0 0.16489346590909093 0.8279903846153847 0.029247159090909077 0.042019230769230816
0 0.6710653409090909 0.16628846153846152 0.029346590909090864 0.04392307692307693
0 0.789325284090909 0.37233653846153847 0.026690340909091018 0.035557692307692325
0 0.8347798295454545 0.07170192307692308 0.025639204545454642 0.04898076923076924
0 0.441015625 0.5695865384615385 0.03080965909090909 0.04348076923076926
0 0.046867897727272734 0.11881730769230768 0.027883522727272732 0.03478846153846153
0 0.5400781250000001 0.8050288461538462 0.02836647727272723 0.0449423076923077
0 0.830340909090909 0.032942307692307694 0.02542613636363633 0.032461538461538465
0 0.7326917613636365 0.6643461538461539 0.03555397727272731 0.04442307692307686
0 0.638828125 0.9904615384615384 0.03651988636363634 0.019076923076923106
0 0.2888068181818182 0.9732980769230769 0.02713068181818181 0.03651923076923079
0 0.8178196022727273 0.5898653846153846 0.030298295454545352 0.042730769230769176
0 0.8331818181818181 0.8489903846153847 0.02454545454545467 0.029557692307692316
0 0.4627059659090909 0.3062115384615385 0.0347301136363637 0.044500000000000026
0 0.4924857954545455 0.17727884615384615 0.027244318181818192 0.035865384615384625
0 0.20607954545454546 0.23303846153846156 0.02707386363636364 0.03823076923076925
0 0.9085724431818182 0.017865384615384613 0.028110795454545402 0.035730769230769226
0 0.5112073863636364 0.5431442307692308 0.01920454545454543 0.025557692307692236
0 0.7343607954545455 0.5036730769230768 0.032414772727272716 0.04530769230769231
0 0.8250710227272727 0.22723076923076924 0.019460227272727337 0.04165384615384617
0 0.7988849431818181 0.21885576923076924 0.022002840909090923 0.02378846153846152
0 0.062279829545454544 0.9877307692307692 0.03387784090909091 0.02453846153846152
0 0.6132883522727273 0.20490384615384616 0.03328125000000001 0.0416923076923077
0 0.570703125 0.2583942307692308 0.020213068181818127 0.03021153846153845
0 0.19526988636363637 0.7978653846153846 0.037272727272727284 0.05353846153846149
0 0.7920312500000001 0.7001442307692307 0.03616477272727278 0.029557692307692316
0 0.8160866477272727 0.2305480769230769 0.02274147727272726 0.026788461538461525
0 0.36177556818181816 0.29341346153846154 0.03602272727272729 0.047826923076923086
0 0.8199076704545454 0.6959423076923077 0.021803977272727305 0.032230769230769216
0 0.8319389204545454 0.8222500000000001 0.019133522727272603 0.027307692307692286
0 0.4340767045454546 0.17023076923076924 0.02852272727272725 0.040884615384615394
0 0.014012784090909091 0.7116730769230769 0.022798295454545457 0.03419230769230764
0 0.0687215909090909 0.051125 0.031505681818181815 0.08555769230769229
0 0.6083096590909091 0.8047884615384615 0.028267045454545423 0.031076923076923016
0 0.9806321022727272 0.9264230769230769 0.038678977272727295 0.05323076923076924
0 0.9834303977272728 0.1384423076923077 0.033139204545454604 0.07388461538461538
0 0.762890625 0.8129807692307692 0.044502840909090964 0.04900000000000004
0 0.8308451704545454 0.46941346153846153 0.03643465909090906 0.04559615384615381
0 0.7081534090909091 0.04810576923076923 0.03397727272727275 0.05509615384615386
0 0.3619105113636364 0.8565 0.03535511363636366 0.04111538461538461
0 0.30902698863636363 0.8724423076923076 0.028451704545454547 0.05873076923076927
0 0.24478693181818179 0.011365384615384616 0.02968750000000001 0.02273076923076923
0 0.8470951704545455 0.21816346153846153 0.019190340909090896 0.02598076923076924
0 0.8791193181818181 0.024403846153846158 0.03369318181818186 0.03330769230769231
0 0.6490056818181817 0.03395192307692308 0.029715909090909112 0.04475
0 0.7298792613636365 0.18 0.04237215909090907 0.04842307692307691
0 0.08143465909090909 0.9512019230769231 0.03176136363636364 0.048980769230769286
0 0.8942045454545454 0.09744230769230769 0.09073863636363635 0.11615384615384616
0 0.7537428977272728 0.18265384615384614 0.023565340909090793 0.03415384615384617
0 0.5127627840909091 0.7215769230769231 0.02862215909090906 0.04415384615384611
0 0.7256321022727273 0.14222115384615383 0.03265625000000001 0.03667307692307691
0 0.8334303977272728 0.2465384615384615 0.022002840909090923 0.02838461538461542
0 0.45265625000000004 0.9307307692307693 0.024119318181818207 0.031538461538461605
0 0.17792613636363638 0.6418173076923077 0.03875 0.028942307692307604
0 0.1833522727272727 0.9916923076923078 0.04008522727272727 0.016615384615384587
0 0.16108664772727274 0.6201057692307692 0.05478693181818181 0.050673076923076966
0 0.7053125 0.11928846153846154 0.0293181818181818 0.04265384615384617
0 0.13257812500000002 0.06332692307692307 0.012400568181818188 0.019192307692307693
0 0.8709303977272728 0.9259999999999999 0.02600852272727265 0.03715384615384614
0 0.1870880681818182 0.8001730769230769 0.020454545454545444 0.027384615384615292
0 0.6839417613636364 0.6117980769230769 0.03029829545454551 0.04186538461538458
0 0.17663352272727273 0.08626923076923076 0.027215909090909107 0.04423076923076923
0 0.13988636363636364 0.8247019230769231 0.025170454545454544 0.03632692307692316
0 0.27587357954545455 0.0235 0.03686079545454544 0.047
0 0.6711221590909091 0.4030096153846154 0.03164772727272731 0.0705192307692308
0 0.09492897727272727 0.47128846153846154 0.03178977272727272 0.04653846153846157
0 0.10673295454545455 0.027701923076923075 0.03596590909090909 0.042903846153846154
0 0.9030965909090909 0.03867307692307692 0.033267045454545396 0.03834615384615384
0 0.09343039772727271 0.3836730769230769 0.047713068181818176 0.04399999999999999
0 0.5929616477272728 0.8494326923076924 0.03683238636363637 0.04648076923076926
0 0.20638494318181821 0.14734615384615385 0.03654829545454544 0.033153846153846145
0 0.27191051136363636 0.4424326923076923 0.025355113636363627 0.034519230769230747
0 0.34421874999999996 0.00839423076923077 0.02252840909090907 0.01678846153846154
0 0.119609375 0.6443173076923077 0.03896306818181819 0.05536538461538466
0 0.5501775568181818 0.8141538461538462 0.02819602272727276 0.04176923076923082
0 0.20274857954545455 0.3609038461538462 0.022769886363636364 0.03219230769230765
0 0.036484375000000006 0.7734903846153847 0.03688920454545455 0.04463461538461534
0 0.9716193181818181 0.11213461538461539 0.047954545454545444 0.075
0 0.3241051136363637 0.9606923076923077 0.028920454545454524 0.0386538461538462
0 0.5693110795454545 0.6533653846153846 0.03629261363636365 0.05257692307692314
0 0.47503551136363636 0.8862500000000001 0.024275568181818228 0.034000000000000016
0 0.8384446022727272 0.6829903846153845 0.022428977272727222 0.032826923076923066
0 0.31585227272727273 0.9858076923076923 0.025426136363636373 0.028384615384615366
0 0.6665696022727272 0.010413461538461538 0.029247159090909056 0.020826923076923076
0 0.3728480113636364 0.5878173076923077 0.029048295454545438 0.03975000000000003
0 0.004240056818181818 0.12959615384615386 0.008480113636363636 0.0276153846153846
0 0.16561079545454546 0.7846346153846153 0.034772727272727295 0.04000000000000002
0 0.6831321022727272 0.8985480769230769 0.048877840909090864 0.05209615384615391
0 0.7204616477272727 0.858423076923077 0.03285511363636363 0.036038461538461554
0 0.5679545454545455 0.4257692307692308 0.032301136363636296 0.04853846153846156
0 0.9919105113636365 0.038384615384615385 0.016178977272727255 0.05569230769230769
0 0.28055397727272724 0.9277884615384615 0.03477272727272726 0.03915384615384618
0 0.9644886363636364 0.19608653846153848 0.032869318181818326 0.040865384615384616
0 0.05514204545454546 0.26482692307692307 0.028380681818181822 0.03042307692307691
0 0.8388920454545455 0.4139134615384616 0.043636363636363674 0.05048076923076923
0 0.9898366477272728 0.6961923076923077 0.020326704545454467 0.030615384615384645
0 0.3012784090909091 0.011096153846153846 0.031874999999999994 0.022192307692307692
0 0.8193536931818183 0.824076923076923 0.024332386363636358 0.02984615384615381
0 0.7964204545454546 0.7366826923076923 0.029176136363636473 0.04048076923076925
0 0.3371803977272727 0.8785769230769231 0.03217329545454542 0.04530769230769231
0 0.16729403409090907 0.9690865384615385 0.03742897727272727 0.04875000000000004
0 0.4764772727272728 0.9071730769230769 0.02477272727272727 0.02773076923076926
0 0.09720170454545456 0.061403846153846156 0.029744318181818188 0.05080769230769231
0 0.8762855113636363 0.49351923076923077 0.015326704545454494 0.02961538461538457
0 0.25548295454545455 0.031125000000000003 0.02701704545454547 0.03817307692307693
0 0.8021946022727273 0.9365576923076923 0.03492897727272715 0.07573076923076923
0 0.5567329545454546 0.2826057692307692 0.023920454545454592 0.03678846153846158
0 0.6273011363636364 0.028451923076923073 0.022784090909090858 0.042980769230769225
0 0.03605113636363636 0.05758653846153846 0.049772727272727274 0.09582692307692307
0 0.22803977272727274 0.5577884615384615 0.028551136363636355 0.05438461538461533
0 0.7831889204545455 0.6772884615384616 0.02856534090909093 0.0363076923076923
0 0.006548295454545455 0.3644038461538462 0.01309659090909091 0.03292307692307693
0 0.4754332386363636 0.19860576923076925 0.020213068181818207 0.02913461538461537
0 0.8543963068181818 0.9060096153846153 0.028707386363636414 0.04505769230769221
0 0.9355539772727273 0.687923076923077 0.026988636363636364 0.05011538461538462
0 0.9536008522727273 0.8885576923076922 0.027457386363636423 0.04053846153846151
0 0.20463778409090908 0.20236538461538459 0.043167613636363615 0.04107692307692307
0 0.5224147727272727 0.5920769230769231 0.03258522727272727 0.03473076923076923
0 0.19215909090909092 0.8301634615384615 0.0244034090909091 0.03586538461538457
0 0.4950710227272727 0.21125 0.04281250000000006 0.05053846153846154
0 0.9066477272727272 0.5794230769230769 0.040653409090909094 0.05676923076923073
0 0.5422088068181818 0.015500000000000002 0.03873579545454551 0.031000000000000003
0 0.3755042613636364 0.24835576923076919 0.019360795454545447 0.027365384615384597
0 0.6147301136363637 0.8480576923076923 0.0279261363636364 0.027807692307692377
0 0.4999786931818182 0.2822211538461538 0.03268465909090908 0.04517307692307694
0 0.9270738636363636 0.1742596153846154 0.026250000000000027 0.035826923076923096
0 0.8414559659090909 0.6323749999999999 0.022968750000000104 0.03578846153846157
0 0.750809659090909 0.014682692307692308 0.03340909090909105 0.029365384615384616
0 0.8789346590909091 0.8930576923076923 0.02911931818181818 0.04334615384615389
0 0.4678196022727273 0.27407692307692305 0.027571022727272763 0.03623076923076924
0 0.2036647727272727 0.16973076923076924 0.03656250000000001 0.028961538461538466
0 0.4020880681818182 0.9286923076923077 0.020624999999999973 0.03315384615384617
0 0.9151278409090909 0.7281538461538462 0.026250000000000027 0.041230769230769224
0 0.6986647727272728 0.43341346153846155 0.034744318181818154 0.04186538461538458
0 0.4748508522727272 0.1738076923076923 0.029872159090909133 0.029576923076923067
0 0.49091619318181823 0.32608653846153846 0.0370880681818182 0.05490384615384618
0 0.7023721590909091 0.4999519230769231 0.018437499999999944 0.025250000000000047
0 0.7546732954545454 0.9642115384615384 0.02235795454545456 0.04149999999999986
0 0.710234375 0.22015384615384614 0.022116477272727263 0.03134615384615384
0 0.5843323863636364 0.9897692307692308 0.03835227272727273 0.020461538461538434
0 0.5299076704545453 0.27307692307692305 0.02850852272727272 0.03823076923076922
0 0.2608309659090909 0.21275961538461538 0.03654829545454548 0.04659615384615386
0 0.7248082386363636 0.06470192307692307 0.031832386363636396 0.037788461538461535
0 0.4729332386363636 0.15271153846153845 0.031207386363636402 0.029615384615384627
0 0.04066051136363636 0.9146923076923077 0.04430397727272727 0.07476923076923075
0 0.2133380681818182 0.34266346153846156 0.07073863636363636 0.04875000000000004
0 0.829893465909091 0.2674326923076923 0.025241477272727245 0.03459615384615387
0 0.01073153409090909 0.8942403846153846 0.02146306818181818 0.02686538461538467
0 0.05769886363636363 0.13942307692307693 0.02880681818181818 0.03011538461538461
0 0.25254261363636366 0.79925 0.021818181818181796 0.03169230769230773
0 0.9940625 0.9892115384615384 0.01187500000000002 0.02111538461538465
0 0.7547798295454545 0.8746153846153847 0.03160511363636364 0.05265384615384615
0 0.6795951704545454 0.8396634615384615 0.018110795454545456 0.02428846153846153
0 0.5199076704545454 0.7759903846153846 0.02720170454545451 0.04044230769230764
0 0.09767045454545455 0.9699423076923077 0.02980113636363636 0.06003846153846159
0 0.12951704545454545 0.07559615384615385 0.036676136363636376 0.07553846153846154
0 0.27419744318181816 0.7386442307692308 0.07521306818181817 0.05948076923076925
0 0.7958451704545456 0.6559134615384615 0.03282670454545456 0.025442307692307726
0 0.47852982954545453 0.9362403846153846 0.02194602272727271 0.03040384615384616
0 0.2202556818181818 0.3668461538461538 0.01829545454545454 0.021846153846153817
0 0.8453693181818184 0.18203846153846154 0.03034090909090911 0.039653846153846165
0 0.5504119318181818 0.7481249999999999 0.032073863636363616 0.04263461538461542
0 0.12170454545454547 0.9786057692307693 0.02997159090909092 0.04278846153846154
0 0.5224076704545454 0.2584423076923077 0.03160511363636364 0.04884615384615386
0 0.2778053977272727 0.7949807692307692 0.028224431818181826 0.04103846153846149
0 0.7334375000000001 0.7263653846153847 0.03590909090909095 0.04907692307692315
0 0.732002840909091 0.8059519230769231 0.16906250000000006 0.14386538461538462
0 0.9951846590909091 0.21315384615384617 0.00951704545454552 0.02630769230769232
0 0.16926136363636363 0.27531730769230767 0.032499999999999994 0.04509615384615383
0 0.0034801136363636367 0.7179134615384616 0.006960227272727273 0.03501923076923084
0 0.6849857954545455 0.9513269230769231 0.023607954545454553 0.042615384615384555
0 0.042187499999999996 0.7288557692307692 0.03139204545454546 0.04632692307692314
0 0.4501065340909091 0.19842307692307692 0.03455965909090915 0.04719230769230771
0 0.7128480113636363 0.380875 0.03467329545454541 0.03375000000000002
0 0.16095170454545454 0.712326923076923 0.10144886363636366 0.1316923076923076
0 0.4177059659090909 0.5190192307692307 0.049048295454545414 0.05811538461538461
0 0.5638210227272727 0.73775 0.026250000000000027 0.04034615384615388
0 0.7603835227272726 0.6974807692307692 0.046619318181818255 0.08957692307692315
0 0.10051846590909091 0.8296346153846154 0.027485795454545447 0.042615384615384666
0 0.44979403409090907 0.7745192307692308 0.027002840909090976 0.036692307692307774
0 0.8450355113636363 0.8274519230769231 0.025383522727272734 0.032096153846153844
0 0.8219247159090909 0.1864326923076923 0.026576704545454598 0.03032692307692307
0 0.6814417613636364 0.10365384615384615 0.04245738636363634 0.052846153846153855
0 0.6056036931818182 0.777375 0.025894886363636307 0.028211538461538493
0 0.667528409090909 0.07875 0.03414772727272722 0.0523076923076923
0 0.8665624999999999 0.7311153846153846 0.1320738636363635 0.1684615384615385
0 0.1178622159090909 0.8269423076923077 0.019985795454545464 0.039615384615384656
0 0.14251420454545455 0.028625000000000005 0.033636363636363645 0.048442307692307694
0 0.8742755681818182 0.5807788461538461 0.026619318181818195 0.040250000000000015
0 0.07484375 0.09311538461538461 0.05386363636363638 0.09265384615384617
0 0.8118323863636363 0.06624038461538462 0.02687499999999994 0.04421153846153846
0 0.7866974431818182 0.859125 0.046377840909090876 0.08924999999999994
0 0.2294034090909091 0.41600961538461534 0.027954545454545465 0.037057692307692326
0 0.2162215909090909 0.732125 0.027585227272727296 0.04167307692307695
0 0.09698153409090908 0.41136538461538463 0.04842329545454545 0.04738461538461536
0 0.8089701704545454 0.4455673076923077 0.027571022727272843 0.03871153846153845
0 0.28762073863636367 0.8763269230769231 0.02987215909090909 0.04473076923076921
0 0.5285227272727273 0.05845192307692307 0.06218750000000004 0.06390384615384614
0 0.6490482954545455 0.9311346153846154 0.05963068181818185 0.09019230769230765
0 0.6441903409090909 0.226875 0.02562499999999995 0.03301923076923077
0 0.25367897727272726 0.7806346153846154 0.029090909090909115 0.028923076923076853
0 0.06979403409090909 0.16258653846153848 0.02350852272727272 0.0324423076923077
0 0.7081036931818182 0.3631153846153846 0.03546875000000004 0.02999999999999999
0 0.9325923295454545 0.8817884615384615 0.031207386363636402 0.03942307692307692
0 0.9897372159090909 0.1928653846153846 0.020525568181818245 0.04673076923076923
0 0.2390625 0.39103846153846156 0.03372159090909088 0.044846153846153834
0 0.20436079545454547 0.6578846153846154 0.026619318181818195 0.03473076923076923
0 0.8686292613636364 0.5184519230769231 0.02589488636363639 0.03801923076923085
0 0.7715269886363636 0.19734615384615387 0.026860795454545408 0.03776923076923077
0 0.6563210227272728 0.019769230769230768 0.03352272727272731 0.039538461538461536
0 0.4015553977272727 0.3929903846153846 0.024303977272727293 0.03090384615384614
0 0.8022088068181819 0.20825961538461538 0.020383522727272597 0.02578846153846153
0 0.36892755681818185 0.00839423076923077 0.02970170454545454 0.01678846153846154
0 0.270859375 0.9519423076923077 0.030696022727272745 0.03638461538461542
0 0.14442471590909092 0.30364423076923075 0.029843750000000006 0.04274999999999998
0 0.180546875 0.20939423076923075 0.02927556818181818 0.04244230769230771
0 0.28667613636363637 0.42234615384615387 0.026363636363636367 0.03803846153846154
0 0.6748792613636364 0.8186923076923077 0.01595170454545457 0.022076923076923
0 0.6018963068181818 0.9055 0.03044034090909092 0.04149999999999997
0 0.897890625 0.5385673076923077 0.031178977272727337 0.04171153846153846
0 0.288359375 0.99325 0.0308664772727273 0.013499999999999965
0 0.03262073863636364 0.9763557692307692 0.039360795454545454 0.04686538461538462
0 0.5044389204545454 0.1852980769230769 0.019247159090909027 0.0248653846153846
0 0.9143963068181818 0.8422403846153846 0.02515625000000005 0.037442307692307636
0 0.6338636363636364 0.6479230769230768 0.03446022727272726 0.09553846153846156
0 0.5097585227272727 0.16673076923076924 0.01502840909090915 0.020923076923076916
0 0.89296875 0.9554230769230769 0.04221590909090913 0.05942307692307688
0 0.8988068181818182 0.48389423076923077 0.033380681818181816 0.04690384615384613
0 0.9146732954545456 0.16460576923076922 0.020454545454545423 0.028826923076923094
0 0.5835227272727272 0.27575961538461535 0.028125000000000015 0.036519230769230734
0 0.22199573863636363 0.7190961538461538 0.029190340909090926 0.039076923076923065
0 0.7589985795454546 0.7307307692307693 0.028821022727272674 0.049538461538461524
0 0.4603196022727273 0.14215384615384616 0.02990056818181812 0.06773076923076923
0 0.8412926136363637 0.019086538461538464 0.018806818181818195 0.026596153846153846
0 0.8488636363636364 0.21325961538461538 0.03366477272727279 0.058173076923076925
0 0.6830539772727273 0.1899326923076923 0.032670454545454544 0.04532692307692306
0 0.37073863636363635 0.38619230769230767 0.029403409090909115 0.0381153846153846
0 0.52609375 0.08651923076923076 0.030710227272727278 0.05365384615384615
0 0.6224928977272728 0.11786538461538462 0.03555397727272724 0.05680769230769231
0 0.5194318181818182 0.5596538461538462 0.023721590909090894 0.03407692307692302
0 0.20376420454545452 0.08903846153846154 0.02508522727272727 0.04923076923076923
