0 0.5720525568181819 0.6656153846153846 0.02311079545454551 0.03769230769230773
0 0.6159446022727273 0.34318269230769227 0.025610795454545417 0.02578846153846153
0 0.9842826704545454 0.6360673076923077 0.026917613636363538 0.035557692307692325
0 0.08834517045454546 0.6042692307692308 0.02194602272727273 0.02750000000000002
0 0.027855113636363636 0.6166538461538461 0.026960227272727278 0.03465384615384623
0 0.06952414772727272 0.7711730769230769 0.028110795454545465 0.03357692307692315
0 0.677549715909091 0.8253461538461538 0.04990056818181818 0.062230769230769256
0 0.6351988636363637 0.8737884615384616 0.021676136363636352 0.031115384615384628
0 0.6365198863636364 0.8342307692307691 0.029545454545454562 0.04623076923076927
0 0.8214488636363636 0.15562499999999999 0.03480113636363636 0.05067307692307691
0 0.08420454545454546 0.7857307692307693 0.025227272727272723 0.03469230769230773
0 0.2687073863636364 0.4476634615384616 0.025738636363636328 0.04836538461538463
0 0.25006392045454545 0.31325961538461533 0.03572443181818183 0.03840384615384615
0 0.11128551136363636 0.7182788461538462 0.028934659090909098 0.03190384615384621
0 0.16171875000000002 0.7991634615384615 0.04051136363636365 0.041403846153846104
0 0.9527627840909091 0.12317307692307691 0.0269176136363637 0.032000000000000015
0 0.12698863636363636 0.727798076923077 0.023153409090909086 0.03190384615384611
0 0.1189346590909091 0.6835865384615385 0.03678977272727273 0.05317307692307699
0 0.06600852272727273 0.6413365384615385 0.02852272727272727 0.03805769230769224
0 0.09701704545454545 0.6693076923076923 0.02852272727272728 0.07611538461538458
0 0.6837855113636363 0.8906826923076923 0.0361221590909091 0.05421153846153846
0 0.9557173295454546 0.1587307692307692 0.03808238636363645 0.04623076923076924
0 0.29655539772727274 0.38366346153846154 0.04464488636363637 0.05832692307692305
0 0.6064204545454546 0.29384615384615387 0.02363636363636362 0.030230769230769228
0 0.6687997159090909 0.05961538461538462 0.028877840909090888 0.039999999999999994
0 0.8592045454545455 0.16362500000000002 0.03150568181818191 0.04532692307692309
0 0.3519602272727273 0.29263461538461544 0.04306818181818181 0.055461538461538465
0 0.8999076704545456 0.037403846153846156 0.027571022727272684 0.04176923076923077
0 0.9714772727272728 0.1880673076923077 0.024943181818181902 0.035557692307692325
0 0.9698295454545455 0.7102884615384616 0.022982954545454636 0.03288461538461532
0 0.19727272727272727 0.9468557692307692 0.02363636363636362 0.03413461538461538
0 0.6299431818181819 0.9009038461538462 0.022982954545454556 0.033769230769230774
0 0.5481463068181818 0.4928173076923077 0.02782670454545451 0.04051923076923081
0 0.3766548295454545 0.19166346153846153 0.01680397727272725 0.025596153846153824
0 0.9959161931818182 0.375625 0.008167613636363636 0.03378846153846158
0 0.9169815340909092 0.7671730769230769 0.028877840909090968 0.047115384615384615
0 0.9485014204545454 0.7058461538461538 0.021008522727272674 0.03646153846153842
0 0.835234375 0.7694038461538462 0.020355113636363532 0.030230769230769172
0 0.9333948863636364 0.7307307692307693 0.028892045454545337 0.04000000000000002
0 0.8628196022727272 0.7702884615384615 0.026917613636363538 0.030230769230769283
0 0.26136363636363635 0.7893461538461538 0.027840909090909124 0.03484615384615385
0 0.3834801136363637 0.21121153846153845 0.025198863636363568 0.033423076923076916
0 0.8956463068181819 0.7262980769230769 0.03217329545454542 0.04355769230769226
0 0.28447443181818177 0.28197115384615384 0.02889204545454546 0.038403846153846205
0 0.12203125 0.6421634615384616 0.03142045454545455 0.040865384615384616
0 0.8598579545454544 0.4009615384615385 0.0288920454545455 0.04000000000000002
0 0.8473863636363635 0.7498461538461538 0.017073863636363772 0.02665384615384618
0 0.40213068181818185 0.20233653846153846 0.02573863636363637 0.04409615384615386
0 0.8112784090909091 0.7200673076923076 0.028892045454545337 0.03644230769230778
0 0.8680610795454545 0.7440769230769231 0.020355113636363532 0.024000000000000035
0 0.8772585227272726 0.708076923076923 0.022982954545454473 0.03199999999999997
0 0.13980823863636366 0.6614807692307693 0.03473011363636364 0.07276923076923072
0 0.8193678977272728 0.903125 0.027571022727272684 0.03821153846153847
0 0.8385227272727274 0.6938461538461538 0.03480113636363636 0.04799999999999996
0 0.04566761363636363 0.2409519230769231 0.022755681818181814 0.030442307692307716
0 0.48248579545454545 0.2951346153846154 0.027840909090909124 0.03199999999999997
0 0.24769886363636362 0.8007307692307692 0.03519886363636364 0.04053846153846162
0 0.48984375 0.3132596153846154 0.026789772727272666 0.04409615384615386
0 0.24665482954545456 0.9840961538461539 0.037286931818181816 0.03180769230769235
0 0.5168963068181818 0.031663461538461536 0.022059659090909133 0.03413461538461538
0 0.5720454545454546 0.7065096153846153 0.025198863636363568 0.032711538461538445
0 0.8007670454545455 0.6800673076923077 0.027585227272727376 0.047096153846153864
0 0.5434232954545455 0.018673076923076924 0.02363636363636362 0.03734615384615385
0 0.49378551136363635 0.03415384615384615 0.02311079545454543 0.034846153846153846
0 0.6443963068181818 0.7280096153846154 0.02691761363636362 0.03821153846153847
0 0.17639204545454545 0.6718269230769232 0.03017045454545456 0.0375
0 0.7843536931818181 0.41962499999999997 0.027571022727272684 0.059557692307692305
0 0.5090127840909091 0.8544134615384615 0.026264204545454476 0.032711538461538445
0 0.7433167613636364 0.6018461538461539 0.028224431818181826 0.03288461538461532
0 0.23903409090909092 0.5635769230769231 0.030454545454545453 0.0398076923076924
0 0.5686363636363636 0.019923076923076922 0.026789772727272745 0.03626923076923077
0 0.276328125 0.9862307692307692 0.03887784090909092 0.027538461538461526
0 0.1586150568181818 0.7104519230769231 0.023565340909090893 0.029673076923076826
0 0.6010582386363637 0.6666826923076922 0.025610795454545497 0.03644230769230767
0 0.20553977272727272 0.6869423076923077 0.026448863636363642 0.0375
0 0.5457883522727273 0.7040192307692308 0.02311079545454543 0.030576923076923144
0 0.3390980113636364 0.6677500000000001 0.03098011363636364 0.041961538461538446
0 0.8598579545454544 0.2502884615384615 0.02363636363636362 0.021346153846153834
0 0.6218536931818182 0.3267307692307692 0.01904829545454549 0.023115384615384635
0 0.5994176136363637 0.6666730769230769 0.03414772727272722 0.048884615384615415
0 0.5426349431818182 0.7324615384615385 0.022059659090909053 0.027730769230769153
0 0.4360085227272727 0.8010865384615385 0.05042613636363636 0.04267307692307692
0 0.53921875 0.06650961538461539 0.0341477272727273 0.04409615384615384
0 0.8903906250000001 0.527625 0.025610795454545417 0.04090384615384612
0 0.4816974431818182 0.014057692307692308 0.022059659090909053 0.028115384615384615
0 0.8378622159090909 0.5640673076923077 0.0269176136363637 0.04444230769230772
0 0.5436860795454546 0.7676634615384615 0.02626420454545456 0.04409615384615375
0 0.7021661931818182 0.9804615384615384 0.025610795454545417 0.03823076923076922
0 0.7761434659090909 0.6133942307692308 0.025610795454545417 0.03644230769230767
0 0.6294034090909091 0.3120673076923077 0.018380681818181813 0.029326923076923077
0 0.39985085227272726 0.7644807692307691 0.01546874999999998 0.020923076923077023
0 0.7955113636363635 0.5818461538461539 0.02363636363636362 0.03199999999999997
0 0.22747869318181815 0.49459615384615385 0.027315340909090893 0.0383846153846154
0 0.6838991477272728 0.5151826923076923 0.027571022727272763 0.04444230769230772
0 0.6536931818181818 0.4849519230769231 0.030198863636363624 0.035557692307692325
0 0.6114417613636364 0.8640192307692307 0.02626420454545456 0.044807692307692326
0 0.6983451704545455 0.43028846153846156 0.03282670454545456 0.04000000000000002
0 0.7298579545454547 0.45739423076923075 0.030198863636363704 0.035557692307692325
0 0.1589346590909091 0.012634615384615385 0.042556818181818196 0.02526923076923077
0 0.17049005681818183 0.004807692307692308 0.03413352272727271 0.009615384615384616
0 0.3322727272727273 0.03771153846153846 0.02954545454545452 0.03776923076923077
0 0.21855113636363638 0.44054807692307696 0.03045454545454549 0.035557692307692325
0 0.4922088068181818 0.873625 0.029417613636363606 0.032711538461538556
0 0.9678622159090909 0.7809519230769232 0.028224431818181663 0.037326923076923126
0 0.10929687499999999 0.5710384615384615 0.02626420454545454 0.03484615384615385
0 0.7902698863636363 0.5320673076923077 0.02363636363636362 0.037326923076923015
0 0.9192755681818181 0.4640673076923077 0.03480113636363636 0.04355769230769226
0 0.9846093749999999 0.43028846153846156 0.024957386363636435 0.03465384615384612
0 0.23090909090909092 0.8649326923076923 0.03857954545454545 0.06778846153846153
0 0.3908309659090909 0.29300000000000004 0.030468749999999985 0.03057692307692309
0 0.4222017045454546 0.7769999999999999 0.010426136363636328 0.011384615384615415
0 0.7912499999999999 0.01848076923076923 0.030852272727272766 0.03696153846153846
0 0.9959161931818182 0.3485192307692308 0.008167613636363636 0.02399999999999998
0 0.9524360795454545 0.44496153846153846 0.024957386363636272 0.03199999999999997
0 0.8871022727272727 0.4729519230769231 0.029545454545454482 0.034673076923076925
0 0.1423934659090909 0.02205769230769231 0.02311079545454545 0.03769230769230769
0 0.12688920454545458 0.014413461538461538 0.01732954545454546 0.028826923076923076
0 0.9836221590909091 0.3587307692307693 0.020340909090909163 0.030230769230769228
0 0.8102911931818181 0.5311826923076923 0.020355113636363695 0.028442307692307732
0 0.7531676136363636 0.4858461538461538 0.022982954545454636 0.03553846153846152
0 0.8165269886363636 0.5049615384615385 0.028877840909090968 0.04176923076923077
0 0.8812002840909091 0.43740384615384614 0.028224431818181826 0.03823076923076922
0 0.17416903409090911 0.041980769230769224 0.036235795454545465 0.039115384615384614
0 0.03147727272727272 0.9782596153846155 0.03693181818181818 0.04332692307692313
0 0.8917045454545455 0.35828846153846156 0.03741477272727261 0.048884615384615415
0 0.9855894886363636 0.0038076923076923075 0.025610795454545417 0.007615384615384615
0 0.20936079545454545 0.4551346153846154 0.029943181818181838 0.0419615384615385
0 0.9923011363636363 0.07296153846153845 0.015397727272727318 0.04000000000000001
0 0.4139417613636363 0.24570192307692307 0.035724431818181863 0.03698076923076921
0 0.8552627840909092 0.19961538461538464 0.024957386363636272 0.032
0 0.8401633522727273 0.2636153846153846 0.01839488636363643 0.03200000000000003
0 0.3369957386363636 0.3985961538461539 0.037286931818181816 0.051192307692307704
0 0.6051349431818182 0.9625096153846153 0.02836647727272731 0.038403846153846205
0 0.756122159090909 0.02584615384615385 0.02102272727272737 0.03646153846153846
0 0.7078693181818182 0.2978461538461538 0.022982954545454556 0.04000000000000002
0 0.15578125 0.11025 0.024687499999999994 0.033423076923076916
0 0.555234375 0.9851634615384615 0.02311079545454543 0.029673076923076937
0 0.21121448863636363 0.9577115384615384 0.04350852272727272 0.04000000000000002
0 0.257421875 0.35166346153846156 0.029417613636363648 0.04125000000000003
0 0.2088352272727273 0.375125 0.02573863636363637 0.035557692307692325
0 0.235625 0.3395769230769231 0.021534090909090906 0.041230769230769224
0 0.07857244318181818 0.13122115384615385 0.028877840909090915 0.03840384615384615
0 0.5686363636363636 0.7658846153846154 0.02363636363636362 0.04053846153846151
0 0.164453125 0.13549038461538462 0.02311079545454545 0.03128846153846154
0 0.5880397727272727 0.10940384615384616 0.030198863636363624 0.04000000000000001
0 0.6034659090909091 0.32095192307692305 0.024289772727272677 0.036442307692307725
0 0.6711008522727272 0.02717307692307692 0.02166193181818182 0.032
0 0.10010653409090908 0.169625 0.02782670454545454 0.03840384615384615
0 0.7413494318181818 0.04407692307692308 0.025596590909090885 0.032
0 0.7708948863636365 0.2969519230769231 0.026931818181818234 0.04532692307692306
0 0.8404900568181817 0.23428846153846153 0.020355113636363695 0.026653846153846125
0 0.16024857954545454 0.23859615384615385 0.05987215909090908 0.054038461538461556
0 0.10693181818181818 0.2129903846153846 0.03099431818181817 0.039826923076923065
0 0.6286363636363637 0.9851153846153846 0.021676136363636352 0.029769230769230805
0 0.9903338068181817 0.19740384615384615 0.01933238636363638 0.0328846153846154
0 0.7492258522727273 0.3165096153846154 0.0308664772727273 0.03644230769230767
0 0.8217755681818182 0.03561538461538462 0.022329545454545494 0.04000000000000001
0 0.74890625 0.4227403846153846 0.03545454545454551 0.05155769230769231
0 0.7446306818181818 0.34762499999999996 0.02428977272727276 0.034673076923076925
0 0.19071022727272727 0.2073076923076923 0.03465909090909092 0.04976923076923076
0 0.7679403409090909 0.395625 0.026250000000000027 0.05778846153846156
0 0.7777911931818182 0.03650961538461538 0.027571022727272684 0.034673076923076925
0 0.70359375 0.008259615384615384 0.024943181818181823 0.01651923076923077
0 0.2839488636363636 0.46330769230769236 0.029943181818181796 0.0383846153846154
0 0.7456178977272727 0.28896153846153844 0.019701704545454553 0.022230769230769235
0 0.7672798295454545 0.46140384615384616 0.027571022727272684 0.03823076923076922
0 0.5213636363636364 0.7374423076923078 0.024687499999999994 0.036269230769230686
0 0.4055397727272727 0.8074903846153846 0.027301136363636402 0.03413461538461538
0 0.8616974431818182 0.2270576923076923 0.023082386363636364 0.026499999999999975
0 0.7468039772727273 0.4228942307692307 0.035994318181818065 0.05294230769230769
0 0.7101562499999999 0.2961442307692308 0.031022727272727316 0.036480769230769226
0 0.10019176136363636 0.171 0.03194602272727273 0.04184615384615383
0 0.3843394886363637 0.2608076923076923 0.02424715909090908 0.039846153846153816
0 0.7953977272727273 0.49182692307692305 0.02573863636363637 0.041730769230769266
0 0.158125 0.7104615384615385 0.026903409090909106 0.03246153846153845
0 0.6291761363636363 0.3153365384615385 0.022613636363636305 0.033326923076923046
0 0.8419602272727272 0.235625 0.020795454545454527 0.02705769230769232
0 0.0691903409090909 0.7724423076923076 0.029772727272727274 0.03430769230769226
0 0.8441051136363636 0.03518269230769231 0.02494318181818174 0.035557692307692304
0 0.43549005681818187 0.7978173076923077 0.052883522727272675 0.05555769230769228
0 0.5083735795454545 0.8539807692307693 0.028650568181818204 0.03638461538461531
0 0.9716335227272727 0.18778846153846154 0.026250000000000027 0.03669230769230769
0 0.12125710227272726 0.6400288461538461 0.03538352272727272 0.04444230769230772
0 0.8556036931818182 0.20297115384615386 0.02649147727272724 0.03540384615384615
0 0.7536079545454545 0.48773076923076925 0.025340909090909136 0.03857692307692303
0 0.6048366477272727 0.29400961538461534 0.02836647727272731 0.03721153846153845
0 0.3768536931818182 0.19152884615384616 0.020269886363636337 0.0303653846153846
0 0.8661079545454545 0.7418846153846154 0.02784090909090896 0.038461538461538464
0 0.7497727272727274 0.31466346153846153 0.03374999999999999 0.047826923076923086
0 0.6530397727272728 0.3107307692307692 0.0288920454545455 0.04088461538461542
0 0.2581534090909091 0.354875 0.03099431818181817 0.04174999999999996
0 0.6354332386363637 0.8339711538461537 0.03606534090909097 0.0544423076923077
0 0.23350142045454544 0.7306153846153846 0.023053977272727257 0.03476923076923074
0 0.07830965909090909 0.13248076923076924 0.03247159090909091 0.0405
0 0.52578125 0.7857980769230769 0.03642045454545461 0.051173076923076946
0 0.6880610795454545 0.27340384615384616 0.03933238636363636 0.044692307692307656
0 0.6994886363636363 0.43064423076923075 0.03352272727272731 0.0434423076923077
0 0.9663565340909092 0.7789423076923077 0.02981534090909076 0.03830769230769234
0 0.934169034090909 0.7305576923076923 0.030639204545454615 0.04103846153846149
0 0.8020241477272727 0.4310480769230769 0.02765625000000004 0.052134615384615356
0 0.6848863636363636 0.271625 0.03610795454545457 0.03732692307692307
0 0.6230255681818182 0.3275480769230769 0.022812500000000003 0.025288461538461548
0 0.84 0.26563461538461536 0.023465909090909065 0.03334615384615385
0 0.19822443181818183 0.9482115384615385 0.02852272727272729 0.033423076923076916
0 0.0785440340909091 0.646201923076923 0.025156250000000012 0.03405769230769227
0 0.49269886363636367 0.034951923076923075 0.025284090909090926 0.04105769230769231
0 0.7861008522727272 0.4196923076923077 0.029872159090909053 0.060153846153846155
0 0.15585227272727273 0.10950000000000001 0.027897727272727272 0.03307692307692308
0 0.6538707386363636 0.48538461538461536 0.030184659090909092 0.03626923076923074
0 0.010078125 0.007865384615384614 0.020127840909090908 0.015653846153846154
0 0.11873579545454546 0.6831442307692308 0.04355113636363636 0.05948076923076925
0 0.42629261363636367 0.8330865384615385 0.026789772727272745 0.03698076923076927
0 0.2547372159090909 0.5951923076923077 0.024275568181818186 0.03938461538461542
0 0.9905042613636365 0.19471153846153846 0.018991477272727278 0.03576923076923076
0 0.6692613636363636 0.0603173076923077 0.03022727272727277 0.03886538461538461
0 0.20641335227272728 0.7339134615384615 0.03524147727272728 0.04644230769230765
0 0.031860795454545454 0.9786538461538461 0.03946022727272727 0.04269230769230767
0 0.10345880681818183 0.6124807692307692 0.022997159090909106 0.02819230769230763
0 0.6060511363636363 0.9942307692307693 0.021676136363636432 0.011538461538461539
0 0.8202911931818182 0.30265384615384616 0.02728693181818187 0.03411538461538463
0 0.19344460227272728 0.2104519230769231 0.04484374999999999 0.05417307692307693
0 0.1341122159090909 0.4459230769230769 0.04126420454545454 0.057884615384615375
0 0.7741761363636364 0.5049615384615385 0.021676136363636352 0.03823076923076922
0 0.6802840909090909 0.3031730769230769 0.02428977272727276 0.03288461538461537
0 0.41409801136363633 0.7724038461538462 0.011803977272727277 0.016807692307692326
0 0.7531321022727272 0.9161923076923076 0.038110795454545515 0.05130769230769232
0 0.6368678977272727 0.12025961538461538 0.026349431818181834 0.03682692307692308
0 0.7717116477272726 0.295375 0.03271306818181814 0.05271153846153851
0 0.1565340909090909 0.24094230769230768 0.053096590909090885 0.05200000000000001
0 0.5993181818181817 0.6550384615384616 0.035397727272727296 0.029307692307692326
0 0.4587855113636364 0.98675 0.03134943181818181 0.026115384615384585
0 0.2862002840909091 0.28386538461538463 0.039303977272727254 0.04484615384615389
0 0.9922301136363636 0.07376923076923077 0.015539772727272805 0.039115384615384614
0 0.2274289772727273 0.4957307692307692 0.030028409090909113 0.0369230769230769
0 0.5344886363636363 0.840201923076923 0.03204545454545455 0.04409615384615386
0 0.40144176136363635 0.2011923076923077 0.02842329545454544 0.05015384615384615
0 0.8208096590909091 0.15492307692307694 0.03474431818181823 0.05130769230769232
0 0.8812855113636363 0.43736538461538466 0.034900568181818255 0.040269230769230765
0 0.08622869318181818 0.3560384615384615 0.028139204545454547 0.03430769230769232
0 0.3829332386363636 0.21254807692307692 0.027883522727272722 0.03740384615384616
0 0.17605113636363637 0.41759615384615384 0.03417613636363637 0.041346153846153845
0 0.2095596590909091 0.37576923076923074 0.029090909090909115 0.03865384615384614
0 0.9520880681818181 0.44529807692307694 0.025880681818181858 0.034788461538461546
0 0.8444247159090907 0.035423076923076925 0.024360795454545423 0.04042307692307692
0 0.570028409090909 0.9913846153846153 0.023352272727272725 0.017230769230769192
0 0.5263494318181818 0.787576923076923 0.0336079545454545 0.04407692307692311
0 0.9957599431818182 0.3471346153846154 0.008480113636363674 0.02565384615384616
0 0.29492897727272727 0.3816057692307692 0.04963068181818182 0.06444230769230767
0 0.7976988636363637 0.020749999999999998 0.05153409090909087 0.041499999999999995
0 0.9702201704545454 0.9636153846153845 0.029076704545454583 0.044153846153846
0 0.39046875 0.2927692307692308 0.03497159090909092 0.029307692307692326
0 0.6474005681818181 0.07847115384615384 0.027443181818181808 0.04328846153846154
0 0.7753622159090909 0.6167692307692308 0.02836647727272731 0.03980769230769229
0 0.8156889204545454 0.8514519230769231 0.035184659090909065 0.04105769230769235
0 0.16105823863636365 0.8011634615384615 0.03973011363636363 0.04694230769230774
0 0.9205255681818181 0.46306730769230775 0.03730113636363635 0.04948076923076921
0 0.14502130681818182 0.28054807692307693 0.024161931818181805 0.03128846153846156
0 0.836015625 0.7713365384615385 0.02535511363636367 0.032173076923076846
0 0.2704190340909091 0.44734615384615384 0.031065340909090914 0.04873076923076924
0 0.6550781250000001 0.8931442307692308 0.025014204545454565 0.04975000000000001
0 0.027585227272727275 0.6173173076923076 0.030596590909090907 0.03882692307692307
0 0.6828480113636364 0.3045096153846154 0.02632102272727277 0.03874999999999996
0 0.23995738636363637 0.5656538461538462 0.03437499999999998 0.04296153846153841
0 0.012144886363636365 0.8695288461538461 0.023125000000000003 0.03667307692307691
0 0.7793039772727274 0.03747115384615385 0.028238636363636358 0.03578846153846154
0 0.5343039772727273 0.8385576923076923 0.03204545454545455 0.045384615384615426
0 0.6733664772727272 0.7702596153846153 0.018636363636363642 0.02736538461538454
0 0.03065340909090909 0.8754903846153846 0.02215909090909091 0.03332692307692316
0 0.6805681818181818 0.9849326923076922 0.025852272727272793 0.030134615384615416
0 0.857578125 0.2770480769230769 0.028082386363636337 0.030519230769230778
0 0.924119318181818 0.8217403846153847 0.028125000000000098 0.04355769230769226
0 0.4110014204545455 0.4458076923076923 0.037372159090909095 0.05315384615384613
0 0.42292613636363635 0.4803846153846154 0.03039772727272724 0.041615384615384644
0 0.1238210227272727 0.38361538461538464 0.03380681818181818 0.030307692307692344
0 0.983515625 0.636576923076923 0.02848011363636357 0.0392692307692308
0 0.48990056818181815 0.31251923076923077 0.029232954545454524 0.045846153846153856
0 0.3396022727272727 0.6683173076923077 0.03133522727272728 0.044403846153846106
0 0.5674431818181819 0.6662307692307692 0.028380681818181843 0.03815384615384621
0 0.12479403409090907 0.3552211538461538 0.028877840909090905 0.0312884615384615
0 0.8014204545454546 0.6814903846153846 0.030596590909091018 0.0515192307692307
0 0.046285511363636365 0.2412019230769231 0.02495738636363636 0.03378846153846155
0 0.916796875 0.7681826923076924 0.031122159090909044 0.04648076923076926
0 0.6108735795454545 0.8652403846153846 0.03137784090909095 0.04844230769230769
0 0.4225639204545455 0.7780673076923077 0.011605113636363658 0.014134615384615318
0 0.7674644886363637 0.4069903846153846 0.03308238636363647 0.08421153846153845
0 0.8199076704545455 0.9025480769230769 0.03092329545454543 0.042019230769230816
0 0.36473721590909086 0.30392307692307696 0.02782670454545455 0.0497307692307692
0 0.42607244318181814 0.7300769230769231 0.015298295454545429 0.0238076923076923
0 0.2990838068181818 0.31784615384615383 0.03092329545454547 0.041461538461538466
0 0.21644886363636362 0.3442019230769231 0.03150568181818183 0.05048076923076923
0 0.9697869318181819 0.7106057692307692 0.022670454545454598 0.036173076923076926
0 0.5553125 0.8513653846153847 0.033323863636363686 0.04434615384615385
0 0.2605681818181818 0.7895192307692308 0.02997159090909094 0.038499999999999965
0 0.4925568181818182 0.8720961538461539 0.03323863636363633 0.03461538461538462
0 0.8969460227272728 0.7287307692307692 0.034204545454545515 0.05099999999999996
0 0.21779829545454543 0.4440769230769231 0.03389204545454543 0.04253846153846149
0 0.7894318181818182 0.5303557692307693 0.02349431818181813 0.03821153846153847
0 0.991512784090909 0.9605288461538461 0.01697443181818188 0.03951923076923079
0 0.08816051136363635 0.60375 0.024531250000000004 0.031192307692307745
0 0.9855042613636364 0.3604903846153846 0.022997159090909006 0.03432692307692307
0 0.15814630681818184 0.821701923076923 0.03782670454545456 0.038403846153846094
0 0.8793963068181818 0.7108846153846153 0.026235795454545494 0.03961538461538455
0 0.7751988636363637 0.5069423076923077 0.026448863636363642 0.04380769230769231
0 0.4013068181818182 0.3598269230769231 0.09446022727272724 0.11053846153846152
0 0.15730823863636365 0.8222211538461538 0.038991477272727275 0.03932692307692306
0 0.23566051136363636 0.34125961538461536 0.02473011363636367 0.04236538461538462
0 0.5694034090909091 0.7673365384615385 0.027698863636363636 0.04348076923076926
0 0.7400852272727273 0.044192307692307684 0.026732954545454456 0.03515384615384615
0 0.08408380681818182 0.3967596153846154 0.0326846590909091 0.04263461538461542
0 0.42512073863636357 0.7608461538461538 0.01583806818181823 0.026499999999999947
0 0.5211079545454546 0.7412884615384616 0.023948863636363657 0.04503846153846157
0 0.5565482954545454 0.8501538461538463 0.026789772727272745 0.03980769230769229
0 0.1255397727272727 0.7285576923076924 0.028778409090909098 0.03607692307692306
0 0.50015625 0.9803365384615386 0.026619318181818195 0.036250000000000046
0 0.9541548295454544 0.12509615384615383 0.02754261363636362 0.03434615384615386
0 0.6012713068181817 0.3169423076923077 0.0334232954545455 0.033192307692307674
0 0.28123579545454547 0.9632403846153846 0.027528409090909086 0.03290384615384618
0 0.10954545454545456 0.5724903846153847 0.03034090909090909 0.04413461538461536
0 0.7659659090909091 0.46345192307692307 0.028210227272727293 0.03836538461538459
0 0.17532670454545454 0.6708557692307693 0.031875000000000014 0.04132692307692298
0 0.283828125 0.5285192307692308 0.03098011363636364 0.048884615384615415
0 0.7454758522727274 0.2907884615384615 0.018053977272727163 0.026730769230769242
0 0.18046874999999998 0.4590384615384615 0.027840909090909083 0.04834615384615387
0 0.40551136363636364 0.808326923076923 0.027272727272727258 0.039192307692307686
0 0.8120028409090909 0.7219326923076923 0.031278409090909065 0.04232692307692317
0 0.15130681818181818 0.6854423076923077 0.031079545454545447 0.03776923076923074
0 0.143828125 0.2825865384615385 0.03231534090909091 0.03382692307692308
0 0.23070312500000004 0.8602596153846155 0.043906249999999994 0.08082692307692313
0 0.8189630681818181 0.2697788461538462 0.02786931818181819 0.033480769230769224
0 0.8600568181818182 0.2509903846153846 0.02357954545454549 0.02378846153846152
0 0.6528480113636363 0.3120865384615385 0.02970170454545458 0.03671153846153847
0 0.835262784090909 0.8340192307692308 0.03012784090909096 0.04092307692307687
0 0.4178338068181818 0.2274807692307692 0.027997159090909062 0.03415384615384617
0 0.8017542613636363 0.4320673076923077 0.025610795454545577 0.04890384615384611
0 0.1342471590909091 0.4451826923076923 0.03835227272727273 0.05901923076923077
0 0.6164417613636364 0.3410576923076923 0.028338068181818166 0.03103846153846151
0 0.6045312500000001 0.9627692307692307 0.0329829545454545 0.04000000000000002
0 0.03800426136363637 0.8477788461538462 0.03285511363636364 0.04271153846153842
0 0.3376278409090909 0.3978173076923077 0.04039772727272727 0.05078846153846153
0 0.06573863636363636 0.6415576923076923 0.03201704545454545 0.03838461538461534
0 0.28509232954545455 0.46399038461538455 0.03174715909090908 0.03744230769230769
0 0.7581178977272728 0.027471153846153843 0.024928977272727207 0.04013461538461538
0 0.9482244318181817 0.7061634615384615 0.021846590909090902 0.03586538461538457
0 0.74578125 0.3498173076923077 0.028551136363636397 0.03409615384615388
0 0.7336363636363636 0.2864038461538462 0.02088068181818188 0.033615384615384596
0 0.08276988636363637 0.3950480769230769 0.030994318181818192 0.04125000000000003
0 0.4137144886363636 0.7574711538461538 0.008849431818181845 0.017250000000000053
0 0.8758522727272727 0.03718269230769231 0.027329545454545467 0.04375
0 0.32648437500000005 0.03538461538461538 0.04683238636363636 0.048769230769230766
0 0.6838707386363636 0.5166153846153846 0.029076704545454583 0.04676923076923076
0 0.12514914772727273 0.35715384615384616 0.033593750000000006 0.03361538461538465
0 0.6302556818181818 0.9031730769230769 0.026477272727272707 0.03246153846153845
0 0.17303267045454546 0.004 0.01850852272727275 0.008
0 0.11086647727272729 0.7176346153846154 0.030909090909090917 0.03369230769230766
0 0.5421164772727273 0.732326923076923 0.0234375 0.030269230769230788
0 0.6841051136363636 0.891375 0.03610795454545457 0.0550576923076923
0 0.17521306818181817 0.4185096153846154 0.03099431818181817 0.03413461538461538
0 0.3943323863636364 0.4607019230769231 0.02482954545454548 0.04898076923076923
0 0.6718181818181819 0.027259615384615386 0.02772727272727278 0.036673076923076926
0 0.6347088068181819 0.8758557692307692 0.0259517045454546 0.031403846153846234
0 0.5489701704545454 0.49327884615384615 0.032542613636363675 0.044288461538461485
0 0.602890625 0.6679903846153846 0.028593749999999994 0.03471153846153848
0 0.9008877840909091 0.03513461538461538 0.028139204545454467 0.05061538461538462
0 0.5433025568181818 0.7694134615384616 0.02995738636363633 0.05040384615384611
0 0.25008522727272725 0.31535576923076925 0.0371306818181818 0.043480769230769205
0 0.8925923295454545 0.35761538461538456 0.03751420454545466 0.05234615384615384
0 0.24623579545454544 0.8005673076923077 0.03659090909090908 0.040288461538461516
0 0.16237926136363637 0.9816346153846154 0.034474431818181814 0.036730769230769275
0 0.4461363636363636 0.41005769230769235 0.042244318181818195 0.05069230769230766
0 0.030411931818181817 0.875951923076923 0.025 0.03432692307692312
0 0.070546875 0.6839711538461538 0.028366477272727272 0.04271153846153842
0 0.5441477272727272 0.01854807692307692 0.027159090909090914 0.03709615384615384
0 0.40394176136363635 0.7438269230769231 0.021974431818181858 0.0238076923076923
0 0.9563920454545454 0.16235576923076922 0.038863636363636385 0.046519230769230764
0 0.7429616477272728 0.6017307692307692 0.02856534090909093 0.03407692307692302
0 0.6042826704545455 0.14310576923076923 0.06782670454545454 0.06971153846153848
0 0.15825994318181816 0.30504807692307695 0.033906249999999985 0.03401923076923077
0 0.41465909090909087 0.2459519230769231 0.035624999999999976 0.03994230769230769
0 0.12295454545454546 0.37975 0.02730113636363636 0.03199999999999997
0 0.7028338068181817 0.9809519230769231 0.028110795454545482 0.03805769230769235
0 0.6279474431818182 0.9861057692307692 0.025582386363636352 0.027788461538461515
0 0.8093323863636364 0.5306057692307692 0.022670454545454598 0.03998076923076927
0 0.9723366477272729 0.8140673076923078 0.03177556818181819 0.04098076923076924
0 0.3993039772727273 0.7670673076923077 0.02022727272727274 0.024250000000000025
0 0.22965909090909092 0.7539615384615385 0.022500000000000006 0.032730769230769195
0 0.818544034090909 0.5057403846153846 0.03447443181818179 0.046211538461538464
0 0.18060369318181818 0.4599326923076923 0.028366477272727272 0.04528846153846156
0 0.5543181818181818 0.9840673076923078 0.024090909090909142 0.0318653846153846
0 0.8442187499999999 0.74875 0.025767045454545435 0.02892307692307696
0 0.15630681818181816 0.3040288461538462 0.027840909090909104 0.0312884615384615
0 0.09832386363636364 0.6684038461538462 0.028778409090909077 0.08265384615384619
0 0.6956107954545454 0.2899903846153846 0.01775568181818182 0.02105769230769234
0 0.716612215909091 0.23665384615384616 0.027372159090909065 0.04469230769230771
0 0.1656534090909091 0.9804807692307693 0.03656250000000001 0.039038461538461564
0 0.8902485795454546 0.5280865384615385 0.027002840909090896 0.03894230769230769
0 0.6787144886363636 0.8252692307692308 0.052855113636363686 0.06030769230769233
0 0.8373366477272726 0.6950384615384616 0.03782670454545454 0.05196153846153843
0 0.36282670454545457 0.2611538461538462 0.02076704545454546 0.035153846153846154
0 0.4258806818181818 0.832173076923077 0.028181818181818228 0.03753846153846151
0 0.8379971590909091 0.563125 0.028920454545454565 0.043788461538461505
0 0.08671164772727273 0.35557692307692307 0.02521306818181818 0.03484615384615385
0 0.2786576704545455 0.9855769230769231 0.04376420454545455 0.028846153846153848
0 0.5933238636363636 0.6820961538461539 0.025880681818181858 0.026692307692307682
0 0.14046875 0.6579326923076924 0.035227272727272746 0.06213461538461528
0 0.5726065340909091 0.7068076923076922 0.02697443181818183 0.036846153846153896
0 0.994190340909091 0.3774711538461538 0.011619318181818111 0.03536538461538459
0 0.17419744318181818 0.04211538461538461 0.04103693181818184 0.04684615384615384
0 0.10595170454545455 0.21364423076923078 0.03224431818181817 0.04459615384615384
0 0.16586647727272727 0.13451923076923078 0.02894886363636363 0.033538461538461545
0 0.8871590909090908 0.47370192307692305 0.03573863636363632 0.035903846153846126
0 0.2053196022727273 0.687173076923077 0.031860795454545426 0.040230769230769264
0 0.459375 0.9869423076923077 0.03099431818181817 0.026115384615384585
0 0.041796875000000004 0.7113942307692308 0.033480113636363634 0.04375
0 0.8606463068181818 0.4029615384615384 0.03194602272727274 0.041923076923076945
0 0.8628409090909092 0.7700673076923077 0.02775568181818193 0.029634615384615322
0 0.05392045454545455 0.6771634615384615 0.02417613636363636 0.034480769230769134
0 0.24488636363636365 0.9828365384615384 0.036931818181818184 0.03432692307692312
0 0.984872159090909 0.005298076923076923 0.02894886363636363 0.010134615384615384
0 0.4132173295454545 0.40415384615384614 0.030099431818181813 0.04353846153846151
0 0.41205255681818187 0.7214615384615384 0.01637784090909095 0.022576923076922984
0 0.21297585227272728 0.7769326923076924 0.037116477272727266 0.03705769230769227
0 0.6518821022727272 0.27529807692307695 0.03566761363636366 0.048865384615384665
0 0.8207954545454544 0.26940384615384616 0.02428977272727276 0.031115384615384628
0 0.7005752840909092 0.854375 0.02740056818181821 0.03524999999999997
0 0.7290625 0.4586923076923077 0.03255681818181821 0.04192307692307689
0 0.5958735795454545 0.18566346153846155 0.06981534090909088 0.047596153846153844
0 0.5731818181818181 0.01885576923076923 0.03275568181818182 0.03771153846153846
0 0.21123579545454543 0.9590192307692308 0.04823863636363637 0.044653846153846204
0 0.14094460227272726 0.025230769230769234 0.025497159090909095 0.035769230769230775
0 0.2171803977272727 0.343375 0.03694602272727276 0.05305769230769231
0 0.5387144886363636 0.06552884615384616 0.03768465909090905 0.05213461538461539
0 0.4815696022727272 0.2949134615384616 0.032144886363636355 0.03555769230769227
0 0.4831818181818182 0.013798076923076923 0.026278409090909092 0.027596153846153847
0 0.412890625 0.4025096153846154 0.02836647727272731 0.04336538461538464
0 0.4195525568181818 0.7372596153846154 0.016832386363636397 0.02298076923076932
0 0.2107741477272727 0.4564903846153846 0.03163352272727274 0.04332692307692303
0 0.5173153409090909 0.03310576923076923 0.0238636363636363 0.039365384615384615
0 0.7031321022727273 0.008298076923076924 0.031207386363636402 0.016596153846153847
0 0.9768678977272728 0.9871153846153845 0.029190340909090843 0.025384615384615363
0 0.9840980113636365 0.43215384615384617 0.0245596590909092 0.03549999999999996
0 0.34857954545454545 0.29405769230769235 0.038437500000000006 0.054384615384615385
0 0.17219460227272726 0.013807692307692307 0.040582386363636355 0.027615384615384615
0 0.8595667613636363 0.16349038461538462 0.03626420454545451 0.04363461538461538
0 0.9973863636363638 0.7942980769230769 0.005227272727272656 0.027980769230769253
0 0.7331392045454546 0.2849615384615385 0.018380681818181813 0.033769230769230774
0 0.8615056818181818 0.227625 0.024289772727272597 0.02578846153846153
0 0.149296875 0.010884615384615385 0.029843750000000006 0.02176923076923077
0 0.08436079545454546 0.787076923076923 0.026562499999999992 0.03538461538461545
0 0.7957599431818182 0.5853076923076923 0.029190340909090843 0.044307692307692347
0 0.2738068181818182 0.6004711538461539 0.027159090909090914 0.051788461538461554
0 0.6445951704545454 0.7276346153846154 0.03262784090909087 0.0434615384615385
0 0.5460795454545455 0.7042019230769231 0.023522727272727275 0.03455769230769236
0 0.11245028409090908 0.016249999999999997 0.043792613636363636 0.03246153846153846
0 0.8215553977272727 0.03696153846153846 0.02632102272727269 0.04223076923076923
0 0.5889346590909091 0.10859615384615384 0.03275568181818182 0.04073076923076923
0 0.40921875 0.4433942307692308 0.03571022727272733 0.03840384615384615
0 0.85625 0.2742980769230769 0.022982954545454473 0.035557692307692325
0 0.8198082386363637 0.30228846153846156 0.024957386363636272 0.03465384615384612
0 0.7527272727272728 0.9155673076923078 0.036107954545454485 0.050673076923076855
0 0.4035440340909091 0.7442307692307693 0.01680397727272725 0.024115384615384546
0 0.6079545454545454 0.9948942307692308 0.022329545454545494 0.010211538461538357
0 0.3640411931818182 0.26064423076923077 0.02311079545454547 0.032711538461538445
0 0.6468039772727273 0.07650961538461538 0.024289772727272677 0.03467307692307692
0 0.4109375 0.7221634615384614 0.012102272727272701 0.020019230769230817
0 0.7154119318181817 0.2369519230769231 0.02494318181818174 0.04267307692307692
0 0.6366335227272727 0.11918269230769231 0.02363636363636362 0.0364423076923077
0 0.42522727272727273 0.7308076923076923 0.012443181818181805 0.022769230769230722
0 0.15076704545454545 0.684701923076923 0.027698863636363636 0.03524999999999997
0 0.25531960227272726 0.5937980769230768 0.02205965909090909 0.03767307692307687
0 0.5708522727272727 0.9917884615384616 0.022982954545454556 0.016423076923076964
0 0.10343039772727272 0.6130673076923078 0.019843749999999997 0.02855769230769235
0 0.228046875 0.7522788461538461 0.0241335227272727 0.029096153846153838
0 0.23185369318181817 0.7330288461538462 0.022485795454545432 0.025519230769230735
0 0.83578125 0.8337884615384615 0.028892045454545337 0.03823076923076922
0 0.44546164772727276 0.41068269230769233 0.03782670454545454 0.04836538461538463
0 0.6507457386363636 0.27428846153846154 0.03348011363636371 0.046230769230769214
0 0.7005326704545455 0.8529038461538462 0.02626420454545456 0.033769230769230774
0 0.011860795454545454 0.8685576923076923 0.021079545454545455 0.03469230769230773
0 0.3947727272727273 0.46366346153846155 0.027840909090909124 0.04336538461538458
0 0.28316051136363635 0.5276634615384616 0.027315340909090935 0.041942307692307695
0 0.8746306818181818 0.03696153846153846 0.024289772727272597 0.04088461538461539
0 0.037080965909090914 0.8478557692307692 0.03183238636363637 0.041403846153846104
0 0.4191761363636364 0.739 0.016477272727272677 0.024576923076923135
0 0.21380681818181815 0.7773365384615385 0.03224431818181821 0.036942307692307656
0 0.28105823863636364 0.9621538461538461 0.02521306818181818 0.03199999999999997
0 0.8147727272727271 0.8515673076923077 0.0288920454545455 0.03821153846153847
0 0.6950568181818183 0.2880673076923077 0.018380681818181813 0.02578846153846153
0 0.4174999999999999 0.7644807692307691 0.02386363636363638 0.034576923076923005
0 0.6558806818181818 0.8951250000000001 0.022329545454545494 0.04178846153846146
0 0.0786221590909091 0.6469230769230769 0.020681818181818187 0.03246153846153845
0 0.9913210227272727 0.9631826923076924 0.017357954545454583 0.037326923076923126
0 0.2739630681818182 0.598423076923077 0.02258522727272728 0.048346153846153817
0 0.9721306818181819 0.8142884615384616 0.027585227272727376 0.03823076923076922
0 0.38373579545454545 0.26135576923076925 0.0236363636363637 0.04124999999999998
0 0.42208806818181815 0.47966346153846157 0.02784090909090904 0.04267307692307686
0 0.6821448863636363 0.9864519230769232 0.02889204545454542 0.027096153846153798
0 0.05319602272727273 0.6768653846153847 0.021079545454545448 0.03638461538461542
0 0.795518465909091 0.49340384615384614 0.0223153409090908 0.04176923076923077
0 0.07180397727272726 0.6830288461538462 0.02605113636363636 0.043096153846153784
0 0.4184090909090909 0.22722115384615385 0.0288920454545455 0.032711538461538445
0 0.9711434659090908 0.9649519230769231 0.025610795454545577 0.04444230769230772
0 0.92453125 0.8218461538461539 0.026931818181818234 0.040884615384615366
0 0.2986505681818182 0.3189519230769231 0.029943181818181796 0.03698076923076921
0 0.04174005681818182 0.7110096153846154 0.03061079545454545 0.041826923076923074
0 0.004481534090909091 0.6651538461538461 0.008963068181818181 0.03484615384615385
0 0.9770525568181818 0.9882596153846154 0.0269176136363637 0.02348076923076919
0 0.3994957386363636 0.3573557692307692 0.08876420454545456 0.11521153846153845
0 0.49904119318181817 0.9802788461538462 0.024161931818181805 0.03413461538461538
