0 0.34215198863636365 0.8910673076923077 0.026292613636363624 0.01721153846153844
0 0.6597443181818182 0.6054038461538461 0.01909090909090909 0.03288461538461543
0 0.8988352272727272 0.64725 0.019772727272727216 0.0374615384615385
0 0.4351420454545455 0.5154326923076923 0.0236363636363637 0.034865384615384604
0 0.04518465909090909 0.8443076923076922 0.025340909090909084 0.030230769230769172
0 0.062194602272727266 0.8305192307692307 0.024105113636363643 0.023884615384615306
0 0.17668323863636365 0.9149711538461538 0.04115056818181818 0.06686538461538469
0 0.39031249999999995 0.3578557692307692 0.01974431818181823 0.0211346153846154
0 0.4476136363636364 0.3997788461538461 0.03352272727272731 0.030096153846153856
0 0.4798650568181818 0.5036346153846154 0.02359375000000002 0.020730769230769178
0 0.030007102272727272 0.9095192307692308 0.02146306818181818 0.05850000000000003
0 0.32616477272727273 0.8908557692307693 0.022187500000000006 0.029288461538461572
0 0.649112215909091 0.6501923076923077 0.026889204545454556 0.03142307692307687
0 0.005419034090909091 0.8222788461538463 0.010838068181818181 0.03994230769230777
0 0.34620738636363635 0.4255865384615385 0.027698863636363636 0.05155769230769231
0 0.3333664772727273 0.9127115384615385 0.02508522727272727 0.02926923076923082
0 0.3542045454545455 0.8263173076923077 0.04136363636363637 0.04682692307692312
0 0.13790482954545455 0.8890192307692307 0.03498579545454547 0.049346153846153894
0 0.4450071022727272 0.45821153846153845 0.02529829545454546 0.020153846153846133
0 0.25891335227272727 0.5775769230769231 0.0292755681818182 0.05319230769230774
0 0.953693181818182 0.8963653846153846 0.022954545454545408 0.031076923076923123
0 0.9675852272727273 0.8636153846153847 0.028977272727272695 0.025576923076923098
0 0.965546875 0.8932884615384615 0.021178977272727387 0.03592307692307694
0 0.7015340909090909 0.6722115384615384 0.019431818181818192 0.04223076923076919
0 0.05821732954545455 0.708 0.023821022727272722 0.03192307692307686
0 0.1496590909090909 0.9290192307692309 0.0302840909090909 0.040192307692307756
0 0.39562499999999995 0.37856730769230773 0.025596590909090885 0.030249999999999982
0 0.5334161931818181 0.6556346153846154 0.037485795454545515 0.04815384615384608
0 0.6327982954545455 0.7397596153846154 0.030738636363636343 0.04348076923076926
0 0.28868607954545455 0.9105576923076923 0.02220170454545458 0.02888461538461535
0 0.7501207386363636 0.5412019230769229 0.01961647727272736 0.020557692307692305
0 0.2987926136363636 0.9258557692307692 0.017471590909090926 0.018673076923076994
0 0.12079545454545454 0.3504326923076923 0.026022727272727284 0.0461346153846154
0 0.35396306818181816 0.3971153846153846 0.020397727272727293 0.02726923076923078
0 0.5913068181818182 0.805548076923077 0.01696022727272727 0.026942307692307675
0 0.3596661931818182 0.38303846153846155 0.029872159090909133 0.041230769230769224
0 0.06948863636363636 0.8545865384615384 0.027357954545454543 0.032673076923076944
0 0.14348011363636362 0.1685096153846154 0.022556818181818195 0.03563461538461539
0 0.3020099431818182 0.9021442307692308 0.012428977272727272 0.01886538461538462
0 0.3106392045454545 0.9112596153846154 0.01877840909090909 0.019057692307692355
0 0.6434019886363637 0.8583557692307693 0.042684659090909106 0.03532692307692298
0 0.696640625 0.7996826923076924 0.01615056818181819 0.015211538461538509
0 0.6966477272727273 0.8137403846153846 0.015284090909090896 0.014057692307692313
0 0.5321377840909091 0.2222692307692308 0.015241477272727299 0.017692307692307698
0 0.5247727272727273 0.27272115384615386 0.020596590909090908 0.033326923076923046
0 0.7110227272727273 0.7220865384615385 0.02937499999999993 0.026942307692307675
0 0.09572443181818181 0.24516346153846152 0.013551136363636362 0.026634615384615375
0 0.5035440340909091 0.2778846153846154 0.02626420454545456 0.052884615384615384
0 0.41433238636363634 0.4428942307692308 0.023210227272727316 0.0321730769230769
0 0.4118465909090909 0.3680961538461539 0.022556818181818174 0.028538461538461544
0 0.42868607954545457 0.3775 0.02092329545454548 0.03188461538461541
0 0.10363636363636365 0.2676538461538462 0.015823863636363636 0.022038461538461555
0 0.08498579545454545 0.2678269230769231 0.019829545454545457 0.0356923076923077
0 0.23318181818181818 0.2871923076923077 0.04178977272727275 0.046000000000000034
0 0.041548295454545456 0.8021826923076922 0.04039772727272727 0.05098076923076921
0 0.04968039772727273 0.7846346153846153 0.030809659090909092 0.03857692307692308
0 0.6884232954545454 0.7456442307692308 0.03931818181818183 0.031211538461538495
0 0.27847301136363634 0.8620384615384615 0.056463068181818184 0.051923076923076926
0 0.31375710227272724 0.8139326923076923 0.035610795454545444 0.08021153846153853
0 0.28660511363636365 0.8325769230769231 0.031704545454545444 0.050653846153846216
0 0.8554119318181819 0.4585961538461538 0.022244318181818136 0.03784615384615386
0 0.5348863636363637 0.24129807692307692 0.021420454545454604 0.027019230769230764
0 0.48675426136363636 0.43128846153846156 0.027514204545454553 0.03207692307692309
0 0.16154829545454547 0.35097115384615385 0.01775568181818182 0.021019230769230783
0 0.17009232954545456 0.3360961538461538 0.017088068181818183 0.021346153846153834
0 0.13075284090909092 0.31996153846153846 0.023636363636363636 0.031153846153846133
0 0.17556818181818182 0.3099903846153846 0.0340625 0.028673076923076916
0 0.6947514204545455 0.5629903846153846 0.026661931818181793 0.04282692307692304
0 0.9376207386363636 0.9069038461538461 0.03765624999999999 0.04519230769230769
0 0.927784090909091 0.9255865384615384 0.026789772727272745 0.03259615384615382
0 0.9830113636363635 0.9750288461538461 0.03397727272727267 0.049942307692307744
0 0.885340909090909 0.5857307692307692 0.026931818181818234 0.03873076923076921
0 0.9081036931818183 0.5749903846153847 0.02316761363636372 0.02628846153846146
0 0.9540980113636363 0.2581826923076923 0.025696022727272772 0.03713461538461539
0 0.7474289772727274 0.16266346153846156 0.04159090909090913 0.05448076923076923
0 0.5074289772727273 0.30840384615384614 0.03213068181818182 0.03857692307692308
0 0.5218394886363636 0.3182596153846154 0.025184659090909115 0.03767307692307693
0 0.1392116477272727 0.1400576923076923 0.024275568181818186 0.01942307692307691
0 0.6457528409090909 0.6246346153846153 0.024943181818181823 0.023192307692307696
0 0.20803267045454543 0.2607211538461538 0.03694602272727276 0.03609615384615387
0 0.16237926136363637 0.28225961538461536 0.01978693181818183 0.03275
0 0.07520596590909091 0.1666634615384615 0.02691761363636364 0.05621153846153847
0 0.38036931818181813 0.9088173076923077 0.013551136363636392 0.02224999999999999
0 0.5465056818181818 0.7878365384615384 0.04315340909090908 0.04928846153846153
0 0.5815767045454545 0.7498461538461538 0.038039772727272686 0.03480769230769235
0 0.6260653409090909 0.8214711538461538 0.030056818181818136 0.03548076923076921
0 0.6224857954545455 0.8016057692307693 0.03150568181818183 0.04386538461538462
0 0.6168607954545454 0.8470000000000001 0.03826704545454545 0.03473076923076923
0 0.7093110795454546 0.8163942307692307 0.024275568181818145 0.03386538461538453
0 0.848046875 0.8386826923076923 0.02771306818181817 0.031442307692307735
0 0.7230255681818182 0.8291538461538461 0.03193181818181821 0.026038461538461576
0 0.6903551136363636 0.8295384615384616 0.018494318181818157 0.02630769230769232
0 0.898174715909091 0.9441153846153846 0.036406249999999994 0.06038461538461534
0 0.9109090909090909 0.9811826923076924 0.031278409090909065 0.03713461538461539
0 0.9004261363636363 0.9907788461538463 0.022670454545454598 0.018442307692307643
0 0.8708167613636365 0.9809807692307693 0.044105113636363734 0.03719230769230764
0 0.9236221590909092 0.9661057692307692 0.045454545454545456 0.06732692307692306
0 0.9582741477272727 0.9825192307692308 0.031065340909090754 0.034961538461538474
0 0.9813849431818181 0.9476826923076923 0.037230113636363686 0.03778846153846149
0 0.9696377840909091 0.9260480769230769 0.04478693181818178 0.03228846153846158
0 0.7895525568181818 0.9342884615384616 0.0327982954545455 0.04919230769230766
0 0.9521946022727273 0.870596153846154 0.015298295454545429 0.02315384615384619
0 0.9377982954545455 0.8815673076923076 0.019346590909090914 0.020711538461538535
0 0.9024644886363636 0.9060961538461538 0.030156250000000027 0.03199999999999997
0 0.9096661931818182 0.8914711538461538 0.021150568181818163 0.028942307692307604
0 0.9158593750000001 0.8684711538461539 0.023622159090909086 0.04571153846153843
0 0.9310440340909092 0.8494230769230771 0.03555397727272724 0.057576923076923074
0 0.9152911931818182 0.7840769230769231 0.04140625000000013 0.04326923076923077
0 0.8566264204545455 0.8500576923076922 0.014389204545454538 0.03699999999999991
0 0.8974076704545454 0.7495 0.04163352272727265 0.045384615384615426
0 0.7403551136363636 0.8016923076923077 0.03579545454545445 0.04507692307692307
0 0.9444957386363636 0.5393557692307693 0.032031250000000094 0.023096153846153936
0 0.71125 0.5385192307692307 0.0244034090909091 0.03426923076923075
0 0.649950284090909 0.7932596153846154 0.044815340909090846 0.0568653846153846
0 0.9000426136363636 0.6286634615384615 0.022613636363636468 0.03240384615384609
0 0.8973011363636364 0.6060769230769231 0.033380681818181816 0.043115384615384646
0 0.9440696022727273 0.6698461538461539 0.02370738636363644 0.0374615384615385
0 0.9591122159090909 0.58675 0.024815340909090947 0.03538461538461534
0 0.958565340909091 0.6145384615384615 0.020198863636363674 0.021999999999999995
0 0.9633948863636363 0.6334230769230769 0.022386363636363624 0.027038461538461542
0 0.9759090909090908 0.6267307692307692 0.021960227272727326 0.020807692307692294
0 0.9820596590909091 0.6099326923076922 0.02809659090909087 0.025865384615384592
0 0.9825284090909091 0.5908942307692308 0.025823863636363565 0.024480769230769264
0 0.7994318181818181 0.9099326923076922 0.03985795454545463 0.04728846153846149
0 0.9588991477272728 0.563548076923077 0.04012784090909091 0.027403846153846154
0 0.9292613636363637 0.5598846153846153 0.021335227272727245 0.02888461538461535
0 0.8976207386363636 0.5554807692307693 0.03470170454545447 0.024961538461538386
0 0.9214843749999999 0.5351634615384615 0.026036931818181876 0.028403846153846227
0 0.9211292613636364 0.5163269230769231 0.07592329545454551 0.046500000000000014
0 0.8308451704545454 0.8734903846153846 0.022230113636363603 0.029596153846153928
0 0.8307457386363637 0.8506730769230769 0.019502840909090935 0.033307692307692295
0 0.6507315340909091 0.9534038461538461 0.044446022727272674 0.053961538461538464
0 0.675596590909091 0.9660576923076923 0.050454545454545426 0.04969230769230765
0 0.6493181818181818 0.9897115384615384 0.03738636363636363 0.020576923076923055
0 0.9407741477272729 0.5894230769230769 0.01933238636363638 0.030615384615384537
0 0.6485440340909091 0.8358749999999999 0.03044034090909092 0.029596153846153928
0 0.7281676136363636 0.794673076923077 0.024232954545454467 0.03599999999999994
0 0.7098508522727273 0.7868749999999999 0.024815340909090947 0.02440384615384615
0 0.7109659090909091 0.7627980769230769 0.025397727272727266 0.035557692307692214
0 0.6098224431818182 0.8686826923076922 0.028821022727272674 0.045442307692307685
0 0.5704474431818182 0.8312115384615385 0.02734375 0.027423076923076904
0 0.576328125 0.8031057692307693 0.018849431818181793 0.030019230769230795
0 0.5933522727272728 0.8208653846153846 0.03167613636363638 0.028961538461538466
0 0.58640625 0.8498365384615385 0.020568181818181843 0.037250000000000005
0 0.15186079545454545 0.1414423076923077 0.02562500000000001 0.041653846153846145
0 0.5561150568181819 0.8163461538461538 0.022230113636363603 0.025961538461538463
0 0.5779261363636364 0.8688365384615384 0.03696022727272725 0.025596153846153852
0 0.5427698863636364 0.8772980769230769 0.05613636363636361 0.050057692307692254
0 0.5274857954545454 0.8428653846153846 0.028352272727272698 0.01730769230769231
0 0.5336008522727272 0.8131442307692308 0.02944602272727267 0.04213461538461543
0 0.43951704545454545 0.014663461538461538 0.01900568181818181 0.022288461538461538
0 0.6356818181818181 0.6897692307692308 0.022244318181818216 0.023038461538461574
0 0.6551775568181818 0.6825288461538462 0.0249857954545455 0.052403846153846155
0 0.7202840909090908 0.566048076923077 0.020795454545454527 0.046519230769230764
0 0.5678764204545454 0.7128846153846153 0.030156249999999944 0.03465384615384612
0 0.5515198863636364 0.6933173076923076 0.025511363636363606 0.03798076923076923
0 0.5488849431818181 0.8464519230769231 0.02944602272727267 0.03348076923076928
0 0.5889346590909091 0.6208365384615385 0.04423295454545453 0.06836538461538463
0 0.6193963068181818 0.6229038461538461 0.025553977272727287 0.05388461538461546
0 0.6645383522727273 0.5833653846153847 0.017571022727272734 0.02784615384615377
0 0.6393536931818182 0.6035192307692308 0.02754261363636362 0.035576923076923075
0 0.6151207386363636 0.5903461538461539 0.040582386363636355 0.025576923076923098
0 0.4665980113636364 0.011038461538461539 0.04109375000000001 0.02076923076923077
0 0.426796875 0.09223076923076923 0.04120738636363643 0.03580769230769232
0 0.6478835227272728 0.5726057692307692 0.0234375 0.030365384615384544
0 0.6278409090909091 0.5601538461538461 0.027215909090909044 0.040269230769230765
0 0.5947088068181818 0.5352403846153846 0.04813920454545453 0.09075000000000005
0 0.9267187500000001 0.6759326923076924 0.025028409090909098 0.029442307692307698
0 0.9238423295454545 0.31151923076923077 0.01728693181818192 0.015269230769230764
0 0.9210227272727274 0.330625 0.02363636363636362 0.023865384615384608
0 0.8802698863636365 0.39049038461538466 0.02713068181818185 0.039673076923076915
0 0.8532741477272726 0.37634615384615383 0.033565340909090906 0.041538461538461524
0 0.8787002840909092 0.3468557692307693 0.027798295454545364 0.027980769230769198
0 0.9028267045454546 0.3066057692307692 0.018750000000000065 0.044980769230769206
0 0.8860937499999999 0.30997115384615387 0.030852272727272603 0.05109615384615383
0 0.9638139204545456 0.2731826923076923 0.018281250000000006 0.02505769230769231
0 0.9603764204545455 0.3086826923076923 0.02231534090909096 0.06394230769230769
0 0.9443536931818183 0.32219230769230767 0.01686079545454546 0.047230769230769236
0 0.5986292613636364 0.7885769230769231 0.023394886363636402 0.03030769230769229
0 0.9354545454545454 0.3321442307692308 0.01852272727272738 0.024750000000000008
0 0.9393678977272728 0.3580096153846154 0.027286931818181707 0.030211538461538477
0 0.9275994318181818 0.3669423076923077 0.021392045454545375 0.04219230769230769
0 0.9058522727272728 0.37278846153846157 0.025909090909090923 0.04442307692307691
0 0.873046875 0.36047115384615386 0.025923295454545456 0.024250000000000025
0 0.828309659090909 0.35607692307692307 0.06230113636363622 0.04388461538461537
0 0.8256107954545455 0.32667307692307695 0.05201704545454546 0.027653846153846143
0 0.8587002840909093 0.32225 0.029957386363636408 0.03649999999999998
0 0.9248792613636364 0.2407596153846154 0.04467329545454552 0.05051923076923079
0 0.9118039772727274 0.25679807692307693 0.028323863636363553 0.044249999999999984
0 0.5732031249999999 0.8513365384615385 0.016946022727272737 0.026711538461538436
0 0.890703125 0.2387307692307692 0.03404829545454533 0.03761538461538459
0 0.8650426136363637 0.22250961538461542 0.026306818181818157 0.048326923076923094
0 0.8593821022727274 0.27321153846153845 0.028593749999999994 0.028384615384615366
0 0.8192045454545455 0.26288461538461544 0.04630681818181821 0.0438846153846154
0 0.8478835227272729 0.21740384615384614 0.028607954545454527 0.039961538461538465
0 0.8499431818181816 0.25332692307692306 0.03821022727272724 0.033769230769230746
0 0.8300355113636364 0.30118269230769235 0.045980113636363645 0.03655769230769229
0 0.8049573863636365 0.2918076923076923 0.051335227272727255 0.06273076923076924
0 0.5443323863636363 0.31596153846153846 0.05093750000000002 0.051192307692307704
0 0.4456818181818182 0.5322788461538461 0.021107954545454565 0.03686538461538465
0 0.6212357954545454 0.6594423076923077 0.02798295454545453 0.030538461538461528
0 0.4585511363636364 0.5682692307692307 0.023892045454545444 0.03711538461538453
0 0.44145596590909086 0.49669230769230766 0.026349431818181834 0.020807692307692294
0 0.40545454545454546 0.5237019230769231 0.04499999999999993 0.08936538461538461
0 0.412734375 0.5624903846153846 0.04728693181818177 0.06782692307692305
0 0.4409659090909091 0.5622788461538462 0.019517045454545467 0.0359807692307693
0 0.4631107954545454 0.5496634615384615 0.024034090909090932 0.03867307692307695
0 0.430809659090909 0.47316346153846156 0.017301136363636373 0.035365384615384646
0 0.4544389204545455 0.43215384615384617 0.030411931818181772 0.03703846153846152
0 0.4728338068181818 0.4553942307692308 0.026775568181818213 0.040288461538461516
0 0.40736505681818175 0.41375961538461536 0.021093749999999953 0.033326923076923046
0 0.6804048295454546 0.6603749999999999 0.025525568181818222 0.030711538461538405
0 0.47828835227272726 0.5263173076923077 0.015440340909090916 0.028750000000000088
0 0.46285511363636367 0.5253942307692308 0.014886363636363581 0.020903846153846162
0 0.4611931818181818 0.5022500000000001 0.0215056818181818 0.029115384615384644
0 0.44727272727272727 0.4796730769230769 0.022329545454545494 0.026500000000000003
0 0.47787642045454537 0.488625 0.02728693181818179 0.025749999999999974
0 0.3271946022727273 0.8026346153846154 0.04521306818181816 0.05900000000000001
0 0.3536931818181818 0.9009423076923078 0.02173295454545452 0.0232307692307692
0 0.4390127840909091 0.9781346153846153 0.047656249999999935 0.04373076923076925
0 0.42873579545454543 0.9669326923076922 0.049005681818181816 0.05671153846153837
0 0.34767045454545453 0.9440961538461538 0.03215909090909089 0.04749999999999998
0 0.7234588068181819 0.6813942307692308 0.03254261363636359 0.029980769230769293
0 0.6828267045454545 0.6030096153846154 0.023977272727272722 0.019980769230769205
0 0.37515625 0.877451923076923 0.040653409090909094 0.043173076923076904
0 0.23027698863636364 0.9613557692307692 0.04279829545454545 0.05617307692307688
0 0.21134943181818186 0.9669711538461538 0.038125000000000006 0.05548076923076928
0 0.07150568181818183 0.7316634615384616 0.03076704545454546 0.040788461538461496
0 0.07005681818181818 0.8080096153846154 0.03295454545454546 0.03136538461538462
0 0.03250710227272727 0.8644423076923077 0.02521306818181818 0.038384615384615454
0 0.014517045454545456 0.8899326923076922 0.025681818181818184 0.04786538461538459
0 0.3737997159090909 0.939625 0.04328125 0.040788461538461496
0 0.28408380681818185 0.978 0.01973011363636362 0.027076923076923155
0 0.26940340909090915 0.970798076923077 0.037954545454545456 0.0503653846153845
0 0.6815127840909091 0.6819999999999999 0.023309659090909127 0.023076923076923078
0 0.26510653409090906 0.9177019230769231 0.042514204545454556 0.05105769230769233
0 0.09281960227272727 0.8679230769230769 0.02532670454545455 0.03530769230769233
0 0.0765625 0.8820192307692307 0.02642045454545455 0.027423076923076904
0 0.0942684659090909 0.769125 0.034446022727272714 0.06486538461538464
0 0.06421164772727272 0.7663461538461539 0.02637784090909091 0.03303846153846144
0 0.022833806818181816 0.7667403846153847 0.01612215909090909 0.023173076923076946
0 0.01365056818181818 0.7781730769230769 0.020596590909090908 0.023846153846153913
0 0.017862215909090907 0.803875 0.02853693181818182 0.038980769230769194
0 0.03594460227272727 0.7535288461538462 0.021065340909090905 0.03471153846153848
0 0.010546874999999999 0.7489423076923076 0.021093749999999998 0.030115384615384554
0 0.32762784090909086 0.8665865384615384 0.015653409090909107 0.018365384615384527
0 0.03974431818181818 0.636451923076923 0.024829545454545455 0.04686538461538462
0 0.03857954545454546 0.5851538461538461 0.04741477272727273 0.0583846153846153
0 0.025859374999999997 0.6239711538461539 0.02947443181818182 0.04171153846153846
0 0.007840909090909091 0.5728173076923078 0.015681818181818182 0.04171153846153846
0 0.007840909090909091 0.6092788461538461 0.015681818181818182 0.029019230769230832
0 0.07403409090909091 0.629 0.04792613636363636 0.10388461538461535
0 0.09563210227272728 0.6376730769230768 0.038934659090909096 0.053615384615384606
0 0.2462997159090909 0.594528846153846 0.014900568181818154 0.02759615384615378
0 0.23551846590909092 0.6041826923076923 0.026065340909090903 0.029980769230769293
0 0.25359375 0.6147019230769231 0.02227272727272728 0.025057692307692364
0 0.10636363636363635 0.13764423076923077 0.025596590909090902 0.03263461538461538
0 0.18701704545454545 0.6270576923076923 0.023295454545454574 0.03700000000000002
0 0.17313920454545453 0.6153846153846154 0.02605113636363637 0.033307692307692406
0 0.19774147727272726 0.5713461538461538 0.036988636363636355 0.03700000000000002
0 0.21322443181818185 0.5545769230769231 0.042812500000000024 0.028115384615384625
0 0.21350142045454545 0.6443653846153847 0.02879261363636365 0.023192307692307696
0 0.18279829545454546 0.5937980769230768 0.028607954545454527 0.0330576923076923
0 0.20338068181818184 0.6235192307692308 0.02107954545454546 0.0386923076923077
0 0.22320312499999997 0.6227884615384616 0.028565340909090887 0.039153846153846074
0 0.206953125 0.5932980769230769 0.021775568181818198 0.025634615384615353
0 0.3918039772727273 0.48449038461538463 0.02241477272727277 0.038288461538461535
0 0.12173295454545455 0.15335576923076924 0.02622159090909092 0.025596153846153852
0 0.3941264204545455 0.44909615384615387 0.05822443181818175 0.060538461538461576
0 0.11321732954545455 0.8844038461538462 0.02921874999999999 0.02984615384615381
0 0.394921875 0.46199038461538466 0.028053977272727272 0.03905769230769226
0 0.5719460227272727 0.6735384615384615 0.015454545454545448 0.025961538461538463
0 0.009410511363636364 0.020432692307692308 0.018821022727272728 0.03490384615384615
0 0.004943181818181818 0.06382692307692307 0.009886363636363636 0.02638461538461538
0 0.459140625 0.164875 0.023394886363636402 0.03505769230769229
0 0.4377272727272727 0.164125 0.030056818181818216 0.03490384615384617
0 0.4836647727272727 0.13552884615384614 0.022613636363636305 0.03321153846153845
0 0.48857244318181825 0.2441730769230769 0.023338068181818192 0.02553846153846157
0 0.40580255681818184 0.15276923076923077 0.03848011363636368 0.0551923076923077
0 0.4660227272727273 0.1344807692307692 0.022443181818181834 0.03707692307692306
0 0.5560298295454547 0.25645192307692305 0.019247159090909106 0.033634615384615374
0 0.5443821022727273 0.3024711538461539 0.01990056818181817 0.01917307692307692
0 0.48767755681818187 0.22661538461538464 0.031321022727272746 0.03607692307692309
0 0.36938920454545454 0.48637500000000006 0.02718750000000002 0.04813461538461539
0 0.25612926136363634 0.3327788461538462 0.029360795454545476 0.044096153846153806
0 0.22625 0.34450961538461533 0.035568181818181846 0.04982692307692307
0 0.22244318181818182 0.3845576923076924 0.02937500000000001 0.042846153846153846
0 0.12847301136363634 0.2925192307692308 0.020298295454545465 0.02434615384615384
0 0.680546875 0.5850673076923077 0.019247159090909106 0.020326923076923065
0 0.12144176136363637 0.05951923076923077 0.028707386363636355 0.03165384615384616
0 0.4122017045454545 0.3939711538461539 0.0210795454545455 0.026480769230769252
0 0.23203125 0.5612596153846154 0.03372159090909092 0.029673076923076937
0 0.42911221590909093 0.4353269230769231 0.028139204545454547 0.04446153846153847
0 0.4247372159090909 0.40702884615384616 0.01904829545454549 0.02924999999999996
0 0.36328125 0.42080769230769227 0.016505681818181826 0.028153846153846127
0 0.38092329545454545 0.4107211538461538 0.03178977272727272 0.026096153846153887
0 0.38534090909090907 0.40086538461538457 0.02471590909090914 0.027884615384615386
0 0.5353693181818181 0.28460576923076925 0.020426136363636358 0.031634615384615365
0 0.943934659090909 0.2962884615384615 0.028323863636363713 0.039
0 0.931484375 0.2829519230769231 0.02782670454545443 0.03259615384615388
0 0.4538778409090909 0.1334423076923077 0.026789772727272666 0.04230769230769231
0 0.9182173295454544 0.29154807692307694 0.021803977272727305 0.028211538461538437
0 0.16493607954545456 0.15579807692307693 0.024389204545454547 0.034788461538461546
0 0.07397727272727272 0.2009807692307692 0.021903409090909095 0.022807692307692307
0 0.0970525568181818 0.3507403846153846 0.023906249999999997 0.03567307692307689
0 0.5423579545454545 0.25472115384615385 0.03215909090909089 0.029711538461538466
0 0.8401136363636365 0.5626923076923077 0.01911931818181807 0.02549999999999998
0 0.4515411931818182 0.3808846153846154 0.03200284090909087 0.037884615384615364
0 0.44989346590909096 0.35580769230769227 0.02419034090909095 0.03615384615384612
0 0.41941051136363633 0.3421538461538462 0.0458664772727273 0.04980769230769232
0 0.3850142045454545 0.33096153846153853 0.02991477272727273 0.048000000000000015
0 0.41071732954545453 0.21375000000000002 0.046491477272727295 0.055000000000000014
0 0.3626846590909091 0.3387596153846154 0.02301136363636366 0.052980769230769255
0 0.6648224431818182 0.17354807692307694 0.03490056818181817 0.03917307692307693
0 0.33840198863636367 0.3318942307692308 0.03936079545454547 0.06732692307692306
0 0.32136363636363635 0.35978846153846156 0.04673295454545456 0.06265384615384613
0 0.3085014204545455 0.3970961538461539 0.055071022727272705 0.04419230769230767
0 0.30427556818181817 0.43062500000000004 0.07585227272727274 0.06332692307692303
0 0.6860085227272728 0.12571153846153846 0.029630681818181837 0.020384615384615386
0 0.7684872159090909 0.14353846153846153 0.04197443181818175 0.04807692307692308
0 0.6787286931818183 0.10816346153846154 0.013565340909090924 0.017442307692307694
0 0.7 0.10179807692307692 0.0361647727272727 0.037634615384615384
0 0.16718039772727272 0.18061538461538462 0.025610795454545435 0.02642307692307694
0 0.6800710227272727 0.08356730769230769 0.021278409090909115 0.034826923076923075
0 0.7189701704545455 0.14509615384615385 0.04098011363636367 0.044615384615384605
0 0.7280468750000001 0.11866346153846154 0.0401846590909092 0.025673076923076913
0 0.7731107954545454 0.10559615384615384 0.04318181818181815 0.06253846153846154
0 0.8056605113636363 0.1461153846153846 0.04191761363636379 0.04384615384615384
0 0.8038352272727273 0.10054807692307693 0.044289772727272816 0.05459615384615385
0 0.746356534090909 0.07969230769230769 0.02714488636363638 0.036538461538461534
0 0.7272230113636363 0.09881730769230769 0.019048295454545408 0.025365384615384613
0 0.7206321022727272 0.06775961538461539 0.029048295454545358 0.0440576923076923
0 0.7464346590909091 0.0513173076923077 0.027301136363636402 0.03267307692307692
0 0.6877627840909091 0.776625 0.033849431818181876 0.03398076923076926
0 0.6576633522727273 0.08620192307692308 0.024531249999999973 0.0265576923076923
0 0.6981676136363636 0.07722115384615384 0.02349431818181813 0.027288461538461536
0 0.6656178977272728 0.10015384615384615 0.024900568181818225 0.02769230769230769
0 0.6068110795454545 0.07010576923076922 0.047826704545454485 0.04013461538461539
0 0.6084659090909091 0.1253653846153846 0.029431818181818222 0.03146153846153847
0 0.5946519886363636 0.14074038461538463 0.024531249999999973 0.037750000000000006
0 0.6060085227272727 0.09949038461538462 0.03434659090909092 0.03425
0 0.6228409090909092 0.05425 0.038437500000000006 0.027884615384615386
0 0.649715909090909 0.061163461538461535 0.020909090909090867 0.025596153846153852
0 0.6642045454545454 0.04342307692307692 0.025198863636363648 0.02626923076923077
0 0.6916690340909091 0.011221153846153846 0.012599431818181824 0.022442307692307692
0 0.1734872159090909 0.1376153846153846 0.02975852272727275 0.03088461538461539
0 0.6815909090909091 0.010365384615384615 0.022670454545454518 0.02073076923076923
0 0.42841619318181823 0.19709615384615387 0.04319602272727276 0.06269230769230771
0 0.4509872159090909 0.19070192307692307 0.02879261363636361 0.020711538461538455
0 0.5825497159090909 0.057788461538461545 0.03458806818181821 0.05015384615384616
0 0.6619389204545455 0.010730769230769231 0.03080965909090909 0.021461538461538462
0 0.6471946022727273 0.03195192307692308 0.028536931818181864 0.034288461538461545
0 0.634609375 0.01375 0.032940340909090905 0.0275
0 0.621015625 0.02945192307692308 0.025610795454545417 0.028673076923076923
0 0.6035227272727273 0.011153846153846153 0.04874999999999999 0.022307692307692306
0 0.6014488636363636 0.037778846153846156 0.025397727272727266 0.025057692307692305
0 0.7443039772727272 0.02326923076923077 0.03150568181818191 0.03984615384615385
0 0.591122159090909 0.029625 0.038295454545454514 0.02621153846153846
0 0.48692471590909087 0.09034615384615384 0.02970170454545458 0.054115384615384614
0 0.49669034090909087 0.06734615384615383 0.029517045454545497 0.037153846153846155
0 0.509950284090909 0.09481730769230769 0.03205965909090908 0.03401923076923077
0 0.4270880681818181 0.04972115384615384 0.04286931818181819 0.05621153846153846
0 0.45789062500000005 0.076625 0.02589488636363639 0.03505769230769231
0 0.47262784090909093 0.1074423076923077 0.023210227272727237 0.025384615384615377
0 0.3602840909090909 0.15889423076923076 0.030965909090909106 0.06124999999999999
0 0.37556107954545453 0.10641346153846153 0.042144886363636384 0.06628846153846152
0 0.06235085227272727 0.06101923076923077 0.027428977272727265 0.027269230769230768
0 0.014275568181818183 0.08973076923076923 0.028551136363636365 0.03665384615384615
0 0.07714488636363637 0.07827884615384616 0.024431818181818176 0.03278846153846153
0 0.025561079545454543 0.008826923076923076 0.01890625 0.01603846153846154
0 0.1584872159090909 0.4042596153846154 0.04830965909090912 0.06263461538461537
0 0.17218039772727273 0.37073076923076925 0.022173295454545473 0.029730769230769193
0 0.18821732954545453 0.34873076923076923 0.037116477272727266 0.021999999999999995
0 0.2038494318181818 0.3105384615384616 0.02738636363636364 0.029730769230769245
0 0.2697940340909091 0.3647115384615385 0.03183238636363636 0.05657692307692311
0 0.22923295454545453 0.30767307692307694 0.03985795454545455 0.03684615384615384
0 0.23493607954545456 0.26925 0.02759943181818183 0.04061538461538462
0 0.2212642045454545 0.22678846153846155 0.022926136363636385 0.033769230769230746
0 0.16502130681818183 0.020163461538461536 0.035781250000000014 0.04032692307692307
0 0.24306107954545456 0.24827884615384613 0.03225852272727274 0.02967307692307691
0 0.2141903409090909 0.3879230769230769 0.061250000000000006 0.06119230769230768
0 0.20142755681818184 0.4038365384615385 0.04294034090909089 0.03917307692307693
0 0.15420454545454546 0.3872019230769231 0.015767045454545447 0.040865384615384616
0 0.14572443181818182 0.3589423076923077 0.02187500000000001 0.023884615384615414
0 0.13090198863636363 0.3842403846153846 0.03413352272727273 0.045442307692307685
0 0.08629261363636363 0.2909807692307692 0.02809659090909091 0.028307692307692305
0 0.44433948863636363 0.10886538461538461 0.030525568181818195 0.03603846153846154
0 0.3143963068181818 0.9355961538461538 0.018252840909090903 0.025884615384615454
0 0.33203835227272727 0.9411346153846154 0.02188920454545454 0.026115384615384585
0 0.02155539772727273 0.030442307692307692 0.02910511363636364 0.032
0 0.32352272727272724 0.9513653846153847 0.01877840909090909 0.014115384615384568
0 0.2879829545454546 0.9490096153846154 0.025539772727272713 0.028711538461538476
0 0.3526491477272727 0.9704423076923077 0.02123579545454548 0.02369230769230768
0 0.3022372159090909 0.9746923076923077 0.024218750000000015 0.029769230769230805
0 0.3168252840909091 0.9654711538461538 0.034559659090909106 0.02509615384615387
0 0.9880255681818181 0.8937596153846153 0.023948863636363657 0.037173076923077
0 0.9952698863636364 0.9160769230769231 0.009460227272727228 0.028269230769230748
0 0.8016903409090909 0.0595673076923077 0.0551136363636363 0.06005769230769231
0 0.01294744318181818 0.2763269230769231 0.024133522727272726 0.10230769230769228
0 0.23123579545454545 0.5763750000000001 0.033210227272727266 0.027557692307692276
0 0.48490767045454547 0.17242307692307693 0.04242897727272728 0.0405
0 0.24772017045454542 0.22302884615384613 0.03049715909090909 0.03925000000000002
0 0.21181818181818182 0.35487500000000005 0.02531249999999999 0.023250000000000007
0 0.10826704545454545 0.28387500000000004 0.01696022727272727 0.023865384615384608
0 0.102734375 0.22801923076923075 0.017627840909090906 0.02419230769230769
0 0.7743821022727272 0.05281730769230769 0.0297017045454545 0.043711538461538454
0 0.15684659090909092 0.32869230769230773 0.01749999999999999 0.03200000000000003
0 0.2290767045454545 0.20375000000000001 0.028977272727272737 0.034807692307692296
0 0.8993821022727272 0.3435961538461539 0.024247159090909163 0.02892307692307691
0 0.846512784090909 0.8686538461538461 0.01734374999999989 0.031076923076923016
0 0.7028835227272727 0.5844038461538461 0.024857954545454544 0.046500000000000014
0 0.6719957386363636 0.060855769230769234 0.034076704545454556 0.03182692307692308
0 0.008416193181818181 0.7202980769230769 0.016832386363636362 0.035173076923076856
0 0.11818181818181818 0.11981730769230768 0.03323863636363637 0.04098076923076922
0 0.7464701704545456 0.5525096153846154 0.01615056818181819 0.01613461538461536
0 0.02806107954545455 0.7272500000000001 0.027798295454545454 0.028576923076923104
0 0.6803977272727273 0.7231153846153846 0.043806818181818225 0.052923076923076885
0 0.007642045454545454 0.671951923076923 0.015284090909090909 0.01744230769230768
0 0.542265625 0.6729038461538462 0.03509943181818187 0.03823076923076922
0 0.3462855113636364 0.9264230769230769 0.026406250000000006 0.030576923076923033
0 0.3113849431818182 0.8597403846153846 0.029048295454545438 0.035634615384615334
0 0.14303267045454546 0.33970192307692304 0.019332386363636364 0.021596153846153827
0 0.5079048295454546 0.13403846153846155 0.04018465909090904 0.061653846153846156
0 0.6824786931818182 0.99275 0.022826704545454535 0.01449999999999993
0 0.26986505681818185 0.8880096153846153 0.04524147727272727 0.04221153846153844
0 0.30697443181818185 0.9453557692307691 0.017045454545454544 0.02713461538461541
0 0.3364275568181818 0.8749711538461539 0.01680397727272725 0.02382692307692305
0 0.011207386363636364 0.12379807692307693 0.022414772727272728 0.06236538461538463
0 0.5742258522727273 0.7775576923076923 0.027457386363636423 0.029384615384615443
0 0.7451633522727273 0.11300961538461539 0.03430397727272724 0.037826923076923064
0 0.7038849431818182 0.019076923076923075 0.024531250000000056 0.03776923076923076
0 0.10390625 0.011076923076923076 0.04039772727272728 0.019192307692307693
0 0.6992400568181818 0.04897115384615384 0.02504261363636363 0.030403846153846153
0 0.3333451704545454 0.4913269230769231 0.062258522727272704 0.06196153846153851
0 0.7238991477272727 0.010240384615384616 0.024275568181818145 0.020480769230769233
0 0.3439701704545455 0.46650961538461533 0.02407670454545453 0.0440576923076923
0 0.6834801136363636 0.033019230769230766 0.023948863636363657 0.024576923076923076
0 0.4221732954545455 0.13585576923076925 0.01696022727272727 0.04594230769230769
0 0.4360156250000001 0.13766346153846154 0.017855113636363627 0.024173076923076936
0 0.6416264204545454 0.6752980769230769 0.02842329545454544 0.03113461538461538
0 0.7701207386363635 0.02764423076923077 0.041832386363636266 0.049288461538461545
0 0.13632102272727273 0.027384615384615386 0.022329545454545453 0.053730769230769235
0 0.08890625 0.3216538461538461 0.0259375 0.05249999999999997
0 0.38312500000000005 0.19263461538461538 0.043267045454545426 0.05084615384615384
0 0.7205397727272728 0.03358653846153846 0.03099431818181809 0.026211538461538463
0 0.37632102272727275 0.1568173076923077 0.029659090909090902 0.03924999999999999
0 0.08650568181818183 0.15232692307692308 0.04056818181818183 0.04003846153846155
0 0.9111292613636363 0.6521538461538462 0.017571022727272734 0.041923076923076834
0 0.5811079545454546 0.7196442307692307 0.03406249999999995 0.026442307692307692
0 0.051001420454545456 0.8888750000000001 0.026178977272727267 0.06117307692307693
0 0.6651420454545455 0.7132115384615385 0.0244034090909091 0.04099999999999999
0 0.14870738636363637 0.3010576923076923 0.02210227272727273 0.03573076923076925
0 0.07583806818181818 0.23013461538461538 0.02767045454545455 0.03850000000000002
0 0.37226562500000004 0.45629807692307695 0.033991477272727284 0.03751923076923075
0 0.13161221590909092 0.8127211538461538 0.02262784090909092 0.03286538461538468
0 0.00901278409090909 0.9134326923076923 0.01728693181818182 0.04809615384615383
0 0.33759232954545454 0.8446250000000001 0.024417613636363633 0.039096153846153815
0 0.3714346590909091 0.36827884615384615 0.024744318181818162 0.03590384615384618
0 0.08130681818181819 0.8409903846153846 0.018579545454545453 0.034288461538461615
0 0.017571022727272727 0.8334711538461538 0.03482954545454545 0.0306346153846154
0 0.3742471590909091 0.9044903846153847 0.02460227272727272 0.036942307692307656
0 0.9201349431818181 0.6136538461538462 0.021946022727272793 0.032115384615384594
0 0.313046875 0.8871442307692308 0.024786931818181843 0.027326923076923148
0 0.0096875 0.862048076923077 0.0190625 0.03409615384615388
0 0.11154829545454546 0.3175673076923077 0.01931818181818181 0.036326923076923104
0 0.363515625 0.8643846153846154 0.038423295454545474 0.039076923076923065
0 0.048629261363636364 0.6605 0.018906250000000003 0.033923076923076896
0 0.9837144886363638 0.8733461538461538 0.03251420454545453 0.03411538461538463
0 0.462265625 0.46606730769230775 0.01220170454545459 0.031826923076923044
0 0.8721590909090909 0.2605769230769231 0.014715909090908948 0.02346153846153844
0 0.04019886363636364 0.7180192307692308 0.025994318181818188 0.031076923076923016
0 0.2044247159090909 0.33139423076923075 0.04941761363636365 0.0199423076923077
0 0.7150923295454545 0.7015865384615385 0.028480113636363734 0.027519230769230775
0 0.024566761363636367 0.8425865384615384 0.017286931818181816 0.024788461538461513
0 0.15713068181818182 0.9013173076923077 0.028409090909090908 0.03844230769230771
0 0.08232954545454546 0.7958461538461539 0.03289772727272728 0.03384615384615378
0 0.9261718750000001 0.5874903846153846 0.015156249999999942 0.031519230769230744
0 0.05487926136363636 0.7421249999999999 0.024985795454545455 0.03817307692307686
0 0.9488281249999999 0.9519423076923077 0.027457386363636423 0.027423076923076904
0 0.05921164772727273 0.6851826923076924 0.022230113636363635 0.025211538461538487
0 0.1922940340909091 0.27737500000000004 0.034389204545454535 0.03074999999999996
0 0.09424715909090908 0.8398653846153846 0.023522727272727265 0.042576923076923054
0 0.1841548295454545 0.28963461538461543 0.027315340909090893 0.027846153846153826
