0 0.5142045454545454 0.9844423076923077 0.029034090909090985 0.031115384615384628
0 0.8423579545454545 0.9593076923076924 0.03531250000000002 0.06823076923076926
0 0.38646306818181825 0.4595769230769231 0.04428977272727274 0.038730769230769256
0 0.07805397727272728 0.08339423076923078 0.0234375 0.03113461538461538
0 0.5159801136363636 0.10323076923076924 0.045085227272727284 0.05807692307692308
0 0.15870028409090908 0.1350096153846154 0.03183238636363638 0.03686538461538463
0 0.5743465909090909 0.6792499999999999 0.030482954545454518 0.039692307692307666
0 0.44095880681818184 0.8769038461538462 0.029303977272727266 0.03503846153846159
0 0.9095738636363635 0.20875 0.02423295454545463 0.030692307692307706
0 0.18487926136363636 0.10806730769230768 0.02220170454545454 0.054442307692307686
0 0.007407670454545454 0.6670288461538462 0.014815340909090908 0.02490384615384613
0 0.87890625 0.20293269230769231 0.08400568181818197 0.08463461538461539
0 0.7295738636363637 0.9130865384615383 0.026363636363636367 0.0318653846153846
0 0.29006392045454543 0.4466538461538461 0.02794034090909089 0.038730769230769256
0 0.1291903409090909 0.984701923076923 0.032073863636363636 0.030596153846153894
0 0.12875 0.06667307692307693 0.021363636363636352 0.035153846153846154
0 0.3137926136363636 0.07975961538461539 0.03832386363636366 0.04017307692307692
0 0.29134943181818185 0.3609326923076923 0.02178977272727273 0.0473269230769231
0 0.21501420454545456 0.9130576923076923 0.03034090909090911 0.03403846153846152
0 0.7827414772727272 0.13093269230769233 0.028437499999999973 0.05259615384615386
0 0.6793181818181818 0.812625 0.04281249999999998 0.03413461538461538
0 0.13091619318181816 0.8763846153846154 0.04160511363636365 0.04753846153846148
0 0.03848011363636363 0.3391730769230769 0.029318181818181813 0.04707692307692311
0 0.8553053977272728 0.9890576923076922 0.02637784090909082 0.021884615384615377
0 0.0891690340909091 0.2600673076923077 0.03183238636363637 0.05444230769230767
0 0.33238636363636365 0.27834615384615385 0.027414772727272742 0.03457692307692306
0 0.8628977272727273 0.5644230769230769 0.06846590909090916 0.05096153846153846
0 0.3101846590909091 0.3520192307692308 0.025880681818181817 0.03688461538461534
0 0.9852201704545455 0.4490673076923077 0.029559659090909015 0.04486538461538464
0 0.18553267045454547 0.9526730769230769 0.022542613636363642 0.029923076923076927
0 0.44523437500000007 0.3089423076923077 0.031889204545454526 0.05657692307692311
0 0.9847301136363636 0.3839230769230769 0.0222443181818183 0.03011538461538461
0 0.5305113636363636 0.8400192307692308 0.022585227272727323 0.026192307692307702
0 0.528018465909091 0.8144134615384615 0.02521306818181818 0.02817307692307688
0 0.9682528409090909 0.03949038461538462 0.026534090909091 0.037750000000000006
0 0.23784801136363634 0.23277884615384617 0.030042613636363645 0.037057692307692326
0 0.12097301136363635 0.5042115384615384 0.0363494318181818 0.03826923076923072
0 0.5478764204545454 0.06998076923076924 0.028963068181818163 0.030269230769230767
0 0.53109375 0.7649903846153845 0.025511363636363606 0.04048076923076925
0 0.3307173295454545 0.6740480769230769 0.024218749999999976 0.02167307692307689
0 0.36806818181818185 0.6956826923076923 0.026562500000000024 0.03413461538461538
0 0.3557670454545454 0.6744711538461539 0.018124999999999947 0.018403846153846142
0 0.7431676136363637 0.4972019230769231 0.03482954545454551 0.03686538461538459
0 0.126796875 0.9426923076923078 0.037713068181818195 0.059269230769230755
0 0.8418181818181819 0.060942307692307685 0.01968750000000002 0.03257692307692307
0 0.7618323863636363 0.8751538461538462 0.024971590909090968 0.036346153846153806
0 0.4729190340909091 0.21066346153846155 0.08171874999999997 0.04548076923076924
0 0.52078125 0.5990192307692308 0.02997159090909094 0.037230769230769255
0 0.8549502840909091 0.04983653846153846 0.021889204545454663 0.029634615384615377
0 0.5429474431818182 0.6896057692307693 0.030781250000000024 0.04501923076923082
0 0.2461931818181818 0.32768269230769226 0.040056818181818166 0.07501923076923081
0 0.04150568181818182 0.8654711538461539 0.028124999999999997 0.03417307692307689
0 0.04691051136363636 0.7932211538461539 0.03606534090909091 0.044903846153846086
0 0.49799715909090914 0.7143365384615386 0.04596590909090903 0.09336538461538464
0 0.3242471590909091 0.6528173076923077 0.011903409090909084 0.025673076923076858
0 0.10550426136363635 0.5635288461538461 0.032088068181818176 0.03563461538461544
0 0.04290482954545454 0.1661923076923077 0.08580965909090908 0.13803846153846155
0 0.14210227272727272 0.6787403846153846 0.028124999999999997 0.03467307692307687
0 0.6991051136363636 0.7453461538461539 0.03488636363636364 0.0393076923076923
0 0.2765625 0.9118846153846154 0.03207386363636366 0.0422692307692308
0 0.8877769886363637 0.2131346153846154 0.021889204545454663 0.025923076923076903
0 0.10175426136363637 0.08768269230769231 0.03137784090909091 0.04644230769230769
0 0.8064346590909092 0.4511153846153846 0.03323863636363633 0.0455384615384615
0 0.041626420454545454 0.2248942307692308 0.02723011363636364 0.04763461538461541
0 0.3263778409090909 0.11535576923076923 0.030426136363636346 0.03917307692307693
0 0.022982954545454546 0.21752884615384616 0.017585227272727273 0.04309615384615384
0 0.13038352272727272 0.5671923076923077 0.025596590909090902 0.03807692307692299
0 0.4962144886363636 0.8127788461538461 0.05808238636363634 0.1009423076923077
0 0.04365767045454545 0.6572596153846153 0.028849431818181823 0.04540384615384607
0 0.22007102272727275 0.15171153846153845 0.021420454545454562 0.03865384615384614
0 0.8352556818181818 0.24721153846153848 0.028437499999999973 0.05553846153846156
0 0.016796875000000003 0.6382211538461539 0.025610795454545456 0.03659615384615379
0 0.080625 0.6201538461538462 0.03857954545454546 0.03953846153846154
0 0.04140625 0.9215673076923078 0.02644886363636364 0.04167307692307695
0 0.35641335227272725 0.707625 0.012343749999999997 0.01898076923076924
0 0.04225142045454545 0.383125 0.04021306818181818 0.044249999999999984
0 0.4885795454545454 0.8920192307692308 0.018465909090909092 0.027000000000000038
0 0.4997230113636363 0.9388653846153847 0.038991477272727254 0.0405
0 0.7849076704545456 0.7951538461538462 0.03154829545454534 0.02549999999999998
0 0.0525 0.761 0.032812499999999994 0.036115384615384674
0 0.1113778409090909 0.5411153846153846 0.0302840909090909 0.032807692307692315
0 0.03743607954545454 0.03548076923076923 0.027230113636363632 0.02153846153846154
0 0.023295454545454543 0.5277980769230769 0.04392045454545454 0.04851923076923081
0 0.7238849431818182 0.9815673076923076 0.08069602272727273 0.03655769230769218
0 0.18163352272727273 0.93125 0.02514204545454546 0.02465384615384625
0 0.7343536931818182 0.44272115384615385 0.036434659090908976 0.04390384615384613
0 0.5661363636363637 0.7254615384615385 0.037755681818181876 0.04334615384615378
0 0.3434659090909091 0.020173076923076922 0.03380681818181816 0.040346153846153844
0 0.034169034090909094 0.013451923076923077 0.035184659090909086 0.026596153846153846
0 0.49384943181818175 0.9854615384615386 0.02156250000000001 0.027653846153846143
0 0.04308948863636364 0.2801923076923077 0.026803977272727278 0.04934615384615384
0 0.07764914772727273 0.1650673076923077 0.018849431818181814 0.03459615384615384
0 0.7770028409090909 0.09871153846153846 0.021335227272727245 0.028153846153846154
0 0.9261505681818182 0.08941346153846154 0.03156250000000004 0.04348076923076923
0 0.11828125000000002 0.26232692307692307 0.028068181818181825 0.04423076923076923
0 0.34441761363636364 0.05109615384615385 0.031534090909090894 0.0355
0 0.32446732954545454 0.8261826923076924 0.02521306818181818 0.037826923076923105
0 0.4209801136363636 0.4366730769230769 0.02215909090909094 0.05999999999999998
0 0.5733167613636364 0.6093076923076922 0.024218750000000015 0.04111538461538461
0 0.171015625 0.9133557692307692 0.024701704545454548 0.03344230769230767
0 0.8318892045454546 0.8542884615384616 0.04338068181818177 0.05449999999999995
0 0.47746448863636365 0.6771057692307693 0.027911931818181787 0.037788461538461604
0 0.8582315340909091 0.08426923076923076 0.013139204545454546 0.034807692307692296
0 0.39461647727272725 0.022528846153846153 0.03508522727272734 0.04328846153846153
0 0.6321803977272726 0.2553365384615385 0.02529829545454546 0.03671153846153844
0 0.34677556818181815 0.8282596153846153 0.03099431818181817 0.03921153846153844
0 0.8336221590909091 0.06834615384615385 0.044857954545454444 0.047384615384615386
0 0.34950284090909095 0.46279807692307695 0.023494318181818172 0.026750000000000048
0 0.04222301136363637 0.8256826923076923 0.039673295454545454 0.05225000000000003
0 0.9143039772727274 0.14389423076923075 0.037755681818181876 0.0355576923076923
0 0.20428977272727272 0.2793653846153846 0.045454545454545456 0.05492307692307693
0 0.8650994318181818 0.8817980769230769 0.0300852272727272 0.04813461538461544
0 0.7983238636363637 0.8513365384615385 0.0663636363636364 0.11040384615384609
0 0.5544673295454546 0.10049999999999999 0.03995738636363644 0.044653846153846155
0 0.16494318181818182 0.8863557692307692 0.028181818181818186 0.03698076923076916
0 0.35855823863636366 0.6580865384615384 0.01589488636363632 0.019211538461538478
0 0.5597869318181818 0.41166346153846156 0.024204545454545482 0.03275
0 0.3055539772727273 0.029903846153846156 0.04264204545454547 0.05980769230769231
0 0.9509161931818181 0.3304615384615385 0.02359375000000002 0.0362692307692308
0 0.09524147727272726 0.1772596153846154 0.028892045454545448 0.0385576923076923
0 0.38186079545454543 0.4927692307692308 0.033039772727272716 0.04888461538461536
0 0.9713210227272726 0.6076057692307693 0.019460227272727174 0.04044230769230775
0 0.10477982954545455 0.845951923076923 0.04291193181818183 0.04686538461538462
0 0.7321661931818181 0.9675961538461538 0.031548295454545426 0.042730769230769176
0 0.2734161931818182 0.3080769230769231 0.032230113636363675 0.04484615384615389
0 0.026960227272727268 0.29011538461538466 0.029744318181818177 0.03742307692307694
0 0.5156178977272727 0.21861538461538463 0.02455965909090904 0.03473076923076921
0 0.8909872159090909 0.3518173076923077 0.03211647727272713 0.05548076923076922
0 0.965653409090909 0.6946153846153847 0.02247159090909098 0.03134615384615387
0 0.23171875 0.29360576923076925 0.026676136363636364 0.039673076923076915
0 0.4095383522727273 0.49731730769230775 0.034076704545454556 0.053903846153846156
0 0.5215980113636364 0.6679326923076923 0.025866477272727242 0.0539038461538461
0 0.09178977272727273 0.21709615384615386 0.025511363636363627 0.0416923076923077
0 0.06759232954545455 0.18265384615384614 0.01717329545454546 0.026653846153846153
0 0.4586576704545454 0.9524230769230769 0.04086647727272725 0.05684615384615385
0 0.16978693181818183 0.6650576923076924 0.03519886363636362 0.05999999999999998
0 0.11073863636363637 0.2816153846153846 0.028068181818181825 0.03176923076923074
0 0.5627201704545454 0.17320192307692306 0.03007102272727275 0.029288461538461544
0 0.5010440340909091 0.3781346153846154 0.02933238636363633 0.035884615384615376
0 0.40526278409090905 0.1344326923076923 0.018394886363636346 0.02440384615384615
0 0.7926207386363636 0.4294326923076923 0.021633522727272755 0.032519230769230766
0 0.09407670454545453 0.9556057692307692 0.039886363636363636 0.06513461538461539
0 0.10027698863636364 0.29849038461538463 0.03129261363636364 0.03690384615384615
0 0.5768394886363637 0.8715769230769231 0.02316761363636364 0.0345384615384615
0 0.7569815340909091 0.43133653846153847 0.02964488636363637 0.041750000000000016
0 0.6937855113636363 0.9535769230769231 0.03203125000000002 0.047807692307692336
0 0.4274857954545455 0.052 0.029772727272727242 0.03969230769230769
0 0.48647727272727276 0.007076923076923077 0.0293181818181818 0.014153846153846154
0 0.3401633522727273 0.654875 0.025866477272727284 0.04001923076923077
0 0.29688920454545453 0.11183653846153846 0.031534090909090935 0.04148076923076923
0 0.1844602272727273 0.16250961538461536 0.029744318181818198 0.04082692307692309
0 0.004744318181818182 0.026711538461538464 0.009488636363636364 0.03288461538461539
0 0.16509232954545452 0.21491346153846153 0.0313778409090909 0.038903846153846164
0 0.10694602272727272 0.7143750000000001 0.03065340909090909 0.03563461538461544
0 0.5372514204545454 0.9199999999999999 0.04603693181818185 0.038500000000000076
0 0.36245028409090907 0.4464326923076923 0.018053977272727242 0.03275
0 0.7055610795454546 0.9121249999999999 0.02825284090909097 0.033788461538461524
0 0.9824928977272727 0.47825961538461537 0.035014204545454515 0.036865384615384536
0 0.8910582386363637 0.14352884615384615 0.020781249999999994 0.02444230769230768
0 0.26852982954545457 0.15909615384615383 0.031178977272727296 0.05238461538461538
0 0.5537428977272728 0.389826923076923 0.02529829545454546 0.02976923076923075
0 0.4372443181818182 0.6276442307692308 0.034488636363636326 0.04555769230769241
0 0.14571022727272728 0.5620576923076923 0.02451704545454544 0.036615384615384654
0 0.0701065340909091 0.04767307692307692 0.04146306818181819 0.052730769230769234
0 0.9730610795454546 0.673451923076923 0.022940340909090876 0.03417307692307689
0 0.347421875 0.6898076923076922 0.016207386363636358 0.018076923076923032
0 0.09 0.7441634615384615 0.041477272727272724 0.048326923076923066
0 0.44491477272727276 0.9877884615384614 0.03184659090909093 0.0244230769230769
0 0.2711576704545454 0.49053846153846153 0.046946022727272704 0.053307692307692306
0 0.04005681818181818 0.6914326923076922 0.03028409090909091 0.03467307692307698
0 0.1125 0.9517884615384615 0.028181818181818186 0.06338461538461546
0 0.4345596590909091 0.4412403846153846 0.020198863636363674 0.04382692307692306
0 0.0662002840909091 0.7195096153846153 0.04578125 0.04978846153846151
0 0.7091264204545454 0.4787692307692308 0.04765625000000002 0.04553846153846155
0 0.2503125 0.25749999999999995 0.02329545454545451 0.03865384615384614
0 0.20677556818181816 0.772798076923077 0.025142045454545438 0.04694230769230774
0 0.8695241477272727 0.27884615384615385 0.05041193181818183 0.05873076923076927
0 0.4503764204545455 0.659875 0.03365056818181818 0.035557692307692325
0 0.9280042613636365 0.046788461538461536 0.02248579545454551 0.038961538461538464
0 0.9845383522727272 0.5732115384615386 0.03092329545454543 0.03134615384615387
0 0.1573650568181818 0.9206826923076923 0.019076704545454556 0.030519230769230778
0 0.0640340909090909 0.3000384615384615 0.03519886363636364 0.03573076923076925
0 0.24110795454545456 0.14815384615384614 0.027414772727272704 0.04373076923076922
0 0.86171875 0.6045576923076923 0.04767045454545447 0.05346153846153837
0 0.10081676136363636 0.8039615384615385 0.031377840909090904 0.04492307692307695
0 0.9748863636363637 0.2015 0.02380681818181817 0.03823076923076922
0 0.42818892045454543 0.8487788461538461 0.020099431818181787 0.03228846153846147
0 0.9950426136363636 0.598971153846154 0.009914772727272753 0.03009615384615391
0 0.2613494318181818 0.013673076923076923 0.03065340909090911 0.027346153846153846
0 0.8885085227272728 0.9960673076923076 0.02119318181818192 0.007865384615384677
0 0.6375000000000001 0.23623076923076924 0.023465909090909065 0.03623076923076921
0 0.2018536931818182 0.08879807692307692 0.03686079545454548 0.054442307692307686
0 0.3217400568181818 0.6315769230769231 0.04768465909090908 0.05626923076923075
0 0.8866832386363636 0.16389423076923076 0.04813920454545453 0.04740384615384614
0 0.015163352272727275 0.779298076923077 0.03032670454545455 0.02782692307692313
0 0.9258735795454546 0.3551923076923077 0.03654829545454532 0.04273076923076923
0 0.7559019886363636 0.10695192307692307 0.031519886363636444 0.04663461538461537
0 0.34456676136363634 0.44366346153846153 0.019076704545454515 0.020749999999999984
0 0.4629332386363636 0.15874038461538462 0.09805397727272731 0.10509615384615385
0 0.04443892045454545 0.9814711538461539 0.030781249999999996 0.03705769230769227
0 0.7686647727272727 0.7103557692307693 0.06309659090909102 0.07140384615384615
0 0.8912642045454546 0.26560576923076923 0.03045454545454537 0.03898076923076922
0 0.9731605113636363 0.36333653846153846 0.029957386363636408 0.043019230769230775
0 0.11032670454545455 0.06894230769230769 0.023039772727272725 0.03969230769230769
0 0.5559446022727272 0.14665384615384616 0.02455965909090904 0.03076923076923077
0 0.14194602272727275 0.20901923076923076 0.027642045454545447 0.04765384615384616
0 0.5473224431818182 0.2424326923076923 0.024928977272727207 0.03174999999999998
0 0.7986008522727274 0.08983653846153847 0.0238210227272727 0.04317307692307692
0 0.12778409090909093 0.3210480769230769 0.034829545454545446 0.038288461538461535
0 0.15472301136363636 0.06638461538461538 0.04313920454545455 0.058423076923076925
0 0.4651420454545454 0.8785192307692309 0.029289772727272734 0.04103846153846149
0 0.8823863636363637 0.9172403846153847 0.032499999999999994 0.041442307692307716
0 0.5207457386363636 0.13648076923076924 0.02529829545454546 0.03126923076923075
0 0.3590411931818182 0.7922884615384616 0.03984375000000002 0.05026923076923074
0 0.20073863636363634 0.3453076923076923 0.04644886363636362 0.07723076923076923
0 0.7489772727272727 0.3847115384615385 0.020823863636363592 0.03850000000000002
0 0.20164062500000002 0.1344423076923077 0.02387784090909091 0.040269230769230765
0 0.46735795454545453 0.7159711538461538 0.03372159090909092 0.06086538461538457
0 0.5306605113636365 0.799326923076923 0.0299005681818182 0.038500000000000076
0 0.4358522727272728 0.960375 0.023153409090909106 0.029519230769230704
0 0.9341832386363635 0.2543557692307692 0.02879261363636361 0.03448076923076922
0 0.087578125 0.8872307692307693 0.027741477272727275 0.03638461538461542
0 0.9136150568181818 0.033711538461538466 0.02157670454545446 0.042
0 0.94171875 0.06809615384615383 0.028323863636363713 0.042615384615384624
0 0.05808948863636363 0.6638557692307692 0.027400568181818182 0.04686538461538462
0 0.022769886363636364 0.2589326923076923 0.028068181818181815 0.04536538461538462
0 0.016441761363636367 0.9055 0.028480113636363637 0.07711538461538466
0 0.038487215909090905 0.082125 0.07697443181818181 0.07740384615384616
0 0.19203835227272725 0.9688076923076924 0.054616477272727254 0.062192307692307755
0 0.911015625 0.9000480769230769 0.022656250000000065 0.04444230769230761
0 0.12461647727272727 0.6355288461538462 0.07321022727272727 0.08982692307692304
0 0.5662073863636364 0.32382692307692307 0.026022727272727263 0.03673076923076922
0 0.4875284090909091 0.6387596153846153 0.025028409090909018 0.033326923076923046
0 0.7077911931818183 0.07130769230769231 0.04376420454545463 0.06665384615384615
0 0.9943536931818181 0.01578846153846154 0.011292613636363701 0.03157692307692308
0 0.34984375 0.5377307692307692 0.028948863636363672 0.03826923076923072
0 0.9933877840909091 0.3808461538461539 0.013224431818181741 0.028884615384615404
0 0.10079545454545454 0.9932019230769229 0.02556818181818181 0.013596153846153942
0 0.08080255681818183 0.8083557692307692 0.03245738636363637 0.057596153846153825
0 0.36397727272727276 0.32067307692307695 0.08534090909090906 0.11676923076923082
0 0.1552627840909091 0.6284615384615385 0.022713068181818175 0.029769230769230805
0 0.9172869318181818 0.2757307692307692 0.02380681818181817 0.03823076923076922
0 0.9842897727272728 0.603375 0.015284090909091058 0.040134615384615394
0 0.9499644886363636 0.2318653846153846 0.02160511363636369 0.04949999999999999
0 0.3823721590909091 0.9617596153846154 0.021789772727272772 0.02951923076923081
0 0.9073082386363637 0.8601153846153846 0.046491477272727295 0.04707692307692311
0 0.5815269886363637 0.7621346153846154 0.02504261363636363 0.037807692307692244
0 0.08974431818181818 0.9048461538461539 0.04681818181818181 0.03873076923076921
0 0.8202130681818183 0.23350000000000004 0.037755681818181876 0.04592307692307694
0 0.23347301136363638 0.26413461538461536 0.03495738636363634 0.05038461538461536
0 0.657734375 0.5981923076923077 0.05697443181818184 0.05326923076923085
0 0.9947514204545456 0.4106634615384615 0.010497159090909071 0.03317307692307692
0 0.05051136363636364 0.9611826923076923 0.025568181818181823 0.03286538461538468
0 0.5240625 0.8760576923076923 0.03406250000000002 0.04557692307692306
0 0.180546875 0.549673076923077 0.027258522727272704 0.029384615384615443
0 0.3243110795454545 0.04746153846153846 0.015014204545454535 0.02542307692307692
0 0.514247159090909 0.44922115384615385 0.03883522727272724 0.11748076923076918
0 0.344375 0.7076250000000001 0.01230113636363636 0.020788461538461544
0 0.09733664772727274 0.15400961538461538 0.02723011363636364 0.02494230769230769
0 0.059630681818181826 0.25807692307692304 0.029744318181818184 0.04934615384615384
0 0.17599431818181818 0.7871826923076923 0.053749999999999985 0.09213461538461543
0 0.9823295454545454 0.9704038461538462 0.032443181818181864 0.05184615384615392
0 0.7363636363636363 0.4194038461538462 0.042840909090909124 0.03415384615384614
0 0.06361505681818182 0.020855769230769233 0.038536931818181824 0.04171153846153847
0 0.1797869318181818 0.5236923076923077 0.0196875 0.03076923076923077
0 0.37283380681818185 0.7747692307692308 0.025213068181818222 0.04657692307692313
0 0.30269886363636367 0.31791346153846156 0.025426136363636373 0.03748076923076925
0 0.886150568181818 0.8891826923076923 0.026846590909090876 0.03632692307692305
0 0.32650568181818185 0.31384615384615383 0.03269886363636365 0.04334615384615383
0 0.4278480113636364 0.5626346153846153 0.02759943181818183 0.039192307692307686
0 0.1601846590909091 0.9664615384615386 0.03857954545454545 0.06688461538461545
0 0.4365340909090909 0.9322499999999999 0.025880681818181858 0.03134615384615387
0 0.4065553977272728 0.56725 0.017031249999999932 0.029961538461538432
0 0.040759943181818185 0.8936923076923078 0.024275568181818186 0.03169230769230762
0 0.305390625 0.6654711538461537 0.04086647727272725 0.05394230769230771
0 0.13637073863636362 0.3914423076923077 0.03282670454545455 0.053307692307692306
0 0.09209517045454546 0.12622115384615384 0.025127840909090916 0.03401923076923078
0 0.3265127840909091 0.5976826923076923 0.03745738636363637 0.05024999999999999
0 0.7321661931818181 0.879625 0.04098011363636367 0.04271153846153842
0 0.7391619318181818 0.47875961538461537 0.03403409090909096 0.03144230769230768
0 0.969346590909091 0.21612499999999998 0.035994318181818225 0.04948076923076924
0 0.05559659090909091 0.5629903846153846 0.03482954545454545 0.058788461538461526
0 0.5548934659090908 0.6014807692307692 0.0240198863636364 0.03700000000000002
0 0.9876278409090908 0.6991538461538461 0.024744318181818124 0.07369230769230779
0 0.5323011363636364 0.1662596153846154 0.026392045454545432 0.03721153846153845
0 0.6703764204545455 0.7812596153846154 0.029616477272727305 0.03651923076923079
0 0.9301633522727273 0.8947596153846153 0.02734375 0.04867307692307693
0 0.018224431818181817 0.7539230769230768 0.03644886363636363 0.033692307692307764
0 0.016725852272727274 0.5698269230769231 0.031803977272727275 0.039653846153846165
0 0.5720596590909092 0.9204230769230769 0.028721590909090867 0.03761538461538462
0 0.9294744318181819 0.2239903846153846 0.026022727272727184 0.033749999999999995
0 0.13335937499999997 0.10070192307692306 0.035610795454545464 0.03628846153846153
0 0.4972372159090909 0.4074038461538461 0.024332386363636358 0.03088461538461539
0 0.171953125 0.7106538461538462 0.04822443181818182 0.05
0 0.22281250000000002 0.8080096153846154 0.03815340909090907 0.03755769230769236
0 0.5618821022727273 0.4590865384615385 0.06492897727272733 0.12240384615384617
0 0.586377840909091 0.9521538461538461 0.11789772727272728 0.09565384615384617
0 0.7187428977272727 0.9274326923076923 0.03390624999999992 0.035057692307692345
0 0.9869105113636365 0.05623076923076923 0.026093750000000006 0.06026923076923076
0 0.8239914772727274 0.9542115384615385 0.03624999999999998 0.06184615384615379
0 0.8795667613636362 0.08723076923076922 0.03282670454545456 0.05553846153846153
0 0.6022585227272728 0.4742596153846154 0.06321022727272728 0.09001923076923071
0 0.0827840909090909 0.8579038461538462 0.0234375 0.045384615384615426
0 0.10592329545454544 0.13160576923076925 0.02514204545454546 0.030057692307692313
0 0.5462215909090908 0.6470961538461538 0.03653409090909087 0.05223076923076917
0 0.23235085227272725 0.8875288461538461 0.02947443181818182 0.03698076923076927
0 0.06330255681818181 0.8948653846153847 0.02600852272727273 0.04461538461538459
0 0.08109375 0.5322403846153846 0.035340909090909096 0.06971153846153846
0 0.5622372159090909 0.8132596153846153 0.027514204545454553 0.037788461538461604
0 0.8327059659090907 0.8974711538461538 0.041434659090909036 0.05801923076923069
0 0.5394460227272727 0.4091826923076923 0.019431818181818192 0.03275
0 0.010511363636363636 0.6026346153846154 0.021022727272727273 0.03826923076923072
0 0.12349431818181818 0.5301923076923076 0.05048295454545453 0.03826923076923072
0 0.38894176136363634 0.301625 0.0308664772727273 0.044249999999999984
0 0.8270525568181818 0.1894423076923077 0.048139204545454686 0.046653846153846164
0 0.16436079545454546 0.03604807692307692 0.02471590909090908 0.03628846153846153
0 0.13231534090909092 0.13103846153846155 0.02596590909090909 0.03346153846153847
0 0.91203125 0.24160576923076924 0.031022727272727316 0.04498076923076926
0 0.4201278409090909 0.018365384615384617 0.023465909090909065 0.03523076923076923
0 0.0629190340909091 0.4266442307692308 0.05453125 0.08817307692307691
0 0.8037428977272728 0.9852307692307691 0.03626420454545451 0.029538461538461565
0 0.7838352272727271 0.08279807692307692 0.01968750000000002 0.02444230769230768
0 0.844012784090909 0.02427884615384615 0.03282670454545456 0.03924999999999999
0 0.5291903409090909 0.9591057692307693 0.034602272727272745 0.058750000000000024
0 0.6447088068181818 0.5656730769230769 0.06106534090909092 0.06503846153846153
0 0.09144176136363637 0.3702596153846154 0.03382102272727273 0.06559615384615387
0 0.015397727272727273 0.9711634615384616 0.030795454545454546 0.04225000000000005
0 0.06583806818181817 0.742201923076923 0.019829545454545457 0.032711538461538445
0 0.5035369318181818 0.6665480769230769 0.02750000000000002 0.04113461538461536
0 0.15172585227272728 0.9019038461538462 0.013877840909090904 0.018769230769230753
0 0.8855823863636364 0.12648076923076923 0.024062499999999917 0.02888461538461539
0 0.7759588068181817 0.9220096153846153 0.033423295454545414 0.04590384615384616
0 0.8615198863636363 0.23678846153846153 0.028920454545454565 0.0476153846153846
0 0.12083096590909091 0.7525576923076924 0.03893465909090909 0.056346153846153865
0 0.43108664772727273 0.49094230769230773 0.022372159090909092 0.05796153846153849
0 0.41813920454545456 0.5381923076923077 0.030653409090909148 0.03457692307692311
0 0.058373579545454544 0.3595865384615385 0.02890625 0.05274999999999996
0 0.5560227272727273 0.7673749999999999 0.028437499999999973 0.04844230769230769
0 0.16142755681818183 0.18803846153846154 0.039786931818181825 0.041961538461538446
0 0.9624928977272728 0.3209423076923077 0.024957386363636435 0.028269230769230803
0 0.063515625 0.8593557692307693 0.01776988636363636 0.03344230769230767
0 0.09504261363636363 0.5913557692307693 0.03857954545454545 0.045403846153846183
0 0.9229332386363637 0.8135576923076923 0.03399147727272736 0.05661538461538461
0 0.16161221590909092 0.4034038461538461 0.03282670454545455 0.05946153846153844
0 0.32702414772727273 0.5225192307692308 0.041889204545454556 0.041961538461538446
0 0.22656960227272727 0.10892307692307693 0.04356534090909093 0.056153846153846144
0 0.5738991477272727 0.09032692307692307 0.026747159090909068 0.039192307692307686
0 0.16498579545454548 0.10608653846153847 0.021789772727272713 0.044788461538461534
0 0.4712855113636364 0.9882884615384615 0.026093750000000006 0.023423076923076935
0 0.07551136363636363 0.21888461538461537 0.017585227272727277 0.042076923076923095
0 0.5454616477272727 0.8795096153846155 0.027855113636363657 0.03532692307692298
0 0.8188423295454544 0.26535576923076926 0.035014204545454515 0.03851923076923077
0 0.5207741477272727 0.6301442307692307 0.03078124999999994 0.03501923076923073
0 0.4878977272727273 0.4609423076923077 0.04997159090909092 0.11265384615384617
0 0.2445880681818182 0.38948076923076924 0.028267045454545423 0.044269230769230734
0 0.7285511363636364 0.3863365384615384 0.029630681818181837 0.041750000000000016
0 0.5637926136363636 0.8922211538461539 0.02815340909090908 0.03771153846153849
0 0.771193181818182 0.4581730769230769 0.05085227272727282 0.05203846153846154
0 0.6482670454545455 0.33889423076923075 0.03403409090909096 0.04228846153846155
0 0.9031676136363637 0.3402019230769231 0.028806818181818142 0.03975000000000003
0 0.010234375 0.22602884615384614 0.02046875 0.03175000000000001
0 0.8371732954545454 0.2905288461538461 0.0705681818181819 0.04148076923076927
0 0.5456747159090909 0.43672115384615384 0.026747159090909068 0.033250000000000036
0 0.45458096590909086 0.8513173076923077 0.023849431818181846 0.02721153846153842
