0 0.6051491477272727 0.28257692307692306 0.018934659090909068 0.027384615384615403
0 0.6406889204545454 0.33155769230769233 0.03242897727272725 0.05653846153846155
0 0.9057599431818182 0.621375 0.02166193181818182 0.033788461538461524
0 0.926484375 0.622326923076923 0.032968750000000054 0.04846153846153844
0 0.9368394886363636 0.5847115384615384 0.027315340909090935 0.04207692307692307
0 0.9368465909090908 0.5512403846153846 0.03485795454545449 0.026134615384615336
0 0.9415553977272727 0.5340192307692307 0.0640482954545455 0.035076923076923096
0 0.9170596590909091 0.5222307692307693 0.04803977272727264 0.03826923076923072
0 0.9641548295454545 0.5936442307692308 0.03546875000000004 0.04763461538461535
0 0.9824644886363636 0.5886153846153845 0.03433238636363631 0.06776923076923079
0 0.9677343750000001 0.6224999999999999 0.054076704545454615 0.03176923076923074
0 0.96515625 0.6492115384615386 0.04892045454545462 0.03407692307692302
0 0.5956818181818182 0.3471923076923077 0.035795454545454526 0.0351153846153846
0 0.9785440340909091 0.6563365384615384 0.04291193181818187 0.058096153846153804
0 0.9843323863636364 0.6770865384615385 0.031335227272727195 0.06455769230769229
0 0.9925639204545454 0.7004038461538461 0.01487215909090913 0.03584615384615382
0 0.9563778409090908 0.7798461538461539 0.046789772727272645 0.07111538461538465
0 0.956171875 0.728451923076923 0.06115056818181812 0.05390384615384621
0 0.7201988636363637 0.7762307692307692 0.06443181818181828 0.08723076923076925
0 0.6801775568181818 0.7553942307692307 0.050894886363636344 0.05667307692307698
0 0.9313423295454545 0.780125 0.04677556818181811 0.05278846153846151
0 0.9340056818181818 0.8262307692307692 0.05048295454545449 0.04611538461538465
0 0.9900852272727273 0.7631826923076923 0.019829545454545506 0.06555769230769226
0 0.5995241477272727 0.3874134615384615 0.027571022727272684 0.05463461538461538
0 0.9448792613636363 0.8516826923076923 0.020184659090908982 0.02490384615384624
0 0.961356534090909 0.8605192307692309 0.02166193181818182 0.03296153846153854
0 0.9393963068181819 0.8826153846153847 0.02819602272727276 0.040192307692307756
0 0.9809019886363637 0.882423076923077 0.03819602272727271 0.04057692307692312
0 0.9896519886363635 0.860125 0.0206960227272728 0.04821153846153845
0 0.996796875 0.8982403846153847 0.0064062499999999875 0.02628846153846157
0 0.9584730113636365 0.9136249999999999 0.03958806818181819 0.05844230769230767
0 0.9344673295454545 0.9269423076923077 0.04828125000000001 0.06569230769230763
0 0.8858096590909091 0.9714519230769231 0.04622159090909086 0.04817307692307683
0 0.8401846590909091 0.9533365384615385 0.02980113636363639 0.042403846153846174
0 0.5764701704545455 0.36696153846153845 0.018963068181818133 0.021500000000000012
0 0.80734375 0.9210192307692308 0.037698863636363586 0.05600000000000001
0 0.7699502840909092 0.9509326923076923 0.04163352272727281 0.03921153846153844
0 0.7618039772727272 0.9229999999999999 0.029687499999999967 0.03823076923076922
0 0.7797230113636363 0.9077980769230769 0.05177556818181808 0.05294230769230764
0 0.8333025568181818 0.977423076923077 0.05683238636363635 0.04515384615384619
0 0.7007173295454545 0.9185 0.042514204545454556 0.06796153846153852
0 0.7173863636363637 0.9440480769230769 0.06193181818181821 0.05655769230769236
0 0.7250852272727273 0.8991442307692307 0.04801136363636365 0.0580576923076923
0 0.7096946022727273 0.9715865384615385 0.04507102272727275 0.036211538461538434
0 0.6693821022727273 0.9581923076923077 0.037002840909090846 0.05111538461538458
0 0.6167258522727272 0.3889038461538462 0.02359375000000002 0.03911538461538462
0 0.6530681818181818 0.9331346153846154 0.04397727272727278 0.0476153846153846
0 0.6598508522727272 0.9095673076923078 0.042144886363636384 0.0520961538461538
0 0.5836008522727273 0.963701923076923 0.03745738636363637 0.072326923076923
0 0.60140625 0.9838653846153846 0.04193181818181815 0.03226923076923072
0 0.5764985795454546 0.9160096153846154 0.038480113636363604 0.04867307692307693
0 0.5445383522727273 0.8804134615384616 0.034701704545454556 0.056942307692307716
0 0.5058877840909091 0.9572980769230769 0.07203124999999998 0.0711730769230768
0 0.49484375 0.9135192307692307 0.023664772727272684 0.039153846153846074
0 0.4969460227272728 0.9476923076923076 0.02156250000000001 0.029192307692307705
0 0.4811789772727273 0.9295384615384615 0.022613636363636305 0.029884615384615423
0 0.634140625 0.3630769230769231 0.04345170454545459 0.07284615384615384
0 0.4738210227272727 0.955875 0.02997159090909094 0.03701923076923077
0 0.4496306818181818 0.9572980769230769 0.04994318181818185 0.0854038461538462
0 0.5345383522727273 0.9192115384615385 0.023139204545454494 0.047692307692307714
0 0.5474289772727272 0.9103173076923077 0.02471590909090906 0.029903846153846177
0 0.4806321022727273 0.9877980769230769 0.049957386363636384 0.023788461538461547
0 0.49842329545454545 0.9953653846153845 0.029886363636363666 0.009269230769230865
0 0.47071732954545453 0.9942884615384615 0.02691761363636362 0.011423076923077029
0 0.4011221590909091 0.9937019230769231 0.016164772727272722 0.012596153846153759
0 0.3842968749999999 0.9900769230769232 0.01748579545454546 0.019653846153846206
0 0.3654900568181818 0.9933173076923079 0.02177556818181824 0.012711538461538488
0 0.5420241477272728 0.3995096153846154 0.023906249999999976 0.0318653846153846
0 0.4084872159090909 0.9775865384615385 0.03893465909090905 0.044826923076923084
0 0.4327911931818182 0.932451923076923 0.04526988636363637 0.05905769230769238
0 0.40426136363636367 0.9075 0.03943181818181817 0.06853846153846162
0 0.4417329545454546 0.88125 0.05784090909090905 0.04449999999999998
0 0.41938210227272726 0.8456442307692308 0.026292613636363624 0.028480769230769237
0 0.40492897727272725 0.8655865384615385 0.02380681818181817 0.026788461538461553
0 0.39156960227272725 0.8541730769230769 0.02376420454545449 0.032807692307692315
0 0.37161221590909094 0.8477403846153846 0.027571022727272722 0.03798076923076923
0 0.5025568181818182 0.8831346153846155 0.07082386363636366 0.0791538461538462
0 0.4758309659090909 0.8484423076923077 0.024531249999999973 0.04403846153846149
0 0.5286079545454545 0.40274038461538464 0.022784090909090938 0.043288461538461574
0 0.4709232954545454 0.8272884615384616 0.022812500000000003 0.021499999999999905
0 0.4549005681818182 0.8522980769230769 0.03176136363636366 0.0550961538461538
0 0.5005184659090909 0.842326923076923 0.02424715909090908 0.03830769230769234
0 0.4494602272727273 0.804048076923077 0.04582386363636362 0.06148076923076917
0 0.4657883522727273 0.7959711538461538 0.04526988636363637 0.06648076923076922
0 0.4872372159090909 0.7623269230769231 0.07396306818181818 0.04726923076923074
0 0.513515625 0.8151923076923077 0.03796875000000002 0.04138461538461546
0 0.52609375 0.8165384615384615 0.02761363636363636 0.04538461538461532
0 0.547294034090909 0.8412403846153846 0.04339488636363638 0.03871153846153845
0 0.5463068181818183 0.7951730769230769 0.047329545454545444 0.08411538461538463
0 0.549012784090909 0.4243942307692308 0.0341903409090909 0.05275000000000001
0 0.5103125 0.7955096153846154 0.04536931818181818 0.032711538461538445
0 0.6429474431818182 0.7668076923076923 0.03649147727272727 0.06342307692307696
0 0.5419460227272727 0.6827307692307691 0.02096590909090916 0.02569230769230772
0 0.5319602272727273 0.7215865384615385 0.05491477272727268 0.06282692307692311
0 0.5447088068181819 0.6365961538461538 0.05856534090909085 0.09480769230769233
0 0.48184659090909093 0.6218076923076924 0.03909090909090915 0.11238461538461537
0 0.4388352272727273 0.6242596153846154 0.05414772727272728 0.11890384615384612
0 0.44459517045454544 0.5396442307692307 0.03410511363636362 0.0502884615384615
0 0.4333380681818182 0.510798076923077 0.03349431818181824 0.04532692307692301
0 0.4091619318181818 0.5081826923076923 0.022670454545454518 0.03659615384615379
0 0.651015625 0.4049807692307692 0.026463068181818174 0.03384615384615384
0 0.4025071022727273 0.47696153846153844 0.02921874999999999 0.03403846153846157
0 0.44167613636363634 0.4046826923076923 0.037698863636363586 0.06371153846153846
0 0.41921875 0.3878076923076923 0.028011363636363674 0.05430769230769233
0 0.4002769886363637 0.399875 0.039786931818181805 0.08017307692307692
0 0.381015625 0.4106442307692308 0.03757102272727271 0.06982692307692308
0 0.34249289772727276 0.4143076923076923 0.04265625 0.0375
0 0.33046875000000003 0.37979807692307693 0.04244318181818181 0.04925000000000002
0 0.3043181818181818 0.3810769230769231 0.02653409090909092 0.06926923076923074
0 0.3155823863636364 0.32929807692307694 0.05801136363636364 0.042903846153846105
0 0.2779829545454545 0.3732980769230769 0.05048295454545453 0.08436538461538462
0 0.6183806818181818 0.291875 0.028267045454545503 0.025634615384615353
0 0.6096519886363636 0.49812499999999993 0.0297017045454545 0.03386538461538459
0 0.27522017045454544 0.33498076923076925 0.023849431818181808 0.040076923076923086
0 0.27467329545454544 0.3054807692307693 0.02767045454545457 0.03673076923076922
0 0.24644886363636365 0.32589423076923074 0.030965909090909106 0.04490384615384614
0 0.2557670454545455 0.2988076923076923 0.053437500000000006 0.039692307692307666
0 0.23057528409090908 0.29091346153846154 0.025241477272727287 0.040173076923076895
0 0.21462357954545458 0.2610480769230769 0.02552556818181818 0.027788461538461515
0 0.25429687500000003 0.26518269230769226 0.05825284090909089 0.04132692307692304
0 0.1799715909090909 0.2255480769230769 0.030056818181818178 0.06974999999999996
0 0.17418323863636365 0.21168269230769232 0.02311079545454545 0.03667307692307691
0 0.20490056818181818 0.22934615384615387 0.02312499999999996 0.06484615384615385
0 0.6204332386363636 0.4661730769230769 0.028139204545454547 0.03257692307692307
0 0.22421875000000002 0.22151923076923077 0.030056818181818178 0.05723076923076921
0 0.25394886363636365 0.22151923076923077 0.029403409090909074 0.039346153846153864
0 0.2719460227272727 0.23985576923076923 0.02642045454545454 0.03667307692307691
0 0.27607244318181823 0.20743269230769232 0.02873579545454544 0.03532692307692306
0 0.2917613636363636 0.22979807692307694 0.02642045454545454 0.03890384615384619
0 0.28465909090909086 0.17653846153846156 0.03696022727272729 0.03938461538461539
0 0.26951704545454547 0.15177884615384615 0.03735795454545452 0.06121153846153847
0 0.3147372159090909 0.1648269230769231 0.04285511363636362 0.06069230769230767
0 0.3123863636363637 0.10784615384615384 0.03900568181818183 0.056576923076923094
0 0.34642045454545456 0.11243269230769232 0.030653409090909068 0.06251923076923077
0 0.6299644886363637 0.4928365384615384 0.02720170454545451 0.041057692307692295
0 0.4725923295454546 0.10839423076923077 0.04339488636363638 0.040403846153846165
0 0.35968750000000005 0.04447115384615385 0.028607954545454565 0.03709615384615385
0 0.38608664772727275 0.03409615384615384 0.02740056818181813 0.036
0 0.3538991477272727 0.015048076923076923 0.03279829545454546 0.030096153846153845
0 0.3182883522727273 0.01323076923076923 0.029133522727272754 0.02646153846153846
0 0.29736505681818187 0.0032884615384615383 0.01566761363636364 0.0065769230769230766
0 0.152734375 0.08844230769230768 0.02552556818181818 0.03992307692307692
0 0.1511221590909091 0.057076923076923074 0.02477272727272727 0.025500000000000002
0 0.1562002840909091 0.04885576923076923 0.03791193181818182 0.03790384615384615
0 0.15796875000000002 0.019134615384615382 0.030965909090909086 0.031153846153846153
0 0.6009019886363636 0.4553846153846154 0.03845170454545454 0.05161538461538462
0 0.21267755681818185 0.14829807692307695 0.015923295454545464 0.022749999999999996
0 0.39297585227272724 0.26006730769230774 0.034275568181818254 0.060711538461538476
0 0.40863636363636363 0.24603846153846154 0.03681818181818176 0.09680769230769234
0 0.44291193181818184 0.24889423076923078 0.05119318181818177 0.08305769230769233
0 0.4761221590909091 0.15065384615384617 0.03215909090909089 0.04353846153846154
0 0.5055326704545454 0.195625 0.030894886363636364 0.041826923076923074
0 0.4952911931818182 0.22853846153846155 0.05254261363636365 0.0784230769230769
0 0.4990696022727273 0.2679903846153846 0.04066761363636371 0.02582692307692309
0 0.4875568181818182 0.29064423076923074 0.035624999999999976 0.03313461538461537
0 0.501768465909091 0.31206730769230767 0.048934659090909154 0.051634615384615376
0 0.6731036931818182 0.4585576923076923 0.044701704545454586 0.045269230769230756
0 0.5395525568181818 0.24315384615384614 0.029502840909090965 0.03457692307692308
0 0.5327130681818182 0.21416346153846155 0.022301136363636346 0.03021153846153845
0 0.5501633522727273 0.1958942307692308 0.017627840909090864 0.01801923076923075
0 0.5508877840909091 0.19808653846153845 0.02842329545454544 0.03898076923076922
0 0.5463849431818182 0.2275673076923077 0.023735795454545426 0.029711538461538466
0 0.5463849431818182 0.16252884615384616 0.03884943181818177 0.03701923076923077
0 0.5760724431818182 0.18250000000000002 0.037059659090909136 0.03507692307692307
0 0.5803835227272728 0.20101923076923078 0.03417613636363637 0.035076923076923096
0 0.6003551136363636 0.21854807692307696 0.03238636363636365 0.03994230769230769
0 0.23758522727272727 0.38442307692307687 0.042017045454545474 0.07865384615384617
0 0.6912357954545455 0.4720961538461539 0.024687499999999994 0.0351153846153846
0 0.1877840909090909 0.3472019230769231 0.05446022727272728 0.04775000000000002
0 0.12449573863636364 0.3538653846153846 0.028536931818181822 0.05126923076923076
0 0.20813920454545454 0.4280096153846154 0.016420454545454547 0.020788461538461544
0 0.18934659090909092 0.4018557692307692 0.020113636363636358 0.02509615384615387
0 0.20919744318181815 0.40651923076923074 0.020639204545454547 0.03296153846153849
0 0.1921306818181818 0.42425 0.01931818181818181 0.028307692307692305
0 0.2127698863636364 0.44126923076923075 0.020369318181818186 0.03369230769230771
0 0.19199573863636366 0.45166346153846154 0.02541193181818184 0.029365384615384633
0 0.2027130681818182 0.4683269230769231 0.026732954545454535 0.032615384615384574
0 0.22997159090909092 0.4753076923076923 0.030965909090909106 0.03369230769230766
0 0.4436647727272728 0.3597403846153846 0.019062500000000024 0.026249999999999957
0 0.2308948863636364 0.4459326923076923 0.025937500000000027 0.0336730769230769
0 0.2520809659090909 0.4581057692307692 0.0238210227272727 0.048019230769230765
0 0.2559161931818182 0.4400192307692308 0.03203125000000002 0.04838461538461538
0 0.27828125000000004 0.43212500000000004 0.023295454545454553 0.039057692307692314
0 0.3013778409090909 0.4852596153846154 0.06113636363636363 0.043519230769230706
0 0.28468039772727277 0.5016826923076924 0.015752840909090914 0.020903846153846162
0 0.3177627840909091 0.4387596153846154 0.028366477272727272 0.0639807692307692
0 0.29681107954545455 0.4573173076923077 0.026150568181818178 0.028596153846153854
0 0.3020099431818182 0.4304423076923077 0.026463068181818174 0.03453846153846155
0 0.2710653409090909 0.5300096153846154 0.04553977272727273 0.05159615384615381
0 0.464765625 0.3627019230769231 0.028764204545454544 0.042326923076923116
0 0.3073934659090909 0.5433365384615384 0.022599431818181855 0.05201923076923079
0 0.3312784090909091 0.5295769230769231 0.0361647727272727 0.04634615384615389
0 0.33887073863636363 0.5603846153846154 0.026803977272727278 0.0380384615384616
0 0.3669673295454545 0.5470576923076924 0.04294034090909089 0.065576923076923
0 0.35388494318181823 0.6001730769230769 0.06328125000000001 0.052884615384615384
0 0.32078835227272723 0.6163461538461539 0.023565340909090914 0.019653846153846206
0 0.3119105113636364 0.6183173076923076 0.02194602272727271 0.03148076923076924
0 0.29269886363636366 0.6268365384615385 0.025511363636363606 0.051134615384615334
0 0.3073863636363636 0.5885865384615384 0.03616477272727274 0.03148076923076924
0 0.28204545454545454 0.6141634615384616 0.027443181818181808 0.03278846153846156
0 0.47492187500000005 0.39698076923076925 0.03345170454545456 0.034692307692307675
0 0.27509943181818186 0.5931826923076924 0.030994318181818213 0.03190384615384611
0 0.25314630681818184 0.5853076923076923 0.025838068181818177 0.06776923076923079
0 0.22811789772727273 0.6285865384615384 0.04166193181818179 0.07736538461538466
0 0.26379971590909085 0.6414807692307692 0.041321022727272734 0.057692307692307696
0 0.2566974431818182 0.6683653846153845 0.030355113636363642 0.09311538461538464
0 0.28171874999999996 0.6731730769230769 0.034545454545454574 0.04153846153846158
0 0.30157670454545454 0.6696826923076923 0.03099431818181817 0.05901923076923077
0 0.33261363636363633 0.6617500000000001 0.04210227272727271 0.05884615384615389
0 0.3650994318181818 0.6589615384615384 0.03295454545454544 0.0607307692307692
0 0.27472301136363636 0.7206057692307692 0.03248579545454546 0.06505769230769227
0 0.47742187500000005 0.4192019230769231 0.022826704545454535 0.024980769230769195
0 0.3065269886363637 0.7091442307692307 0.04302556818181817 0.05824999999999993
0 0.38592329545454546 0.6255 0.06909090909090908 0.045846153846153904
0 0.40171164772727275 0.6078461538461538 0.02836647727272731 0.05265384615384615
0 0.3941619318181818 0.6849807692307692 0.04622159090909086 0.08176923076923073
0 0.4104048295454545 0.7075961538461539 0.03203125000000002 0.055153846153846164
0 0.4360298295454546 0.6877788461538461 0.04117897727272721 0.048942307692307674
0 0.4442684659090909 0.7311346153846153 0.057656249999999964 0.0737307692307693
0 0.3712073863636363 0.7290288461538462 0.03335227272727271 0.06836538461538463
0 0.35840198863636363 0.701625 0.053963068181818195 0.04694230769230774
0 0.33850142045454545 0.7378846153846154 0.036235795454545444 0.03199999999999997
0 0.5925710227272727 0.30118269230769235 0.034744318181818154 0.044249999999999984
0 0.471484375 0.4454423076923077 0.03282670454545456 0.029192307692307705
0 0.3406676136363636 0.7605480769230769 0.04136363636363633 0.03786538461538461
0 0.35819602272727274 0.778951923076923 0.026789772727272745 0.04267307692307692
0 0.38537642045454545 0.7954903846153846 0.036235795454545444 0.037326923076923126
0 0.33600142045454545 0.7896826923076923 0.03589488636363638 0.036173076923076926
0 0.3334161931818182 0.8182884615384616 0.03788352272727275 0.04265384615384617
0 0.31307528409090907 0.7416346153846154 0.021122159090909098 0.03184615384615385
0 0.29512784090909094 0.7348846153846154 0.02113636363636363 0.0345384615384615
0 0.2845596590909091 0.7723942307692307 0.031107954545454553 0.05128846153846157
0 0.2919460227272727 0.7659230769230768 0.03230113636363638 0.03834615384615384
0 0.31607244318181815 0.7748365384615384 0.027116477272727278 0.036711538461538414
0 0.4896164772727273 0.4560192307692308 0.0234375 0.029192307692307705
0 0.22980113636363636 0.5493557692307692 0.02380681818181817 0.054096153846153835
0 0.21264204545454543 0.5422596153846154 0.03309659090909089 0.054096153846153835
0 0.21142755681818182 0.49798076923076934 0.031491477272727296 0.03880769230769232
0 0.18781960227272732 0.5067307692307692 0.033508522727272734 0.08034615384615379
0 0.16662642045454545 0.4862307692307693 0.04279829545454547 0.060115384615384654
0 0.19003551136363636 0.5818750000000001 0.041974431818181814 0.06121153846153843
0 0.1583522727272727 0.5802403846153846 0.02301136363636364 0.030596153846153894
0 0.15107954545454547 0.5870673076923076 0.044005681818181805 0.054096153846153835
0 0.15491477272727272 0.5551057692307692 0.02664772727272726 0.027326923076923037
0 0.13230823863636362 0.5504519230769231 0.02987215909090909 0.04644230769230765
0 0.4968039772727273 0.4414134615384615 0.02593749999999999 0.039788461538461536
0 0.1488565340909091 0.5272211538461538 0.03552556818181817 0.030596153846153894
0 0.11575994318181819 0.5359711538461539 0.030667613636363642 0.03278846153846156
0 0.1254474431818182 0.5086442307692308 0.026633522727272728 0.03824999999999997
0 0.10448863636363637 0.5173365384615385 0.01749999999999999 0.02817307692307688
0 0.10191051136363637 0.49865384615384617 0.025951704545454538 0.030961538461538506
0 0.0729403409090909 0.5148846153846154 0.04525568181818182 0.0467692307692307
0 0.095078125 0.5316826923076924 0.0204403409090909 0.025019230769230752
0 0.07950994318181817 0.5474807692307693 0.03404829545454544 0.04873076923076929
0 0.10553267045454545 0.5586826923076923 0.02578125000000001 0.027673076923076897
0 0.11380681818181819 0.586673076923077 0.03647727272727272 0.04676923076923076
0 0.5237855113636364 0.47378846153846155 0.06325284090909088 0.0901923076923077
0 0.050078125 0.5652692307692307 0.033565340909090906 0.04742307692307686
0 0.03280539772727273 0.5972115384615384 0.034048295454545456 0.04676923076923076
0 0.09879261363636363 0.7094615384615385 0.02258522727272727 0.03246153846153845
0 0.10991477272727272 0.7221634615384614 0.02258522727272726 0.033403846153846166
0 0.12416193181818182 0.7120480769230769 0.02119318181818182 0.03198076923076922
0 0.14223011363636362 0.7071057692307693 0.023295454545454532 0.028711538461538476
0 0.14118607954545456 0.6885192307692307 0.053167613636363624 0.03857692307692308
0 0.5954900568181819 0.12725961538461542 0.028707386363636334 0.05098076923076924
0 0.6197088068181817 0.12240384615384615 0.02546875000000001 0.04126923076923076
0 0.6227556818181817 0.15567307692307694 0.030852272727272687 0.03592307692307694
0 0.49010653409090904 0.49949038461538464 0.030156249999999944 0.03374999999999997
0 0.6403267045454545 0.1299326923076923 0.022244318181818216 0.038865384615384614
0 0.6559588068181817 0.10932692307692309 0.037769886363636325 0.041307692307692316
0 0.6615909090909091 0.08597115384615384 0.03159090909090911 0.029980769230769238
0 0.6644247159090909 0.021596153846153848 0.01938920454545451 0.026269230769230767
0 0.6589275568181818 0.05058653846153846 0.039900568181818225 0.05451923076923076
0 0.7135369318181819 0.10255769230769231 0.019431818181818192 0.04096153846153846
0 0.6913139204545454 0.1036923076923077 0.026150568181818136 0.04676923076923077
0 0.6991619318181819 0.1274519230769231 0.030255681818181834 0.02959615384615385
0 0.7158664772727273 0.13857692307692307 0.02670454545454547 0.033115384615384616
0 0.7456036931818182 0.1287403846153846 0.057428977272727284 0.09382692307692309
0 0.49345880681818177 0.4740384615384615 0.028650568181818204 0.026192307692307702
0 0.7254119318181818 0.167125 0.04224431818181811 0.05217307692307691
0 0.7185156250000001 0.21876923076923074 0.05018465909090907 0.050576923076923075
0 0.6980326704545455 0.22302884615384613 0.0600994318181819 0.06763461538461539
0 0.6871164772727273 0.2120673076923077 0.02610795454545454 0.03717307692307692
0 0.6809232954545454 0.18261538461538462 0.025454545454545396 0.03699999999999999
0 0.6593607954545454 0.17879807692307692 0.038039772727272686 0.04532692307692309
0 0.6462357954545455 0.2196153846153846 0.023039772727272766 0.03699999999999999
0 0.6631107954545454 0.1929423076923077 0.025198863636363648 0.03011538461538461
0 0.6662357954545454 0.22910576923076922 0.03434659090909092 0.0504423076923077
0 0.6492400568181819 0.2629326923076923 0.03421875000000005 0.05071153846153844
0 0.47131392045454545 0.48159615384615384 0.026803977272727278 0.0362692307692308
0 0.6225994318181818 0.27102884615384615 0.02616477272727267 0.03540384615384615
0 0.7005752840909092 0.26993269230769235 0.032940340909090905 0.052442307692307684
0 0.7175852272727273 0.32990384615384616 0.03383522727272734 0.07807692307692307
0 0.7450710227272727 0.3155865384615385 0.04267045454545449 0.05255769230769233
0 0.7335369318181818 0.3736153846153846 0.05650568181818178 0.08015384615384617
0 0.6927911931818183 0.37829807692307693 0.059588068181818166 0.05724999999999997
0 0.6856818181818182 0.3262596153846154 0.04997159090909092 0.058288461538461546
0 0.7649644886363638 0.37058653846153844 0.03890624999999998 0.05886538461538459
0 0.7896803977272726 0.379875 0.027911931818181787 0.06751923076923079
0 0.8098153409090909 0.3690384615384615 0.05079545454545453 0.08550000000000002
0 0.47596590909090913 0.5241730769230769 0.04056818181818182 0.07303846153846152
0 0.7798366477272727 0.30553846153846154 0.05583806818181811 0.07992307692307693
0 0.765625 0.25677884615384616 0.03843749999999992 0.058326923076923075
0 0.7823011363636364 0.25020192307692307 0.03474431818181823 0.04263461538461539
0 0.8075497159090909 0.23170192307692308 0.03521306818181813 0.05582692307692308
0 0.7869318181818182 0.2053653846153846 0.03937500000000004 0.04703846153846153
0 0.8235085227272727 0.30217307692307693 0.039147727272727195 0.06869230769230769
0 0.8621164772727273 0.3417403846153846 0.06011363636363643 0.05824999999999998
0 0.8687286931818182 0.29507692307692307 0.06231534090909092 0.06346153846153846
0 0.8608025568181819 0.23969230769230773 0.048707386363636314 0.06323076923076924
0 0.90125 0.22658653846153845 0.040738636363636456 0.08098076923076923
0 0.4815482954545454 0.5644807692307692 0.03161931818181817 0.03173076923076923
0 0.8723011363636364 0.20874038461538458 0.09019886363636363 0.08124999999999998
0 0.9072230113636363 0.16697115384615385 0.03458806818181821 0.03901923076923075
0 0.8726349431818182 0.17063461538461536 0.03458806818181821 0.03811538461538463
0 0.858018465909091 0.13870192307692308 0.060071022727272834 0.06571153846153845
0 0.9055894886363638 0.09317307692307693 0.032201704545454485 0.08392307692307692
0 0.9329119318181818 0.1011826923076923 0.05750000000000002 0.1159423076923077
0 0.8644886363636364 0.07196153846153847 0.037642045454545456 0.04238461538461538
0 0.8525213068181817 0.04743269230769231 0.04115056818181806 0.05525
0 0.8876988636363637 0.04956730769230769 0.03411931818181832 0.05286538461538462
0 0.8806178977272726 0.018192307692307695 0.04816761363636359 0.03638461538461539
0 0.5007102272727273 0.5352596153846153 0.026789772727272745 0.03678846153846153
0 0.9877201704545455 0.05146153846153846 0.02455965909090904 0.10292307692307692
0 0.7608806818181819 0.008615384615384617 0.044119318181818266 0.017230769230769234
0 0.7153551136363636 0.03904807692307692 0.043039772727272746 0.04363461538461538
0 0.6973295454545455 0.016548076923076922 0.032840909090909094 0.033096153846153845
0 0.6315411931818182 0.021173076923076923 0.03413352272727277 0.042346153846153846
0 0.6025710227272728 0.05200961538461538 0.05934659090909095 0.10359615384615384
0 0.01796875 0.18465384615384617 0.016477272727272726 0.039999999999999994
0 0.010255681818181818 0.18288461538461537 0.020397727272727276 0.05061538461538463
0 0.009836647727272727 0.1616442307692308 0.019673295454545454 0.03717307692307692
0 0.009723011363636362 0.2731153846153846 0.019446022727272725 0.05161538461538462
0 0.5737642045454545 0.2725769230769231 0.04434659090909095 0.06988461538461539
0 0.5152272727272728 0.5269423076923077 0.02531249999999999 0.032230769230769216
0 0.002315340909090909 0.3159903846153846 0.004630681818181818 0.034980769230769225
0 0.10514914772727274 0.2780096153846154 0.04473011363636363 0.06825000000000002
0 0.11428267045454545 0.281 0.03339488636363635 0.05630769230769231
0 0.16159801136363638 0.41286538461538463 0.04271306818181819 0.05569230769230765
0 0.146796875 0.43335576923076924 0.06691761363636363 0.10159615384615382
0 0.08509232954545455 0.45350961538461537 0.04026988636363637 0.04894230769230772
0 0.021704545454545456 0.42346153846153844 0.029744318181818184 0.039653846153846165
0 0.01759943181818182 0.48788461538461536 0.03519886363636364 0.058230769230769176
0 0.040696022727272727 0.45598076923076925 0.04301136363636364 0.07250000000000004
0 0.06151988636363637 0.48324038461538465 0.054460227272727264 0.053903846153846156
0 0.5351349431818182 0.5206442307692308 0.033110795454545455 0.032749999999999946
0 0.9807670454545455 0.3501346153846154 0.03846590909090915 0.05226923076923078
0 0.009154829545454546 0.7377980769230769 0.01830965909090909 0.022634615384615458
0 0.02411221590909091 0.7494423076923078 0.024701704545454548 0.022961538461538457
0 0.018792613636363635 0.7253365384615383 0.02857954545454545 0.03113461538461538
0 0.01096590909090909 0.758951923076923 0.02193181818181818 0.030826923076923134
0 0.015397727272727273 0.7943557692307692 0.02616477272727273 0.06821153846153852
0 0.04167613636363637 0.7773173076923078 0.032215909090909094 0.04459615384615384
0 0.18112926136363636 0.6977788461538462 0.04907670454545454 0.052519230769230776
0 0.18525568181818183 0.733798076923077 0.025056818181818204 0.03717307692307689
0 0.1644815340909091 0.7212500000000001 0.030213068181818195 0.026961538461538426
0 0.5500142045454546 0.4979711538461538 0.04130681818181816 0.04482692307692314
0 0.14285511363636363 0.7330961538461539 0.025397727272727287 0.029269230769230714
0 0.15241477272727272 0.8216442307692308 0.029062500000000012 0.041326923076923094
0 0.16571732954545454 0.7989711538461539 0.027088068181818192 0.04001923076923077
0 0.1772869318181818 0.8336442307692308 0.030539772727272728 0.04532692307692306
0 0.223828125 0.8052980769230769 0.02117897727272727 0.024673076923077002
0 0.21889914772727276 0.8209711538461538 0.0241335227272727 0.0306730769230769
0 0.23991477272727274 0.8170865384615384 0.017954545454545435 0.01967307692307696
0 0.23543323863636365 0.7977596153846155 0.05132102272727272 0.03936538461538456
0 0.22916193181818179 0.8435480769230769 0.04167613636363637 0.050134615384615375
0 0.22649147727272725 0.895846153846154 0.037755681818181834 0.061230769230769186
0 0.5209943181818182 0.5589326923076923 0.03088068181818175 0.06801923076923078
0 0.2006321022727273 0.8983173076923077 0.023622159090909086 0.03467307692307687
0 0.19899857954545455 0.8573653846153846 0.021434659090909056 0.04034615384615388
0 0.17938210227272727 0.8584807692307692 0.028338068181818166 0.055346153846153906
0 0.15485085227272727 0.866951923076923 0.023252840909090914 0.04328846153846152
0 0.14071022727272728 0.9184134615384616 0.02210227272727273 0.0282884615384615
0 0.15842329545454545 0.920875 0.034517045454545474 0.04140384615384621
0 0.12163352272727272 0.9339903846153845 0.03602272727272727 0.04959615384615389
0 0.13011363636363635 0.9528365384615385 0.02514204545454546 0.0282884615384615
0 0.1269815340909091 0.972471153846154 0.041974431818181814 0.02509615384615387
0 0.14461647727272728 0.9656730769230769 0.019062500000000003 0.027538461538461526
0 0.538487215909091 0.5619615384615385 0.03163352272727278 0.06096153846153844
0 0.15556818181818183 0.972298076923077 0.01622159090909091 0.03382692307692303
0 0.1769318181818182 0.9630576923076922 0.03681818181818184 0.05857692307692304
0 0.22605113636363636 0.9634807692307692 0.022982954545454515 0.02946153846153845
0 0.2131747159090909 0.9624423076923078 0.024218749999999976 0.040653846153846235
0 0.20259943181818182 0.9888942307692308 0.021448863636363627 0.022211538461538484
0 0.22298295454545458 0.9872403846153847 0.027897727272727293 0.025519230769230735
0 0.24704545454545457 0.9803942307692308 0.02514204545454548 0.03921153846153844
0 0.2693323863636364 0.9949807692307692 0.022982954545454515 0.010038461538461592
0 0.27866477272727275 0.9299519230769232 0.034034090909090924 0.035442307692307704
0 0.310078125 0.9145 0.028053977272727272 0.03696153846153841
0 0.5759019886363635 0.5834326923076922 0.019446022727272725 0.036711538461538525
0 0.2606605113636364 0.8962403846153847 0.04578125000000002 0.04951923076923077
0 0.262890625 0.859 0.04007102272727274 0.039615384615384656
0 0.13826704545454546 0.8931250000000001 0.03272727272727274 0.03659615384615379
0 0.10717329545454546 0.8869038461538461 0.023522727272727275 0.044653846153846204
0 0.12785511363636362 0.8691442307692308 0.02434659090909091 0.05382692307692309
0 0.10921875 0.8432019230769231 0.026392045454545474 0.04836538461538468
0 0.057073863636363645 0.8713173076923078 0.08883522727272729 0.0871730769230769
0 0.07066051136363637 0.947375 0.07856534090909091 0.07855769230769225
0 0.011874999999999998 0.877951923076923 0.023749999999999997 0.041903846153846194
0 0.010490056818181819 0.9181634615384616 0.02075284090909091 0.040250000000000015
0 0.5625710227272728 0.5629326923076924 0.02713068181818185 0.04405769230769235
0 0.022130681818181817 0.9327884615384615 0.017670454545454548 0.05884615384615389
0 0.008671875 0.9489326923076923 0.016548295454545454 0.05317307692307688
0 0.03349431818181819 0.9445576923076924 0.024687500000000005 0.05961538461538462
0 0.008338068181818183 0.9872403846153847 0.016676136363636365 0.025519230769230735
0 0.03669744318181818 0.9874711538461539 0.04208806818181818 0.025057692307692257
0 0.08220170454545454 0.9825673076923077 0.06985795454545453 0.034865384615384604
0 0.1319744318181818 0.9948653846153847 0.023465909090909086 0.010115384615384597
0 0.24012073863636366 0.7714423076923076 0.026349431818181793 0.021307692307692278
0 0.24524857954545454 0.750875 0.023423295454545467 0.03171153846153848
0 0.22936789772727273 0.7316634615384616 0.028593749999999994 0.03763461538461537
0 0.5766903409090909 0.5435 0.025085227272727228 0.052923076923076885
0 0.6290838068181818 0.19525 0.029928977272727343 0.0371923076923077
0 0.6014417613636364 0.5412019230769229 0.027116477272727237 0.0544807692307692
0 0.618515625 0.5292692307692308 0.028707386363636414 0.036730769230769164
0 0.5519744318181818 0.26958653846153846 0.04539772727272724 0.041442307692307716
0 0.5945525568181819 0.5727211538461539 0.03007102272727267 0.03917307692307693
0 0.6577201704545454 0.48674038461538466 0.03992897727272721 0.054057692307692334
0 0.6522585227272727 0.5334038461538462 0.022982954545454473 0.04438461538461547
0 0.6688352272727273 0.5285576923076923 0.0259943181818182 0.0458846153846153
0 0.6884303977272727 0.5285576923076923 0.034275568181818254 0.04384615384615387
0 0.6825923295454545 0.4877596153846154 0.024105113636363595 0.030596153846153783
0 0.7138565340909091 0.48725 0.041434659090909036 0.05915384615384613
0 0.7240980113636364 0.4362403846153846 0.033139204545454444 0.054096153846153835
0 0.7738068181818182 0.4482211538461538 0.05085227272727266 0.05101923076923077
0 0.7447443181818181 0.4887884615384615 0.049034090909090805 0.0571538461538461
0 0.5554829545454546 0.30627884615384615 0.042017045454545515 0.048096153846153886
0 0.7453053977272727 0.5151826923076923 0.027571022727272684 0.03982692307692304
0 0.7579474431818182 0.5347788461538462 0.029872159090909053 0.046673076923077
0 0.7832244318181819 0.5077115384615385 0.03815340909090911 0.05600000000000001
0 0.8126349431818182 0.544423076923077 0.05100852272727268 0.1231923076923077
0 0.8264275568181819 0.5500192307692308 0.03538352272727268 0.04353846153846151
0 0.724169034090909 0.5590384615384615 0.051463068181818124 0.06780769230769229
0 0.6913068181818182 0.6246826923076924 0.04181818181818182 0.03855769230769233
0 0.7237073863636364 0.597298076923077 0.023892045454545444 0.029865384615384672
0 0.7409446022727273 0.6007307692307692 0.02160511363636369 0.035461538461538454
0 0.7517471590909092 0.5686923076923077 0.03125 0.03484615384615375
0 0.5235795454545454 0.30101923076923076 0.03786931818181822 0.04811538461538458
0 0.7586434659090909 0.5882788461538461 0.022059659090909053 0.030480769230769166
0 0.7804616477272727 0.5879711538461538 0.03538352272727268 0.04355769230769226
0 0.7836860795454546 0.6175288461538462 0.03262784090909095 0.04294230769230766
0 0.8050497159090909 0.6315192307692308 0.03492897727272715 0.04230769230769231
0 0.7561079545454544 0.6221923076923076 0.02803977272727274 0.03980769230769229
0 0.7296803977272727 0.6393076923076925 0.04779829545454542 0.05661538461538461
0 0.7025710227272728 0.6617019230769231 0.023892045454545444 0.04044230769230775
0 0.6910795454545454 0.6411730769230769 0.022982954545454556 0.025500000000000092
0 0.6855681818181818 0.6673076923076923 0.039517045454545444 0.039192307692307686
0 0.6161718749999999 0.6915673076923077 0.0321732954545455 0.04294230769230766
0 0.5434232954545455 0.3396346153846154 0.0459090909090909 0.04319230769230771
0 0.6239843749999999 0.7214326923076922 0.04044034090909087 0.03921153846153844
0 0.7683664772727273 0.6575961538461538 0.04338068181818193 0.05607692307692302
0 0.7535085227272728 0.7155384615384615 0.023835227272727234 0.034384615384615375
0 0.744325284090909 0.7009903846153845 0.028139204545454467 0.05501923076923079
0 0.7699218750000001 0.6893365384615385 0.029303977272727266 0.03598076923076919
0 0.7886860795454546 0.7068076923076924 0.02461647727272717 0.03915384615384618
0 0.7757812500000001 0.715798076923077 0.02071022727272733 0.0306730769230769
0 0.7728551136363635 0.7411923076923076 0.025000000000000033 0.02750000000000002
0 0.7955255681818181 0.7250576923076922 0.028920454545454565 0.05976923076923074
0 0.8541406250000001 0.6742692307692307 0.044559659090909094 0.040730769230769244
0 0.61125 0.32085576923076925 0.03215909090909089 0.03651923076923079
0 0.8689701704545455 0.7057788461538461 0.04825284090909095 0.08032692307692305
0 0.8931036931818181 0.6653461538461539 0.03242897727272717 0.03373076923076927
0 0.886455965909091 0.7543173076923076 0.046150568181818036 0.03951923076923068
0 0.8621946022727273 0.7594230769230769 0.03061079545454539 0.03315384615384617
0 0.8424218750000001 0.7511346153846155 0.01742897727272741 0.017846153846153904
0 0.8621946022727273 0.6181923076923077 0.03720170454545462 0.035076923076923096
0 0.8619602272727271 0.5910961538461539 0.04991477272727271 0.04080769230769236
0 0.8765624999999999 0.5716442307692308 0.028267045454545423 0.035057692307692345
0 0.9008167613636363 0.5866250000000001 0.03626420454545467 0.03698076923076927
0 0.887862215909091 0.6217019230769231 0.01978693181818175 0.03698076923076916
