0 0.6564275568181818 0.34113461538461537 0.1284517045454545 0.15711538461538466
0 0.7534232954545454 0.3443557692307692 0.07744318181818179 0.0925961538461538
0 0.29210937499999995 0.05645192307692309 0.04259943181818179 0.05928846153846155
0 0.07583806818181818 0.8686923076923078 0.0705965909090909 0.18350000000000002
0 0.06512073863636364 0.26858653846153846 0.08430397727272726 0.19075
0 0.017592329545454546 0.19720192307692308 0.03518465909090909 0.10848076923076923
0 0.4196022727272727 0.34339423076923076 0.012812500000000055 0.017750000000000037
0 0.1449502840909091 0.5946442307692308 0.12779829545454546 0.15728846153846157
0 0.9742755681818182 0.6747019230769231 0.050340909090909165 0.11494230769230776
0 0.7131818181818181 0.9126442307692307 0.12988636363636355 0.17140384615384616
0 0.6005752840909091 0.2919711538461538 0.06492897727272733 0.0544423076923077
0 0.017457386363636362 0.46499038461538467 0.034857954545454546 0.0850961538461539
0 0.5999502840909091 0.18658653846153847 0.1351278409090909 0.16617307692307692
0 0.15507812499999998 0.3788846153846154 0.10098011363636364 0.06373076923076926
0 0.11961647727272727 0.09225 0.23923295454545454 0.1845
0 0.19306107954545454 0.13387500000000002 0.08876420454545454 0.08186538461538463
0 0.9651704545454546 0.580326923076923 0.06965909090909085 0.09396153846153849
0 0.05647727272727274 0.4651923076923076 0.026505681818181824 0.034692307692307675
0 0.021029829545454546 0.3619423076923077 0.04140625 0.06050000000000001
0 0.3281036931818182 0.011875 0.06657670454545452 0.02375
0 0.011235795454545455 0.6911153846153846 0.02247159090909091 0.1261538461538462
0 0.9418110795454546 0.9563461538461538 0.06910511363636361 0.08730769230769227
0 0.38207386363636364 0.044980769230769234 0.029488636363636352 0.08830769230769231
0 0.6019744318181818 0.5692403846153846 0.08389204545454546 0.1364807692307693
0 0.3445383522727273 0.35065384615384615 0.06046874999999995 0.1113076923076923
0 0.9537286931818181 0.5101923076923077 0.08245738636363646 0.10873076923076921
0 0.9705326704545455 0.9332211538461538 0.05893465909090911 0.1334807692307693
0 0.5642329545454546 0.6791442307692307 0.13048295454545447 0.13509615384615384
0 0.8182386363636364 0.975701923076923 0.11653409090909085 0.04859615384615381
0 0.8855113636363636 0.1834903846153846 0.15877840909090904 0.25771153846153844
0 0.8271732954545453 0.7063557692307693 0.06196022727272728 0.0461346153846154
0 0.20439630681818183 0.9055865384615385 0.2355255681818182 0.18817307692307697
0 0.3816264204545454 0.13125961538461536 0.03455965909090907 0.07178846153846154
0 0.5641974431818182 0.4640480769230769 0.08794034090909086 0.15905769230769237
0 0.6844318181818182 0.07126923076923078 0.12630681818181813 0.14253846153846156
0 0.7736789772727274 0.017875 0.06315340909090898 0.03575
0 0.6870525568181818 0.5011634615384616 0.0915198863636363 0.17713461538461542
0 0.5410866477272728 0.5511634615384615 0.07029829545454547 0.18486538461538465
0 0.4174005681818182 0.6521538461538462 0.05886363636363636 0.1493846153846154
0 0.6247372159090909 0.43711538461538463 0.0574289772727272 0.14453846153846153
0 0.7229119318181817 0.2236826923076923 0.11892045454545451 0.17971153846153845
0 0.5547869318181818 0.05478846153846154 0.10627840909090908 0.10903846153846154
0 0.900106534090909 0.024009615384615383 0.14203125000000003 0.048019230769230765
0 0.14257102272727273 0.19639423076923077 0.10752840909090908 0.0883269230769231
0 0.06406960227272727 0.8390576923076923 0.0929403409090909 0.1137307692307692
0 0.9087428977272727 0.9404807692307693 0.0979971590909091 0.09638461538461539
0 0.8040340909090908 0.7507307692307692 0.08698863636363638 0.10726923076923071
0 0.4073934659090909 0.2095 0.13791193181818187 0.12903846153846155
0 0.2630681818181818 0.048173076923076916 0.041107954545454545 0.05646153846153846
0 0.3969673295454545 0.29419230769230775 0.05450284090909092 0.07661538461538463
0 0.9904900568181819 0.10060576923076922 0.019019886363636343 0.07825
0 0.652734375 0.6250576923076923 0.14393465909090908 0.12873076923076923
0 0.9317826704545453 0.08125 0.12086647727272731 0.11419230769230769
0 0.810255681818182 0.5793942307692307 0.05767045454545458 0.11678846153846147
0 0.3531818181818182 0.9606634615384615 0.11230113636363637 0.07867307692307697
0 0.34036221590909094 0.7178653846153845 0.0843039772727273 0.12542307692307686
0 0.021910511363636365 0.29701923076923076 0.04382102272727273 0.10565384615384613
0 0.820987215909091 0.36080769230769233 0.07768465909090917 0.10807692307692306
0 0.3266690340909091 0.7015288461538461 0.025923295454545456 0.03628846153846155
0 0.3546661931818182 0.8515576923076923 0.10276988636363639 0.1451923076923077
0 0.9471946022727273 0.2245 0.10561079545454549 0.1671153846153846
0 0.21912642045454545 0.6339711538461538 0.10933238636363636 0.0980192307692307
0 0.5902911931818182 0.8210576923076924 0.13154829545454547 0.1768076923076923
0 0.25041193181818183 0.5156057692307693 0.05332386363636363 0.07340384615384613
0 0.2915127840909091 0.8638461538461539 0.0283096590909091 0.03669230769230766
0 0.01580255681818182 0.7307596153846154 0.03160511363636364 0.20044230769230773
0 0.2739346590909091 0.48697115384615386 0.07119318181818182 0.1629423076923076
0 0.9752414772727271 0.045153846153846156 0.04951704545454547 0.08907692307692308
0 0.22017045454545456 0.049499999999999995 0.12988636363636363 0.09899999999999999
0 0.2837713068181818 0.2933846153846154 0.07774147727272726 0.14842307692307694
0 0.47471590909090905 0.36577884615384615 0.0878693181818182 0.12382692307692311
0 0.8207173295454546 0.9146730769230769 0.09353693181818185 0.09719230769230762
0 0.02594460227272727 0.8850192307692308 0.05183238636363636 0.14680769230769225
0 0.4784019886363637 0.2961153846153846 0.0855539772727273 0.10130769230769229
0 0.27751420454545456 0.9431153846153846 0.159375 0.11376923076923082
0 0.45699573863636367 0.4107403846153846 0.12095170454545459 0.13309615384615386
0 0.4526207386363636 0.07177884615384617 0.12490056818181819 0.14355769230769233
0 0.8172869318181818 0.7944807692307693 0.09264204545454549 0.0762307692307692
0 0.22389204545454547 0.484548076923077 0.05511363636363638 0.07501923076923081
0 0.2209090909090909 0.5369807692307693 0.0950284090909091 0.09519230769230774
0 0.9242329545454546 0.3375480769230769 0.15042613636363633 0.17140384615384616
0 0.7631960227272727 0.8292884615384616 0.06505681818181829 0.1635769230769231
0 0.9277485795454545 0.1196346153846154 0.13296875000000002 0.07873076923076924
0 0.053636363636363635 0.40388461538461534 0.10727272727272727 0.14034615384615381
0 0.6329545454545454 0.9152596153846154 0.13298295454545456 0.15744230769230771
0 0.800965909090909 0.1856153846153846 0.07911931818181825 0.25069230769230766
0 0.9209588068181819 0.8533653846153846 0.09620738636363639 0.13026923076923078
0 0.05811789772727272 0.5311346153846154 0.052428977272727266 0.11976923076923071
0 0.9391832386363635 0.7020000000000001 0.09532670454545457 0.12646153846153843
0 0.4543110795454545 0.9749807692307693 0.09532670454545457 0.050038461538461504
0 0.09520596590909092 0.9747788461538461 0.10038352272727273 0.05044230769230773
0 0.022357954545454545 0.5601634615384615 0.04471590909090909 0.14559615384615382
0 0.11099431818181817 0.5063269230769231 0.09443181818181817 0.11776923076923085
0 0.6988778409090909 0.7969038461538461 0.08579545454545459 0.15930769230769226
0 0.4964630681818182 0.6978942307692307 0.1379261363636364 0.15244230769230777
0 0.3934517045454546 0.5276153846153846 0.11295454545454547 0.18230769230769228
0 0.7891690340909091 0.6698942307692308 0.05265625000000007 0.06613461538461547
0 0.2958309659090909 0.06652884615384615 0.15549715909090908 0.1044423076923077
0 0.8918821022727272 0.48874038461538466 0.04217329545454553 0.1193653846153846
0 0.1452556818181818 0.45550961538461543 0.11707386363636364 0.12501923076923074
0 0.11367897727272727 0.5041153846153846 0.029488636363636352 0.03992307692307691
0 0.024005681818181822 0.9689326923076924 0.04735795454545455 0.06213461538461539
0 0.8716193181818181 0.7163653846153846 0.06315340909090915 0.1029230769230769
0 0.9018892045454546 0.16448076923076924 0.07221590909090914 0.057423076923076924
0 0.9784303977272728 0.40893269230769225 0.04313920454545455 0.1778653846153846
0 0.32904829545454545 0.518423076923077 0.07894886363636361 0.17100000000000004
0 0.7609303977272728 0.07770192307692309 0.09484375000000006 0.11678846153846154
0 0.28526278409090905 0.5746923076923077 0.04021306818181818 0.10365384615384622
0 0.8617329545454546 0.8700961538461539 0.09008522727272722 0.0993846153846154
0 0.11933238636363636 0.13105769230769232 0.12065340909090909 0.10446153846153847
0 0.40694602272727276 0.32464423076923077 0.03872159090909089 0.04636538461538464
0 0.9264630681818182 0.768875 0.1263068181818183 0.07501923076923075
0 0.30566051136363637 0.39239423076923075 0.11498579545454544 0.11009615384615384
0 0.535340909090909 0.2750384615384615 0.08460227272727273 0.06330769230769229
0 0.2177840909090909 0.249625 0.05718749999999999 0.14882692307692308
0 0.239921875 0.7611153846153845 0.1876846590909091 0.21038461538461545
0 0.8110298295454546 0.7672115384615384 0.009303977272727209 0.016115384615384608
0 0.47471590909090905 0.552625 0.0819886363636364 0.1606730769230769
0 0.8023366477272728 0.7734134615384616 0.008991477272727331 0.01155769230769229
0 0.846484375 0.8323461538461538 0.10151988636363624 0.11938461538461546
0 0.6771377840909091 0.6813557692307692 0.13046875000000002 0.15405769230769234
0 0.8129971590909091 0.6460288461538461 0.06363636363636357 0.11067307692307683
0 0.9778338068181818 0.8116153846153845 0.044332386363636414 0.1411538461538462
0 0.22821022727272727 0.3923942307692308 0.06315340909090907 0.14236538461538462
0 0.2652982954545455 0.47628846153846155 0.04855113636363637 0.09961538461538458
0 0.7486576704545456 0.6936153846153846 0.042656250000000125 0.13226923076923072
0 0.14465198863636364 0.2790673076923077 0.09859375 0.1633269230769231
0 0.5608096590909091 0.36215384615384616 0.10872159090909085 0.12461538461538464
