0 0.2631960227272727 0.4740192307692308 0.04428977272727274 0.1148846153846154
0 0.37360085227272727 0.6091923076923076 0.08544034090909088 0.10999999999999997
0 0.06536221590909091 0.35089423076923076 0.13072443181818183 0.10598076923076925
0 0.20884232954545456 0.5244134615384616 0.08072443181818181 0.09505769230769237
0 0.1263494318181818 0.5025769230769231 0.02156250000000001 0.039038461538461564
0 0.8506747159090909 0.961798076923077 0.06822443181818177 0.07640384615384618
0 0.024843749999999998 0.822451923076923 0.049687499999999996 0.1264423076923077
0 0.5045951704545455 0.6633365384615385 0.02984374999999999 0.04271153846153853
0 0.6737855113636364 0.29835576923076923 0.1444460227272728 0.1745576923076923
0 0.8632102272727273 0.4523557692307692 0.05928977272727274 0.12013461538461533
0 0.15251420454545456 0.5271730769230769 0.03028409090909092 0.06461538461538466
0 0.7478053977272728 0.16555769230769232 0.12535511363636373 0.07057692307692308
0 0.3012713068181818 0.5030865384615385 0.11742897727272729 0.2279807692307692
0 0.8293821022727272 0.3443365384615385 0.037002840909090846 0.038788461538461515
0 0.12247869318181817 0.8910192307692307 0.04944602272727273 0.04323076923076927
0 0.3728480113636364 0.6106153846153846 0.08356534090909089 0.1143076923076923
0 0.8537926136363637 0.5632019230769231 0.10119318181818183 0.17663461538461542
0 0.45997159090909095 0.824125 0.10431818181818181 0.15817307692307692
0 0.5729048295454545 0.5339711538461539 0.14325284090909093 0.1928653846153846
0 0.06734375 0.6891057692307693 0.07704545454545454 0.1741730769230769
0 0.9753551136363636 0.9842788461538461 0.049062499999999946 0.031442307692307735
0 0.13553267045454545 0.915875 0.08515625 0.16825
0 0.7989346590909091 0.8132211538461539 0.08869318181818174 0.099673076923077
0 0.30618607954545457 0.5459423076923077 0.05950284090909089 0.12511538461538463
0 0.3057670454545454 0.5467307692307692 0.05798295454545454 0.12353846153846156
0 0.8192613636363636 0.9010865384615383 0.1207954545454545 0.19509615384615384
0 0.4443678977272727 0.2407115384615385 0.08754261363636363 0.1486923076923077
0 0.08575994318181818 0.45976923076923076 0.09740056818181818 0.06757692307692305
0 0.7517755681818182 0.2840865384615385 0.1014772727272728 0.17940384615384616
0 0.9304545454545454 0.507576923076923 0.10147727272727264 0.045269230769230756
0 0.4786363636363637 0.650076923076923 0.11122159090909092 0.0869230769230769
0 0.30369318181818183 0.3527692307692308 0.12772727272727272 0.125
0 0.139140625 0.27558653846153847 0.05322443181818182 0.09482692307692309
0 0.48112926136363643 0.02264423076923077 0.09075284090909097 0.04371153846153846
0 0.08469460227272728 0.3488461538461538 0.0947869318181818 0.12023076923076925
0 0.01127840909090909 0.2892980769230769 0.02255681818181818 0.07486538461538463
0 0.09509232954545453 0.5247115384615384 0.07680397727272728 0.12857692307692306
0 0.68234375 0.5110769230769231 0.053323863636363586 0.18588461538461531
0 0.9500639204545455 0.18452884615384618 0.09987215909090902 0.14278846153846156
0 0.014538352272727272 0.07350961538461538 0.029076704545454544 0.05021153846153846
0 0.26323863636363637 0.4735384615384616 0.045312500000000006 0.12400000000000004
0 0.42529119318181813 0.8989807692307693 0.13558238636363634 0.1327692307692308
0 0.03669034090909091 0.3987788461538462 0.07338068181818182 0.1050576923076923
0 0.30176136363636363 0.5009326923076923 0.11218750000000002 0.22601923076923078
0 0.26996448863636363 0.10109615384615384 0.06421875 0.09949999999999999
0 0.867109375 0.4522211538461539 0.04981534090909098 0.11951923076923078
0 0.1327627840909091 0.5257019230769231 0.04507102272727273 0.04001923076923077
0 0.12355113636363636 0.8903461538461539 0.045227272727272734 0.03700000000000002
0 0.08700284090909091 0.46218269230769227 0.09454545454545454 0.06505769230769233
0 0.2098224431818182 0.1410576923076923 0.08279829545454548 0.12669230769230772
0 0.09778409090909092 0.9346057692307692 0.046107954545454535 0.09671153846153839
0 0.5270738636363637 0.48705769230769225 0.05019886363636368 0.10288461538461532
0 0.21089488636363637 0.5279423076923077 0.08039772727272729 0.09273076923076923
0 0.9512713068181817 0.18397115384615384 0.09745738636363638 0.15059615384615385
0 0.27943181818181817 0.21916346153846156 0.08292613636363635 0.11355769230769233
0 0.06458806818181818 0.8891730769230769 0.03704545454545454 0.18999999999999992
0 0.7982102272727274 0.3529519230769231 0.02761363636363628 0.037903846153846114
0 0.5883451704545455 0.5738942307692306 0.11953124999999996 0.11432692307692305
0 0.4245170454545455 0.6590096153846154 0.013948863636363627 0.02136538461538464
0 0.9896875 0.4379903846153846 0.020624999999999973 0.016519230769230776
0 0.7494886363636364 0.1630673076923077 0.12426136363636366 0.07209615384615387
0 0.40640625 0.9788461538461538 0.11605113636363634 0.04230769230769231
0 0.8507954545454546 0.9605961538461538 0.06539772727272722 0.07880769230769234
0 0.09671875 0.5240288461538462 0.07735795454545454 0.1211346153846154
0 0.5113494318181818 0.6412788461538462 0.047897727272727314 0.05424999999999996
0 0.8600710227272728 0.22810576923076925 0.08735795454545454 0.12624999999999997
0 0.8161860795454546 0.8583365384615385 0.09203124999999995 0.11751923076923079
0 0.3079900568181818 0.3491826923076923 0.12379261363636361 0.12890384615384615
0 0.2802627840909091 0.3408653846153846 0.10046874999999998 0.09215384615384618
0 0.7986292613636364 0.8149230769230769 0.08634943181818176 0.10130769230769232
0 0.4624573863636364 0.8244326923076922 0.10184659090909089 0.15621153846153848
0 0.13971590909090909 0.9343653846153847 0.07988636363636364 0.13126923076923075
0 0.8104048295454547 0.7347692307692308 0.09748579545454544 0.1142692307692308
0 0.022642045454545453 0.29259615384615384 0.04454545454545455 0.07753846153846153
0 0.4301491477272727 0.4618365384615384 0.09228693181818186 0.12494230769230769
0 0.9336221590909091 0.022163461538461538 0.06818181818181818 0.044326923076923076
0 0.02198153409090909 0.3690576923076923 0.04396306818181818 0.05576923076923077
0 0.15103693181818184 0.856326923076923 0.020085227272727272 0.04965384615384614
0 0.14478693181818184 0.907125 0.02028409090909089 0.048288461538461565
0 0.066328125 0.2708365384615385 0.0883096590909091 0.1038269230769231
0 0.036370738636363635 0.41023076923076923 0.07274147727272727 0.06196153846153846
0 0.016896306818181817 0.007701923076923077 0.033792613636363635 0.015403846153846153
0 0.06728693181818182 0.6901634615384615 0.07738636363636364 0.1723269230769231
0 0.8914275568181819 0.021951923076923074 0.07208806818181818 0.04378846153846154
0 0.9898934659090909 0.47432692307692303 0.020042613636363657 0.060269230769230776
0 0.4209161931818182 0.4060961538461539 0.16075284090909092 0.08361538461538459
0 0.9283451704545456 0.3941153846153846 0.09072443181818182 0.19057692307692312
0 0.6812713068181818 0.5121923076923077 0.05453124999999998 0.18715384615384614
0 0.014019886363636363 0.07599038461538461 0.028039772727272726 0.047134615384615386
0 0.12193892045454545 0.12387500000000001 0.07825284090909092 0.24775000000000003
0 0.16635653409090911 0.12770192307692307 0.04751420454545455 0.25540384615384615
0 0.44463068181818177 0.24040384615384613 0.08923295454545453 0.14469230769230768
0 0.4636789772727273 0.6509423076923078 0.07369318181818181 0.08665384615384616
0 0.5047869318181818 0.6631057692307692 0.03292613636363637 0.04240384615384607
0 0.828125 0.3441923076923077 0.03610795454545465 0.03834615384615384
0 0.8184232954545455 0.36201923076923076 0.023494318181818293 0.0291538461538462
0 0.1410440340909091 0.5259999999999999 0.05393465909090909 0.05603846153846151
0 0.6228551136363637 0.702625 0.12190340909090908 0.16682692307692307
0 0.389609375 0.24148076923076922 0.042286931818181876 0.2446153846153846
0 0.27311789772727274 0.09778846153846155 0.05441761363636364 0.10723076923076924
0 0.13295454545454544 0.2729423076923077 0.06738636363636363 0.09019230769230768
0 0.65671875 0.8389615384615384 0.11107954545454544 0.10996153846153847
0 0.7525426136363635 0.28218269230769233 0.10650568181818176 0.17940384615384614
0 0.4817826704545455 0.022903846153846153 0.09106534090909092 0.045807692307692306
0 0.6753196022727272 0.2969134615384615 0.1472301136363636 0.1731346153846154
0 0.42454545454545456 0.8979615384615385 0.13201704545454548 0.12819230769230763
0 0.6356818181818181 0.03327884615384615 0.06144886363636362 0.0665576923076923
0 0.015404829545454546 0.8551826923076924 0.030610795454545457 0.0544423076923077
0 0.9779545454545455 0.9843365384615385 0.043409090909090835 0.03132692307692311
0 0.10580255681818182 0.5105480769230769 0.02436079545454546 0.0300576923076923
0 0.9912002840909092 0.27740384615384617 0.01748579545454554 0.027192307692307665
0 0.8923792613636364 0.5576153846153847 0.17660511363636353 0.18661538461538466
0 0.9906818181818182 0.2783269230769231 0.0184090909090908 0.028230769230769243
0 0.10405539772727272 0.5086346153846154 0.025440340909090906 0.03346153846153847
0 0.3819602272727272 0.6687692307692308 0.09571022727272722 0.09742307692307686
0 0.9322230113636365 0.022644230769230767 0.06419034090909083 0.04482692307692308
0 0.06480113636363637 0.8914903846153845 0.03914772727272727 0.18455769230769237
0 0.2790198863636364 0.2178173076923077 0.08397727272727273 0.11582692307692306
0 0.3864204545454546 0.6640096153846153 0.1021590909090909 0.103326923076923
0 0.27981534090909094 0.3357019230769231 0.09909090909090908 0.10451923076923081
0 0.38765625 0.2412403846153846 0.043380681818181846 0.24459615384615385
0 0.7995383522727273 0.35089423076923076 0.02745738636363626 0.03717307692307689
0 0.06805397727272727 0.26976923076923076 0.09099431818181819 0.10273076923076926
0 0.42924005681818184 0.44411538461538463 0.08802556818181823 0.09503846153846157
0 0.8077485795454545 0.7338173076923078 0.09776988636363643 0.10967307692307698
0 0.6561079545454546 0.8368846153846154 0.11 0.1100769230769231
0 0.9903480113636363 0.4655576923076923 0.01830965909090907 0.0711153846153846
0 0.8184303977272727 0.36022115384615383 0.027059659090909186 0.029634615384615377
0 0.6331889204545454 0.03316346153846154 0.06132102272727275 0.06475
0 0.023494318181818182 0.7966826923076923 0.046988636363636364 0.07082692307692305
0 0.12368607954545453 0.12787500000000002 0.08001420454545455 0.25575000000000003
0 0.4163139204545454 0.4034134615384615 0.16992897727272724 0.09051923076923075
0 0.886434659090909 0.020865384615384616 0.057642045454545515 0.04173076923076923
0 0.9288707386363636 0.393625 0.08873579545454534 0.18586538461538457
0 0.16694602272727274 0.12671153846153846 0.05116477272727272 0.2534230769230769
0 0.8584303977272728 0.22535576923076925 0.08634943181818176 0.1233653846153846
0 0.20867897727272727 0.14293269230769232 0.08309659090909091 0.12367307692307693
0 0.09896306818181819 0.9337884615384615 0.04772727272727273 0.09623076923076916
0 0.6225639204545454 0.7009134615384616 0.1236505681818182 0.16624999999999998
0 0.4068181818181818 0.9791826923076923 0.11340909090909092 0.04163461538461534
