0 0.8813281249999999 0.11506730769230768 0.10384943181818183 0.14944230769230768
0 0.42823153409090914 0.03926923076923077 0.09504261363636367 0.07834615384615384
0 0.8043963068181817 0.24054807692307692 0.06041193181818178 0.07628846153846151
0 0.8349502840909092 0.496875 0.059900568181818124 0.14128846153846158
0 0.7861008522727272 0.2828653846153846 0.03725852272727275 0.06773076923076923
0 0.8106889204545453 0.3961923076923077 0.048877840909090864 0.09096153846153843
0 0.7577840909090909 0.5993365384615384 0.11130681818181812 0.18286538461538457
0 0.6129332386363636 0.6056538461538461 0.11725852272727266 0.1321153846153847
0 0.8351207386363636 0.6313365384615385 0.06518465909090908 0.1418653846153846
0 0.9495667613636364 0.6274134615384616 0.10086647727272725 0.11809615384615378
0 0.3219389204545454 0.9512403846153846 0.038281250000000024 0.09751923076923073
0 0.8438423295454546 0.3039807692307692 0.07901988636363635 0.09996153846153844
0 0.979296875 0.9684903846153846 0.04140624999999997 0.06301923076923073
0 0.9097940340909091 0.855326923076923 0.14055397727272734 0.15273076923076925
0 0.5221803977272728 0.43324038461538456 0.08021306818181823 0.16582692307692307
0 0.13430397727272728 0.5040576923076924 0.05857954545454545 0.1112692307692308
0 0.5942755681818181 0.32116346153846154 0.12088068181818185 0.15482692307692306
0 0.335 0.43995192307692305 0.07707386363636366 0.17063461538461536
0 0.23264914772727271 0.49275961538461543 0.09967329545454548 0.12840384615384617
0 0.08896306818181818 0.5387884615384616 0.08002840909090908 0.17026923076923076
0 0.9135511363636365 0.7871057692307692 0.06517045454545455 0.14209615384615382
0 0.7385582386363635 0.2254615384615385 0.04666193181818185 0.0700769230769231
0 0.9108238636363637 0.23442307692307693 0.06647727272727266 0.12180769230769228
0 0.7983593750000001 0.12120192307692308 0.09879261363636373 0.14578846153846153
0 0.6629758522727273 0.05588461538461538 0.09887784090909092 0.11176923076923076
0 0.7288991477272727 0.046875 0.07697443181818181 0.09375
0 0.3415767045454545 0.9670096153846154 0.0322159090909091 0.06598076923076923
0 0.3469460227272727 0.8644615384615384 0.09244318181818184 0.1381538461538461
0 0.29515625 0.7519230769230769 0.13701704545454543 0.13773076923076924
0 0.36860085227272726 0.7121442307692307 0.10845170454545458 0.14505769230769222
0 0.4403267045454546 0.9126923076923077 0.12082386363636365 0.17461538461538464
0 0.41986505681818187 0.9547500000000001 0.054928977272727296 0.09050000000000001
0 0.3784232954545455 0.9872307692307692 0.03573863636363636 0.02546153846153848
0 0.34992897727272726 0.05149038461538462 0.13485795454545454 0.10278846153846155
0 0.5877911931818182 0.8912788461538462 0.09430397727272725 0.21744230769230768
0 0.6279403409090909 0.7112692307692308 0.059545454545454485 0.13734615384615387
0 0.6551207386363637 0.7327596153846154 0.05859375 0.38582692307692307
0 0.8715980113636363 0.958076923076923 0.12666193181818192 0.08384615384615389
0 0.8910085227272727 0.9050673076923077 0.04954545454545454 0.07013461538461543
0 0.942215909090909 0.9543173076923077 0.05281249999999993 0.0913653846153846
0 0.9299857954545455 0.8920673076923077 0.042301136363636326 0.038403846153846205
0 0.9035369318181817 0.9528653846153846 0.04565340909090907 0.09426923076923073
0 0.14097301136363638 0.6003846153846155 0.06791193181818182 0.1736538461538462
0 0.118203125 0.4399423076923077 0.12592329545454548 0.08400000000000002
0 0.9871803977272727 0.5163269230769231 0.025639204545454482 0.0392692307692308
0 0.04378551136363636 0.4500192307692307 0.03501420454545454 0.10792307692307693
0 0.08958806818181819 0.31046153846153846 0.08852272727272728 0.11153846153846154
0 0.129921875 0.14839423076923075 0.05430397727272728 0.06732692307692309
0 0.4880397727272728 0.06845192307692308 0.10133522727272724 0.13690384615384615
0 0.581328125 0.05328846153846154 0.13626420454545454 0.10573076923076924
0 0.5196590909090909 0.16647115384615385 0.10582386363636363 0.16621153846153847
0 0.5600639204545454 0.25717307692307695 0.11998579545454541 0.12503846153846157
0 0.5910795454545454 0.15744230769230771 0.12170454545454547 0.13326923076923075
0 0.6892542613636364 0.1533076923076923 0.08313920454545451 0.11288461538461537
0 0.6892826704545455 0.32057692307692304 0.11035511363636363 0.09784615384615383
0 0.8574360795454545 0.41923076923076924 0.1057244318181819 0.18673076923076928
0 0.6799289772727272 0.24866346153846156 0.10230113636363626 0.11063461538461536
0 0.7429403409090909 0.10708653846153847 0.0316761363636363 0.08701923076923077
0 0.7659588068181818 0.12317307692307694 0.03575284090909101 0.060000000000000005
0 0.8041974431818182 0.16945192307692308 0.09237215909090905 0.1308269230769231
0 0.9113778409090909 0.5032692307692308 0.054715909090909065 0.09676923076923082
0 0.760575284090909 0.3980192307692308 0.05157670454545463 0.07492307692307688
0 0.7425 0.2776730769230769 0.07178977272727276 0.16646153846153844
0 0.787919034090909 0.34675 0.060298295454545354 0.11569230769230769
0 0.4317400568181818 0.47113461538461543 0.07529829545454544 0.13799999999999998
0 0.30794744318181816 0.5780192307692308 0.14413352272727267 0.10069230769230772
0 0.8953693181818182 0.3042307692307692 0.11048295454545451 0.08530769230769228
0 0.24344460227272727 0.6471634615384615 0.1476278409090909 0.10698076923076923
0 0.44609375 0.19125961538461542 0.12161931818181819 0.1501346153846154
0 0.20659801136363634 0.06573076923076923 0.15649147727272728 0.13146153846153846
0 0.34234375 0.17872115384615386 0.1163920454545455 0.20598076923076925
0 0.26561079545454547 0.1436153846153846 0.11238636363636365 0.16776923076923075
0 0.023636363636363636 0.8818461538461538 0.04727272727272727 0.09846153846153854
0 0.14406249999999998 0.14383653846153843 0.1461931818181818 0.17682692307692305
0 0.182734375 0.8965384615384615 0.06367897727272727 0.1338461538461539
0 0.1563778409090909 0.6041249999999999 0.07784090909090911 0.15782692307692306
0 0.13078125 0.7722884615384616 0.115625 0.1296153846153847
0 0.861171875 0.0454423076923077 0.09129261363636361 0.09042307692307693
0 0.29896306818181817 0.8463173076923076 0.10963068181818182 0.08440384615384612
0 0.4308167613636363 0.7964038461538462 0.0888778409090909 0.0833846153846154
0 0.4644815340909091 0.7872788461538461 0.11106534090909091 0.10024999999999999
0 0.5912571022727273 0.8115865384615384 0.1452130681818182 0.09390384615384613
0 0.7864488636363638 0.9472211538461539 0.06732954545454542 0.10555769230769228
0 0.9663352272727272 0.8483173076923077 0.06732954545454542 0.13971153846153841
0 0.7211079545454545 0.8535 0.08778409090909084 0.29300000000000004
0 0.7329190340909091 0.18048076923076922 0.0581676136363637 0.062269230769230785
0 0.9487428977272727 0.1629615384615385 0.10251420454545448 0.11469230769230769
0 0.9542826704545455 0.10717307692307691 0.0914346590909091 0.14526923076923076
0 0.7689204545454544 0.44009615384615386 0.09105113636363639 0.1489230769230769
0 0.9356036931818181 0.03739423076923077 0.09166193181818177 0.07478846153846154
0 0.9714701704545454 0.0324326923076923 0.057059659090909036 0.06359615384615384
0 0.8498366477272729 0.13108653846153848 0.056690340909090864 0.08251923076923078
0 0.861044034090909 0.21811538461538463 0.08339488636363625 0.13107692307692306
