0 0.8949786931818182 0.4168653846153846 0.08026988636363651 0.0693846153846154
0 0.8427414772727272 0.5806057692307691 0.09011363636363628 0.11798076923076917
0 0.7245028409090909 0.08096153846153845 0.0956818181818182 0.06476923076923076
0 0.6463068181818182 0.1534230769230769 0.0805397727272728 0.07284615384615384
0 0.7390625 0.20301923076923076 0.0794318181818182 0.058653846153846154
0 0.6882244318181818 0.7138846153846155 0.024971590909090888 0.03469230769230773
0 0.6275355113636363 0.5716442307692308 0.06271306818181822 0.04317307692307701
0 0.7484375000000001 0.16615384615384615 0.08855113636363642 0.049230769230769245
0 0.6158451704545455 0.6292115384615384 0.08504261363636365 0.07196153846153838
0 0.7023863636363636 0.13412500000000002 0.051448863636363674 0.09044230769230771
0 0.7132244318181818 0.034067307692307695 0.10019886363636367 0.06813461538461539
0 0.59921875 0.7763557692307693 0.06562499999999999 0.10255769230769228
0 0.73984375 0.6368173076923077 0.05215909090909095 0.12078846153846154
0 0.6130255681818182 0.01756730769230769 0.07673295454545452 0.03513461538461538
0 0.5675071022727273 0.018903846153846153 0.04191761363636362 0.034923076923076925
0 0.5127059659090909 0.01818269230769231 0.07544034090909092 0.03636538461538462
0 0.5352698863636364 0.06211538461538461 0.05221590909090908 0.06196153846153846
0 0.599893465909091 0.08891346153846154 0.09438920454545453 0.13463461538461538
0 0.013501420454545455 0.35510576923076925 0.02700284090909091 0.09690384615384613
0 0.19485085227272728 0.8332692307692308 0.10711647727272727 0.18480769230769234
0 0.27541903409090907 0.7308846153846152 0.050014204545454556 0.06238461538461538
0 0.1494318181818182 0.7938173076923076 0.06562500000000003 0.134326923076923
0 0.6715625 0.6900384615384615 0.01985795454545449 0.05461538461538457
0 0.7797869318181818 0.6208365384615385 0.0480397727272728 0.08586538461538468
0 0.39429687500000005 0.7998653846153846 0.03296874999999997 0.032615384615384685
0 0.33508522727272727 0.6490288461538462 0.037017045454545455 0.05224999999999992
0 0.42578835227272727 0.796096153846154 0.04038352272727274 0.03711538461538464
0 0.33610795454545456 0.5182115384615386 0.06170454545454541 0.1155384615384615
0 0.3362642045454546 0.5933076923076923 0.039375 0.06238461538461538
0 0.3890340909090909 0.8264423076923076 0.07727272727272724 0.021769230769230867
0 0.3762428977272727 0.5586538461538462 0.04214488636363634 0.08050000000000003
0 0.3622585227272727 0.6253076923076922 0.021278409090909077 0.05492307692307693
0 0.3014914772727273 0.6358557692307691 0.03630681818181818 0.11286538461538462
0 0.3453196022727273 0.682278846153846 0.033082386363636355 0.05775000000000006
0 0.7053267045454545 0.761451923076923 0.06295454545454553 0.1252884615384615
0 0.33899857954545454 0.7363557692307692 0.04237215909090907 0.0568269230769231
0 0.3700994318181818 0.8394423076923077 0.06846590909090908 0.02950000000000006
0 0.26533380681818186 0.7681538461538462 0.051235795454545485 0.049423076923077014
0 0.30126420454545455 0.7817019230769231 0.03309659090909092 0.04590384615384616
0 0.3140127840909091 0.6903557692307692 0.038991477272727254 0.06559615384615387
0 0.3262855113636363 0.8052019230769231 0.037940340909090924 0.043711538461538496
0 0.3194247159090909 0.7442692307692307 0.040355113636363675 0.05846153846153853
0 0.38747869318181816 0.6600288461538462 0.02541193181818188 0.0568653846153846
0 0.3379900568181818 0.7838942307692308 0.04842329545454546 0.043711538461538496
0 0.3846235795454545 0.611576923076923 0.024900568181818225 0.04423076923076923
0 0.7394957386363636 0.7031730769230768 0.04305397727272728 0.0815769230769231
0 0.39499999999999996 0.5922692307692308 0.046676136363636385 0.06742307692307693
0 0.3271377840909091 0.8388942307692309 0.03603693181818182 0.04294230769230766
0 0.2784232954545454 0.8266346153846155 0.062215909090909065 0.11211538461538463
0 0.33346590909090906 0.8840384615384617 0.03210227272727272 0.05492307692307693
0 0.2946377840909091 0.8758653846153847 0.05907670454545455 0.06523076923076926
0 0.27985795454545453 0.9320576923076923 0.08644886363636362 0.13438461538461538
0 0.32910511363636363 0.9415769230769231 0.08440340909090907 0.08619230769230768
0 0.41473721590909096 0.6581730769230769 0.036093750000000036 0.0577692307692307
0 0.3482528409090909 0.37780769230769234 0.07548295454545456 0.05153846153846156
0 0.5626491477272727 0.9745576923076924 0.08558238636363637 0.04634615384615389
0 0.7927627840909092 0.6798653846153846 0.07316761363636362 0.08596153846153844
0 0.8137784090909093 0.37648076923076923 0.03917613636363642 0.12403846153846154
0 0.3269247159090909 0.4346826923076923 0.039389204545454574 0.09774999999999998
0 0.8633806818181817 0.33840384615384617 0.06633522727272717 0.1881923076923077
0 0.3692613636363636 0.45245192307692306 0.050539772727272746 0.12086538461538461
0 0.7567684659090909 0.3193365384615385 0.038678977272727295 0.07721153846153847
0 0.7807812500000001 0.36301923076923076 0.05883522727272721 0.14692307692307693
0 0.7507954545454545 0.46533653846153844 0.09965909090909086 0.09536538461538457
0 0.754403409090909 0.26290384615384615 0.05235795454545456 0.08065384615384617
0 0.404140625 0.9303846153846153 0.06947443181818186 0.10303846153846151
0 0.43936789772727275 0.80825 0.0680823863636363 0.07549999999999998
0 0.9044105113636363 0.7117211538461539 0.059900568181818124 0.05517307692307692
0 0.7697514204545454 0.1248173076923077 0.09566761363636367 0.08309615384615386
0 0.4182315340909091 0.5452115384615385 0.06589488636363634 0.14453846153846148
0 0.46234375 0.5758076923076922 0.04738636363636366 0.08184615384615385
0 0.8315696022727272 0.11840384615384617 0.07313920454545456 0.09346153846153847
0 0.8060298295454544 0.21096153846153848 0.09714488636363634 0.09653846153846157
0 0.3953551136363637 0.4585576923076923 0.053920454545454514 0.1275769230769231
0 0.7503338068181818 0.3923269230769231 0.04546874999999999 0.07673076923076924
0 0.42105823863636355 0.37958653846153845 0.04498579545454548 0.03628846153846155
0 0.4366974431818182 0.4460961538461538 0.03660511363636361 0.11149999999999997
0 0.7115340909090908 0.2763461538461538 0.05505681818181809 0.12953846153846155
0 0.8449502840909091 0.6682019230769232 0.06887784090909092 0.06409615384615382
0 0.5097443181818182 0.8111346153846153 0.14426136363636363 0.05653846153846161
0 0.4787428977272727 0.645375 0.0987073863636363 0.09851923076923069
0 0.45532670454545454 0.7318942307692309 0.08985795454545453 0.07625000000000007
0 0.9014701704545455 0.25246153846153846 0.05188920454545451 0.09499999999999999
0 0.47083096590909096 0.6672211538461538 0.05126420454545451 0.04282692307692304
0 0.4999360795454546 0.6385192307692307 0.05126420454545451 0.03511538461538471
0 0.5404332386363637 0.626951923076923 0.06009943181818182 0.04282692307692304
0 0.92828125 0.049269230769230773 0.09477272727272731 0.09853846153846155
0 0.8027769886363636 0.03972115384615385 0.07830965909090909 0.0794423076923077
0 0.8650923295454547 0.04100000000000001 0.0449005681818182 0.07453846153846155
0 0.9283522727272726 0.6379711538461539 0.14096590909090895 0.1056346153846154
0 0.08673295454545454 0.9780961538461539 0.06062500000000001 0.040269230769230877
0 0.19608664772727272 0.9699423076923077 0.05078124999999998 0.0601153846153846
0 0.24805397727272727 0.9665480769230769 0.051249999999999976 0.06617307692307686
0 0.04220170454545455 0.8399807692307691 0.06329545454545454 0.12061538461538455
0 0.1342471590909091 0.9876250000000001 0.03375000000000001 0.02240384615384611
0 0.11393465909090911 0.9662115384615386 0.025937500000000006 0.04138461538461546
0 0.1445028409090909 0.9484134615384615 0.04928977272727273 0.08101923076923076
0 0.020866477272727273 0.7282692307692308 0.04099431818181818 0.08873076923076921
0 0.21076704545454544 0.9191538461538462 0.07946022727272727 0.07615384615384609
0 0.09932528409090909 0.6920673076923077 0.05893465909090909 0.14398076923076925
0 0.6876775568181818 0.8075 0.044872159090909136 0.0696923076923077
0 0.15893465909090912 0.6750192307692308 0.07795454545454547 0.10480769230769231
0 0.11823863636363638 0.5995576923076923 0.05025568181818183 0.08530769230769233
0 0.5129048295454546 0.6788653846153846 0.11339488636363634 0.059961538461538476
0 0.46725142045454543 0.1293269230769231 0.07350852272727272 0.13353846153846152
0 0.546875 0.15290384615384617 0.09349431818181825 0.060230769230769234
0 0.4824005681818182 0.053384615384615385 0.07673295454545452 0.10561538461538462
0 0.5285014204545454 0.11667307692307692 0.060610795454545396 0.07157692307692308
0 0.5101278409090909 0.18475961538461536 0.0973579545454545 0.05586538461538461
0 0.46692471590909096 0.22839423076923074 0.13862215909090905 0.06982692307692305
0 0.5987073863636364 0.5404423076923076 0.14386363636363633 0.07857692307692299
0 0.8214985795454546 0.4686923076923077 0.05433238636363636 0.07607692307692308
0 0.714140625 0.8891730769230769 0.03132102272727266 0.03642307692307692
0 0.5542542613636363 0.50825 0.09447443181818181 0.07273076923076922
0 0.6565909090909091 0.83325 0.07130681818181817 0.10265384615384615
0 0.4807883522727273 0.29300000000000004 0.06705965909090907 0.08030769230769234
0 0.5278622159090909 0.2655 0.07092329545454547 0.11084615384615384
0 0.5805113636363637 0.3204038461538462 0.07943181818181812 0.09530769230769226
0 0.5042400568181818 0.33812499999999995 0.08214488636363634 0.05255769230769233
0 0.6766690340909091 0.015740384615384618 0.05416193181818181 0.031480769230769236
0 0.4778267045454545 0.3697115384615385 0.06985795454545456 0.05611538461538463
0 0.4340767045454546 0.33699038461538466 0.06985795454545456 0.0820961538461539
0 0.4881889204545455 0.4460961538461538 0.07828125000000002 0.09249999999999999
0 0.7203196022727273 0.8653365384615385 0.06961647727272725 0.06825000000000002
0 0.40759232954545455 0.2798365384615385 0.05526988636363632 0.09040384615384617
0 0.3734659090909091 0.3619230769230769 0.07144886363636362 0.07376923076923074
0 0.436377840909091 0.2678846153846154 0.04835227272727276 0.06442307692307694
0 0.36252130681818184 0.2902211538461538 0.07103693181818184 0.10909615384615386
0 0.36582386363636366 0.20776923076923076 0.14920454545454545 0.07050000000000002
0 0.24880681818181818 0.3862884615384615 0.12471590909090911 0.15011538461538462
0 0.26519886363636364 0.337125 0.10113636363636366 0.08267307692307695
0 0.2995596590909091 0.3140673076923077 0.07792613636363634 0.09240384615384617
0 0.335390625 0.25900961538461537 0.07223011363636367 0.04698076923076924
0 0.2167471590909091 0.2714134615384615 0.07491477272727275 0.06109615384615386
0 0.49492187499999996 0.9141442307692308 0.11373579545454544 0.07501923076923075
0 0.22183948863636366 0.17365384615384616 0.12049715909090909 0.06857692307692308
0 0.19546875000000002 0.2043846153846154 0.1381534090909091 0.10688461538461538
0 0.18232244318181817 0.35839423076923077 0.055582386363636334 0.12071153846153848
0 0.3238920454545454 0.05432692307692308 0.05090909090909091 0.10865384615384616
0 0.23458806818181815 0.8002403846153846 0.037159090909090906 0.06155769230769229
0 0.2498153409090909 0.13913461538461538 0.12857954545454542 0.1405
0 0.4067542613636364 0.10936538461538461 0.08214488636363634 0.051846153846153833
0 0.39482244318181814 0.16796153846153847 0.061605113636363645 0.07588461538461537
0 0.43394886363636365 0.16571153846153847 0.02997159090909094 0.05034615384615386
0 0.016974431818181816 0.2663846153846154 0.03394886363636363 0.09265384615384617
0 0.8165980113636363 0.8189134615384616 0.0261505681818183 0.058711538461538516
0 0.0558877840909091 0.16671153846153847 0.07126420454545455 0.07219230769230768
0 0.131875 0.27247115384615384 0.09624999999999999 0.09290384615384616
0 0.035454545454545454 0.22144230769230772 0.06105113636363637 0.12023076923076922
0 0.09164772727272727 0.25509615384615386 0.09698863636363636 0.10865384615384616
0 0.08410511363636362 0.07824038461538461 0.10869318181818181 0.1345576923076923
0 0.12973721590909093 0.09653846153846155 0.03348011363636365 0.04599999999999999
0 0.8178977272727272 0.2594711538461539 0.08670454545454556 0.09932692307692309
0 0.09239346590909091 0.11463461538461539 0.02873579545454545 0.026500000000000003
0 0.017876420454545457 0.1359326923076923 0.035752840909090915 0.049288461538461545
0 0.023906249999999997 0.0805 0.04693181818181818 0.07261538461538462
0 0.8234588068181818 0.7355865384615384 0.04049715909090908 0.0777115384615384
0 0.15939630681818182 0.04390384615384615 0.0411221590909091 0.0691153846153846
0 0.02870028409090909 0.03699038461538461 0.04257102272727273 0.04844230769230769
0 0.008970170454545455 0.04717307692307693 0.017485795454545455 0.048615384615384616
0 0.007769886363636363 0.18427884615384613 0.015539772727272727 0.07028846153846154
0 0.01276278409090909 0.01439423076923077 0.02552556818181818 0.02878846153846154
0 0.03879261363636364 0.010096153846153847 0.04153409090909091 0.019269230769230768
0 0.06911931818181817 0.019192307692307693 0.05142045454545455 0.038384615384615385
0 0.10760653409090909 0.010846153846153846 0.04867897727272728 0.02169230769230769
0 0.1687713068181818 0.014701923076923076 0.07049715909090909 0.029403846153846152
0 0.6496164772727273 0.3103653846153846 0.07275568181818177 0.0985
0 0.7890198863636364 0.724576923076923 0.052613636363636314 0.05742307692307684
0 0.6834446022727273 0.35692307692307695 0.07095170454545453 0.06315384615384616
0 0.7184517045454546 0.3637596153846154 0.064346590909091 0.12028846153846157
0 0.62046875 0.4259807692307692 0.04318181818181815 0.06288461538461541
0 0.6890625 0.42375961538461543 0.04264204545454551 0.051057692307692276
0 0.53765625 0.39119230769230773 0.05903409090909091 0.05253846153846158
0 0.6981463068181818 0.46809615384615383 0.1319460227272728 0.11696153846153845
0 0.6641903409090909 0.397125 0.04863636363636357 0.03774999999999999
0 0.6074786931818181 0.385625 0.08404829545454548 0.06705769230769232
0 0.24848011363636366 0.06209615384615384 0.14463068181818184 0.12419230769230769
0 0.34954545454545455 0.028067307692307693 0.08335227272727273 0.034288461538461545
0 0.8579545454545454 0.710548076923077 0.051761363636363716 0.06348076923076922
0 0.41402698863636367 0.04023076923076923 0.04742897727272733 0.06484615384615385
0 0.9091903409090908 0.3140288461538462 0.049289772727272634 0.1017884615384615
0 0.9161434659090908 0.36064423076923074 0.06191761363636368 0.058173076923076925
0 0.9432315340909092 0.31999038461538465 0.03884943181818185 0.03786538461538461
0 0.9811292613636362 0.34270192307692304 0.03774147727272734 0.08432692307692306
0 0.971953125 0.26997115384615383 0.04163352272727265 0.0740576923076923
0 0.9880113636363635 0.27452884615384615 0.023778409090908944 0.10144230769230769
0 0.9883380681818181 0.07741346153846153 0.02312499999999996 0.04409615384615385
0 0.9455184659090908 0.24639423076923078 0.041065340909090864 0.10851923076923078
0 0.9734730113636364 0.19817307692307695 0.050980113636363615 0.08369230769230769
0 0.9309588068181818 0.7267596153846153 0.08089488636363643 0.06855769230769237
0 0.9526846590909092 0.16021153846153846 0.05286931818181806 0.06546153846153845
0 0.9457670454545454 0.10575000000000001 0.0644318181818182 0.121
0 0.9839488636363637 0.11525961538461539 0.03159090909090911 0.07855769230769231
0 0.9861008522727271 0.05121153846153847 0.02759943181818175 0.03515384615384616
0 0.515390625 0.587625 0.030696022727272745 0.024942307692307746
0 0.7347940340909092 0.9773846153846154 0.15705965909090916 0.04276923076923079
0 0.01807528409090909 0.9462307692307693 0.03615056818181818 0.09776923076923083
0 0.06566761363636364 0.9370576923076923 0.06372159090909091 0.08188461538461535
0 0.5742897727272728 0.6982019230769231 0.06252840909090907 0.09513461538461544
0 0.5177201704545454 0.5347788461538462 0.06430397727272733 0.08355769230769229
0 0.9785582386363636 0.5544711538461539 0.042883522727272805 0.08317307692307692
0 0.5202982954545454 0.4484807692307692 0.09940340909090904 0.11703846153846151
0 0.4709446022727272 0.5156057692307693 0.05373579545454543 0.12582692307692303
0 0.5627982954545455 0.4384423076923077 0.06752840909090913 0.057999999999999996
0 0.6382599431818182 0.7247307692307693 0.07365056818181813 0.11880769230769225
0 0.6581178977272727 0.6609807692307693 0.02626420454545456 0.03815384615384611
0 0.6911079545454545 0.6705288461538461 0.052528409090909035 0.06763461538461542
0 0.6952627840909091 0.6393076923076924 0.06853693181818189 0.05550000000000003
0 0.6683664772727272 0.5820673076923076 0.050596590909090834 0.08325000000000005
0 0.7189701704545454 0.5703653846153847 0.05828124999999996 0.09103846153846148
0 0.6565198863636363 0.5018557692307692 0.12170454545454538 0.0979807692307692
0 0.7577698863636364 0.7524423076923077 0.0546875 0.051346153846153826
0 0.9071946022727272 0.4924230769230769 0.12481534090909091 0.1113461538461538
0 0.8834943181818182 0.5546923076923077 0.05062499999999998 0.06284615384615375
0 0.7987286931818183 0.5539423076923077 0.11393465909090898 0.11111538461538456
0 0.9650497159090908 0.43693269230769227 0.0660653409090909 0.15798076923076917
0 0.9731107954545454 0.4235576923076923 0.05377840909090911 0.15965384615384612
0 0.09525568181818182 0.16404807692307694 0.06994318181818183 0.0939423076923077
0 0.9852627840909091 0.02075 0.02842329545454544 0.04126923076923077
0 0.8324147727272727 0.33113461538461536 0.04738636363636366 0.1411538461538461
0 0.2729758522727273 0.6141057692307693 0.07387784090909094 0.15471153846153843
0 0.15017045454545455 0.130125 0.08829545454545457 0.0760576923076923
0 0.896669034090909 0.948125 0.06362215909090904 0.09975000000000012
0 0.7392400568181817 0.8082596153846153 0.04498579545454548 0.0782115384615385
0 0.5073366477272727 0.9583750000000001 0.09223011363636364 0.08174999999999999
0 0.43950284090909086 0.9768557692307693 0.049204545454545515 0.043673076923076995
0 0.7842329545454544 0.7828846153846154 0.05380681818181818 0.07999999999999993
0 0.7707741477272727 0.8670769230769231 0.08953124999999997 0.11584615384615386
0 0.9664630681818182 0.6582211538461538 0.06545454545454535 0.08359615384615379
0 0.9776775568181819 0.7418076923076923 0.04464488636363629 0.09196153846153844
0 0.8840340909090909 0.7944711538461539 0.14264204545454556 0.12036538461538468
0 0.9112002840909091 0.8391923076923077 0.09447443181818181 0.08611538461538457
0 0.8340198863636364 0.8843365384615385 0.06482954545454543 0.07605769230769233
0 0.843046875 0.946 0.036832386363636456 0.050538461538461595
0 0.9607031250000001 0.9632115384615385 0.07859375000000006 0.07357692307692305
0 0.903721590909091 0.881423076923077 0.05170454545454542 0.07999999999999993
0 0.9815269886363635 0.8394423076923077 0.03603693181818182 0.11700000000000006
0 0.9456178977272726 0.8831634615384616 0.10876420454545462 0.09290384615384616
0 0.8412784090909091 0.9921249999999999 0.05551136363636353 0.015749999999999997
0 0.86953125 0.9630865384615385 0.07568181818181814 0.0669423076923078
0 0.8137855113636363 0.9521538461538461 0.03683238636363629 0.057384615384615444
0 0.7472230113636364 0.9186442307692307 0.05830965909090919 0.041826923076923074
0 0.7599360795454545 0.9577788461538462 0.0627982954545455 0.03913461538461543
0 0.6952698863636364 0.9136634615384616 0.05028409090909096 0.06475000000000003
0 0.7014204545454544 0.9603173076923077 0.07105113636363626 0.05236538461538465
0 0.627393465909091 0.9744423076923078 0.04606534090909084 0.05111538461538458
0 0.9335227272727273 0.5680865384615384 0.06610795454545465 0.09648076923076926
0 0.6491974431818182 0.9200769230769231 0.07632102272727267 0.09665384615384613
0 0.6224644886363637 0.883375 0.07532670454545459 0.07332692307692307
0 0.5141548295454546 0.8757884615384616 0.21671875 0.10023076923076923
0 0.5778480113636364 0.9166634615384615 0.06535511363636362 0.09463461538461534
0 0.3634019886363636 0.9838557692307692 0.07401988636363634 0.03078846153846152
0 0.11271306818181817 0.9119903846153846 0.0743465909090909 0.08325000000000005
0 0.02468039772727273 0.884 0.0486221590909091 0.06892307692307699
0 0.010767045454545454 0.8235961538461538 0.02153409090909091 0.06273076923076924
0 0.8478764204545454 0.24111538461538462 0.06768465909090905 0.06284615384615383
0 0.05552556818181819 0.3350961538461538 0.07261363636363637 0.09480769230769233
0 0.8999502840909092 0.6015384615384616 0.028963068181818163 0.03465384615384612
0 0.03372869318181818 0.44990384615384615 0.06745738636363637 0.0688076923076923
0 0.03633522727272727 0.395826923076923 0.06119318181818181 0.06319230769230766
0 0.12909801136363636 0.34174999999999994 0.07938920454545455 0.08657692307692309
0 0.2166690340909091 0.3716346153846154 0.04112215909090908 0.07342307692307694
0 0.034396306818181815 0.9727788461538462 0.048622159090909084 0.0544423076923077
0 0.07884232954545455 0.5290384615384616 0.07731534090909091 0.11211538461538463
0 0.04178267045454545 0.4903173076923077 0.05811079545454545 0.0681346153846154
0 0.42677556818181817 0.40841346153846153 0.028977272727272695 0.036134615384615425
0 0.013004261363636362 0.5197403846153846 0.026008522727272724 0.07125000000000002
0 0.018259943181818183 0.6677788461538462 0.036519886363636365 0.10467307692307694
0 0.8719602272727273 0.5897307692307692 0.03545454545454551 0.047615384615384705
0 0.01002840909090909 0.5980961538461538 0.02005681818181818 0.0755769230769231
0 0.03250710227272727 0.5945192307692307 0.03990056818181818 0.13434615384615375
0 0.063046875 0.7391346153846154 0.05705965909090909 0.27476923076923077
0 0.3749431818181818 0.8880096153846153 0.06670454545454546 0.07901923076923072
0 0.1094034090909091 0.8098173076923078 0.059005681818181825 0.13694230769230764
0 0.09753551136363635 0.4196634615384615 0.10188920454545455 0.12717307692307692
0 0.14495028409090907 0.4121923076923077 0.050269886363636364 0.12657692307692306
0 0.2703125 0.5421538461538461 0.029232954545454562 0.04246153846153843
0 0.20600852272727274 0.5058076923076923 0.1791193181818182 0.261923076923077
0 0.2854616477272727 0.5022115384615384 0.043593749999999994 0.08203846153846159
0 0.880703125 0.6209711538461538 0.024815340909090947 0.029326923076923077
0 0.36159801136363634 0.7979423076923076 0.04035511363636359 0.0356923076923077
0 0.3683735795454546 0.6929038461538461 0.03401988636363635 0.09353846153846151
0 0.43562499999999993 0.7642211538461539 0.04340909090909091 0.04532692307692306
0 0.3950994318181818 0.7217115384615385 0.03991477272727268 0.07188461538461538
0 0.383828125 0.7639230769230769 0.05828125000000004 0.042576923076923054
0 0.21142755681818182 0.6908846153846153 0.06026988636363637 0.18134615384615388
0 0.25860795454545454 0.6862019230769231 0.058295454545454574 0.06417307692307693
0 0.2461150568181818 0.7334711538461538 0.03330965909090911 0.045942307692307775
0 0.8775355113636363 0.19049038461538462 0.049644886363636426 0.05586538461538461
0 0.8579829545454545 0.10290384615384617 0.07289772727272718 0.12057692307692308
0 0.851953125 0.6039038461538461 0.03583806818181821 0.0666538461538462
0 0.901484375 0.1741153846153846 0.05018465909090899 0.06873076923076922
0 0.8984659090909091 0.0880673076923077 0.04460227272727269 0.10271153846153845
0 0.6883096590909091 0.2950384615384616 0.053267045454545456 0.08676923076923072
0 0.5341619318181818 0.7472211538461538 0.08326704545454545 0.08874999999999995
0 0.6011647727272728 0.25323076923076926 0.0853125 0.07511538461538463
0 0.591612215909091 0.19641346153846154 0.09231534090909092 0.09151923076923077
0 0.6676207386363636 0.2195576923076923 0.06276988636363635 0.0888076923076923
0 0.6541690340909091 0.20071153846153847 0.06134943181818182 0.05623076923076922
0 0.5786363636363636 0.6007980769230769 0.09460227272727276 0.058288461538461546
0 0.6586150568181818 0.09082692307692308 0.04129261363636363 0.10907692307692307
