0 0.7045454545454546 0.9446442307692308 0.08014204545454548 0.08690384615384604
0 0.9845454545454545 0.16103846153846155 0.028181818181818065 0.056653846153846145
0 0.36053267045454546 0.6040576923076924 0.10433238636363638 0.07007692307692308
0 0.9741548295454545 0.06372115384615384 0.04973011363636362 0.09425
0 0.29745028409090907 0.5750480769230769 0.041235795454545456 0.10182692307692305
0 0.2134943181818182 0.15685576923076922 0.0681818181818182 0.055750000000000015
0 0.12884943181818184 0.5302884615384615 0.061988636363636364 0.10069230769230772
0 0.07444602272727273 0.8489423076923077 0.010624999999999996 0.01438461538461542
0 0.25236505681818183 0.6369038461538461 0.06348011363636363 0.07334615384615382
0 0.8934446022727273 0.4946538461538461 0.0469176136363636 0.06534615384615383
0 0.5051349431818182 0.8582980769230769 0.09740056818181818 0.15882692307692314
0 0.5557883522727273 0.45103846153846155 0.1058096590909091 0.16303846153846155
0 0.6990127840909092 0.6482403846153846 0.04427556818181821 0.08871153846153845
0 0.23801136363636363 0.572298076923077 0.10431818181818181 0.06240384615384613
0 0.6874928977272727 0.3314711538461539 0.08677556818181814 0.15524999999999997
0 0.09835227272727272 0.3952019230769231 0.053125 0.07551923076923073
0 0.9453551136363636 0.0985 0.08161931818181824 0.0976153846153846
0 0.15289062499999997 0.28025 0.05458806818181817 0.09688461538461535
0 0.7800355113636364 0.47323076923076923 0.07526988636363638 0.06353846153846157
0 0.9463920454545455 0.3753461538461539 0.02465909090909093 0.035576923076923075
0 0.011867897727272729 0.01825 0.023735795454545457 0.03596153846153846
0 0.60578125 0.471 0.12181818181818188 0.13238461538461532
0 0.19009943181818184 0.20197115384615386 0.048125000000000015 0.11332692307692309
0 0.2853196022727273 0.04342307692307692 0.054446022727272746 0.03596153846153846
0 0.953671875 0.30172115384615383 0.0925994318181819 0.07663461538461537
0 0.8010014204545454 0.04755769230769231 0.09663352272727269 0.09511538461538462
0 0.2821164772727273 0.7107788461538462 0.05218749999999997 0.08432692307692301
0 0.1488565340909091 0.3755 0.07399147727272727 0.0640384615384615
0 0.1634090909090909 0.32951923076923073 0.06914772727272726 0.07388461538461541
0 0.6616619318181818 0.4768173076923077 0.10758522727272729 0.08751923076923075
0 0.3031534090909091 0.6617500000000001 0.014545454545454518 0.02226923076923074
0 0.1449786931818182 0.4684903846153846 0.04958806818181818 0.10128846153846151
0 0.19737215909090908 0.3059807692307693 0.0327556818181818 0.09142307692307691
0 0.2600497159090909 0.24576923076923077 0.09339488636363637 0.1198846153846154
0 0.7237997159090909 0.5580384615384616 0.061093749999999905 0.14923076923076928
0 0.9750000000000001 0.21677884615384616 0.048068181818181864 0.049365384615384617
0 0.5695241477272727 0.5903269230769231 0.07970170454545457 0.09334615384615388
0 0.2929119318181818 0.29792307692307696 0.10181818181818182 0.11088461538461537
0 0.2477840909090909 0.37197115384615387 0.10758522727272729 0.1618269230769231
0 0.9038707386363637 0.20107692307692307 0.030326704545454577 0.032846153846153844
0 0.7178267045454546 0.43396153846153845 0.04295454545454547 0.05453846153846156
0 0.3550710227272727 0.818375 0.0400284090909091 0.12098076923076917
0 0.32373579545454545 0.7890865384615384 0.06551136363636365 0.0788269230769231
0 0.8820809659090908 0.7405576923076923 0.10492897727272728 0.09230769230769231
0 0.7474928977272728 0.6236730769230769 0.06154829545454543 0.10907692307692313
0 0.6952840909090909 0.72625 0.09448863636363634 0.07965384615384619
0 0.8326420454545456 0.679125 0.055937499999999994 0.06955769230769233
0 0.24594460227272724 0.7807307692307692 0.09771306818181817 0.1053076923076923
0 0.8388636363636363 0.6367596153846155 0.08079545454545455 0.06563461538461537
0 0.7834161931818181 0.42004807692307694 0.061178977272727184 0.05024999999999999
0 0.2735653409090909 0.2122403846153846 0.05394886363636366 0.06574999999999999
0 0.15073863636363638 0.36441346153846155 0.07877840909090908 0.0925192307692308
0 0.20702414772727273 0.1114423076923077 0.05754261363636364 0.06280769230769231
0 0.7021875000000001 0.9458942307692307 0.09454545454545454 0.09351923076923065
0 0.017102272727272726 0.06441346153846154 0.03420454545454545 0.04740384615384615
0 0.6878053977272728 0.7169711538461538 0.11200284090909086 0.10909615384615388
0 0.5170454545454546 0.40129807692307695 0.02125000000000005 0.02636538461538463
0 0.20352982954545454 0.6401538461538462 0.09049715909090907 0.11415384615384618
0 0.9252556818181819 0.1789519230769231 0.03241477272727264 0.03348076923076925
0 0.7822514204545453 0.7101826923076924 0.0782244318181819 0.19328846153846152
0 0.29389204545454545 0.29525961538461537 0.10107954545454545 0.11101923076923077
0 0.050561079545454544 0.33300961538461543 0.05683238636363637 0.055019230769230744
0 0.6502485795454546 0.025211538461538462 0.07419034090909085 0.049269230769230773
0 0.8786718750000001 0.7389038461538462 0.10024147727272735 0.09311538461538464
0 0.11541903409090909 0.5870288461538461 0.051775568181818186 0.11132692307692305
0 0.7289843749999999 0.021557692307692305 0.03609374999999995 0.04273076923076923
0 0.8192897727272727 0.19019230769230772 0.025170454545454583 0.027499999999999993
0 0.3845880681818182 0.8027788461538462 0.057812500000000024 0.11167307692307692
0 0.516171875 0.40086538461538457 0.019133522727272766 0.02553846153846154
0 0.44488636363636364 0.9287307692307692 0.05997159090909095 0.09480769230769222
0 0.6908096590909092 0.33111538461538464 0.09661931818181824 0.16384615384615384
0 0.1958664772727273 0.45954807692307686 0.07866477272727274 0.14086538461538456
0 0.2813494318181818 0.7174903846153846 0.05298295454545456 0.0818653846153846
0 0.2585653409090909 0.9052211538461539 0.12258522727272729 0.05151923076923081
0 0.5274644886363636 0.8314230769230769 0.05231534090909089 0.1083846153846153
0 0.3082457386363636 0.9772115384615384 0.04282670454545456 0.045461538461538546
0 0.8437926136363636 0.24553846153846154 0.016250000000000077 0.024538461538461547
0 0.24373579545454546 0.8510288461538461 0.09795454545454542 0.08867307692307684
0 0.16321022727272727 0.6809615384615385 0.1019034090909091 0.08703846153846152
0 0.18724431818181816 0.2098076923076923 0.04963068181818182 0.09203846153846154
0 0.9852272727272727 0.08813461538461538 0.029545454545454482 0.05196153846153847
0 0.14675426136363637 0.47844230769230767 0.05507102272727272 0.12919230769230772
0 0.4826065340909091 0.6975673076923077 0.09294034090909092 0.10590384615384614
0 0.8511434659090908 0.6228461538461538 0.10660511363636373 0.060923076923076934
0 0.7716477272727272 0.18598076923076926 0.07173295454545454 0.02711538461538463
0 0.5068536931818183 0.8866923076923078 0.07609374999999999 0.07511538461538463
0 0.35266335227272727 0.6030096153846154 0.12274147727272731 0.07936538461538457
0 0.9466619318181819 0.3758269230769231 0.025454545454545396 0.03519230769230772
0 0.27105113636363637 0.27871153846153846 0.06690340909090908 0.052576923076923084
0 0.9053196022727273 0.5633269230769231 0.11776988636363632 0.10188461538461542
0 0.010852272727272728 0.9128557692307693 0.021164772727272727 0.05221153846153842
0 0.7499857954545455 0.40080769230769236 0.05784090909090913 0.04888461538461536
0 0.22157670454545456 0.5743557692307693 0.1149431818181818 0.061519230769230784
0 0.31722301136363634 0.7847884615384616 0.04595170454545454 0.08530769230769222
0 0.6561931818181819 0.11620192307692308 0.13738636363636358 0.11590384615384616
0 0.988984375 0.6017403846153846 0.02203124999999999 0.10517307692307692
0 0.769715909090909 0.6846057692307692 0.07923295454545451 0.13036538461538455
0 0.781200284090909 0.14350000000000002 0.05799715909090915 0.06811538461538462
0 0.015958806818181816 0.10855769230769231 0.03191761363636363 0.05669230769230769
0 0.6982883522727273 0.01808653846153846 0.028707386363636334 0.03578846153846154
0 0.8187571022727272 0.19314423076923076 0.029105113636363648 0.0339423076923077
0 0.8769389204545455 0.058019230769230774 0.027855113636363657 0.11603846153846155
0 0.3762073863636364 0.7828653846153847 0.04357954545454546 0.08146153846153838
0 0.13063920454545455 0.5299807692307692 0.06852272727272729 0.10307692307692307
0 0.6446306818181818 0.9485288461538461 0.0586363636363636 0.10294230769230764
0 0.82890625 0.22079807692307693 0.02707386363636372 0.03444230769230769
0 0.028899147727272725 0.4662403846153846 0.05779829545454545 0.0958653846153846
0 0.8439204545454545 0.2200673076923077 0.0793181818181817 0.10994230769230773
0 0.012528409090909092 0.3971826923076923 0.025056818181818184 0.0443269230769231
0 0.012151988636363636 0.2801923076923077 0.024303977272727272 0.07215384615384618
0 0.9719673295454545 0.36575 0.054417613636363556 0.06707692307692306
0 0.9485653409090908 0.554048076923077 0.07349431818181819 0.08332692307692305
0 0.48446022727272725 0.699076923076923 0.09613636363636356 0.10188461538461542
0 0.9536931818181817 0.3082115384615384 0.09258522727272736 0.08538461538461539
0 0.6144176136363636 0.8113461538461538 0.04815340909090906 0.06699999999999995
0 0.23079545454545458 0.7117596153846154 0.033153409090909094 0.051942307692307677
0 0.5034090909090909 0.37776923076923075 0.14176136363636366 0.09726923076923073
0 0.8444460227272728 0.12751923076923077 0.08784090909090897 0.08234615384615385
0 0.9340767045454544 0.3809615384615385 0.043579545454545385 0.07842307692307693
0 0.8832883522727273 0.5367115384615384 0.06870738636363637 0.15257692307692308
0 0.5504261363636364 0.07596153846153846 0.09517045454545454 0.14807692307692308
0 0.9506960227272727 0.16625961538461542 0.04633522727272728 0.03578846153846154
0 0.9914701704545454 0.7280192307692308 0.015610795454545467 0.10500000000000004
0 0.04068892045454545 0.018778846153846153 0.048252840909090905 0.036557692307692305
0 0.7681960227272726 0.9288557692307692 0.05525568181818179 0.07855769230769236
0 0.18723011363636363 0.7071442307692308 0.06372159090909092 0.05501923076923069
0 0.35678977272727275 0.8194230769230769 0.04548295454545456 0.12249999999999998
0 0.8219886363636365 0.09230769230769231 0.08500000000000005 0.0788846153846154
0 0.46221590909090904 0.46339423076923075 0.07213068181818186 0.10855769230769229
0 0.9040198863636365 0.20375961538461537 0.031136363636363577 0.035557692307692325
0 0.5691619318181819 0.5918461538461538 0.08017045454545454 0.10253846153846152
0 0.4559730113636364 0.5997307692307693 0.12455965909090909 0.09126923076923073
0 0.15537642045454544 0.5889615384615384 0.027315340909090914 0.017615384615384554
0 0.03348721590909091 0.019605769230769232 0.06598011363636364 0.039019230769230764
0 0.9083806818181818 0.04688461538461539 0.05539772727272727 0.05638461538461539
0 0.7819176136363637 0.5961153846153846 0.036107954545454485 0.05838461538461541
0 0.9413352272727273 0.5593846153846154 0.08528409090909102 0.09073076923076924
0 0.196953125 0.28625 0.030213068181818157 0.06476923076923079
0 0.23994318181818183 0.36806730769230767 0.1039488636363636 0.16409615384615386
0 0.6496875 0.8117980769230769 0.08258522727272725 0.11678846153846158
0 0.28345170454545454 0.04449038461538461 0.06150568181818179 0.03798076923076923
0 0.6356534090909091 0.7821442307692307 0.05048295454545449 0.08101923076923076
0 0.08889204545454545 0.7048749999999999 0.05355113636363638 0.08521153846153846
0 0.39091619318181825 0.677096153846154 0.09487215909090913 0.10403846153846147
0 0.46365056818181816 0.8568173076923076 0.08323863636363632 0.0919423076923077
0 0.3074502840909091 0.9844807692307691 0.04205965909090911 0.02876923076923073
0 0.7439346590909092 0.8744134615384616 0.05525568181818179 0.06440384615384617
0 0.9761292613636363 0.2149326923076923 0.04774147727272729 0.05078846153846153
0 0.7123579545454546 0.06234615384615385 0.10176136363636369 0.07503846153846153
0 0.294609375 0.01867307692307692 0.0722869318181818 0.03215384615384615
0 0.25127840909090904 0.7045 0.03511363636363636 0.07965384615384619
0 0.7158877840909091 0.4363461538461539 0.04580965909090909 0.05023076923076924
0 0.08096590909090909 0.8067307692307693 0.036931818181818184 0.09423076923076923
0 0.9515980113636363 0.7507980769230769 0.07146306818181826 0.09509615384615383
0 0.2039914772727273 0.9713461538461539 0.06380681818181816 0.05569230769230776
0 0.8299857954545454 0.6938653846153846 0.05752840909090909 0.10584615384615377
0 0.00854403409090909 0.32951923076923073 0.016576704545454544 0.03230769230769233
0 0.17843039772727273 0.3293557692307692 0.04495738636363635 0.07401923076923073
0 0.29234375 0.5492403846153846 0.06426136363636364 0.06363461538461533
0 0.8279545454545455 0.25140384615384614 0.012187499999999896 0.027499999999999993
0 0.8730255681818181 0.27284615384615385 0.08934659090909088 0.08796153846153845
0 0.18425426136363637 0.9205673076923077 0.09319602272727275 0.08221153846153846
0 0.23075994318181817 0.25387499999999996 0.04387784090909093 0.07890384615384616
0 0.246171875 0.6468846153846154 0.09427556818181819 0.09684615384615387
0 0.03978693181818182 0.27761538461538465 0.03857954545454546 0.05461538461538463
0 0.755333806818182 0.4605673076923077 0.037116477272727266 0.038019230769230736
0 0.3923153409090909 0.8146057692307693 0.04832386363636361 0.1372499999999999
0 0.8405894886363637 0.24748076923076923 0.022230113636363603 0.02899999999999997
0 0.974424715909091 0.04579807692307692 0.05115056818181817 0.055019230769230765
0 0.011612215909090907 0.05221153846153846 0.02234375 0.03057692307692308
0 0.7199005681818182 0.5535769230769231 0.06184659090909094 0.14799999999999996
0 0.265 0.9605384615384616 0.07389204545454543 0.0773076923076924
0 0.7991335227272726 0.4343076923076923 0.03843750000000008 0.04346153846153845
0 0.788671875 0.029442307692307695 0.07021306818181827 0.05773076923076923
0 0.5561150568181819 0.447625 0.10569602272727269 0.18290384615384614
0 0.19763494318181818 0.7548942307692307 0.05072443181818183 0.06336538461538459
0 0.8904900568181818 0.3688653846153846 0.05765625000000005 0.07184615384615388
0 0.24786931818181818 0.7846057692307692 0.10045454545454549 0.10167307692307694
0 0.22178267045454544 0.022711538461538464 0.09117897727272725 0.03353846153846154
0 0.958799715909091 0.18973076923076923 0.035241477272727195 0.016538461538461526
0 0.7362286931818183 0.08428846153846153 0.08640625000000006 0.08888461538461538
0 0.3000071022727273 0.11654807692307692 0.10467329545454546 0.19282692307692306
0 0.7807457386363637 0.4732307692307692 0.08325284090909092 0.067
0 0.3428125 0.7424519230769231 0.06491477272727271 0.06605769230769235
0 0.2118821022727273 0.15697115384615384 0.08021306818181818 0.08375
0 0.9816761363636364 0.16259615384615386 0.03664772727272721 0.07003846153846154
0 0.10056107954545455 0.31766346153846153 0.11007102272727275 0.07986538461538462
0 0.9501278409090909 0.09641346153846153 0.07247159090909089 0.10159615384615384
0 0.7868892045454546 0.10713461538461538 0.06139204545454549 0.07850000000000001
0 0.2968252840909091 0.017951923076923077 0.06330965909090908 0.028173076923076922
0 0.061867897727272726 0.09035576923076923 0.08578125 0.1006730769230769
0 0.7456392045454546 0.6278076923076924 0.03911931818181821 0.10999999999999997
0 0.07239346590909092 0.03554807692307693 0.07688920454545455 0.07009615384615385
0 0.7249431818181818 0.30491346153846155 0.09204545454545456 0.16601923076923075
0 0.7891051136363636 0.5508557692307692 0.09193181818181823 0.12448076923076921
0 0.30026988636363633 0.5941250000000001 0.050369318181818196 0.06744230769230768
0 0.2431747159090909 0.21832692307692309 0.06725852272727272 0.07692307692307693
0 0.11735795454545456 0.9906442307692308 0.053607954545454535 0.018711538461538498
0 0.899034090909091 0.6395673076923076 0.10491477272727275 0.08798076923076924
0 0.6583806818181818 0.5977115384615385 0.08525568181818179 0.09596153846153842
0 0.46303977272727276 0.4636346153846153 0.06818181818181818 0.10430769230769227
0 0.1379971590909091 0.6291153846153846 0.06903409090909092 0.078
0 0.9110511363636363 0.05311538461538461 0.05230113636363627 0.07042307692307692
0 0.15415482954545456 0.2821153846153846 0.05754261363636364 0.09642307692307694
0 0.7840980113636363 0.2319807692307692 0.07228693181818197 0.08026923076923076
0 0.15797585227272729 0.6813846153846154 0.0910369318181818 0.08626923076923079
0 0.2215909090909091 0.023548076923076925 0.09460227272727274 0.031173076923076925
0 0.009708806818181816 0.3329326923076923 0.018536931818181817 0.0354038461538462
0 0.8209943181818182 0.15292307692307694 0.042642045454545426 0.05926923076923078
0 0.5561150568181819 0.6748557692307693 0.06075284090909088 0.09201923076923081
0 0.7964346590909092 0.8729615384615385 0.06815340909090896 0.0773076923076924
0 0.4703835227272727 0.6119519230769231 0.09201704545454549 0.08348076923076928
0 0.8889985795454546 0.20999038461538463 0.09961647727272727 0.11544230769230769
0 0.7005042613636363 0.6520192307692307 0.05115056818181825 0.09323076923076927
0 0.9434517045454546 0.20743269230769232 0.04832386363636377 0.03117307692307691
0 0.7840340909090909 0.8062596153846153 0.15136363636363637 0.08959615384615391
0 0.7172301136363637 0.22665384615384618 0.18380681818181815 0.2015769230769231
0 0.6296306818181818 0.4745961538461539 0.1781818181818182 0.14211538461538462
0 0.5900142045454545 0.8742596153846154 0.05147727272727274 0.09232692307692306
0 0.09764204545454547 0.3927211538461538 0.05735795454545456 0.08348076923076922
0 0.8993607954545454 0.6364903846153847 0.10235795454545447 0.08751923076923075
0 0.7818750000000001 0.595951923076923 0.036306818181818266 0.0449423076923077
0 0.9911434659090909 0.5983461538461539 0.01740056818181818 0.08638461538461542
0 0.15390625 0.5621826923076922 0.024261363636363633 0.06732692307692306
0 0.7853480113636363 0.8070865384615384 0.1452130681818182 0.07913461538461534
0 0.5557670454545455 0.6738173076923076 0.053437500000000006 0.08821153846153847
0 0.9942471590909091 0.7268076923076923 0.011193181818181812 0.0976153846153846
0 0.6553053977272728 0.02664423076923077 0.06430397727272733 0.05309615384615385
0 0.34112215909090904 0.7340673076923078 0.0655113636363636 0.047634615384615456
0 0.7773792613636364 0.7312692307692308 0.06552556818181818 0.22357692307692306
0 0.009808238636363638 0.9115769230769231 0.01859375 0.04853846153846156
0 0.8293039772727272 0.22521153846153846 0.027897727272727255 0.03503846153846154
0 0.19800426136363633 0.7574423076923077 0.051548295454545444 0.0655
0 0.19761363636363638 0.46275 0.08190340909090907 0.12646153846153843
0 0.013416193181818182 0.10635576923076924 0.026832386363636364 0.04555769230769232
0 0.7894460227272727 0.22681730769230768 0.07789772727272731 0.08132692307692309
0 0.4464559659090909 0.5657307692307693 0.018991477272727278 0.026269230769230708
0 0.24053267045454546 0.7017884615384614 0.05061079545454545 0.0655
0 0.25852982954545456 0.8693942307692308 0.11865056818181818 0.12348076923076919
0 0.028636363636363637 0.27888461538461534 0.057272727272727274 0.06569230769230769
0 0.05915482954545454 0.08898076923076922 0.08234375 0.0935
0 0.084765625 0.322125 0.0776278409090909 0.07117307692307691
0 0.7386363636363636 0.8814038461538461 0.08190340909090912 0.07792307692307689
0 0.4416051136363636 0.5931057692307692 0.09178977272727273 0.05255769230769228
0 0.6363068181818182 0.7796346153846153 0.0482670454545454 0.0767307692307693
0 0.6082528409090909 0.8077980769230769 0.042500000000000024 0.062326923076923016
0 0.18879971590909095 0.9404230769230769 0.09342329545454547 0.11807692307692315
0 0.72671875 0.30663461538461534 0.08809659090909089 0.16003846153846155
0 0.7322230113636364 0.019192307692307693 0.038423295454545474 0.038384615384615385
0 0.6976491477272727 0.01814423076923077 0.03396306818181822 0.03340384615384616
0 0.44470880681818187 0.9290288461538462 0.05799715909090907 0.08809615384615385
0 0.7999573863636364 0.43546153846153846 0.03718749999999993 0.039576923076923044
0 0.5130610795454545 0.3764230769230769 0.16026988636363643 0.09050000000000001
0 0.7980397727272727 0.5513076923076923 0.066846590909091 0.10669230769230773
0 0.880703125 0.22183653846153847 0.10257102272727278 0.09621153846153846
0 0.5666335227272726 0.45644230769230776 0.012386363636363595 0.014384615384615365
0 0.7541335227272726 0.4597307692307692 0.03585227272727274 0.03296153846153844
0 0.3918678977272727 0.6768653846153847 0.09745738636363638 0.10180769230769231
0 0.11420454545454546 0.587375 0.04869318181818183 0.10009615384615377
0 0.7702911931818182 0.9269615384615384 0.05933238636363634 0.0767307692307693
0 0.796690340909091 0.6959134615384616 0.04295454545454547 0.13905769230769222
0 0.8325639204545454 0.11205769230769232 0.052144886363636414 0.04888461538461539
0 0.5493252840909091 0.07507692307692307 0.0950142045454546 0.1478076923076923
0 0.5900994318181818 0.8754134615384614 0.04781249999999995 0.08871153846153845
0 0.01740056818181818 0.0694903846153846 0.03480113636363636 0.06175
0 0.5768181818181819 0.9925961538461539 0.03630681818181818 0.012576923076923006
0 0.7975142045454546 0.12396153846153846 0.08653409090909085 0.11496153846153845
0 0.8488991477272727 0.15046153846153848 0.09856534090909105 0.13034615384615386
0 0.7112642045454546 0.07043269230769231 0.10514204545454543 0.08048076923076922
0 0.028366477272727272 0.44577884615384616 0.056732954545454545 0.13378846153846147
0 0.655625 0.5975961538461538 0.07880681818181821 0.0964999999999999
0 0.9526704545454546 0.7464711538461539 0.06730113636363635 0.08151923076923075
0 0.8678835227272728 0.28074038461538464 0.09301136363636366 0.0755576923076923
0 0.0729403409090909 0.030009615384615385 0.075625 0.06001923076923077
0 0.9354758522727273 0.37753846153846154 0.03598011363636369 0.08376923076923078
0 0.4644034090909091 0.8574038461538462 0.08323863636363639 0.08992307692307691
0 0.11965909090909092 0.6670576923076923 0.11022727272727274 0.14746153846153848
0 0.891200284090909 0.36823076923076925 0.0574289772727272 0.06734615384615386
0 0.9298224431818182 0.17991346153846155 0.04245738636363634 0.03667307692307694
0 0.7663068181818182 0.40849038461538467 0.08056818181818186 0.06832692307692308
0 0.2658380681818182 0.9619711538461538 0.07394886363636365 0.07605769230769233
0 0.6525994318181818 0.8036538461538462 0.07292613636363642 0.08526923076923072
0 0.6487926136363636 0.11587499999999999 0.12656250000000002 0.1045576923076923
0 0.9529971590909091 0.18499999999999997 0.0473011363636363 0.06734615384615383
0 0.7939772727272728 0.8733173076923076 0.07127840909090902 0.07013461538461543
0 0.6434517045454545 0.9485384615384616 0.05534090909090914 0.10069230769230761
0 0.049382102272727275 0.3314423076923077 0.05944602272727272 0.04926923076923078
0 0.012308238636363635 0.053903846153846156 0.02461647727272727 0.032961538461538466
0 0.7225781250000001 0.22672115384615388 0.1722585227272728 0.19378846153846152
0 0.20806107954545458 0.11146153846153846 0.05490056818181819 0.06053846153846155
0 0.08241477272727273 0.8036923076923076 0.036306818181818176 0.08930769230769231
0 0.2916619318181818 0.12920192307692308 0.12042613636363636 0.22478846153846155
0 0.19202414772727272 0.631423076923077 0.07526988636363638 0.07192307692307699
0 0.7353196022727272 0.103 0.08612215909090909 0.13138461538461538
0 0.8754332386363637 0.057798076923076924 0.02183238636363637 0.11559615384615385
0 0.119375 0.9900961538461537 0.05534090909090908 0.016192307692307614
0 0.9700497159090908 0.3693269230769231 0.05904829545454553 0.06734615384615386
