0 0.10483664772727273 0.8168269230769231 0.04467329545454546 0.09392307692307698
0 0.3889701704545455 0.6999038461538462 0.042684659090909106 0.049961538461538495
0 0.017258522727272727 0.07087500000000001 0.03451704545454545 0.08521153846153846
0 0.007677556818181819 0.09260576923076923 0.015355113636363637 0.04751923076923077
0 0.09745738636363636 0.10273076923076924 0.052784090909090906 0.059961538461538476
0 0.15441761363636364 0.1490673076923077 0.04971590909090909 0.06667307692307692
0 0.15016335227272729 0.10140384615384615 0.03859375 0.07246153846153845
0 0.1325 0.12205769230769231 0.05045454545454547 0.057307692307692316
0 0.07657670454545455 0.1531826923076923 0.04778409090909091 0.04124999999999998
0 0.060184659090909094 0.18451923076923074 0.0696590909090909 0.07088461538461538
0 0.029169034090909093 0.15957692307692306 0.04098011363636364 0.06384615384615386
0 0.017883522727272727 0.13976923076923078 0.035767045454545454 0.04961538461538461
0 0.3347585227272727 0.7406153846153847 0.05784090909090905 0.069076923076923
0 0.04483664772727273 0.023740384615384618 0.03771306818181819 0.047480769230769236
0 0.009566761363636364 0.01641346153846154 0.019048295454545453 0.03267307692307693
0 0.58125 0.04332692307692308 0.04411931818181818 0.08665384615384616
0 0.7341406250000001 0.06159615384615385 0.023139204545454574 0.06726923076923078
0 0.7019034090909091 0.07771153846153846 0.04636363636363634 0.08423076923076922
0 0.628984375 0.035423076923076925 0.030696022727272745 0.07065384615384616
0 0.8158735795454546 0.10688461538461538 0.0877698863636363 0.08365384615384615
0 0.7376775568181819 0.27216346153846155 0.07268465909090903 0.07082692307692308
0 0.7312357954545454 0.32785576923076926 0.07389204545454543 0.043903846153846175
0 0.8321661931818182 0.3543653846153846 0.06617897727272731 0.09857692307692312
0 0.5067542613636363 0.7410961538461539 0.06401988636363636 0.06715384615384608
0 0.8325497159090909 0.49845192307692304 0.086747159090909 0.100326923076923
0 0.7713565340909092 0.4798653846153846 0.04563920454545454 0.061999999999999965
0 0.7649289772727272 0.4509519230769231 0.044914772727272734 0.06155769230769229
0 0.8115838068181819 0.4270480769230769 0.052258522727272674 0.06282692307692311
0 0.8679332386363636 0.4083076923076923 0.0824573863636363 0.07
0 0.8849147727272727 0.4768365384615385 0.10818181818181814 0.08375000000000002
0 0.7879971590909091 0.5346057692307692 0.053494318181818296 0.057057692307692226
0 0.7930894886363636 0.4954711538461538 0.04561079545454547 0.07786538461538457
0 0.8390980113636363 0.5664423076923077 0.06308238636363632 0.051615384615384674
0 0.7876491477272727 0.5712884615384617 0.05720170454545452 0.05900000000000001
0 0.41255681818181816 0.7907403846153847 0.053153409090909036 0.09209615384615381
0 0.9669247159090909 0.6084711538461538 0.06603693181818183 0.07655769230769231
0 0.9547727272727274 0.7076538461538462 0.04321022727272721 0.1369230769230769
0 0.13459517045454544 0.613798076923077 0.06717329545454546 0.10244230769230765
0 0.09847301136363637 0.6452692307692308 0.0363778409090909 0.08584615384615382
0 0.06777698863636364 0.6653365384615385 0.06234375 0.11255769230769236
0 0.17769176136363637 0.651076923076923 0.05296875000000001 0.12126923076923077
0 0.09425426136363635 0.5536442307692307 0.09288352272727272 0.1381730769230769
0 0.09146306818181818 0.45374038461538463 0.07215909090909091 0.10024999999999999
0 0.04399147727272727 0.48030769230769227 0.08786931818181819 0.08115384615384619
0 0.05850852272727272 0.5454230769230769 0.06051136363636364 0.08965384615384617
0 0.41596590909090914 0.7542980769230769 0.08073863636363633 0.08848076923076921
0 0.16855823863636363 0.5656442307692308 0.04910511363636363 0.0847884615384616
0 0.14139914772727272 0.5352115384615385 0.026718750000000003 0.06184615384615379
0 0.13711647727272727 0.4719903846153846 0.03383522727272726 0.10086538461538465
0 0.03041903409090909 0.41938461538461536 0.060553977272727266 0.09173076923076927
0 0.09240056818181817 0.3890576923076923 0.10227272727272728 0.07965384615384619
0 0.05626420454545455 0.2566923076923077 0.04525568181818182 0.09153846153846153
0 0.10534801136363638 0.27463461538461537 0.062201704545454546 0.058961538461538426
0 0.09116477272727273 0.2258173076923077 0.0590625 0.04809615384615386
0 0.1563778409090909 0.29803846153846153 0.09051136363636361 0.07765384615384614
0 0.16369318181818182 0.39052884615384614 0.07730113636363635 0.12436538461538459
0 0.5484943181818182 0.9678269230769231 0.047698863636363616 0.0643461538461538
0 0.20635653409090907 0.3596346153846154 0.03936079545454547 0.05711538461538465
0 0.2632102272727273 0.3483846153846154 0.047499999999999994 0.10730769230769233
0 0.186796875 0.2900384615384615 0.06751420454545456 0.06330769230769229
0 0.22977982954545453 0.30562500000000004 0.06819602272727275 0.06313461538461541
0 0.16188210227272729 0.3297019230769231 0.06180397727272728 0.047903846153846144
0 0.10923295454545455 0.3393846153846154 0.05105113636363637 0.054384615384615385
0 0.21519176136363638 0.07799038461538461 0.08592329545454547 0.15598076923076923
0 0.18293323863636363 0.07073076923076924 0.057769886363636364 0.0928076923076923
0 0.243828125 0.1536153846153846 0.07475852272727272 0.07550000000000001
0 0.22498579545454545 0.04095192307692308 0.04045454545454544 0.08190384615384616
0 0.5800426136363637 0.9389711538461538 0.04099431818181812 0.05990384615384611
0 0.018053977272727274 0.25065384615384617 0.03573863636363636 0.10515384615384617
0 0.013423295454545453 0.19283653846153848 0.026505681818181817 0.06613461538461539
0 0.10253551136363637 0.1645096153846154 0.05541193181818182 0.08448076923076925
0 0.13306818181818184 0.20370192307692306 0.047727272727272736 0.05871153846153846
0 0.14545454545454548 0.23209615384615384 0.07204545454545454 0.06380769230769232
0 0.23337357954545454 0.26663461538461536 0.05992897727272727 0.07219230769230768
0 0.20696732954545452 0.18816346153846153 0.050014204545454556 0.10448076923076922
0 0.08605113636363636 0.022567307692307692 0.04724431818181817 0.045134615384615384
0 0.12586647727272726 0.04881730769230769 0.05806818181818181 0.0975576923076923
0 0.35235795454545454 0.08156730769230769 0.1358522727272727 0.12540384615384614
0 0.5927840909090909 0.9780288461538461 0.04332386363636364 0.04394230769230774
0 0.19781249999999997 0.024509615384615383 0.030056818181818178 0.049019230769230766
0 0.8678480113636362 0.8427211538461539 0.04419034090909093 0.058096153846153804
0 0.8293536931818182 0.8371730769230769 0.04578125000000002 0.07719230769230767
0 0.7887428977272727 0.786201923076923 0.09970170454545463 0.08944230769230767
0 0.7536008522727272 0.7163173076923077 0.10649147727272723 0.07317307692307695
0 0.8745525568181818 0.652 0.0668039772727274 0.0661153846153846
0 0.9778764204545454 0.7689230769230769 0.04407670454545467 0.03426923076923075
0 0.8990056818181817 0.771 0.07562500000000001 0.09042307692307688
0 0.5088210227272727 0.028153846153846154 0.0999715909090909 0.05623076923076924
0 0.4591264204545455 0.01727884615384615 0.04012784090909091 0.03448076923076923
0 0.4123934659090909 0.9580673076923076 0.12865056818181822 0.08386538461538465
0 0.4222017045454546 0.0654326923076923 0.07588068181818185 0.1308269230769231
0 0.3533664772727273 0.25430769230769235 0.07218749999999999 0.0783846153846154
0 0.36306818181818185 0.22013461538461537 0.07889204545454544 0.058769230769230775
0 0.3663352272727272 0.1662596153846154 0.10343749999999999 0.07240384615384617
0 0.37441761363636367 0.31020192307692307 0.09275568181818183 0.13028846153846155
0 0.30777698863636366 0.36388461538461536 0.04836647727272725 0.07792307692307689
0 0.9297443181818181 0.27801923076923074 0.08792613636363633 0.12134615384615387
0 0.9620738636363636 0.2480673076923077 0.0743181818181819 0.09217307692307694
0 0.9848650568181818 0.22233653846153847 0.030269886363636287 0.05913461538461541
0 0.977265625 0.9499423076923077 0.04546874999999999 0.10011538461538462
0 0.4373224431818182 0.9696538461538462 0.049644886363636426 0.06061538461538469
0 0.9677485795454545 0.9754711538461539 0.06359374999999998 0.04905769230769229
0 0.45181107954545463 0.8200576923076923 0.0845880681818182 0.09838461538461532
0 0.5957386363636363 0.16959615384615384 0.034744318181818154 0.15561538461538466
0 0.5927130681818181 0.27590384615384617 0.0546875 0.0618846153846154
0 0.6154971590909091 0.10588461538461538 0.03994318181818182 0.04953846153846153
0 0.324765625 0.6734134615384615 0.02166193181818182 0.06882692307692312
0 0.31913352272727274 0.6239423076923076 0.020994318181818183 0.035576923076923075
0 0.3840767045454545 0.6446538461538462 0.028437499999999973 0.034884615384615465
0 0.3569389204545455 0.6332211538461539 0.06308238636363636 0.05424999999999996
0 0.3058096590909091 0.6791442307692307 0.02178977272727273 0.1044038461538462
0 0.14922585227272728 0.85125 0.05345170454545456 0.0625
0 0.12139204545454546 0.9894134615384615 0.021931818181818198 0.021173076923076906
0 0.12414772727272728 0.8826250000000001 0.05897727272727272 0.08378846153846152
0 0.15634232954545454 0.9053942307692308 0.05191761363636363 0.05959615384615386
0 0.37477272727272726 0.5716442307692308 0.08039772727272726 0.10317307692307688
0 0.2997372159090909 0.6170865384615385 0.027798295454545485 0.04690384615384613
0 0.2701349431818182 0.5925673076923077 0.04441761363636365 0.059826923076923104
0 0.3183309659090909 0.8328076923076924 0.04802556818181818 0.1065384615384615
0 0.32559659090909093 0.8932307692307693 0.07090909090909094 0.06915384615384612
0 0.3369034090909091 0.9413076923076923 0.11102272727272727 0.10338461538461537
0 0.533018465909091 0.678201923076923 0.11225852272727269 0.09148076923076921
0 0.46484375 0.7054423076923076 0.024232954545454467 0.03657692307692304
0 0.09519886363636364 0.9465865384615385 0.06511363636363636 0.06574999999999999
0 0.5462286931818182 0.6370384615384616 0.04811079545454546 0.050769230769230726
0 0.5860724431818182 0.6441826923076923 0.02393465909090904 0.018711538461538387
0 0.5510227272727273 0.727375 0.040653409090909094 0.034365384615384624
0 0.6730042613636363 0.6690288461538462 0.059048295454545444 0.06136538461538466
0 0.7130610795454545 0.712326923076923 0.02632102272727269 0.060423076923076954
0 0.7067258522727272 0.6661923076923076 0.05356534090909088 0.058807692307692276
0 0.6724360795454545 0.7168461538461538 0.05779829545454545 0.08726923076923077
0 0.3781463068181818 0.8705673076923077 0.05078124999999996 0.13501923076923084
0 0.08199573863636363 0.8862788461538462 0.03830965909090908 0.036211538461538434
0 0.7406818181818181 0.6435769230769232 0.05715909090909084 0.051192307692307704
0 0.06879971590909091 0.9178749999999999 0.044872159090909094 0.06521153846153852
0 0.5771093749999999 0.6900096153846154 0.04964488636363635 0.06255769230769226
0 0.5787428977272727 0.6112884615384615 0.07731534090909084 0.07676923076923069
0 0.6019602272727272 0.6778173076923077 0.03426136363636356 0.05105769230769233
0 0.592059659090909 0.7238461538461538 0.05389204545454545 0.04238461538461542
0 0.5770241477272727 0.5493846153846154 0.05634943181818184 0.05603846153846151
0 0.6297798295454545 0.6323557692307692 0.05561079545454542 0.08528846153846158
0 0.6634303977272726 0.6146442307692308 0.04447443181818182 0.06959615384615384
0 0.7480326704545455 0.6750673076923076 0.04794034090909091 0.02617307692307684
0 0.7718252840909091 0.602701923076923 0.02098011363636361 0.03355769230769229
0 0.41813920454545456 0.5459423076923077 0.06423295454545458 0.08680769230769228
0 0.11324573863636363 0.9269519230769231 0.05140624999999999 0.051788461538461554
0 0.7416903409090909 0.6026730769230769 0.04210227272727279 0.06599999999999999
0 0.3353196022727273 0.5006442307692308 0.0718323863636364 0.22721153846153852
0 0.4566832386363636 0.5378557692307693 0.03498579545454545 0.05567307692307701
0 0.4840269886363636 0.5389711538461538 0.03333806818181822 0.061826923076923036
0 0.28711647727272727 0.6825288461538462 0.03661931818181818 0.09398076923076924
0 0.7597727272727273 0.5152403846153847 0.05596590909090922 0.07136538461538464
0 0.44341619318181813 0.4314230769230769 0.06188920454545454 0.09526923076923081
0 0.5104048295454545 0.4456153846153847 0.09867897727272731 0.15842307692307697
0 0.04712357954545454 0.3524326923076923 0.031122159090909096 0.05078846153846153
0 0.07284801136363636 0.33533653846153844 0.0426846590909091 0.033326923076923046
0 0.022990056818181816 0.9664807692307692 0.04598011363636363 0.06703846153846156
0 0.08063210227272727 0.3710288461538462 0.06782670454545454 0.048903846153846166
0 0.0648721590909091 0.30741346153846155 0.03639204545454545 0.036519230769230734
0 0.4978267045454546 0.9323173076923077 0.04235795454545454 0.04644230769230765
0 0.5241619318181818 0.9102596153846153 0.058125000000000024 0.08271153846153845
0 0.53859375 0.8414038461538461 0.03519886363636368 0.1
0 0.5204119318181818 0.8646826923076922 0.05946022727272729 0.0890192307692307
0 0.5597940340909091 0.9144134615384616 0.023394886363636323 0.04975000000000001
0 0.04566051136363636 0.04677884615384615 0.045241477272727273 0.0935576923076923
0 0.056882102272727275 0.08389423076923078 0.08992897727272728 0.13075
0 0.6390625 0.14350961538461537 0.07315340909090909 0.11559615384615386
0 0.684012784090909 0.035625 0.05546875000000002 0.07125
0 0.04124289772727273 0.9423365384615384 0.061576704545454546 0.061134615384615426
0 0.022933238636363637 0.8525192307692306 0.04575284090909091 0.05780769230769231
0 0.03743607954545455 0.8454711538461538 0.029417613636363638 0.03651923076923079
0 0.07458806818181819 0.854153846153846 0.04923295454545455 0.05253846153846153
0 0.04056818181818182 0.8931826923076923 0.04752840909090909 0.06086538461538457
0 0.0621875 0.8180384615384615 0.05846590909090909 0.058076923076923165
0 0.2473934659090909 0.7502692307692307 0.04330965909090911 0.08534615384615384
0 0.1882244318181818 0.7479134615384615 0.09255681818181817 0.1936730769230769
0 0.6068039772727274 0.3355192307692308 0.1021875 0.07819230769230774
0 0.7313778409090909 0.3595288461538461 0.06093750000000005 0.0565192307692308
0 0.64609375 0.05810576923076923 0.06437499999999999 0.11621153846153846
0 0.6667826704545454 0.3256442307692307 0.04169034090909086 0.03344230769230772
0 0.6459872159090909 0.29128846153846155 0.08907670454545452 0.0619230769230769
0 0.877265625 0.26582692307692307 0.05919034090909085 0.09226923076923077
0 0.8728125000000001 0.357875 0.06727272727272729 0.10767307692307694
0 0.8370241477272727 0.6300961538461538 0.08234375000000003 0.10926923076923076
0 0.9242258522727272 0.5379615384615385 0.15154829545454554 0.06346153846153846
0 0.9320951704545454 0.6126730769230769 0.029872159090909213 0.04138461538461546
0 0.9606960227272726 0.566048076923077 0.07860795454545459 0.0794807692307692
0 0.02578125 0.3291826923076923 0.0515625 0.15528846153846154
0 0.8877414772727273 0.2038269230769231 0.11170454545454543 0.09723076923076926
0 0.7114346590909091 0.021817307692307695 0.045937499999999964 0.04363461538461539
0 0.5487144886363636 0.2635673076923077 0.07333806818181818 0.0858653846153846
0 0.9515269886363636 0.5244230769230769 0.06981534090909104 0.052346153846153896
0 0.7895170454545454 0.9564423076923078 0.10889204545454541 0.08711538461538464
0 0.745 0.9747307692307693 0.059573863636363716 0.050538461538461484
0 0.7331605113636364 0.6666730769230769 0.03234374999999998 0.0380769230769231
0 0.8288210227272728 0.24026923076923076 0.07244318181818182 0.05111538461538458
0 0.7940625 0.6623365384615385 0.08463068181818172 0.06875
0 0.9182670454545455 0.35339423076923077 0.06900568181818188 0.14748076923076928
0 0.8875426136363636 0.19018269230769233 0.06690340909090912 0.06678846153846155
0 0.7285582386363636 0.5799903846153847 0.06214488636363636 0.14151923076923073
0 0.7150355113636363 0.09604807692307692 0.025610795454545417 0.05924999999999999
0 0.48394176136363637 0.7627692307692308 0.04686079545454547 0.06930769230769235
0 0.3864985795454546 0.7709230769230769 0.057911931818181835 0.0881153846153846
0 0.42824573863636367 0.8995192307692308 0.09890624999999999 0.11092307692307683
0 0.5626988636363636 0.33169230769230773 0.06718750000000001 0.09599999999999997
0 0.5393323863636363 0.11482692307692308 0.1071022727272727 0.1260769230769231
0 0.6447230113636363 0.17433653846153846 0.06975852272727275 0.07305769230769232
0 0.6515696022727272 0.45500961538461543 0.09822443181818179 0.22744230769230772
0 0.7212002840909091 0.46608653846153847 0.04495738636363633 0.06086538461538463
0 0.6983806818181818 0.5481538461538462 0.07732954545454546 0.13484615384615392
0 0.9668963068181817 0.4431153846153846 0.06620738636363638 0.11119230769230767
0 0.6896946022727273 0.11916346153846155 0.03458806818181821 0.029403846153846152
0 0.984112215909091 0.47686538461538464 0.03177556818181819 0.07992307692307693
0 0.8561150568181817 0.9025865384615385 0.07336647727272724 0.0954423076923078
0 0.9087926136363635 0.8429807692307693 0.06181818181818179 0.07123076923076926
0 0.9488423295454546 0.8943076923076922 0.05109375000000004 0.07030769230769231
0 0.9166619318181817 0.9021153846153847 0.03573863636363632 0.07965384615384619
0 0.9605965909090909 0.8371634615384616 0.07880681818181821 0.07867307692307686
0 0.8242755681818181 0.948125 0.043750000000000094 0.05398076923076922
0 0.9355326704545455 0.77025 0.055497159090909 0.09007692307692303
0 0.7865909090909091 0.9194326923076923 0.06906250000000001 0.07478846153846151
0 0.43108664772727273 0.6976442307692308 0.07686079545454548 0.10817307692307693
0 0.19063210227272726 0.8567692307692307 0.05223011363636365 0.06400000000000006
0 0.76359375 0.05997115384615384 0.09213068181818183 0.11994230769230768
0 0.3548011363636363 0.6825961538461539 0.07031249999999996 0.10976923076923074
0 0.4436363636363636 0.6699903846153846 0.1034943181818182 0.08744230769230764
0 0.5119389204545454 0.8174615384615386 0.04194602272727277 0.05999999999999998
0 0.737109375 0.8343461538461538 0.1531676136363637 0.12750000000000003
0 0.7568821022727273 0.81225 0.04390624999999995 0.02676923076923069
0 0.7378835227272728 0.7755384615384615 0.05247159090909099 0.058884615384615285
0 0.6997301136363636 0.7668557692307693 0.043352272727272705 0.03444230769230774
0 0.6207102272727273 0.68475 0.06073863636363635 0.07111538461538465
0 0.890078125 0.7220480769230769 0.13637784090909089 0.18425
0 0.9304900568181819 0.9486153846153845 0.07163352272727265 0.04665384615384625
0 0.697578125 0.3560673076923077 0.08208806818181821 0.07721153846153841
0 0.6881818181818182 0.9747307692307693 0.07866477272727264 0.050538461538461484
0 0.6434730113636363 0.9041826923076923 0.07441761363636362 0.10098076923076921
0 0.6079829545454545 0.8067596153846154 0.09755681818181819 0.10255769230769228
0 0.6793892045454545 0.827173076923077 0.05897727272727278 0.0875
0 0.6847088068181818 0.9399038461538461 0.05137784090909093 0.07473076923076925
0 0.7250710227272728 0.9181730769230769 0.04784090909090902 0.09261538461538456
0 0.8707883522727274 0.9704230769230769 0.06632102272727264 0.058038461538461664
0 0.874921875 0.9331153846153847 0.06291193181818193 0.11203846153846163
0 0.9082315340909091 0.9758269230769231 0.07245738636363636 0.048346153846153817
0 0.8952840909090909 0.6036826923076923 0.051221590909090835 0.07282692307692308
0 0.8288068181818182 0.28509615384615383 0.057869318181818195 0.06996153846153845
0 0.3024715909090909 0.7773653846153846 0.05377840909090911 0.11561538461538462
0 0.35203125 0.8244038461538461 0.05636363636363637 0.07765384615384614
0 0.24390625000000002 0.7258653846153846 0.06676136363636363 0.13173076923076923
0 0.24657670454545455 0.6107211538461539 0.030454545454545453 0.06263461538461537
0 0.22116477272727272 0.6340192307692307 0.046420454545454515 0.07049999999999994
0 0.21402698863636366 0.5666057692307692 0.04657670454545453 0.07448076923076927
0 0.28544744318181814 0.6814519230769231 0.028338068181818207 0.057557692307692324
0 0.2778409090909091 0.6585576923076922 0.033295454545454545 0.06411538461538467
0 0.26230823863636366 0.6600769230769231 0.047116477272727254 0.09592307692307692
0 0.12386363636363637 0.6919423076923077 0.06386363636363637 0.08611538461538457
0 0.784375 0.2612115384615385 0.06380681818181812 0.060115384615384626
0 0.2755965909090909 0.5219807692307692 0.08809659090909093 0.12265384615384615
0 0.20360795454545455 0.5113076923076924 0.06741477272727271 0.11146153846153847
0 0.022109375 0.66 0.04421875 0.08299999999999993
0 0.012947443181818181 0.6992403846153846 0.025667613636363638 0.06978846153846158
0 0.031193181818181818 0.7523269230769231 0.05201704545454546 0.07546153846153848
0 0.056754261363636364 0.7345673076923077 0.07438920454545456 0.10651923076923085
0 0.13360795454545454 0.7735288461538462 0.08147727272727273 0.09994230769230775
0 0.018941761363636365 0.7950096153846153 0.03788352272727273 0.08505769230769224
0 0.012606534090909094 0.8964711538461537 0.024786931818181823 0.09117307692307697
0 0.8006889204545454 0.3652884615384615 0.033451704545454646 0.08296153846153849
0 0.7786150568181818 0.3376442307692307 0.05265624999999991 0.09640384615384615
0 0.7798224431818181 0.4175192307692308 0.03561079545454537 0.03892307692307689
0 0.721953125 0.4085192307692308 0.1402414772727273 0.06599999999999999
0 0.5472869318181818 0.42696153846153845 0.07809659090909085 0.1192692307692308
0 0.4248721590909091 0.42058653846153843 0.08681818181818182 0.06805769230769233
0 0.2983025568181818 0.8972403846153846 0.04990056818181818 0.054557692307692314
0 0.4589133522727273 0.5001923076923077 0.04955965909090907 0.0667307692307692
0 0.3997727272727273 0.4937403846153846 0.07664772727272728 0.08575000000000006
0 0.6877840909090909 0.6207403846153846 0.02434659090909089 0.04928846153846153
0 0.794424715909091 0.6219134615384615 0.052684659090909136 0.04817307692307694
0 0.749580965909091 0.5749423076923077 0.05086647727272728 0.07415384615384615
0 0.6159375 0.5873846153846154 0.08920454545454538 0.06211538461538453
0 0.597471590909091 0.8497211538461539 0.06892045454545452 0.11028846153846147
0 0.5974360795454546 0.8827788461538462 0.03231534090909091 0.051249999999999955
0 0.5718323863636363 0.8661826923076923 0.03531250000000002 0.09278846153846154
0 0.615674715909091 0.9517596153846153 0.06850852272727276 0.09609615384615379
0 0.2795738636363636 0.838548076923077 0.053125000000000006 0.09778846153846159
0 0.5256818181818183 0.9727307692307692 0.03971590909090906 0.05453846153846156
0 0.4915411931818181 0.9668942307692308 0.0447017045454545 0.06621153846153847
0 0.6361292613636363 0.7559615384615385 0.08771306818181818 0.0595384615384615
0 0.15604403409090908 0.964701923076923 0.06245738636363636 0.07059615384615381
0 0.17504261363636361 0.9798269230769231 0.04244318181818179 0.040269230769230765
0 0.21063210227272727 0.9641057692307693 0.0648153409090909 0.07178846153846151
0 0.09301136363636364 0.9804134615384615 0.053039772727272734 0.03917307692307693
0 0.045078125 0.9814903846153846 0.0529403409090909 0.03701923076923077
0 0.9791477272727271 0.09253846153846153 0.04170454545454547 0.06392307692307692
0 0.959580965909091 0.17808653846153844 0.04717329545454534 0.07521153846153845
0 0.24405539772727272 0.8338942307692307 0.05546875000000002 0.10036538461538472
0 0.9862642045454545 0.16667307692307692 0.026562499999999902 0.09238461538461538
0 0.948955965909091 0.12688461538461537 0.09055397727272728 0.07419230769230768
0 0.974453125 0.36870192307692307 0.050809659090909065 0.07659615384615381
0 0.9771732954545456 0.3212403846153846 0.045568181818181876 0.06713461538461538
0 0.24348011363636363 0.3571057692307692 0.06031249999999997 0.08344230769230766
0 0.2187286931818182 0.43492307692307697 0.03910511363636364 0.1003076923076923
0 0.19544744318181817 0.4357307692307692 0.030326704545454556 0.08284615384615387
0 0.2659517045454546 0.46306730769230775 0.07772727272727273 0.0776346153846154
0 0.3230752840909091 0.432375 0.05063920454545456 0.0973653846153846
0 0.268359375 0.4182211538461538 0.0689346590909091 0.04798076923076921
0 0.21037642045454544 0.8904711538461538 0.09461647727272728 0.09063461538461537
0 0.46875 0.8891634615384616 0.06749999999999998 0.05217307692307691
0 0.6809730113636363 0.7089230769230769 0.05319602272727271 0.06515384615384615
0 0.5474005681818181 0.7592596153846154 0.08519886363636366 0.06678846153846157
0 0.4991264204545454 0.6330673076923078 0.06234374999999998 0.11263461538461537
0 0.4367755681818182 0.609375 0.08937500000000002 0.10448076923076931
0 0.5868394886363636 0.48859615384615385 0.053338068181818195 0.11503846153846158
0 0.5345738636363637 0.5182307692307693 0.0736363636363636 0.09469230769230771
0 0.523984375 0.5812788461538462 0.05850852272727272 0.07148076923076926
0 0.5093039772727272 0.34675961538461536 0.09053977272727275 0.09863461538461542
0 0.6297088068181819 0.22471153846153846 0.06901988636363642 0.09034615384615385
0 0.25170454545454546 0.9185576923076922 0.06465909090909093 0.06746153846153843
0 0.7364275568181817 0.1782403846153846 0.09828124999999992 0.1196346153846154
0 0.7102840909090908 0.24457692307692305 0.03397727272727275 0.049846153846153825
0 0.6948792613636363 0.2972019230769231 0.05029829545454541 0.052096153846153855
0 0.6734943181818182 0.2707980769230769 0.054971590909090894 0.040826923076923115
0 0.6799289772727273 0.23341346153846154 0.04105113636363633 0.04798076923076921
0 0.5655823863636363 0.21201923076923077 0.04568181818181822 0.07084615384615382
0 0.5430965909090909 0.17572115384615383 0.035142045454545384 0.0868653846153846
0 0.5637286931818182 0.08761538461538462 0.0679971590909091 0.1103846153846154
0 0.4942400568181819 0.11076923076923077 0.07322443181818183 0.1246923076923077
0 0.4550213068181818 0.24608653846153847 0.12285511363636364 0.12490384615384616
0 0.290390625 0.9702211538461538 0.11890624999999998 0.05955769230769236
0 0.5184943181818181 0.17072115384615386 0.050056818181818195 0.10848076923076924
0 0.46843749999999995 0.3110192307692308 0.0985227272727272 0.08288461538461538
0 0.4007528409090909 0.358875 0.07784090909090907 0.08382692307692308
0 0.29219460227272726 0.27548076923076925 0.06708806818181817 0.08161538461538462
0 0.34547585227272726 0.38416346153846154 0.0443892045454545 0.11217307692307694
0 0.30338778409090905 0.3163653846153846 0.032201704545454526 0.031923076923076915
0 0.32762784090909086 0.28928846153846155 0.04267045454545453 0.05961538461538462
0 0.30535511363636364 0.17790384615384613 0.04914772727272731 0.08180769230769232
0 0.2697088068181818 0.2002596153846154 0.09768465909090907 0.08671153846153846
0 0.2580681818181818 0.1125576923076923 0.09522727272727272 0.07384615384615385
