0 0.4866761363636364 0.6299807692307693 0.024005681818181787 0.03126923076923086
0 0.11546875 0.8228076923076924 0.12590909090909091 0.06326923076923073
0 0.7679758522727272 0.9523653846153847 0.06603693181818183 0.09526923076923081
0 0.7900639204545453 0.9289711538461538 0.05626420454545456 0.05351923076923085
0 0.8493536931818181 0.9847884615384616 0.07720170454545458 0.03042307692307691
0 0.8419105113636364 0.9437596153846154 0.07813920454545453 0.10828846153846143
0 0.7207670454545455 0.9608653846153846 0.08323863636363639 0.07826923076923074
0 0.6454332386363636 0.9715673076923077 0.08509943181818178 0.0568653846153846
0 0.5856747159090909 0.8949711538461538 0.10044034090909096 0.11271153846153849
0 0.6395525568181818 0.9419903846153846 0.16225852272727276 0.07028846153846156
0 0.5739985795454546 0.9793365384615385 0.06100852272727271 0.04128846153846159
0 0.8860369318181818 0.8717211538461539 0.05840909090909092 0.08698076923076926
0 0.09113636363636363 0.8091923076923077 0.02531249999999999 0.03953846153846154
0 0.9236860795454547 0.8435961538461537 0.036349431818181864 0.11334615384615385
0 0.886455965909091 0.935125 0.0532244318181817 0.07555769230769235
0 0.9451917613636364 0.8345192307692308 0.05776988636363631 0.1309230769230769
0 0.933515625 0.9715096153846154 0.03569602272727272 0.056980769230769224
0 0.921825284090909 0.9258942307692308 0.027911931818181787 0.051826923076923055
0 0.9474644886363636 0.9263269230769231 0.031150568181818272 0.06326923076923073
0 0.9601207386363636 0.9711442307692307 0.026605113636363663 0.033403846153846055
0 0.9682315340909091 0.965875 0.02595170454545452 0.03867307692307684
0 0.9740767045454546 0.9408365384615385 0.05062500000000014 0.08348076923076928
0 0.9844389204545455 0.9241346153846154 0.031122159090909044 0.06061538461538458
0 0.24170454545454545 0.8887019230769231 0.0824147727272727 0.1265192307692307
0 0.9601207386363636 0.889875 0.027911931818181787 0.060634615384615335
0 0.8469176136363636 0.5482692307692308 0.14727272727272736 0.08384615384615378
0 0.8206889204545454 0.37884615384615383 0.04802556818181811 0.06503846153846153
0 0.8061576704545456 0.36344230769230773 0.018963068181818213 0.02053846153846155
0 0.7856107954545454 0.3715673076923077 0.028437500000000136 0.02651923076923081
0 0.7717116477272729 0.3724230769230769 0.044872159090909136 0.05392307692307696
0 0.7653906250000001 0.5046346153846153 0.06004261363636361 0.061615384615384655
0 0.7811860795454546 0.4768173076923077 0.06004261363636361 0.17540384615384616
0 0.5602840909090909 0.6090288461538461 0.02781250000000006 0.03251923076923071
0 0.5196235795454546 0.9620576923076922 0.08424715909090909 0.07480769230769237
0 0.2666903409090909 0.9544615384615385 0.1259090909090909 0.0910769230769231
0 0.5022301136363636 0.9801730769230769 0.07161931818181812 0.039653846153846165
0 0.40066051136363634 0.9773461538461539 0.031803977272727255 0.04530769230769231
0 0.3815198863636363 0.9639134615384616 0.04153409090909088 0.060634615384615335
0 0.42240767045454547 0.9481057692307692 0.0441335227272728 0.030750000000000017
0 0.3922301136363636 0.9199903846153846 0.036988636363636314 0.037788461538461604
0 0.43732954545454544 0.8066346153846154 0.037642045454545456 0.057115384615384596
0 0.44220170454545454 0.7754423076923077 0.03568181818181819 0.061500000000000034
0 0.4288991477272727 0.9208653846153847 0.042826704545454515 0.04130769230769223
0 0.37990056818181817 0.9296538461538462 0.042187500000000024 0.06415384615384619
0 0.3688636363636364 0.9138365384615385 0.024005681818181825 0.053596153846153856
0 0.35301136363636365 0.952701923076923 0.016874999999999994 0.09459615384615384
0 0.4123508522727273 0.8395865384615385 0.027911931818181787 0.08259615384615382
0 0.39061079545454547 0.8268461538461539 0.012982954545454527 0.09753846153846148
0 0.3961221590909091 0.8303653846153847 0.04607954545454545 0.10984615384615386
0 0.3779545454545455 0.8448557692307693 0.02531249999999999 0.031634615384615365
0 0.367890625 0.7960865384615384 0.036349431818181864 0.12740384615384615
0 0.40683238636363633 0.8909903846153846 0.05971590909090912 0.030750000000000017
0 0.34712357954545453 0.8488173076923077 0.06359374999999998 0.0782115384615385
0 0.3474502840909091 0.8606730769230769 0.056463068181818225 0.09138461538461536
0 0.7411718750000001 0.4928173076923077 0.04024147727272733 0.0782115384615385
0 0.9030965909090909 0.3807884615384615 0.04607954545454553 0.08434615384615382
0 0.303359375 0.8860673076923077 0.052571022727272716 0.061519230769230784
0 0.9355397727272727 0.43570192307692307 0.029204545454545375 0.0360192307692308
0 0.9368465909090908 0.4132980769230769 0.012329545454545383 0.0175576923076923
0 0.8901136363636364 0.4040769230769231 0.06426136363636364 0.10280769230769232
0 0.8936789772727273 0.32367307692307695 0.037642045454545456 0.10015384615384612
0 0.9254829545454545 0.46029807692307695 0.019460227272727174 0.03074999999999996
0 0.939765625 0.46338461538461534 0.023366477272727337 0.03338461538461535
0 0.9592329545454544 0.46294230769230765 0.025965909090909213 0.08523076923076922
0 0.9907244318181818 0.18864423076923076 0.012329545454545383 0.021096153846153844
0 0.9401065340909092 0.48914423076923075 0.022713068181818195 0.031634615384615365
0 0.9297230113636364 0.48958653846153843 0.017514204545454604 0.03601923076923075
0 0.041875 0.55875 0.08375 0.13353846153846147
0 0.956328125 0.623576923076923 0.06944602272727286 0.0755769230769231
0 0.9222585227272727 0.5212211538461539 0.023352272727272805 0.07644230769230775
0 0.9258309659090909 0.5708557692307693 0.022713068181818195 0.09136538461538471
0 0.9472443181818182 0.5229711538461538 0.02142045454545444 0.046557692307692376
0 0.919659090909091 0.6103942307692307 0.07528409090909091 0.11774999999999992
0 0.9469176136363638 0.5524038461538462 0.02076704545454546 0.02284615384615384
0 0.9608735795454546 0.5383461538461539 0.018821022727272728 0.07030769230769231
0 0.9719034090909091 0.5765673076923077 0.05386363636363631 0.06590384615384612
0 0.9939062500000001 0.5220961538461538 0.012187500000000058 0.044807692307692326
0 0.9738565340909091 0.49133653846153846 0.017514204545454604 0.10278846153846156
0 0.16754971590909093 0.42297115384615386 0.07788352272727272 0.06413461538461537
0 0.9770951704545454 0.5256057692307692 0.027911931818181947 0.039557692307692405
0 0.7212855113636363 0.7991442307692307 0.0947585227272727 0.07028846153846156
0 0.7758025568181818 0.7912307692307692 0.042826704545454515 0.08434615384615388
0 0.7530894886363636 0.757846153846154 0.03115056818181811 0.021076923076923038
0 0.7277769886363636 0.7538846153846154 0.05580965909090912 0.03953846153846154
0 0.7670454545454546 0.7380769230769231 0.029204545454545375 0.02373076923076929
0 0.828700284090909 0.7007307692307693 0.10578125000000003 0.09488461538461544
0 0.7634730113636364 0.7086442307692308 0.03504261363636374 0.05448076923076931
0 0.7754758522727272 0.6717307692307692 0.014928977272727422 0.02284615384615384
0 0.8053267045454546 0.6502019230769231 0.04997159090909084 0.0764423076923077
0 0.16657670454545456 0.49590384615384614 0.0590625 0.08173076923076923
0 0.7328053977272727 0.6106634615384614 0.027911931818181867 0.06501923076923077
0 0.7058735795454546 0.5873846153846154 0.022059659090909053 0.036038461538461554
0 0.7594886363636365 0.6194423076923077 0.07789772727272731 0.11403846153846156
0 0.6991974431818182 0.5169038461538461 0.04867897727272725 0.04657692307692302
0 0.7261292613636363 0.556 0.05711647727272724 0.04392307692307698
0 0.6823224431818182 0.542826923076923 0.06166193181818185 0.04042307692307689
0 0.6716193181818182 0.5555576923076923 0.025965909090909053 0.1537692307692308
0 0.656690340909091 0.4242115384615385 0.03633522727272733 0.13003846153846155
0 0.6242400568181818 0.4734038461538462 0.06879261363636364 0.050961538461538516
0 0.5950355113636363 0.4962596153846154 0.05711647727272724 0.11598076923076918
0 0.06377130681818181 0.7411346153846153 0.03623579545454545 0.1250769230769231
0 0.6031463068181818 0.4026730769230769 0.04217329545454545 0.09049999999999996
0 0.6307315340909091 0.40003846153846156 0.018167613636363666 0.11861538461538462
0 0.5629048295454545 0.4865961538461539 0.05126420454545451 0.1651923076923077
0 0.5867826704545455 0.015615384615384614 0.038934659090909124 0.03123076923076923
0 0.6273508522727272 0.027471153846153847 0.055156249999999976 0.05494230769230769
0 0.6260511363636364 0.02420192307692308 0.02920454545454546 0.026365384615384617
0 0.6266974431818182 0.05758653846153846 0.03049715909090913 0.03513461538461538
0 0.63546875 0.07559615384615385 0.02076704545454546 0.03426923076923077
0 0.6585014204545455 0.07735576923076923 0.059048295454545444 0.14675
0 0.6838139204545454 0.07032692307692308 0.08632102272727278 0.07292307692307692
0 0.018004261363636365 0.6112596153846154 0.03600852272727273 0.03713461538461539
0 0.08822443181818182 0.7497211538461539 0.03803977272727273 0.07601923076923083
0 0.5976917613636363 0.08457692307692308 0.02529829545454546 0.057115384615384616
0 0.6436434659090909 0.3165096153846154 0.07563920454545454 0.08390384615384615
0 0.583828125 0.25538461538461543 0.04464488636363637 0.07803846153846153
0 0.6183238636363636 0.24591346153846153 0.032982954545454586 0.060903846153846156
0 0.5779971590909091 0.2665961538461538 0.05301136363636363 0.052884615384615384
0 0.5786931818181817 0.24645192307692307 0.07022727272727272 0.05540384615384616
0 0.5982244318181817 0.20773076923076922 0.08417613636363636 0.13411538461538458
0 0.5848224431818182 0.07828846153846154 0.01492897727272734 0.03338461538461538
0 0.38716619318181816 0.6808461538461538 0.01353693181818178 0.0892307692307693
0 0.3767897727272727 0.6710769230769231 0.09571022727272727 0.19680769230769227
0 0.10725142045454544 0.7380769230769231 0.027173295454545447 0.02819230769230763
0 0.3709943181818182 0.6593846153846153 0.01900568181818181 0.08473076923076923
0 0.4011221590909091 0.6493461538461538 0.016221590909090932 0.02196153846153849
0 0.42059659090909096 0.6731923076923076 0.02920454545454546 0.08849999999999997
0 0.4544318181818181 0.5586634615384616 0.06258522727272728 0.04644230769230765
0 0.3767897727272727 0.5985096153846154 0.02318181818181817 0.08975000000000002
0 0.53 0.7139903846153846 0.03198863636363634 0.054596153846153926
0 0.42192471590909086 0.3829038461538462 0.022713068181818116 0.06776923076923073
0 0.4388494318181818 0.45225000000000004 0.0992045454545455 0.0809615384615385
0 0.43606534090909094 0.3775673076923077 0.03801136363636362 0.11109615384615387
0 0.39596590909090906 0.43123076923076925 0.06258522727272728 0.07030769230769231
0 0.1570667613636364 0.746048076923077 0.11231534090909091 0.056403846153846235
0 0.3711647727272727 0.4955576923076923 0.04914772727272731 0.03199999999999997
0 0.4031534090909091 0.4745384615384615 0.061193181818181876 0.0577307692307692
0 0.5056676136363637 0.6639711538461538 0.03965909090909093 0.04617307692307691
0 0.5419673295454545 0.70425 0.04958806818181822 0.08592307692307694
0 0.5522798295454545 0.6771250000000001 0.03370738636363639 0.03490384615384622
0 0.5175639204545455 0.6545769230769231 0.03649147727272727 0.02630769230769232
0 0.5356178977272728 0.6306826923076924 0.05117897727272724 0.05155769230769231
0 0.35063920454545455 0.3691634615384615 0.0404545454545454 0.11775000000000004
0 0.33343039772727273 0.4069423076923077 0.028366477272727272 0.0598076923076923
0 0.3194815340909091 0.36790384615384614 0.05720170454545456 0.11523076923076926
0 0.16975142045454544 0.6700096153846153 0.07245738636363636 0.1103653846153847
0 0.22437499999999996 0.601701923076923 0.02767045454545453 0.05021153846153849
0 0.22659090909090907 0.5807115384615386 0.050937499999999976 0.09069230769230774
0 0.19558238636363637 0.592701923076923 0.037642045454545456 0.04571153846153843
0 0.21661931818181818 0.6035769230769231 0.03985795454545455 0.06296153846153849
0 0.24014914772727272 0.6028173076923077 0.013849431818181818 0.02548076923076923
0 0.18423295454545452 0.5484903846153846 0.10463068181818182 0.06371153846153846
0 0.18672585227272728 0.5132596153846154 0.05424715909090911 0.07271153846153847
0 0.25537642045454545 0.5413653846153846 0.05867897727272728 0.0374615384615385
0 0.2415340909090909 0.5814615384615385 0.01107954545454547 0.020230769230769195
0 0.2520525568181818 0.5975865384615384 0.013281249999999993 0.029980769230769293
0 0.15253551136363636 0.6644903846153847 0.036235795454545465 0.047826923076923086
0 0.240703125 0.5604711538461539 0.03265624999999997 0.04871153846153854
0 0.26257102272727273 0.5574807692307692 0.03542613636363636 0.02923076923076921
0 0.26589488636363634 0.5964519230769231 0.016619318181818166 0.06671153846153846
0 0.2880397727272727 0.6121923076923077 0.04761363636363634 0.09969230769230765
0 0.22774147727272726 0.4757980769230769 0.106875 0.0699038461538461
0 0.25151988636363637 0.511048076923077 0.06295454545454544 0.02759615384615389
0 0.36949573863636365 0.516875 0.021747159090909053 0.025750000000000082
0 0.38036931818181813 0.5346538461538461 0.02355113636363634 0.0416923076923077
0 0.3574928977272727 0.5748076923076922 0.02671874999999996 0.0619230769230769
0 0.372215909090909 0.5576538461538462 0.04346590909090904 0.07419230769230767
0 0.1194815340909091 0.6369038461538461 0.03532670454545453 0.08584615384615382
0 0.37130681818181815 0.5389423076923077 0.030795454545454556 0.0416923076923076
0 0.40164772727272724 0.5469134615384615 0.029886363636363586 0.08582692307692306
0 0.30609375 0.5223942307692307 0.04801136363636361 0.029442307692307698
0 0.29296164772727273 0.5165673076923077 0.03169034090909091 0.02024999999999995
0 0.29115056818181817 0.4951057692307693 0.022642045454545453 0.023903846153846168
0 0.3418678977272727 0.5349615384615385 0.018110795454545456 0.028807692307692343
0 0.32194602272727274 0.5165673076923077 0.028068181818181805 0.019019230769230743
0 0.30563920454545457 0.4898942307692308 0.012670454545454528 0.03678846153846153
0 0.3106178977272727 0.5266826923076923 0.02808238636363638 0.09686538461538463
0 0.3372727272727273 0.49147115384615386 0.0341477272727273 0.03382692307692308
0 0.10498579545454545 0.6675673076923077 0.0534375 0.12263461538461536
0 0.34240767045454545 0.501625 0.022769886363636364 0.045865384615384606
0 0.2998863636363636 0.45298076923076924 0.04693181818181817 0.03834615384615384
0 0.31765625 0.45993269230769235 0.01582386363636362 0.039480769230769236
0 0.33417613636363636 0.45298076923076924 0.021647727272727287 0.0676538461538461
0 0.6372230113636363 0.48131730769230774 0.044133522727272716 0.10194230769230773
0 0.39383522727272724 0.6140288461538461 0.024005681818181787 0.04844230769230769
0 0.4065127840909091 0.6042211538461538 0.029446022727272755 0.03986538461538465
0 0.41352982954545453 0.5855288461538461 0.05163352272727276 0.06744230769230768
0 0.42802556818181814 0.6508173076923077 0.034431818181818195 0.06928846153846148
0 0.4522514204545454 0.6498942307692308 0.01947443181818187 0.05763461538461544
0 0.16204545454545455 0.6313846153846153 0.05161931818181819 0.04046153846153839
0 0.4463707386363636 0.613423076923077 0.01765625000000001 0.020230769230769195
0 0.42983664772727276 0.5478173076923077 0.04257102272727269 0.1109807692307693
0 0.4599502840909091 0.6036153846153846 0.025809659090909032 0.03003846153846155
0 0.476484375 0.5830673076923077 0.06521306818181814 0.06744230769230768
0 0.3107102272727273 0.42891346153846155 0.04471590909090908 0.04059615384615387
0 0.5120383522727273 0.5937980769230768 0.027627840909090894 0.04844230769230769
0 0.4676491477272728 0.6269134615384615 0.028536931818181784 0.02759615384615389
0 0.47602982954545453 0.6750384615384615 0.04799715909090904 0.07111538461538465
0 0.5478125 0.6180192307692308 0.1109659090909091 0.0613076923076923
0 0.5397088068181818 0.0645673076923077 0.039389204545454574 0.04040384615384615
0 0.16793323863636364 0.611153846153846 0.018110795454545456 0.03188461538461535
0 0.5450852272727272 0.11331730769230769 0.014318181818181796 0.022634615384615392
0 0.5647798295454546 0.06914423076923076 0.014730113636363644 0.04309615384615384
0 0.5763210227272727 0.06672115384615385 0.013920454545454562 0.06625
0 0.5578196022727273 0.1168173076923077 0.014332386363636328 0.02963461538461539
0 0.5419034090909091 0.12328846153846154 0.05650568181818178 0.0738076923076923
0 0.5371235795454545 0.1504903846153846 0.046150568181818195 0.04740384615384614
0 0.5979758522727273 0.1289326923076923 0.06720170454545454 0.07217307692307692
0 0.5763139204545454 0.11464423076923078 0.01498579545454547 0.021057692307692312
0 0.5671519886363636 0.14584615384615385 0.016661931818181763 0.042846153846153846
0 0.5724289772727272 0.15938461538461537 0.018323863636363603 0.021807692307692313
0 0.13759232954545453 0.5743653846153846 0.09691761363636363 0.05150000000000006
0 0.6204616477272727 0.16389423076923076 0.09441761363636368 0.08948076923076922
0 0.6076917613636363 0.210875 0.08330965909090905 0.11728846153846155
0 0.5577130681818182 0.21351923076923077 0.02221590909090907 0.10300000000000001
0 0.5565980113636364 0.19358653846153845 0.02776988636363638 0.05413461538461537
0 0.5515980113636364 0.2022403846153846 0.021093750000000033 0.04436538461538463
0 0.05742897727272727 0.7472692307692308 0.106875 0.12753846153846152
0 0.00939630681818182 0.791 0.01879261363636364 0.03526923076923083
0 0.06250710227272728 0.6597403846153846 0.06882102272727274 0.062326923076923016
0 0.03563920454545454 0.3668461538461538 0.025965909090909088 0.03338461538461535
0 0.03142045454545454 0.3905673076923077 0.01752840909090909 0.024596153846153886
0 0.06000710227272727 0.3637692307692308 0.12001420454545454 0.08700000000000002
0 0.024311079545454542 0.35981730769230774 0.048622159090909084 0.04394230769230768
0 0.29648437499999997 0.20131730769230768 0.09279829545454543 0.13267307692307695
0 0.4343963068181818 0.25491346153846156 0.09865056818181825 0.0553653846153846
0 0.4970241477272727 0.3722115384615385 0.07333806818181826 0.12653846153846152
0 0.17326704545454547 0.24497115384615384 0.06974431818181817 0.13121153846153846
0 0.15681107954545456 0.23087500000000002 0.056463068181818205 0.048326923076923094
0 0.020482954545454544 0.08985576923076923 0.04096590909090909 0.08786538461538461
0 0.01683948863636364 0.6370673076923077 0.03367897727272728 0.023288461538461456
0 0.01171875 0.16585576923076925 0.0234375 0.02548076923076923
0 0.019829545454545457 0.1856346153846154 0.039659090909090915 0.040423076923076944
0 0.031875 0.1504903846153846 0.02985795454545455 0.04217307692307691
0 0.06529829545454545 0.15619230769230769 0.06164772727272728 0.05534615384615385
0 0.11754261363636363 0.14389423076923077 0.07786931818181818 0.06413461538461539
0 0.06172585227272727 0.20407692307692307 0.09865056818181818 0.057999999999999996
0 0.1263068181818182 0.18035576923076924 0.038295454545454556 0.03867307692307692
0 0.07080965909090908 0.05998076923076923 0.033749999999999995 0.029884615384615384
0 0.10424005681818181 0.052509615384615384 0.09151988636363635 0.030749999999999996
0 0.029240056818181818 0.031865384615384615 0.058480113636363636 0.04219230769230769
0 0.031860795454545454 0.9446826923076923 0.06372159090909091 0.10790384615384607
0 0.16232954545454545 0.026038461538461538 0.050625 0.052076923076923076
0 0.20386363636363639 0.058221153846153846 0.037642045454545456 0.035134615384615375
0 0.22203125 0.03406730769230769 0.02596590909090909 0.03601923076923076
0 0.19509943181818182 0.011980769230769232 0.02531249999999999 0.023961538461538465
0 0.21359375 0.015490384615384614 0.028551136363636355 0.03098076923076923
0 0.1798508522727273 0.03801923076923078 0.05711647727272726 0.035153846153846154
0 0.18049715909090908 0.05778846153846154 0.010397727272727263 0.03426923076923077
0 0.17822443181818182 0.10479807692307694 0.01622159090909091 0.05975
0 0.18860795454545454 0.10567307692307693 0.03309659090909092 0.03865384615384616
0 0.2934303977272727 0.007586538461538461 0.08566761363636365 0.015173076923076923
0 0.12228693181818183 0.8904615384615384 0.05775568181818181 0.13707692307692312
0 0.2233309659090909 0.10830769230769233 0.04024147727272725 0.11600000000000002
0 0.2463778409090909 0.015932692307692307 0.06295454545454549 0.031865384615384615
0 0.25448863636363633 0.028346153846153847 0.016874999999999994 0.043923076923076926
0 0.24831676136363637 0.05514423076923077 0.034389204545454514 0.04832692307692308
0 0.25935369318181817 0.06569230769230769 0.05776988636363634 0.03776923076923076
0 0.27882102272727277 0.04065384615384615 0.036988636363636355 0.026346153846153846
0 0.2664914772727273 0.12060576923076924 0.047386363636363615 0.10367307692307692
0 0.219765625 0.11841346153846155 0.056463068181818184 0.03601923076923076
0 0.3356107954545454 0.030105769230769235 0.05582386363636361 0.054480769230769235
0 0.31873579545454545 0.04768269230769231 0.05582386363636361 0.08259615384615385
0 0.07490767045454545 0.9544615384615385 0.07333806818181818 0.0910769230769231
0 0.3395028409090909 0.10040384615384615 0.04931818181818182 0.06853846153846153
0 0.3219815340909091 0.07624038461538461 0.012968749999999994 0.05359615384615384
0 0.3773366477272727 0.04623076923076923 0.052571022727272716 0.06238461538461538
0 0.4065482954545455 0.09280769230769229 0.07593749999999998 0.10984615384615383
0 0.4467826704545454 0.1103846153846154 0.07203124999999998 0.08523076923076923
0 0.5327769886363637 0.2905 0.06879261363636364 0.1028076923076923
0 0.48053267045454545 0.11214423076923076 0.03958806818181819 0.10982692307692307
0 0.4740411931818182 0.1705673076923077 0.07723011363636365 0.10367307692307692
0 0.4688494318181819 0.05150961538461538 0.10838068181818183 0.037788461538461535
0 0.5201207386363635 0.20000961538461537 0.04478693181818186 0.0641346153846154
0 0.22191051136363635 0.9588461538461539 0.08697443181818182 0.08230769230769233
0 0.6409659090909091 0.29826923076923073 0.09329545454545456 0.05519230769230767
0 0.5300071022727273 0.02251923076923077 0.03441761363636366 0.04503846153846154
0 0.5585369318181819 0.017615384615384616 0.029886363636363666 0.03523076923076923
0 0.1629403409090909 0.1566923076923077 0.03894886363636362 0.04538461538461537
0 0.17607244318181817 0.15362499999999998 0.03441761363636362 0.06132692307692308
0 0.21819602272727276 0.153625 0.05525568181818183 0.03924999999999999
0 0.22453125 0.1885769230769231 0.06792613636363636 0.0551923076923077
0 0.18422585227272725 0.20879807692307692 0.041661931818181834 0.06867307692307693
0 0.9141193181818181 0.026115384615384617 0.03352272727272731 0.05223076923076923
0 0.5694744318181818 0.041798076923076924 0.02355113636363634 0.025750000000000002
0 0.07686079545454545 0.8829903846153846 0.07852272727272727 0.11509615384615378
0 0.8806036931818181 0.0077211538461538455 0.04075284090909082 0.015442307692307691
0 0.8720028409090909 0.024028846153846154 0.030795454545454636 0.02451923076923077
0 0.8230894886363636 0.045730769230769235 0.0742755681818183 0.09146153846153847
0 0.7605894886363637 0.016307692307692308 0.10507102272727277 0.032615384615384616
0 0.3510724431818182 0.7354903846153847 0.13044034090909087 0.11955769230769234
0 0.5695880681818182 0.5690288461538461 0.04755681818181821 0.05394230769230771
0 0.8338778409090909 0.4352980769230769 0.07917613636363638 0.07294230769230771
0 0.9914133522727272 0.8221538461538461 0.0171732954545455 0.029423076923076944
0 0.9710369318181818 0.8669134615384616 0.057926136363636326 0.11894230769230774
0 0.8705113636363637 0.8258365384615385 0.06883522727272733 0.14959615384615377
