0 0.545234375 0.45969230769230773 0.017201704545454485 0.025923076923076903
0 0.7743039772727273 0.4758557692307692 0.09985795454545456 0.05563461538461545
0 0.9111008522727272 0.7520192307692308 0.043991477272727314 0.09373076923076924
0 0.8847301136363637 0.1504326923076923 0.03230113636363638 0.04886538461538464
0 0.8692755681818182 0.825076923076923 0.07042613636363643 0.05369230769230772
0 0.8844886363636365 0.09192307692307691 0.05414772727272728 0.09130769230769231
0 0.8782883522727274 0.762951923076923 0.04231534090909102 0.0895576923076923
0 0.8615838068181819 0.7796923076923078 0.04399147727272715 0.05276923076923076
0 0.8964772727272727 0.25816346153846154 0.018750000000000065 0.016750000000000015
0 0.9366264204545455 0.2578846153846154 0.07345170454545459 0.028730769230769226
0 0.43415482954545453 0.8954134615384616 0.02595170454545452 0.07825
0 0.9173579545454544 0.23445192307692306 0.01926136363636372 0.03174999999999998
0 0.028458806818181817 0.650125 0.056917613636363634 0.062173076923077004
0 0.865419034090909 0.17623076923076922 0.017599431818181962 0.0378076923076923
0 0.9184801136363635 0.2652596153846154 0.03602272727272729 0.01928846153846154
0 0.5056036931818182 0.8695384615384615 0.05788352272727273 0.043692307692307635
0 0.9100994318181819 0.17532692307692305 0.028210227272727293 0.12369230769230768
0 0.9074431818181817 0.21234615384615382 0.03173295454545459 0.044807692307692305
0 0.9219460227272727 0.1789230769230769 0.07531249999999998 0.05019230769230771
0 0.5345667613636365 0.8710288461538461 0.04575284090909088 0.07105769230769239
0 0.9371235795454546 0.23852884615384615 0.05004261363636366 0.18821153846153846
0 0.5039914772727273 0.8286826923076922 0.03744318181818184 0.049365384615384644
0 0.45301846590909084 0.8728076923076923 0.05086647727272728 0.044961538461538456
0 0.06786221590909092 0.5427500000000001 0.07103693181818183 0.05857692307692304
0 0.49931818181818177 0.794826923076923 0.06454545454545454 0.08169230769230773
0 0.6520880681818182 0.62625 0.03463068181818181 0.061730769230769166
0 0.6421590909090908 0.023173076923076925 0.05008522727272726 0.04634615384615385
0 0.34790482954545454 0.3482788461538462 0.07512784090909093 0.0779807692307692
0 0.3411789772727273 0.2758173076923077 0.0808522727272727 0.09444230769230766
0 0.1827911931818182 0.6980480769230769 0.042514204545454556 0.02924999999999996
0 0.40899857954545454 0.8414038461538461 0.045156249999999946 0.17953846153846145
0 0.17767755681818184 0.39545192307692306 0.062258522727272725 0.07894230769230766
0 0.23671164772727274 0.41433653846153845 0.02504261363636363 0.04890384615384611
0 0.4443039772727273 0.9617403846153847 0.032840909090909094 0.0633653846153847
0 0.21909090909090911 0.7327403846153846 0.023977272727272722 0.030249999999999926
0 0.8526633522727273 0.32919230769230773 0.04612215909090913 0.04580769230769229
0 0.44234375 0.9639326923076923 0.08181818181818178 0.07186538461538451
0 0.2515553977272727 0.47560576923076925 0.06404829545454542 0.16467307692307692
0 0.8155894886363636 0.3114615384615384 0.03776988636363641 0.048615384615384616
0 0.8123863636363637 0.2724519230769231 0.03491477272727279 0.03855769230769227
0 0.2383238636363636 0.493673076923077 0.01460227272727273 0.022230769230769235
0 0.8323082386363635 0.25993269230769234 0.01663352272727262 0.05940384615384618
0 0.8107741477272726 0.21622115384615384 0.03842329545454539 0.050903846153846154
0 0.2260014204545455 0.48674999999999996 0.015156249999999982 0.0232307692307692
0 0.22928977272727274 0.5038076923076923 0.017698863636363648 0.01826923076923077
0 0.10626420454545454 0.5650192307692307 0.08110795454545455 0.10757692307692307
0 0.11830965909090908 0.666875 0.06048295454545454 0.09032692307692303
0 0.8374857954545454 0.3001538461538461 0.037869318181818136 0.022500000000000034
0 0.8883025568181818 0.2852019230769231 0.049588068181818296 0.08190384615384613
0 0.932421875 0.10506730769230768 0.0980539772727274 0.17198076923076921
0 0.6161860795454546 0.03171153846153846 0.04086647727272725 0.06342307692307692
0 0.10381392045454545 0.6396538461538461 0.028366477272727262 0.044307692307692235
0 0.5708522727272727 0.05110576923076923 0.0723295454545454 0.10221153846153846
0 0.11230113636363637 0.6815961538461539 0.09485795454545455 0.08561538461538458
0 0.058856534090909095 0.684 0.05433238636363636 0.0464230769230769
0 0.17144886363636364 0.15515384615384617 0.054346590909090935 0.06161538461538463
0 0.6209801136363636 0.3329903846153846 0.03178977272727272 0.06059615384615383
0 0.2053409090909091 0.15116346153846155 0.05860795454545453 0.07667307692307693
0 0.12218039772727272 0.1509326923076923 0.07365056818181817 0.04521153846153844
0 0.14050426136363636 0.826346153846154 0.06021306818181818 0.09223076923076919
0 0.18785511363636365 0.8060673076923076 0.06784090909090908 0.14274999999999993
0 0.01629971590909091 0.3684230769230769 0.03259943181818182 0.10523076923076922
0 0.018380681818181817 0.25614423076923076 0.03644886363636363 0.04990384615384613
0 0.7509090909090909 0.35055769230769235 0.07363636363636351 0.023730769230769236
0 0.139375 0.7987115384615385 0.021761363636363648 0.02946153846153845
0 0.20882812499999998 0.7470096153846154 0.05856534090909089 0.05786538461538468
0 0.05906250000000001 0.7553942307692307 0.08866477272727274 0.15190384615384617
0 0.44256392045454546 0.3503365384615385 0.04606534090909084 0.10409615384615384
0 0.8913423295454546 0.35023076923076923 0.07365056818181805 0.09188461538461538
0 0.0756747159090909 0.28028846153846154 0.07651988636363635 0.1263846153846154
0 0.08268465909090908 0.16827884615384614 0.06329545454545454 0.05640384615384615
0 0.20627840909090908 0.09803846153846155 0.08372159090909091 0.04826923076923077
0 0.8411434659090908 0.3578846153846154 0.027315340909090935 0.06088461538461538
0 0.8872088068181818 0.46825 0.08248579545454553 0.17103846153846147
0 0.09733664772727274 0.02969230769230769 0.09436079545454544 0.05903846153846154
0 0.16045454545454546 0.11666346153846154 0.02863636363636365 0.035019230769230754
0 0.7142471590909091 0.33892307692307694 0.05417613636363634 0.09619230769230772
0 0.8630468750000001 0.6026826923076922 0.09720170454545447 0.0925576923076923
0 0.04736505681818182 0.964 0.013764204545454543 0.021269230769230773
0 0.530965909090909 0.4520096153846154 0.06650568181818181 0.09398076923076924
0 0.9842826704545454 0.6127019230769231 0.03143465909090908 0.06405769230769232
0 0.9753196022727273 0.659701923076923 0.049360795454545456 0.07128846153846152
0 0.9302272727272727 0.6873365384615384 0.12627840909090923 0.08109615384615387
0 0.8806107954545456 0.9565096153846153 0.04639204545454541 0.07994230769230758
0 0.185546875 0.585721153846154 0.12265625000000001 0.05086538461538459
0 0.12504261363636363 0.604625 0.05951704545454546 0.04455769230769234
0 0.9819105113636364 0.808278846153846 0.036178977272727314 0.07509615384615387
0 0.12438210227272727 0.7322115384615384 0.03424715909090909 0.09811538461538458
0 0.0804971590909091 0.9782403846153847 0.05159090909090909 0.0324807692307692
0 0.07925426136363636 0.962 0.057372159090909085 0.021653846153846135
0 0.03428977272727273 0.9046730769230769 0.035852272727272726 0.12584615384615383
0 0.27963068181818185 0.6806826923076924 0.09474431818181821 0.07605769230769233
0 0.26333806818181815 0.7475288461538462 0.05551136363636366 0.08371153846153852
0 0.22149857954545454 0.654 0.0638778409090909 0.05369230769230772
0 0.0679474431818182 0.9169903846153847 0.10316761363636365 0.08851923076923082
0 0.22510653409090908 0.406375 0.0449005681818182 0.06825000000000002
0 0.20487215909090908 0.6803653846153845 0.02113636363636363 0.022192307692307733
0 0.5517258522727273 0.4401538461538461 0.017201704545454565 0.021076923076923094
0 0.1624928977272727 0.6905 0.06078124999999999 0.043076923076923034
0 0.1877414772727273 0.49128846153846156 0.027528409090909103 0.05373076923076923
0 0.18875710227272727 0.4618653846153846 0.039389204545454554 0.02000000000000001
0 0.28167613636363636 0.4655673076923077 0.042073863636363645 0.13451923076923075
0 0.6424502840909091 0.822903846153846 0.06598011363636362 0.024576923076923135
0 0.6373863636363637 0.8259807692307692 0.03420454545454543 0.06380769230769232
0 0.18455255681818183 0.4503076923076923 0.05069602272727274 0.0494230769230769
0 0.8097088068181818 0.028365384615384615 0.052855113636363686 0.05561538461538462
0 0.8606605113636363 0.9727596153846153 0.04217329545454553 0.053596153846153856
0 0.5832102272727273 0.35575 0.08545454545454549 0.10773076923076925
0 0.917919034090909 0.8379326923076924 0.028224431818181826 0.08521153846153846
0 0.12201704545454546 0.18817307692307692 0.05696022727272729 0.03811538461538463
0 0.16703125 0.194375 0.03568181818181819 0.052288461538461534
0 0.6998153409090908 0.5301538461538461 0.018693181818181855 0.036653846153846155
0 0.69390625 0.5634615384615385 0.0244034090909091 0.028923076923076853
0 0.7246164772727273 0.5655384615384617 0.05454545454545459 0.15803846153846154
0 0.20845170454545456 0.49167307692307693 0.022017045454545456 0.04980769230769232
0 0.7000142045454546 0.39250961538461543 0.05875000000000002 0.07540384615384617
0 0.7093607954545454 0.44725 0.018693181818181855 0.036153846153846175
0 0.21920454545454546 0.3799903846153846 0.062045454545454556 0.10048076923076923
0 0.6900852272727273 0.47592307692307695 0.0640909090909091 0.10896153846153846
0 0.5968181818181818 0.4381730769230769 0.07428977272727275 0.0619230769230769
0 0.784893465909091 0.45397115384615383 0.07669034090909076 0.07025
0 0.36173295454545457 0.9070096153846153 0.07948863636363633 0.16471153846153852
0 0.8035866477272726 0.36075 0.05455965909090905 0.078
0 0.7806960227272726 0.42091346153846154 0.06980113636363634 0.05990384615384611
0 0.7200426136363636 0.371076923076923 0.04463068181818184 0.06557692307692306
0 0.7358735795454546 0.43227884615384615 0.04424715909090906 0.0764423076923077
0 0.7591406249999999 0.37856730769230773 0.03129261363636376 0.03924999999999999
0 0.4262144886363636 0.7831923076923076 0.05191761363636365 0.08180769230769223
0 0.8831818181818182 0.23397115384615383 0.04159090909090905 0.044826923076923056
0 0.6652911931818182 0.5541730769230769 0.05112215909090911 0.13946153846153847
0 0.6271519886363636 0.3582403846153846 0.06228693181818185 0.1032115384615385
0 0.8626917613636365 0.22441346153846153 0.030894886363636364 0.028980769230769244
0 0.9842613636363637 0.028846153846153848 0.03147727272727268 0.057692307692307696
0 0.9692187499999999 0.13300961538461537 0.06022727272727269 0.04355769230769229
0 0.7448863636363636 0.119 0.08340909090909086 0.11515384615384615
0 0.8458522727272727 0.1049423076923077 0.023465909090909065 0.06199999999999999
0 0.8090980113636363 0.14835576923076924 0.06140625000000002 0.08225
0 0.7721448863636362 0.1772403846153846 0.03349431818181824 0.060019230769230755
0 0.7865553977272726 0.2977884615384615 0.03072443181818181 0.08242307692307695
0 0.8620951704545454 0.08198076923076922 0.04296875 0.0773076923076923
0 0.5107883522727273 0.5793653846153846 0.09737215909090911 0.06026923076923072
0 0.8559659090909091 0.5139519230769231 0.045795454545454556 0.045942307692307664
0 0.845987215909091 0.15949038461538462 0.024872159090909077 0.05932692307692307
0 0.5656960227272727 0.553048076923077 0.046903409090909065 0.1193653846153846
0 0.44730113636363633 0.7991153846153846 0.04056818181818182 0.12903846153846146
0 0.8464133522727273 0.132125 0.08225852272727284 0.09032692307692307
0 0.8335511363636363 0.19316346153846153 0.05031249999999994 0.03328846153846152
0 0.8298437500000001 0.2730192307692308 0.05417613636363634 0.05557692307692306
0 0.7385227272727274 0.20837499999999998 0.06758522727272732 0.09263461538461538
0 0.771193181818182 0.23729807692307692 0.059204545454545385 0.05294230769230769
0 0.7950710227272727 0.22538461538461538 0.04775568181818182 0.053307692307692306
0 0.7218607954545454 0.7758461538461539 0.040056818181818166 0.0785000000000001
0 0.8489275568181818 0.4962115384615384 0.05544034090909087 0.08215384615384615
0 0.8428764204545455 0.24558653846153847 0.014133522727272791 0.026403846153846135
0 0.7216619318181818 0.8329134615384616 0.05951704545454542 0.08109615384615387
0 0.6837073863636364 0.8034711538461539 0.04159090909090913 0.1461730769230769
0 0.5963494318181818 0.7489903846153847 0.08201704545454547 0.12601923076923083
0 0.6511789772727273 0.7014230769230769 0.06565340909090912 0.12003846153846157
0 0.6164275568181818 0.6811923076923078 0.022400568181818237 0.0768461538461538
0 0.8410369318181817 0.2251153846153846 0.021761363636363707 0.015307692307692322
0 0.6650923295454546 0.81975 0.0556107954545455 0.1364615384615384
0 0.6571732954545454 0.9122788461538461 0.07684659090909086 0.055942307692307756
0 0.6720383522727272 0.8874519230769231 0.07183238636363636 0.04498076923076932
0 0.5922727272727273 0.3817403846153846 0.05286931818181814 0.04040384615384614
0 0.9210085227272727 0.9756153846153846 0.04022727272727264 0.04788461538461534
0 0.6268536931818182 0.8636538461538462 0.05021306818181821 0.0643076923076923
0 0.8120667613636363 0.1784326923076923 0.07123579545454542 0.08267307692307692
0 0.5088778409090909 0.9841826923076923 0.03900568181818187 0.030326923076923043
0 0.4841548295454546 0.9308461538461539 0.04441761363636369 0.10142307692307694
0 0.4169815340909091 0.9770961538461539 0.025610795454545417 0.04580769230769229
0 0.40558948863636357 0.9349807692307692 0.04958806818181822 0.06580769230769236
0 0.47110085227272724 0.9632115384615385 0.046633522727272704 0.06892307692307688
0 0.9449928977272727 0.7718653846153847 0.05072443181818187 0.08134615384615376
0 0.9197514204545455 0.7977307692307692 0.02620738636363643 0.09534615384615393
