0 0.04181107954545455 0.2864230769230769 0.06274147727272728 0.11157692307692305
0 0.24616477272727275 0.32041346153846156 0.07008522727272727 0.05451923076923076
0 0.013160511363636364 0.677625 0.026321022727272728 0.02709615384615391
0 0.038991477272727275 0.6863557692307691 0.04579545454545455 0.06863461538461538
0 0.052109375000000006 0.7224903846153847 0.0773721590909091 0.06140384615384617
0 0.04539772727272728 0.7483749999999999 0.09079545454545455 0.04817307692307694
0 0.09969460227272728 0.822125 0.05515624999999999 0.11740384615384607
0 0.09324573863636365 0.7008076923076922 0.03779829545454545 0.06261538461538461
0 0.10370028409090909 0.6625865384615384 0.01867897727272726 0.019865384615384583
0 0.13082386363636364 0.7077307692307692 0.051590909090909104 0.048769230769230794
0 0.027436079545454548 0.8022596153846154 0.05203125 0.09694230769230763
0 0.02053977272727273 0.8510288461538461 0.04090909090909091 0.08367307692307702
0 0.1637997159090909 0.36573076923076925 0.05805397727272728 0.1210769230769231
0 0.005198863636363637 0.8742019230769231 0.010227272727272727 0.05778846153846156
0 0.13904829545454545 0.6171249999999999 0.024460227272727272 0.04336538461538464
0 0.15534801136363638 0.6345865384615385 0.11180397727272727 0.12128846153846153
0 0.15455255681818184 0.6446923076923077 0.02001420454545453 0.06750000000000005
0 0.16805397727272728 0.6967307692307692 0.03874999999999998 0.06407692307692306
0 0.16313210227272726 0.737375 0.02001420454545455 0.024942307692307746
0 0.1467684659090909 0.7472500000000001 0.04066761363636363 0.03784615384615386
0 0.196796875 0.7143653846153847 0.057485795454545456 0.12600000000000008
0 0.1775852272727273 0.7855288461538462 0.0616193181818182 0.08513461538461546
0 0.20124289772727275 0.728125 0.03779829545454543 0.060634615384615335
0 0.19203125 0.33633653846153844 0.07687500000000001 0.09486538461538464
0 0.22269176136363636 0.7956442307692307 0.03748579545454544 0.04859615384615381
0 0.04035511363636363 0.884875 0.027954545454545454 0.050749999999999976
0 0.07259943181818182 0.8874519230769231 0.06258522727272728 0.06794230769230766
0 0.036867897727272725 0.9121826923076922 0.01651988636363636 0.040865384615384616
0 0.014140625 0.9360480769230769 0.02828125 0.04471153846153846
0 0.024318181818181815 0.9384134615384616 0.01875 0.044288461538461596
0 0.01096590909090909 0.9784134615384615 0.02193181818181818 0.04228846153846155
0 0.06455255681818182 0.9336153846153846 0.06936079545454545 0.07311538461538458
0 0.4821377840909091 0.5778365384615385 0.06572443181818179 0.12067307692307692
0 0.5136505681818182 0.5089711538461538 0.09184659090909095 0.041442307692307716
0 0.2147869318181818 0.4025384615384615 0.05542613636363638 0.07576923076923078
0 0.47763494318181815 0.44832692307692307 0.04231534090909086 0.06888461538461538
0 0.43985085227272724 0.3808173076923077 0.08157670454545456 0.12463461538461539
0 0.45352272727272724 0.3644711538461538 0.0478409090909091 0.06725
0 0.4922585227272727 0.4289519230769231 0.03690340909090912 0.022211538461538484
0 0.48861505681818185 0.3950096153846153 0.029616477272727305 0.039480769230769236
0 0.4804119318181818 0.3530576923076923 0.02323863636363638 0.07403846153846154
0 0.5168678977272727 0.4024230769230769 0.027798295454545527 0.01726923076923075
0 0.5173224431818182 0.433 0.05305397727272731 0.05200000000000004
0 0.5204048295454545 0.4424423076923077 0.03348011363636363 0.03523076923076922
0 0.54265625 0.41239423076923076 0.013721590909090945 0.02548076923076923
0 0.12064630681818182 0.39015384615384613 0.060667613636363645 0.07788461538461539
0 0.3812286931818182 0.3221057692307692 0.039218749999999976 0.03824999999999997
0 0.40706676136363634 0.31309615384615386 0.05970170454545451 0.06684615384615383
0 0.37220880681818186 0.29300000000000004 0.036036931818181864 0.030269230769230732
0 0.35602982954545453 0.30813461538461534 0.021690340909090885 0.024384615384615397
0 0.4149076704545455 0.2631923076923077 0.0240198863636364 0.06730769230769233
0 0.43676136363636364 0.2668076923076923 0.03636363636363631 0.08446153846153844
0 0.4632741477272727 0.301125 0.035355113636363615 0.05282692307692308
0 0.5054758522727273 0.33454807692307686 0.03436079545454545 0.05101923076923077
0 0.5440056818181819 0.3808365384615385 0.04869318181818186 0.05421153846153846
0 0.5498437500000001 0.3600673076923077 0.05437500000000004 0.03071153846153846
0 0.093984375 0.4057307692307693 0.03765625000000001 0.05946153846153844
0 0.5608451704545454 0.38377884615384616 0.033025568181818184 0.02394230769230767
0 0.5761931818181818 0.40002884615384615 0.029034090909090905 0.034788461538461546
0 0.5551846590909091 0.41200000000000003 0.01167613636363632 0.021692307692307695
0 0.5267542613636365 0.5254326923076924 0.05387784090909092 0.023403846153846185
0 0.543643465909091 0.562173076923077 0.11015625000000001 0.14476923076923082
0 0.5323792613636363 0.46964423076923073 0.09245738636363633 0.05986538461538455
0 0.4656463068181818 0.5833942307692308 0.041008522727272734 0.04355769230769226
0 0.49078125 0.580125 0.09045454545454547 0.07401923076923078
0 0.4505752840909091 0.6511538461538462 0.06069602272727275 0.0756538461538461
0 0.437109375 0.6100673076923078 0.017684659090909074 0.019596153846153843
0 0.06651988636363636 0.441125 0.06119318181818183 0.04955769230769233
0 0.3382173295454546 0.331125 0.03296875000000001 0.11374999999999996
0 0.3575142045454545 0.27371153846153845 0.02653409090909088 0.02176923076923081
0 0.5779545454545455 0.219 0.08431818181818183 0.07173076923076922
0 0.4189914772727273 0.06433653846153846 0.03761363636363631 0.06171153846153847
0 0.44576704545454543 0.08940384615384614 0.018238636363636408 0.04088461538461538
0 0.43181107954545456 0.1106153846153846 0.026775568181818213 0.043192307692307697
0 0.42184659090909093 0.1445576923076923 0.041022727272727266 0.06788461538461536
0 0.4377982954545455 0.14417307692307693 0.020511363636363633 0.07326923076923075
0 0.45146306818181814 0.14224038461538463 0.011392045454545429 0.06324999999999999
0 0.4486221590909091 0.17541346153846155 0.01937499999999998 0.03086538461538461
0 0.08430397727272727 0.46802884615384616 0.07059659090909091 0.07221153846153842
0 0.4335227272727273 0.19315384615384615 0.02792613636363632 0.032384615384615394
0 0.46001420454545455 0.1916153846153846 0.025056818181818243 0.02315384615384614
0 0.47197443181818177 0.1626923076923077 0.03190340909090906 0.08561538461538461
0 0.4041761363636363 0.21282692307692308 0.03190340909090906 0.039346153846153864
0 0.9824786931818181 0.9662788461538462 0.03504261363636358 0.06744230769230768
0 0.9862073863636364 0.8739711538461538 0.027585227272727216 0.12548076923076923
0 0.9190482954545455 0.9093653846153846 0.03295454545454552 0.06423076923076919
0 0.9331036931818182 0.942673076923077 0.026803977272727278 0.07969230769230769
0 0.7584517045454546 0.8083846153846154 0.08360795454545457 0.041346153846153845
0 0.7715767045454546 0.8413942307692307 0.07556818181818171 0.04063461538461537
0 0.13764204545454548 0.43972115384615384 0.04863636363636363 0.02690384615384617
0 0.8176775568181818 0.8319615384615384 0.02947443181818182 0.04788461538461534
0 0.8192826704545454 0.8573557692307692 0.020894886363636414 0.029019230769230832
0 0.8634943181818181 0.9290384615384616 0.06965909090909085 0.14192307692307696
0 0.5472585227272727 0.7850961538461538 0.04244318181818181 0.08430769230769238
0 0.5214204545454546 0.7726057692307692 0.03875000000000004 0.07555769230769224
0 0.47874289772727274 0.7398173076923077 0.049360795454545456 0.024980769230769247
0 0.9000639204545454 0.01914423076923077 0.028906250000000033 0.02998076923076923
0 0.5217613636363636 0.23772115384615386 0.03545454545454551 0.040365384615384636
0 0.5711789772727273 0.2778653846153846 0.1054261363636364 0.07223076923076927
0 0.5765127840909091 0.3056826923076923 0.06967329545454547 0.08794230769230767
0 0.17922585227272728 0.4212980769230769 0.07740056818181816 0.08071153846153846
0 0.6035014204545455 0.33775961538461535 0.044559659090909094 0.03567307692307689
0 0.3865767045454545 0.2138173076923077 0.04147727272727271 0.03744230769230769
0 0.36770596590909094 0.23353846153846153 0.05901988636363634 0.016192307692307697
0 0.39161931818181817 0.23707692307692307 0.06051136363636363 0.034384615384615375
0 0.4928551136363637 0.1849903846153846 0.050795454545454616 0.06067307692307692
0 0.49173295454545457 0.219375 0.05752840909090909 0.038442307692307685
0 0.07014914772727272 0.9752788461538461 0.050184659090909085 0.049442307692307653
0 0.026995738636363634 0.9841057692307693 0.038281249999999996 0.03178846153846149
0 0.05973011363636363 0.9718365384615385 0.03943181818181818 0.0497499999999999
0 0.10222301136363637 0.9758173076923077 0.021065340909090905 0.048365384615384574
0 0.056882102272727275 0.39175000000000004 0.11376420454545455 0.15903846153846152
0 0.2568821022727273 0.3614807692307692 0.052826704545454545 0.029038461538461582
0 0.11734375 0.96925 0.035227272727272746 0.0601153846153846
0 0.13380681818181817 0.9746923076923077 0.019914772727272722 0.03473076923076923
0 0.14490767045454545 0.9664903846153846 0.01836647727272728 0.06701923076923082
0 0.16519886363636363 0.9472211538461539 0.017613636363636373 0.10417307692307684
0 0.15638494318181817 0.9417788461538462 0.021434659090909094 0.07567307692307686
0 0.11581676136363636 0.8236153846153845 0.06583806818181817 0.14199999999999996
0 0.15735085227272727 0.825173076923077 0.05779829545454545 0.08084615384615389
0 0.104140625 0.8961826923076923 0.06086647727272727 0.08809615384615385
0 0.1276775568181818 0.9013557692307693 0.020667613636363633 0.025903846153846097
0 0.12251420454545454 0.9259807692307692 0.03943181818181817 0.05026923076923074
0 0.2859090909090909 0.3508557692307692 0.024062499999999997 0.040365384615384636
0 0.14069602272727272 0.9145769230769231 0.016079545454545444 0.047153846153846116
0 0.15308948863636365 0.8740865384615384 0.03646306818181819 0.07094230769230778
0 0.1762002840909091 0.8923749999999999 0.026036931818181838 0.09605769230769229
0 0.1882457386363636 0.931375 0.018877840909090896 0.13528846153846158
0 0.1898650568181818 0.8368461538461539 0.06640624999999999 0.0713846153846154
0 0.2120028409090909 0.844125 0.04036931818181821 0.0312884615384615
0 0.2037002840909091 0.9029519230769232 0.015298295454545429 0.07140384615384615
0 0.20257102272727276 0.9302788461538462 0.0234375 0.06432692307692317
0 0.2570099431818182 0.7226730769230768 0.05137784090909093 0.09719230769230773
0 0.27740767045454545 0.7500384615384615 0.027059659090909068 0.07753846153846153
0 0.26446732954545454 0.38908653846153846 0.0439346590909091 0.03609615384615387
0 0.23014204545454542 0.804201923076923 0.06590909090909092 0.18905769230769232
0 0.2723082386363636 0.7978365384615385 0.027855113636363615 0.04567307692307692
0 0.298984375 0.8344711538461539 0.0309801136363636 0.040365384615384636
0 0.27034801136363634 0.8371346153846154 0.025497159090909115 0.033999999999999905
0 0.2677982954545455 0.8636826923076923 0.025113636363636373 0.035057692307692345
0 0.28368607954545455 0.8445673076923076 0.013735795454545478 0.024442307692307652
0 0.24249289772727273 0.8644807692307692 0.05373579545454543 0.10142307692307684
0 0.23879261363636364 0.747625 0.06071022727272724 0.1390961538461538
0 0.2761434659090909 0.9069519230769231 0.056036931818181805 0.058173076923076925
0 0.3104758522727273 0.8320384615384616 0.06958806818181816 0.09926923076923078
0 0.28512784090909093 0.3986442307692308 0.02980113636363635 0.03540384615384615
0 0.3123366477272727 0.8987403846153846 0.03876420454545453 0.08094230769230765
0 0.21613636363636368 0.9490480769230769 0.05650568181818182 0.10190384615384618
0 0.2420596590909091 0.9477403846153846 0.052301136363636355 0.10305769230769236
0 0.25232954545454545 0.9926826923076922 0.029886363636363624 0.01463461538461541
0 0.2896875 0.9743461538461538 0.05417613636363634 0.05130769230769232
0 0.2637713068181818 0.9569038461538462 0.039701704545454526 0.0606923076923077
0 0.3483025568181818 0.8538461538461538 0.02007102272727276 0.06323076923076922
0 0.352734375 0.8000961538461538 0.027088068181818213 0.06196153846153851
0 0.3760582386363636 0.8575961538461538 0.0327982954545455 0.05796153846153843
0 0.3552059659090909 0.9072788461538461 0.07339488636363635 0.10763461538461533
0 0.25818892045454545 0.4195384615384615 0.07634943181818182 0.026192307692307702
0 0.5133735795454545 0.7243653846153847 0.03169034090909091 0.0398846153846154
0 0.4833522727272727 0.7213557692307693 0.04281250000000006 0.056442307692307625
0 0.5114346590909091 0.6814615384615385 0.06448863636363633 0.13173076923076923
0 0.4730681818181818 0.6825865384615385 0.05002840909090905 0.05871153846153841
0 0.44638494318181815 0.739423076923077 0.05336647727272726 0.11065384615384609
0 0.4449928977272727 0.7190961538461539 0.046150568181818195 0.08053846153846153
0 0.41330255681818184 0.7589903846153846 0.021690340909090965 0.03536538461538459
0 0.35409090909090907 0.7183461538461537 0.014460227272727283 0.026346153846153825
0 0.3493678977272727 0.7330192307692307 0.019446022727272725 0.021076923076923038
0 0.35131392045454546 0.7552307692307693 0.017798295454545456 0.02784615384615377
0 0.05421875 0.5080384615384615 0.10775568181818182 0.10550000000000002
0 0.36576704545454547 0.7556057692307693 0.013352272727272695 0.06321153846153847
0 0.39161931818181817 0.7706634615384615 0.059488636363636355 0.036134615384615314
0 0.3877272727272727 0.7458173076923077 0.029460227272727287 0.03463461538461537
0 0.3963423295454545 0.7089423076923076 0.018906250000000003 0.051192307692307704
0 0.4035724431818182 0.739423076923077 0.011122159090909068 0.020307692307692204
0 0.41191761363636364 0.7303846153846154 0.01556818181818187 0.02784615384615388
0 0.41191761363636364 0.7089326923076923 0.014460227272727283 0.015057692307692277
0 0.4363778409090909 0.7145865384615385 0.03446022727272726 0.05344230769230773
0 0.4071875 0.6844711538461538 0.04281250000000006 0.05494230769230768
0 0.4436008522727272 0.7845865384615385 0.057826704545454514 0.06848076923076926
0 0.023515625 0.5665384615384615 0.04703125 0.04315384615384615
0 0.44638494318181815 0.8286153846153846 0.03890624999999998 0.043653846153846244
0 0.4958664772727273 0.8353942307692307 0.05781249999999998 0.06624999999999998
0 0.41997869318181813 0.8432980769230769 0.07061079545454542 0.07301923076923082
0 0.3952414772727273 0.8158173076923078 0.04781249999999995 0.07224999999999998
0 0.5089275568181818 0.8557115384615385 0.02612215909090915 0.04665384615384625
0 0.46583806818181817 0.8749038461538461 0.05559659090909089 0.045923076923076914
0 0.3963494318181818 0.6453365384615386 0.04224431818181811 0.03686538461538465
0 0.4021875 0.635173076923077 0.08951704545454543 0.05719230769230771
0 0.40762073863636367 0.5742980769230769 0.051775568181818166 0.07009615384615382
0 0.4259161931818182 0.5331442307692308 0.06134943181818182 0.10821153846153848
0 0.13634232954545455 0.5118461538461538 0.03484375 0.0682307692307692
0 0.552549715909091 0.6527692307692308 0.10862215909090912 0.0761923076923077
0 0.607421875 0.6062980769230769 0.020269886363636337 0.0502884615384616
0 0.6259943181818183 0.6001923076923077 0.02139204545454546 0.028961538461538466
0 0.3465909090909091 0.2451346153846154 0.04758522727272727 0.04996153846153847
0 0.4415838068181818 0.24134615384615385 0.05132102272727272 0.06399999999999997
0 0.4519318181818182 0.21878846153846157 0.03960227272727272 0.048153846153846165
0 0.4748863636363636 0.27608653846153847 0.02071022727272733 0.07617307692307693
0 0.5271093750000001 0.2849230769230769 0.08552556818181815 0.09873076923076926
0 0.5705539772727273 0.4232692307692308 0.07159090909090905 0.0658076923076923
0 0.5538991477272727 0.17490384615384616 0.08688920454545448 0.04326923076923077
0 0.16672585227272727 0.5509807692307692 0.03779829545454547 0.044153846153846224
0 0.5376917613636363 0.19258653846153848 0.0400710227272727 0.02498076923076922
0 0.5400639204545454 0.163375 0.10208806818181819 0.04009615384615384
0 0.6252840909090909 0.19976923076923075 0.07656249999999996 0.033923076923076924
0 0.6186789772727272 0.1818846153846154 0.12167613636363632 0.027769230769230765
0 0.6567258522727273 0.16491346153846154 0.03646306818181821 0.019749999999999993
0 0.6362144886363637 0.225375 0.09387784090909088 0.02467307692307692
0 0.6230042613636364 0.26671153846153844 0.10026988636363633 0.060461538461538455
0 0.6808806818181818 0.2441923076923077 0.026420454545454497 0.029000000000000026
0 0.6801988636363636 0.3185384615384615 0.06607954545454543 0.048115384615384636
0 0.7098153409090909 0.36203846153846153 0.042386363636363604 0.056153846153846186
0 0.13078125 0.5329134615384615 0.035568181818181825 0.09432692307692304
0 0.7355681818181818 0.34075961538461536 0.03735795454545456 0.02344230769230769
0 0.7200710227272726 0.40923076923076923 0.06562499999999999 0.12092307692307691
0 0.6890838068181818 0.13283653846153848 0.041008522727272734 0.0493653846153846
0 0.6430539772727273 0.39689423076923075 0.03099431818181817 0.06663461538461539
0 0.7303267045454546 0.06125961538461538 0.035085227272727254 0.06294230769230769
0 0.7063991477272727 0.15319230769230768 0.020042613636363657 0.059230769230769226
0 0.7034375 0.08727884615384617 0.030539772727272728 0.0886346153846154
0 0.7381534090909091 0.03221153846153846 0.03255681818181821 0.05403846153846154
0 0.7800071022727273 0.06422115384615384 0.0666619318181819 0.05194230769230769
0 0.774580965909091 0.01991346153846154 0.0860369318181819 0.03982692307692308
0 0.13160511363636365 0.24978846153846151 0.06642045454545455 0.06326923076923079
0 0.1504190340909091 0.5906153846153847 0.02890624999999999 0.04515384615384619
0 0.8181818181818182 0.03981730769230769 0.06471590909090902 0.04721153846153846
0 0.8398792613636364 0.036403846153846155 0.052315340909090964 0.06976923076923078
0 0.8693323863636363 0.04191346153846154 0.028295454545454648 0.05351923076923077
0 0.8416264204545455 0.09516346153846154 0.04495738636363649 0.05298076923076923
0 0.8759232954545454 0.05739423076923077 0.025965909090909053 0.03201923076923077
0 0.8825071022727274 0.06552884615384616 0.0414630681818181 0.06086538461538461
0 0.8918039772727272 0.008365384615384615 0.04457386363636363 0.01673076923076923
0 0.9334659090909092 0.009413461538461537 0.03488636363636372 0.018826923076923074
0 0.9662073863636365 0.024365384615384615 0.042244318181818195 0.04873076923076923
0 0.9664062499999999 0.04719230769230769 0.06664772727272722 0.09438461538461539
0 0.29433238636363634 0.36613461538461534 0.021250000000000012 0.05461538461538463
0 0.9684730113636365 0.10277884615384614 0.06305397727272725 0.0545576923076923
0 0.9719673295454545 0.06710576923076922 0.05606534090909095 0.05771153846153846
0 0.7708948863636365 0.09385576923076923 0.04843750000000003 0.0440576923076923
0 0.7809730113636365 0.11169230769230769 0.03061079545454555 0.027269230769230768
0 0.7416477272727273 0.11300961538461539 0.060454545454545455 0.05509615384615386
0 0.7307954545454546 0.1389807692307692 0.03099431818181817 0.04826923076923076
0 0.7263352272727274 0.16416346153846156 0.03372159090909092 0.0650576923076923
0 0.749005681818182 0.16442307692307692 0.06431818181818186 0.061384615384615364
0 0.599034090909091 0.5623653846153847 0.06278409090909089 0.06399999999999995
0 0.6013636363636364 0.5098942307692307 0.013181818181818144 0.07763461538461534
0 0.3381889204545454 0.3967788461538461 0.08294034090909089 0.04836538461538463
0 0.5975497159090909 0.4590961538461539 0.03268465909090908 0.054999999999999986
0 0.6052556818181819 0.49830769230769234 0.09386363636363634 0.06892307692307699
0 0.6169318181818182 0.44676923076923075 0.04343750000000006 0.04426923076923079
0 0.6601278409090909 0.4809230769230769 0.024289772727272677 0.041730769230769266
0 0.665731534090909 0.43159615384615385 0.01680397727272725 0.06196153846153846
0 0.6753125 0.37722115384615384 0.035028409090909124 0.04932692307692303
0 0.6830113636363637 0.44076923076923075 0.024289772727272677 0.08407692307692308
0 0.5092897727272727 0.2776442307692308 0.03735795454545456 0.09675
0 0.6180965909090909 0.5672211538461539 0.03923295454545455 0.03351923076923078
0 0.6358451704545455 0.5909230769230769 0.021491477272727266 0.03919230769230779
0 0.3330894886363636 0.42485576923076923 0.05359375000000002 0.03713461538461539
0 0.6414488636363637 0.6162211538461538 0.03735795454545456 0.07082692307692316
0 0.6050213068181818 0.64625 0.02708806818181825 0.05500000000000004
0 0.8213494318181819 0.9571153846153846 0.014147727272727324 0.0374615384615385
0 0.8121235795454546 0.9762692307692308 0.03751420454545466 0.0458076923076924
0 0.7626136363636363 0.9192403846153846 0.06150568181818175 0.06494230769230766
0 0.7325426136363636 0.9758557692307692 0.019460227272727174 0.048288461538461565
0 0.7225 0.9809519230769231 0.019460227272727258 0.03809615384615385
0 0.7206178977272728 0.9202692307692308 0.03200284090909095 0.07815384615384613
0 0.7381889204545454 0.8823076923076922 0.05095170454545455 0.023192307692307696
0 0.7671803977272728 0.8977692307692309 0.04393465909090902 0.020807692307692294
0 0.31298295454545455 0.45422115384615386 0.06826704545454546 0.03540384615384615
0 0.7746519886363636 0.8748653846153847 0.044815340909090846 0.021423076923076895
0 0.7696022727272727 0.8567211538461539 0.028551136363636397 0.032711538461538445
0 0.7403835227272727 0.8415576923076923 0.04656250000000004 0.05946153846153849
0 0.6356107954545455 0.5245673076923076 0.031363636363636344 0.036634615384615404
0 0.6488352272727272 0.5637019230769231 0.035681818181818106 0.04163461538461534
0 0.6645170454545455 0.5695288461538461 0.04613636363636366 0.10990384615384621
0 0.6731321022727272 0.512076923076923 0.0498153409090909 0.05161538461538457
0 0.6193110795454545 0.6540384615384616 0.023366477272727337 0.08076923076923077
0 0.6451420454545455 0.6727692307692307 0.020909090909090947 0.023307692307692317
0 0.6269460227272727 0.7232788461538462 0.06150568181818175 0.09005769230769228
0 0.27534801136363635 0.4425576923076923 0.026150568181818216 0.03973076923076922
0 0.64828125 0.7084038461538462 0.021335227272727245 0.031423076923076984
0 0.6511079545454546 0.7466346153846154 0.023210227272727316 0.046730769230769145
0 0.6369815340909091 0.7683076923076922 0.04393465909090902 0.044192307692307725
0 0.6605184659090909 0.7143461538461539 0.02322443181818185 0.03823076923076922
0 0.668359375 0.7423942307692307 0.017571022727272734 0.09771153846153846
0 0.7041335227272727 0.7071346153846154 0.06025568181818176 0.10196153846153853
0 0.6802840909090908 0.785298076923077 0.012556818181818146 0.06117307692307693
0 0.6250639204545454 0.7899711538461538 0.07782670454545458 0.031442307692307624
0 0.6297727272727273 0.8086538461538462 0.06965909090909093 0.028038461538461616
0 0.6234943181818182 0.8350096153846154 0.028238636363636358 0.04163461538461534
0 0.25683948863636363 0.4611346153846154 0.028707386363636334 0.06303846153846154
0 0.7013139204545454 0.6773942307692308 0.057116477272727326 0.03228846153846147
0 0.659580965909091 0.6599711538461539 0.045184659090909095 0.07901923076923083
0 0.6229545454545454 0.4365865384615385 0.047954545454545444 0.04975000000000001
0 0.6249715909090909 0.43658653846153844 0.06903409090909086 0.1250192307692307
0 0.6924360795454546 0.6265384615384615 0.07305397727272736 0.08619230769230768
0 0.7276278409090909 0.7175673076923077 0.032272727272727314 0.08859615384615384
0 0.708799715909091 0.7843269230769231 0.02958806818181824 0.16142307692307692
0 0.7424218749999999 0.667201923076923 0.055582386363636355 0.11409615384615393
0 0.7567684659090909 0.6963365384615385 0.0699289772727273 0.11651923076923072
0 0.7928480113636364 0.671451923076923 0.059616477272727314 0.053403846153846225
0 0.34744318181818185 0.48187500000000005 0.051676136363636396 0.08205769230769233
0 0.7771519886363637 0.7321442307692309 0.09816761363636366 0.1359423076923077
0 0.7841051136363636 0.76825 0.05198863636363624 0.03338461538461541
0 0.8288991477272728 0.6826634615384616 0.019048295454545408 0.034403846153846125
0 0.7862428977272727 0.7493269230769231 0.09802556818181817 0.11242307692307689
0 0.8422869318181818 0.6857403846153847 0.018607954545454577 0.05898076923076926
0 0.8236789772727273 0.7394903846153845 0.02767045454545457 0.05344230769230773
0 0.8000923295454547 0.805 0.03884943181818185 0.07180769230769225
0 0.8542613636363636 0.6861442307692308 0.021676136363636352 0.05259615384615389
0 0.5610724431818181 0.9351826923076924 0.045099431818181816 0.04901923076923079
0 0.5877982954545454 0.9538076923076924 0.042471590909090876 0.08969230769230756
0 0.2979900568181818 0.5038846153846154 0.05359375000000002 0.08292307692307688
0 0.591981534090909 0.9854423076923078 0.04356534090909085 0.02888461538461546
0 0.6260085227272728 0.9685480769230769 0.029034090909090905 0.06021153846153836
0 0.6602698863636364 0.9802211538461538 0.051278409090909124 0.036865384615384536
0 0.6634446022727273 0.9916442307692307 0.0422017045454546 0.016711538461538458
0 0.6988423295454546 0.9827403846153846 0.028593749999999994 0.034519230769230747
0 0.6886363636363636 0.9390576923076923 0.035397727272727296 0.08723076923076925
0 0.6489275568181818 0.9479615384615384 0.019502840909090855 0.06573076923076913
0 0.6632244318181818 0.9452019230769231 0.015426136363636302 0.05036538461538461
0 0.6010582386363637 0.8840673076923078 0.04174715909090907 0.057134615384615346
0 0.6114914772727272 0.9111057692307691 0.019062500000000024 0.03132692307692311
0 0.3831747159090909 0.4542307692307692 0.06061079545454544 0.047500000000000035
0 0.6334943181818182 0.8773173076923076 0.029488636363636352 0.07432692307692303
0 0.6230823863636363 0.9486730769230768 0.05249999999999997 0.07596153846153836
0 0.6609872159090909 0.8487211538461538 0.06595170454545456 0.14348076923076925
0 0.6737002840909091 0.9160384615384616 0.03788352272727275 0.046000000000000034
0 0.705731534090909 0.8869519230769232 0.07617897727272727 0.0682115384615384
0 0.5225426136363637 0.9008269230769231 0.0863636363636363 0.06296153846153849
0 0.48046875 0.8993173076923077 0.0598011363636364 0.03148076923076924
0 0.5056605113636364 0.9435576923076923 0.04546874999999999 0.07584615384615384
0 0.4746875 0.9520384615384616 0.06261363636363643 0.0928076923076924
0 0.8280752840909091 0.9307692307692308 0.04330965909090911 0.13846153846153847
0 0.1675852272727273 0.2926730769230769 0.0731818181818182 0.030807692307692272
0 0.39191761363636357 0.4117211538461538 0.03965909090909093 0.03824999999999997
0 0.8261860795454545 0.9402403846153846 0.10262784090909091 0.11663461538461534
0 0.9422301136363636 0.9699615384615384 0.022130681818181876 0.0600769230769231
0 0.4783096590909091 0.9711538461538461 0.06590909090909096 0.04842307692307694
0 0.47030539772727276 0.9925865384615384 0.035781249999999994 0.014826923076923147
0 0.6797869318181818 0.5431923076923078 0.026363636363636367 0.05034615384615386
0 0.7047301136363636 0.5690096153846154 0.040482954545454544 0.08794230769230772
0 0.7212144886363636 0.5655096153846154 0.015071022727272666 0.06436538461538467
0 0.7343039772727273 0.5717692307692309 0.02096590909090916 0.08257692307692308
0 0.9563707386363636 0.9598365384615385 0.033366477272727284 0.06644230769230772
0 0.9213423295454546 0.8914423076923076 0.06146306818181815 0.07419230769230767
0 0.416299715909091 0.40585576923076927 0.043735795454545486 0.04009615384615384
0 0.880596590909091 0.8933846153846153 0.02096590909090924 0.06646153846153846
0 0.8922727272727272 0.8466057692307692 0.030965909090909027 0.15482692307692306
0 0.9182457386363635 0.8117692307692308 0.025724431818181837 0.1316153846153846
0 0.9079971590909092 0.7204711538461538 0.027159090909090914 0.03548076923076921
0 0.9370738636363637 0.7004807692307692 0.04431818181818172 0.04969230769230775
0 0.9149147727272727 0.6866057692307692 0.06099431818181826 0.036134615384615425
0 0.8748792613636364 0.6556346153846154 0.05336647727272734 0.042576923076923054
0 0.839140625 0.651125 0.0238210227272727 0.030980769230769256
0 0.8589133522727272 0.6185384615384615 0.0433664772727274 0.03934615384615381
0 0.8853693181818181 0.6178942307692308 0.04002840909090902 0.04451923076923073
0 0.33678267045454546 0.57275 0.027798295454545444 0.09130769230769234
0 0.8543892045454545 0.7304807692307693 0.02573863636363637 0.04000000000000002
0 0.7707599431818182 0.47305769230769235 0.04526988636363637 0.08903846153846151
0 0.7874360795454546 0.45596153846153853 0.04146306818181826 0.07934615384615389
0 0.7838636363636362 0.4146730769230769 0.07147727272727279 0.05484615384615381
0 0.8117400568181817 0.38467307692307695 0.036690340909090964 0.025807692307692337
0 0.818174715909091 0.41370192307692305 0.03907670454545453 0.027096153846153798
0 0.8300852272727273 0.4124134615384616 0.017159090909090804 0.05421153846153846
0 0.817215909090909 0.43628846153846157 0.02477272727272719 0.03353846153846153
0 0.8129332386363637 0.4562884615384615 0.026690340909091018 0.03742307692307694
0 0.7023721590909091 0.4891826923076923 0.04193181818181824 0.07225000000000004
0 0.39078125 0.45058653846153846 0.036448863636363675 0.022211538461538484
0 0.7179545454545454 0.5170288461538461 0.022698863636363583 0.048288461538461565
0 0.7290980113636363 0.5230673076923077 0.016605113636363633 0.024134615384615296
0 0.7354332386363637 0.5141634615384616 0.03126420454545453 0.05055769230769229
0 0.7551207386363636 0.5491057692307691 0.03183238636363632 0.04571153846153853
0 0.7763423295454547 0.5507403846153845 0.03473011363636354 0.06075000000000006
0 0.791825284090909 0.5545384615384615 0.03382102272727281 0.07161538461538464
0 0.7629190340909091 0.3630288461538461 0.06580965909090915 0.041634615384615395
0 0.8191974431818181 0.33555769230769233 0.07626420454545446 0.026653846153846125
0 0.7644602272727273 0.33389423076923075 0.029517045454545577 0.019980769230769205
0 0.7890625 0.31015384615384617 0.020909090909090947 0.03580769230769232
0 0.2887002840909091 0.5459038461538461 0.051946022727272716 0.08946153846153843
0 0.8262713068181817 0.3205673076923077 0.05350852272727267 0.029980769230769238
0 0.7684588068181818 0.3130769230769231 0.04120738636363635 0.044961538461538456
0 0.7555397727272727 0.3934230769230769 0.07196022727272731 0.05080769230769228
0 0.7696803977272727 0.39925000000000005 0.0449005681818182 0.04246153846153849
0 0.8244247159090908 0.37301923076923077 0.06580965909090898 0.04330769230769227
0 0.978252840909091 0.16225 0.04349431818181819 0.019538461538461532
0 0.9709374999999999 0.14227884615384614 0.026363636363636447 0.028903846153846155
0 0.9629403409090909 0.12975 0.04613636363636366 0.07265384615384615
0 0.9444247159090909 0.16903846153846155 0.04362215909090914 0.058615384615384625
0 0.9794105113636363 0.1830576923076923 0.03325284090909102 0.03057692307692309
0 0.25953125 0.5452884615384616 0.02187500000000001 0.08700000000000002
0 0.9769957386363637 0.20004807692307694 0.04600852272727271 0.03398076923076923
0 0.9882954545454545 0.24721153846153848 0.023409090909090935 0.04503846153846151
0 0.9793536931818181 0.31794230769230764 0.04129261363636371 0.12276923076923077
0 0.9623082386363635 0.340875 0.030440340909090837 0.16525
0 0.9455184659090908 0.2608076923076923 0.038281250000000065 0.056076923076923045
0 0.9704687500000001 0.2353076923076923 0.026051136363636408 0.05523076923076923
0 0.985625 0.22617307692307692 0.02875000000000001 0.0378076923076923
0 0.9288991477272728 0.1851923076923077 0.03765624999999999 0.047576923076923065
0 0.9315625 0.2272403846153846 0.05678977272727259 0.05098076923076921
0 0.9097514204545455 0.17945192307692306 0.03765624999999999 0.06671153846153846
0 0.27046875 0.5989615384615384 0.017329545454545438 0.031461538461538485
0 0.9056676136363637 0.13356730769230768 0.03514204545454547 0.07348076923076924
0 0.9019105113636363 0.20324038461538463 0.04393465909090902 0.08625000000000002
0 0.8797869318181818 0.21747115384615387 0.02792613636363648 0.03825
0 0.8730397727272727 0.16713461538461538 0.01380681818181822 0.0666923076923077
0 0.8826065340909092 0.14185576923076923 0.016633522727272778 0.04248076923076924
0 0.8639417613636364 0.2006923076923077 0.018821022727272728 0.030153846153846166
0 0.8639417613636364 0.24890384615384617 0.023849431818181766 0.0671153846153846
0 0.8455823863636364 0.25740384615384615 0.032954545454545354 0.0356923076923077
0 0.9268536931818182 0.07579807692307694 0.07876420454545462 0.08282692307692309
0 0.8768039772727273 0.08493269230769232 0.06400568181818174 0.06798076923076925
0 0.24198863636363638 0.5659615384615385 0.03144886363636366 0.06538461538461539
0 0.8826065340909092 0.10701923076923077 0.0254119318181818 0.04076923076923077
0 0.8692755681818182 0.1223173076923077 0.011306818181818234 0.03313461538461538
0 0.8363281250000001 0.12847115384615385 0.03890624999999998 0.039519230769230765
0 0.8132670454545454 0.0883269230769231 0.042357954545454615 0.06203846153846155
0 0.8078267045454546 0.12202884615384615 0.04034090909090906 0.0384423076923077
0 0.8557741477272726 0.1485096153846154 0.031065340909090914 0.09021153846153847
0 0.8996732954545454 0.28502884615384616 0.055823863636363574 0.10971153846153849
0 0.8620809659090909 0.3100192307692307 0.042769886363636385 0.0365769230769231
0 0.8314630681818183 0.20915384615384613 0.04366477272727274 0.06034615384615386
0 0.8328125 0.21585576923076924 0.04457386363636363 0.04813461538461539
0 0.256796875 0.6153173076923077 0.016406250000000015 0.06909615384615386
0 0.8388920454545453 0.23901923076923076 0.044119318181818266 0.07619230769230767
0 0.8271874999999999 0.22529807692307693 0.030625000000000083 0.03048076923076922
0 0.8692826704545454 0.3423269230769231 0.05356534090909096 0.052423076923076906
0 0.8681534090909092 0.38071153846153843 0.028806818181818305 0.03169230769230773
0 0.8184090909090909 0.5675192307692308 0.03196022727272727 0.06642307692307696
0 0.8339417613636364 0.5193750000000001 0.031519886363636444 0.03717307692307689
0 0.8526207386363637 0.5297403846153846 0.02836647727272731 0.05424999999999996
0 0.8325923295454545 0.5745384615384616 0.027002840909090896 0.06338461538461546
0 0.8532954545454546 0.5711826923076923 0.0414204545454545 0.09201923076923081
0 0.8704048295454545 0.5635576923076924 0.02521306818181818 0.08776923076923074
0 0.30533380681818184 0.6180961538461538 0.06151988636363637 0.05861538461538454
0 0.7394034090909091 0.4828076923076923 0.03872159090909082 0.0664230769230769
0 0.7670880681818182 0.4977403846153847 0.03735795454545448 0.05851923076923078
0 0.8677059659090909 0.7744423076923077 0.04862215909090912 0.06826923076923076
0 0.9100213068181818 0.7317788461538461 0.09544034090909098 0.04509615384615383
0 0.9291548295454546 0.7329903846153846 0.02745738636363626 0.037788461538461604
0 0.8969673295454546 0.7805384615384615 0.019815340909090973 0.05973076923076923
0 0.8839133522727273 0.8216730769230769 0.04862215909090912 0.04692307692307699
0 0.8663494318181819 0.8436153846153847 0.029715909090909032 0.05546153846153852
0 0.864971590909091 0.8988076923076923 0.034062499999999864 0.09069230769230763
0 0.8425852272727272 0.8316826923076923 0.04440340909090908 0.06840384615384613
0 0.2205184659090909 0.053528846153846156 0.05007102272727273 0.10348076923076924
0 0.2659161931818182 0.6421538461538462 0.017315340909090905 0.059846153846153854
0 0.8590411931818184 0.8443846153846155 0.01225852272727272 0.024346153846153896
0 0.9319602272727271 0.7762307692307692 0.02258522727272724 0.05907692307692313
0 0.9369460227272728 0.8228749999999999 0.040198863636363574 0.06944230769230772
0 0.9756463068181819 0.7845288461538462 0.048707386363636314 0.027980769230769253
0 0.9589488636363637 0.820548076923077 0.030624999999999923 0.05959615384615386
0 0.9694815340909092 0.8508653846153847 0.012627840909090889 0.05803846153846155
0 0.9526420454545456 0.7347692307692307 0.021818181818181837 0.09019230769230765
0 0.9878977272727273 0.7609423076923076 0.024204545454545402 0.038884615384615434
0 0.9695241477272728 0.6264519230769231 0.0609517045454545 0.07463461538461538
0 0.9731605113636363 0.6171249999999999 0.05367897727272722 0.08498076923076922
0 0.3117116477272727 0.6655961538461539 0.09981534090909093 0.04626923076923077
0 0.9604829545454546 0.6176442307692308 0.04593750000000005 0.0300576923076923
0 0.9838778409090909 0.6865769230769231 0.03224431818181825 0.04353846153846151
0 0.9721803977272727 0.6934230769230769 0.02953124999999995 0.030730769230769266
0 0.9446590909090908 0.6678173076923076 0.03644886363636359 0.03455769230769236
0 0.9414701704545455 0.6403653846153846 0.02643465909090911 0.02653846153846156
0 0.9177769886363637 0.5974807692307692 0.02461647727272717 0.03453846153846161
0 0.9378267045454546 0.5549134615384615 0.03190340909090914 0.11474999999999992
0 0.9432954545454545 0.5808269230769231 0.11210227272727268 0.04811538461538469
0 0.9200568181818182 0.6116730769230769 0.03281250000000003 0.07526923076923074
0 0.8979545454545454 0.5592307692307692 0.04511363636363635 0.059230769230769253
0 0.3190056818181818 0.6514134615384616 0.05332386363636363 0.0919423076923077
0 0.9517258522727272 0.4830384615384615 0.05788352272727273 0.17830769230769236
0 0.8377982954545454 0.4080673076923077 0.024147727272727272 0.05059615384615385
0 0.8402982954545454 0.43645192307692304 0.03281250000000003 0.04071153846153844
0 0.8580752840909092 0.41577884615384614 0.03098011363636372 0.04255769230769235
0 0.8653622159090909 0.44076923076923075 0.029161931818181778 0.05430769230769227
0 0.88359375 0.4191730769230769 0.03644886363636359 0.049346153846153894
0 0.9150355113636363 0.42441346153846154 0.04009943181818168 0.0339423076923077
0 0.9198224431818183 0.3932596153846154 0.027798295454545527 0.03578846153846157
0 0.852372159090909 0.31490384615384615 0.0761079545454546 0.061692307692307664
0 0.831640625 0.2849807692307692 0.06927556818181815 0.05369230769230772
0 0.29849431818181815 0.6998461538461538 0.03144886363636366 0.041961538461538446
0 0.7655681818181819 0.2933076923076923 0.03190340909090914 0.01850000000000001
0 0.7705752840909091 0.27726923076923077 0.05833806818181809 0.030846153846153832
0 0.7883522727272727 0.26338461538461533 0.03190340909090914 0.03146153846153843
0 0.7755894886363636 0.1788653846153846 0.05833806818181809 0.02653846153846153
0 0.7821946022727272 0.16097115384615385 0.01686079545454546 0.032711538461538445
0 0.7853906249999999 0.1344423076923077 0.01686079545454546 0.026538461538461545
0 0.8038423295454545 0.13999038461538463 0.02370738636363644 0.0339423076923077
0 0.8013352272727272 0.1649807692307692 0.02142045454545444 0.020961538461538445
0 0.9514985795454546 0.3093461538461539 0.017315340909090985 0.02715384615384611
0 0.9437500000000001 0.3290961538461538 0.021874999999999967 0.02592307692307696
0 0.30761363636363637 0.7121826923076924 0.024147727272727272 0.039480769230769285
0 0.3405255681818182 0.9849230769230769 0.04235795454545454 0.030153846153846166
0 0.36566761363636363 0.9633365384615384 0.03735795454545452 0.07332692307692307
0 0.35277698863636364 0.9610576923076923 0.07433238636363634 0.07788461538461539
0 0.3781818181818182 0.9506826923076923 0.035482954545454574 0.04905769230769229
0 0.3961150568181818 0.9876057692307694 0.011576704545454513 0.024788461538461513
0 0.40078835227272724 0.95575 0.023906249999999976 0.041961538461538446
0 0.42039772727272734 0.9876057692307694 0.04221590909090905 0.024788461538461513
0 0.3781818181818182 0.8753365384615385 0.045198863636363586 0.08444230769230764
0 0.4067542613636364 0.9006153846153847 0.03660511363636361 0.05107692307692308
0 0.4210653409090909 0.8964807692307691 0.02071022727272733 0.04388461538461537
0 0.33678267045454546 0.695528846153846 0.027798295454545444 0.07032692307692306
0 0.4095880681818182 0.9239134615384615 0.03017045454545456 0.026826923076923165
0 0.4285795454545455 0.9199807692307692 0.030625000000000003 0.0691153846153846
0 0.9136008522727272 0.32889423076923074 0.02643465909090911 0.039980769230769216
0 0.6190482954545454 0.35605769230769224 0.0257954545454545 0.03373076923076922
0 0.630390625 0.3626826923076923 0.04401988636363638 0.02167307692307689
0 0.6555184659090909 0.33829807692307695 0.06848011363636361 0.08490384615384616
0 0.4124502840909091 0.96925 0.027684659090909104 0.030346153846153794
0 0.42299005681818175 0.964798076923077 0.017144886363636355 0.026173076923076948
0 0.4412215909090909 0.9624711538461539 0.026363636363636367 0.07505769230769226
0 0.5233735795454545 0.9728749999999999 0.03251420454545453 0.05424999999999996
0 0.32515625000000004 0.7384038461538462 0.02642045454545454 0.04503846153846157
0 0.9705752840909092 0.9085865384615385 0.027230113636363577 0.04817307692307694
0 0.8303551136363635 0.6382211538461539 0.02329545454545451 0.051596153846153923
0 0.8112926136363636 0.6260384615384614 0.042357954545454456 0.04873076923076918
0 0.789588068181818 0.6005961538461538 0.02857954545454546 0.027961538461538392
0 0.7591406250000001 0.629625 0.07887784090909095 0.04586538461538455
0 0.9256463068181818 0.3242884615384615 0.04024147727272733 0.07884615384615384
0 0.9478764204545456 0.36873076923076925 0.04024147727272733 0.08026923076923079
0 0.9184943181818181 0.37231730769230775 0.017471590909090843 0.028673076923076916
0 0.907911931818182 0.3626346153846154 0.0206534090909092 0.029384615384615387
0 0.9004971590909091 0.3930961538461539 0.01852272727272738 0.03153846153846155
0 0.3039630681818182 0.782826923076923 0.035085227272727296 0.06973076923076921
0 0.873231534090909 0.3758942307692308 0.05294034090909088 0.06594230769230773
0 0.8348508522727273 0.4683557692307692 0.01958806818181813 0.0544807692307692
0 0.8173934659090908 0.5005576923076922 0.03467329545454541 0.07130769230769228
0 0.8455255681818182 0.4834807692307692 0.02071022727272717 0.055461538461538416
0 0.7095809659090908 0.2966826923076923 0.03691761363636357 0.046326923076923085
0 0.6834659090909091 0.27321153846153845 0.04951704545454539 0.028653846153846165
0 0.6617897727272727 0.19764423076923077 0.0478409090909091 0.046634615384615385
0 0.8116619318181818 0.23080769230769232 0.0199147727272727 0.030076923076923077
0 0.9431960227272728 0.5023653846153846 0.11360795454545457 0.06830769230769233
0 0.899140625 0.5262307692307692 0.052627840909090846 0.06757692307692305
0 0.2996377840909091 0.731 0.014588068181818197 0.015423076923076888
0 0.8055539772727273 0.26217307692307695 0.03147727272727285 0.0462692307692308
0 0.8109730113636363 0.16223076923076923 0.04151988636363639 0.04434615384615385
0 0.8255113636363638 0.17501923076923076 0.04198863636363645 0.05746153846153848
0 0.7911363636363636 0.2053173076923077 0.040596590909090964 0.029365384615384633
0 0.23425426136363636 0.6724903846153846 0.0498153409090909 0.10409615384615384
0 0.10250710227272726 0.03441346153846154 0.08325284090909091 0.06801923076923076
0 0.12168323863636363 0.058798076923076925 0.06626420454545454 0.03732692307692308
0 0.1214559659090909 0.09852884615384615 0.05069602272727272 0.061403846153846156
0 0.13746448863636365 0.030605769230769228 0.05069602272727272 0.061211538461538456
0 0.1712713068181818 0.05126923076923077 0.027571022727272722 0.04634615384615385
0 0.30191761363636366 0.7488942307692307 0.02187500000000001 0.028980769230769216
0 0.1623721590909091 0.08258653846153846 0.0346875 0.051173076923076925
0 0.17793323863636365 0.06813461538461539 0.02134943181818182 0.03673076923076923
0 0.1937215909090909 0.08017307692307692 0.03602272727272727 0.056
0 0.17993607954545454 0.1355576923076923 0.04401988636363634 0.060807692307692306
0 0.19327414772727272 0.18552884615384616 0.035127840909090914 0.07525000000000003
0 0.15859375 0.22497115384615385 0.04136363636363635 0.08909615384615387
0 0.1983948863636364 0.10515384615384615 0.01957386363636364 0.027692307692307704
0 0.20928267045454543 0.0928173076923077 0.02890624999999999 0.06321153846153847
0 0.2244034090909091 0.12291346153846155 0.02713068181818181 0.030711538461538474
0 0.2539772727272727 0.11689423076923076 0.06048295454545456 0.07163461538461538
0 0.2019744318181818 0.14021153846153844 0.026676136363636364 0.03965384615384615
0 0.286875 0.7812788461538461 0.02187500000000001 0.06663461538461535
0 0.2868892045454545 0.18071153846153845 0.08715909090909092 0.06561538461538463
0 0.24175426136363634 0.1283269230769231 0.06359375000000002 0.04515384615384615
0 0.22885653409090911 0.16746153846153847 0.03867897727272726 0.07646153846153844
0 0.23508522727272727 0.2243653846153846 0.07338068181818186 0.0734615384615385
0 0.253984375 0.26752884615384614 0.00990056818181818 0.020711538461538483
0 0.2931463068181818 0.24863461538461537 0.06842329545454548 0.07069230769230768
0 0.29742897727272727 0.23766346153846155 0.040965909090909094 0.11213461538461539
0 0.32938210227272724 0.28702884615384616 0.02745738636363638 0.06217307692307689
0 0.3226278409090909 0.3059326923076923 0.020255681818181805 0.07801923076923076
0 0.29899857954545456 0.3141538461538462 0.027911931818181825 0.05423076923076926
0 0.3231036931818182 0.7862211538461538 0.04055397727272729 0.08390384615384615
0 0.3937997159090909 0.2544903846153846 0.04785511363636363 0.05428846153846152
0 0.46831676136363637 0.1332596153846154 0.02643465909090911 0.07094230769230768
0 0.6843252840909091 0.14220192307692306 0.031889204545454526 0.06171153846153846
0 0.6962997159090909 0.1849519230769231 0.026690340909090858 0.02467307692307692
0 0.3713707386363636 0.7043557692307693 0.02109374999999999 0.054134615384615344
0 0.9620099431818183 0.7150576923076922 0.02504261363636363 0.0624615384615385
0 0.9804616477272727 0.735875 0.037343749999999946 0.05532692307692315
0 0.9624502840909092 0.7736346153846153 0.04086647727272741 0.034499999999999996
0 0.9859446022727273 0.470625 0.028110795454545402 0.06721153846153843
0 0.9846306818181819 0.4153173076923077 0.030738636363636343 0.04817307692307694
0 0.2706960227272727 0.7060192307692308 0.04056818181818182 0.04442307692307697
0 0.33095880681818185 0.8390673076923076 0.02109374999999999 0.10944230769230763
0 0.34999289772727277 0.6606634615384614 0.04603693181818185 0.0919423076923077
0 0.15638494318181817 0.47160576923076925 0.07225852272727273 0.05121153846153851
0 0.1698934659090909 0.5470384615384615 0.08171875 0.11703846153846151
0 0.10955255681818182 0.549326923076923 0.03490056818181817 0.20876923076923076
0 0.0943536931818182 0.5359807692307692 0.013508522727272735 0.044961538461538456
0 0.089296875 0.5436057692307692 0.024758522727272726 0.07390384615384617
0 0.086484375 0.5211250000000001 0.04839488636363636 0.12801923076923075
0 0.34945312500000003 0.09702884615384615 0.05387784090909092 0.16709615384615384
0 0.06368607954545455 0.5691250000000001 0.05683238636363637 0.07009615384615382
0 0.0600284090909091 0.5931346153846154 0.020255681818181815 0.04038461538461539
0 0.07803977272727272 0.6411442307692308 0.033778409090909095 0.054096153846153835
0 0.03188920454545455 0.6117980769230769 0.06079545454545455 0.06248076923076925
0 0.21480113636363637 0.5645576923076924 0.03940340909090911 0.128
0 0.43907670454545455 0.45635576923076926 0.059090909090909124 0.07467307692307701
0 0.4925497159090909 0.4765576923076923 0.0816051136363637 0.06780769230769229
0 0.3777414772727273 0.5221442307692308 0.07053977272727273 0.11663461538461534
0 0.3987642045454546 0.18009615384615385 0.025767045454545435 0.03488461538461539
0 0.5141477272727273 0.034971153846153846 0.05903409090909091 0.06994230769230769
0 0.23414062499999996 0.26624038461538463 0.08367897727272727 0.05948076923076922
0 0.6079332386363636 0.02206730769230769 0.07072443181818185 0.04413461538461538
0 0.6024005681818182 0.03704807692307693 0.04982954545454543 0.07409615384615385
0 0.5774928977272727 0.07035576923076922 0.09839488636363634 0.06744230769230768
0 0.6525213068181818 0.04496153846153846 0.04674715909090905 0.05996153846153846
0 0.6091619318181819 0.10699038461538463 0.07318181818181824 0.07909615384615386
0 0.6359161931818181 0.12155769230769231 0.08856534090909095 0.07326923076923078
0 0.5787215909090909 0.11365384615384616 0.06764204545454545 0.03246153846153848
0 0.522137784090909 0.11573076923076923 0.031974431818181805 0.06161538461538463
0 0.5110724431818181 0.11241346153846153 0.06026988636363637 0.058288461538461546
0 0.5224502840909091 0.14071153846153847 0.062116477272727295 0.0383076923076923
0 0.23047585227272727 0.2768653846153846 0.08367897727272727 0.05096153846153846
0 0.6359232954545454 0.14154807692307694 0.07872159090909085 0.06328846153846154
0 0.6740482954545454 0.02498076923076923 0.029517045454545497 0.04996153846153846
0 0.6811292613636364 0.07076923076923076 0.028906250000000033 0.09992307692307692
0 0.7084872159090909 0.03747115384615385 0.039360795454545426 0.0749423076923077
0 0.4655539772727273 0.03475 0.0558522727272728 0.0695
0 0.44598721590909096 0.03999038461538462 0.05416193181818181 0.07998076923076924
0 0.4727556818181818 0.0840576923076923 0.045454545454545456 0.053961538461538464
0 0.07034801136363636 0.6493365384615384 0.03558238636363636 0.04636538461538453
0 0.05700284090909091 0.6526442307692307 0.04090909090909091 0.038519230769230715
0 0.04210227272727273 0.6643846153846155 0.05292613636363637 0.053576923076923105
