0 0.07951704545454547 0.5015865384615384 0.08034090909090909 0.11732692307692306
0 0.4070951704545455 0.6860384615384616 0.08609374999999994 0.08696153846153852
0 0.7257599431818181 0.716125 0.0444744318181819 0.12044230769230768
0 0.1617471590909091 0.7615096153846154 0.09298295454545454 0.1627115384615385
0 0.1699715909090909 0.9439326923076924 0.07022727272727272 0.1044807692307692
0 0.22311079545454546 0.9698269230769231 0.044914772727272734 0.060346153846153834
0 0.21551846590909093 0.8968269230769231 0.043650568181818165 0.1130384615384616
0 0.2666264204545455 0.8289519230769231 0.10413352272727273 0.17667307692307693
0 0.8885795454545454 0.2673076923076923 0.05551136363636369 0.1001923076923077
0 0.9555965909090909 0.23459615384615387 0.08880681818181815 0.06819230769230768
0 0.9833451704545454 0.30417307692307693 0.033309659090909154 0.08765384615384618
0 0.9608593750000001 0.35802884615384617 0.04367897727272727 0.08175000000000003
0 0.47711647727272727 0.7269134615384616 0.05139204545454546 0.057403846153846194
0 0.9846235795454544 0.38237499999999996 0.029559659090909175 0.07478846153846157
0 0.9287357954545453 0.38411538461538464 0.051392045454545385 0.09915384615384616
0 0.86203125 0.42762500000000003 0.11446022727272717 0.10259615384615384
0 0.9373508522727273 0.46984615384615386 0.07302556818181814 0.1211153846153846
0 0.9670738636363635 0.44182692307692306 0.053323863636363746 0.09499999999999996
0 0.9007528409090909 0.6901538461538461 0.06809659090909098 0.1948076923076922
0 0.866328125 0.9562115384615385 0.15007102272727268 0.08757692307692312
0 0.7787642045454546 0.7605673076923077 0.05437499999999996 0.0836346153846154
0 0.9567755681818181 0.9200288461538461 0.0863352272727274 0.15994230769230772
0 0.9547230113636364 0.8004038461538462 0.09044034090909102 0.06261538461538461
0 0.5434019886363637 0.2504423076923077 0.08896306818181818 0.11776923076923076
0 0.9917542613636363 0.8734519230769231 0.016491477272727293 0.1335961538461539
0 0.941590909090909 0.7242019230769231 0.11661931818181805 0.11509615384615378
0 0.26323863636363637 0.9383076923076922 0.0630965909090909 0.12338461538461543
0 0.314453125 0.9804038461538461 0.046633522727272704 0.039192307692307686
0 0.6847443181818181 0.7455673076923078 0.07511363636363635 0.0883269230769231
0 0.7440411931818182 0.621125 0.07313920454545447 0.11240384615384613
0 0.557734375 0.07849038461538461 0.1314630681818182 0.08163461538461539
0 0.8043394886363636 0.5475192307692308 0.05930397727272727 0.10703846153846158
0 0.6689275568181817 0.46121153846153845 0.11464488636363633 0.09499999999999996
0 0.7494815340909091 0.24242307692307694 0.08203125 0.05084615384615384
0 0.5755255681818181 0.4210576923076923 0.05633522727272731 0.1431923076923077
0 0.7386150568181818 0.09254807692307693 0.10180397727272737 0.08028846153846154
0 0.7460227272727273 0.5160673076923077 0.05732954545454547 0.13782692307692304
0 0.4485085227272727 0.4377884615384615 0.18582386363636366 0.17396153846153847
0 0.6516335227272727 0.35615384615384615 0.10377840909090902 0.12846153846153843
0 0.6656818181818182 0.2986153846153846 0.19713068181818177 0.21946153846153846
0 0.6022088068181818 0.16346153846153846 0.1077414772727273 0.11776923076923078
0 0.4875497159090909 0.8599807692307694 0.05041193181818183 0.07896153846153847
0 0.6733735795454545 0.5923461538461539 0.09785511363636362 0.1244615384615384
0 0.6817755681818182 0.2537884615384615 0.0830397727272727 0.09769230769230772
0 0.644715909090909 0.647875 0.06227272727272732 0.09367307692307689
0 0.47036931818181815 0.7908365384615385 0.09957386363636367 0.09478846153846157
0 0.5982528409090909 0.6324903846153845 0.08204545454545453 0.07628846153846157
0 0.6254332386363637 0.7147884615384615 0.04151988636363639 0.040153846153846144
0 0.5641548295454545 0.716798076923077 0.039531249999999976 0.10840384615384616
0 0.6204900568181819 0.7582884615384615 0.11268465909090906 0.10303846153846162
0 0.596278409090909 0.8840673076923078 0.05437500000000004 0.16190384615384615
0 0.6847443181818181 0.6726442307692307 0.053380681818181876 0.06825000000000002
0 0.38707386363636365 0.3176538461538462 0.05394886363636366 0.14607692307692308
0 0.3746519886363636 0.859548076923077 0.10856534090909097 0.12436538461538464
0 0.5384517045454547 0.5408269230769231 0.06721590909090908 0.11776923076923079
0 0.5345028409090908 0.8171538461538462 0.06721590909090908 0.08965384615384617
0 0.45045454545454544 0.6721153846153847 0.05974431818181818 0.07653846153846144
0 0.49510653409090905 0.6468942307692308 0.10149147727272725 0.10959615384615386
0 0.5220880681818182 0.7173461538461539 0.050113636363636326 0.09392307692307687
0 0.5602059659090909 0.9731442307692307 0.10279829545454545 0.05371153846153848
0 0.5375071022727272 0.608201923076923 0.07708806818181824 0.12263461538461536
0 0.4815980113636364 0.5475096153846154 0.04245738636363634 0.15790384615384612
0 0.3158806818181818 0.0715673076923077 0.10278409090909092 0.10001923076923076
0 0.4816193181818182 0.17115384615384616 0.06937500000000005 0.13219230769230772
0 0.48386363636363633 0.04035576923076923 0.13812500000000003 0.08071153846153846
0 0.40966619318181813 0.11245192307692306 0.08350852272727276 0.12263461538461538
0 0.4382528409090909 0.19421153846153846 0.02761363636363636 0.04261538461538461
0 0.5933948863636364 0.5242692307692308 0.06295454545454553 0.08696153846153852
0 0.4035653409090909 0.22595192307692308 0.05332386363636366 0.12175000000000001
0 0.34156960227272726 0.25943269230769234 0.06938920454545454 0.051326923076923076
0 0.4025994318181818 0.5964519230769231 0.07710227272727269 0.1478653846153847
0 0.37015625 0.36901923076923077 0.06360795454545459 0.11742307692307687
0 0.3149147727272727 0.3768461538461539 0.08159090909090909 0.10349999999999998
0 0.2587002840909091 0.06288461538461539 0.06680397727272723 0.1035
0 0.2760440340909091 0.6855961538461538 0.06552556818181818 0.11392307692307695
0 0.31234375 0.7060384615384615 0.0494602272727273 0.10438461538461533
0 0.29050426136363633 0.455125 0.0790198863636364 0.07567307692307686
0 0.35763494318181815 0.6147211538461538 0.06552556818181814 0.11828846153846163
0 0.28343039772727274 0.7777884615384615 0.07259943181818183 0.08611538461538457
0 0.23845880681818182 0.5994903846153846 0.0738778409090909 0.10001923076923075
0 0.2545241477272727 0.3229230769230769 0.09700284090909093 0.07392307692307692
0 0.2959659090909091 0.6342788461538461 0.06295454545454549 0.07740384615384616
0 0.3808025568181818 0.5240384615384616 0.10666193181818183 0.0696538461538462
0 0.2391051136363636 0.16072115384615385 0.08286931818181818 0.12698076923076923
0 0.18353693181818184 0.2833557692307692 0.05139204545454546 0.1426346153846154
0 0.18642755681818182 0.32945192307692306 0.03791193181818182 0.04871153846153843
0 0.21019886363636361 0.39772115384615386 0.08673295454545453 0.08609615384615381
0 0.20056107954545455 0.6616826923076923 0.0648721590909091 0.12001923076923071
0 0.21855113636363638 0.5247019230769231 0.05332386363636363 0.11740384615384618
0 0.18417613636363636 0.6969038461538462 0.08480113636363634 0.22700000000000004
0 0.1780752840909091 0.4238173076923077 0.04561079545454543 0.04609615384615384
0 0.1404971590909091 0.42425 0.05394886363636364 0.1008846153846154
0 0.4331889204545455 0.3053173076923077 0.07413352272727272 0.1391730769230769
0 0.24649857954545454 0.4599134615384616 0.08350852272727276 0.08871153846153851
0 0.21148437499999997 0.05470192307692308 0.06745738636363635 0.10940384615384616
0 0.18546875 0.11288461538461539 0.0565340909090909 0.06434615384615386
0 0.14595880681818182 0.15027884615384615 0.057173295454545456 0.12001923076923077
0 0.1376065340909091 0.3190192307692307 0.052031249999999994 0.13046153846153846
0 0.6733735795454545 0.030990384615384614 0.11958806818181818 0.061557692307692306
0 0.1718465909090909 0.3733653846153846 0.02980113636363637 0.040884615384615366
0 0.017890625 0.30335576923076923 0.03578125 0.11655769230769233
0 0.6465625 0.8609134615384616 0.08647727272727272 0.09032692307692312
0 0.7027840909090909 0.9370288461538462 0.04818181818181821 0.12544230769230771
0 0.554765625 0.9188653846153846 0.1452982954545454 0.08965384615384617
0 0.45321022727272725 0.8893557692307692 0.060539772727272734 0.12044230769230768
0 0.4501136363636364 0.9704807692307692 0.1136647727272727 0.05853846153846153
0 0.6657102272727273 0.12826923076923077 0.060539772727272734 0.1605769230769231
0 0.7571448863636363 0.9379903846153846 0.035823863636363674 0.12401923076923078
0 0.34138494318181817 0.8801538461538462 0.07660511363636364 0.08196153846153847
0 0.35250710227272725 0.9456346153846155 0.15319602272727267 0.08530769230769222
0 0.824481534090909 0.19877884615384617 0.04694602272727282 0.08363461538461538
0 0.7602911931818181 0.45389423076923074 0.09424715909090904 0.07194230769230768
0 0.8233025568181819 0.26735576923076926 0.08637784090909083 0.09032692307692304
0 0.7811647727272728 0.3918076923076923 0.06389204545454531 0.06765384615384616
0 0.344140625 0.7282115384615384 0.060383522727272675 0.11915384615384611
0 0.8409517045454545 0.34641346153846153 0.11133522727272727 0.0916346153846154
0 0.8959801136363637 0.40379807692307695 0.08730113636363641 0.059096153846153826
0 0.836512784090909 0.581076923076923 0.07717329545454552 0.15157692307692305
0 0.03453835227272727 0.8497211538461539 0.06907670454545455 0.13875000000000007
0 0.03865056818181818 0.4433461538461539 0.07730113636363636 0.09334615384615383
0 0.048515625 0.3632692307692308 0.0411221590909091 0.08050000000000003
0 0.024502840909090905 0.2035576923076923 0.04874999999999999 0.07965384615384616
0 0.01840909090909091 0.1144903846153846 0.03681818181818182 0.0813653846153846
0 0.04244318181818182 0.046394230769230764 0.08488636363636363 0.06851923076923076
0 0.07824573863636362 0.3448557692307692 0.11322443181818181 0.11732692307692312
0 0.3769034090909091 0.7690961538461537 0.069375 0.09653846153846152
0 0.07982954545454546 0.26049999999999995 0.0771875 0.08734615384615382
0 0.0595809659090909 0.10421153846153845 0.05061079545454545 0.13788461538461538
0 0.08204545454545455 0.069875 0.04491477272727271 0.13975
0 0.09722301136363637 0.1530192307692308 0.053764204545454546 0.09850000000000002
0 0.11556818181818182 0.06780769230769232 0.0537784090909091 0.13361538461538464
0 0.12948863636363636 0.22709615384615386 0.05377840909090909 0.0993461538461538
0 0.1845028409090909 0.5355673076923076 0.07517045454545453 0.15655769230769231
0 0.058955965909090906 0.6334807692307691 0.06578125 0.15330769230769226
0 0.056107954545454544 0.8976826923076923 0.07275568181818182 0.06336538461538459
0 0.11272017045454547 0.8274519230769231 0.04808238636363637 0.10105769230769233
0 0.4340767045454546 0.7547403846153847 0.07196022727272731 0.0782884615384615
0 0.026370738636363637 0.9569807692307692 0.05123579545454546 0.08603846153846155
0 0.06401278409090909 0.9771057692307693 0.03921875 0.04578846153846154
0 0.0839346590909091 0.9379326923076924 0.061363636363636356 0.07194230769230774
0 0.07382102272727273 0.6664423076923077 0.06389204545454544 0.12161538461538464
0 0.07730113636363636 0.7662307692307693 0.06579545454545453 0.11561538461538462
0 0.09374289772727273 0.8946923076923077 0.020241477272727283 0.041961538461538446
0 0.10924005681818182 0.7234038461538461 0.053764204545454546 0.10703846153846158
0 0.10892755681818182 0.5628269230769231 0.04808238636363637 0.08392307692307689
0 0.126328125 0.6035 0.048707386363636355 0.14130769230769236
0 0.10766335227272728 0.9753942307692308 0.060724431818181816 0.04921153846153841
