0 0.7421661931818182 0.0483076923076923 0.0772017045454545 0.09653846153846153
0 0.5699857954545454 0.024076923076923076 0.02707386363636364 0.04815384615384615
0 0.020553977272727272 0.6648173076923076 0.041107954545454545 0.054057692307692334
0 0.03911221590909091 0.7702692307692307 0.04853693181818182 0.04538461538461532
0 0.4682457386363636 0.8106923076923077 0.0804403409090909 0.12176923076923087
0 0.016690340909090908 0.06238461538461538 0.033380681818181816 0.059307692307692304
0 0.07870738636363636 0.4352596153846154 0.048068181818181815 0.04267307692307692
0 0.26954545454545453 0.11774038461538461 0.026249999999999985 0.03221153846153845
0 0.5035085227272728 0.46652884615384616 0.028494318181818187 0.03524999999999997
0 0.28129261363636365 0.04072115384615384 0.028607954545454527 0.03621153846153846
0 0.45977982954545454 0.6009326923076923 0.041946022727272686 0.0919807692307692
0 0.21908380681818185 0.07854807692307691 0.011633522727272765 0.029980769230769238
0 0.22377840909090913 0.0988653846153846 0.03528409090909091 0.09603846153846153
0 0.22579545454545455 0.05471153846153846 0.02369318181818183 0.023730769230769222
0 0.4442471590909091 0.47694230769230767 0.04809659090909093 0.09011538461538458
0 0.13421875 0.07052884615384615 0.05744318181818182 0.11082692307692307
0 0.08299715909090909 0.46386538461538457 0.0444034090909091 0.024461538461538458
0 0.7822443181818183 0.028711538461538462 0.07170454545454548 0.057423076923076924
0 0.013494318181818182 0.724423076923077 0.026988636363636364 0.06757692307692305
0 0.6718181818181818 0.5304326923076924 0.028210227272727293 0.019596153846153843
0 0.593934659090909 0.1737692307692308 0.03681818181818176 0.13111538461538463
0 0.5054758522727273 0.5363653846153845 0.03339488636363635 0.05388461538461546
0 0.6003409090909091 0.25775 0.08886363636363637 0.14196153846153844
0 0.28029829545454543 0.103875 0.021420454545454562 0.027442307692307686
0 0.7129900568181818 0.5152115384615384 0.05967329545454552 0.037307692307692375
0 0.29568181818181816 0.032221153846153844 0.021647727272727287 0.06444230769230769
0 0.21024857954545453 0.022884615384615385 0.04532670454545454 0.04576923076923077
0 0.5182386363636364 0.8630384615384615 0.025056818181818243 0.04007692307692303
0 0.9760369318181819 0.4955192307692308 0.019772727272727376 0.037115384615384585
0 0.2977840909090909 0.15340384615384614 0.09034090909090908 0.07703846153846153
0 0.6215696022727273 0.38890384615384616 0.060724431818181816 0.11465384615384616
0 0.5341690340909091 0.08234615384615383 0.06751420454545451 0.10323076923076922
0 0.06920454545454545 0.788076923076923 0.05786931818181818 0.0731538461538462
0 0.6160298295454546 0.30664423076923075 0.019360795454545447 0.03286538461538462
0 0.08355113636363636 0.5113173076923077 0.07656249999999999 0.10586538461538464
0 0.026022727272727274 0.8313173076923076 0.018295454545454545 0.026980769230769287
0 0.05058948863636364 0.6991442307692307 0.028593749999999998 0.09821153846153845
0 0.2091477272727273 0.07397115384615385 0.015198863636363661 0.047480769230769236
0 0.6449005681818182 0.16559615384615384 0.07085227272727272 0.0651923076923077
0 0.6953764204545454 0.5429519230769232 0.13203125 0.05436538461538469
0 0.6526491477272728 0.2744230769230769 0.05529829545454546 0.121
0 0.18934659090909092 0.06417307692307692 0.039261363636363636 0.10542307692307692
0 0.014367897727272727 0.8569134615384616 0.02544034090909091 0.04263461538461542
0 0.18929687499999998 0.2443653846153846 0.0764630681818182 0.0298846153846154
0 0.45180397727272725 0.5840865384615385 0.03639204545454546 0.06182692307692314
0 0.6555894886363636 0.22924038461538465 0.0365482954545454 0.052519230769230804
0 0.5831321022727273 0.22064423076923076 0.04242897727272728 0.1381730769230769
0 0.30438210227272733 0.09200000000000001 0.040269886363636355 0.07623076923076923
0 0.48091619318181816 0.41763461538461544 0.036349431818181864 0.09042307692307694
0 0.5744815340909091 0.06247115384615384 0.033309659090909154 0.12432692307692308
0 0.5526917613636364 0.4795 0.06828124999999999 0.08646153846153842
0 0.38470880681818187 0.09338461538461539 0.14759943181818186 0.045500000000000006
0 0.4734801136363636 0.4535288461538461 0.04511363636363635 0.11121153846153849
0 0.6889275568181819 0.2070192307692308 0.03387784090909094 0.058615384615384625
0 0.4792258522727273 0.5917115384615385 0.04279829545454545 0.13292307692307692
0 0.6656747159090909 0.5120480769230769 0.07481534090909094 0.04021153846153851
0 0.5968394886363636 0.30775 0.019019886363636343 0.031538461538461494
0 0.041974431818181814 0.8393365384615384 0.03488636363636363 0.06971153846153846
0 0.5270951704545455 0.49180769230769233 0.027514204545454553 0.03257692307692302
0 0.5223366477272727 0.42233653846153846 0.034076704545454556 0.0958269230769231
0 0.2736221590909091 0.07747115384615384 0.0302840909090909 0.04936538461538461
0 0.14818181818181816 0.3474903846153846 0.016931818181818183 0.034096153846153825
0 0.9474005681818182 0.523471153846154 0.04997159090909084 0.04698076923076924
0 0.6821875 0.16537500000000002 0.0492329545454545 0.07640384615384616
0 0.07889204545454544 0.8674807692307693 0.05303977272727272 0.09076923076923074
0 0.8851349431818182 0.9810192307692308 0.03228693181818185 0.03796153846153848
0 0.6379616477272727 0.21559615384615385 0.05265625000000007 0.05765384615384613
0 0.9461860795454545 0.5056153846153847 0.028110795454545402 0.0479230769230769
0 0.503330965909091 0.5036153846153846 0.028877840909090888 0.04449999999999998
0 0.1737002840909091 0.026374999999999996 0.04049715909090908 0.049480769230769224
0 0.7179119318181818 0.1898846153846154 0.07906250000000004 0.14200000000000002
0 0.5133735795454546 0.4725192307692308 0.017769886363636352 0.028615384615384605
0 0.9771519886363635 0.4742980769230769 0.03970170454545445 0.051634615384615376
0 0.0579190340909091 0.5515384615384615 0.05163352272727273 0.13446153846153844
0 0.4821946022727273 0.5169038461538461 0.01612215909090904 0.040269230769230765
0 0.34590909090909094 0.5355000000000001 0.08579545454545459 0.13834615384615384
0 0.024744318181818183 0.8088557692307693 0.04028409090909091 0.04363461538461538
0 0.6309232954545454 0.26515384615384613 0.038124999999999964 0.06342307692307693
0 0.4556036931818182 0.07145192307692308 0.1574005681818182 0.08090384615384615
0 0.10116477272727273 0.8701826923076923 0.02852272727272728 0.08805769230769224
0 0.277578125 0.012134615384615384 0.015497159090909086 0.02426923076923077
0 0.008302556818181818 0.8287788461538462 0.016605113636363637 0.03648076923076917
0 0.8946874999999999 0.9696634615384616 0.03821022727272724 0.06067307692307695
0 0.2920028409090909 0.5321923076923077 0.03866477272727273 0.0731923076923077
0 0.45287642045454546 0.5182019230769231 0.04990056818181818 0.08694230769230765
0 0.2557315340909091 0.02851923076923077 0.03740056818181816 0.05703846153846154
0 0.2460724431818182 0.07325000000000001 0.031008522727272746 0.11546153846153846
0 0.5348224431818182 0.5452499999999999 0.04410511363636365 0.051923076923076926
0 0.5223792613636363 0.839125 0.02938920454545454 0.03551923076923071
0 0.47759232954545455 0.5475288461538461 0.016718750000000056 0.028134615384615376
0 0.5070241477272728 0.5744615384615385 0.04697443181818181 0.04542307692307682
0 0.39536931818181825 0.1380576923076923 0.05792613636363641 0.07646153846153847
0 0.12108664772727273 0.49791346153846144 0.02001420454545455 0.02224999999999999
0 0.005454545454545454 0.865548076923077 0.010909090909090908 0.03686538461538465
0 0.47315340909090914 0.5226057692307692 0.014545454545454558 0.03701923076923077
0 0.13748579545454545 0.4478557692307692 0.013181818181818183 0.023711538461538485
