0 0.5578551136363636 0.9432980769230769 0.15661931818181818 0.1134038461538462
0 0.009005681818181817 0.7878846153846154 0.018011363636363634 0.12407692307692304
0 0.03882102272727273 0.7852596153846154 0.06735795454545455 0.11844230769230764
0 0.07393465909090909 0.8728461538461538 0.09894886363636363 0.12646153846153843
0 0.07500710227272728 0.9673076923076923 0.08640625 0.06534615384615389
0 0.04227272727272727 0.8265384615384616 0.06048295454545454 0.10361538461538461
0 0.07964488636363637 0.7254615384615385 0.04556818181818181 0.1328461538461538
0 0.1519318181818182 0.9123846153846153 0.07093750000000001 0.10726923076923071
0 0.12191761363636364 0.9498269230769232 0.015681818181818172 0.020923076923076916
0 0.3101775568181818 0.8995 0.04157670454545456 0.05142307692307694
0 0.50140625 0.8362884615384616 0.07806818181818187 0.08626923076923079
0 0.07993607954545455 0.046384615384615385 0.11720170454545455 0.08796153846153847
0 0.6593181818181818 0.9558461538461538 0.08113636363636365 0.04292307692307691
0 0.791328125 0.9573942307692308 0.07382102272727277 0.08521153846153846
0 0.845994318181818 0.9469903846153847 0.05210227272727266 0.10601923076923075
0 0.9098295454545454 0.9729807692307693 0.07269886363636373 0.054038461538461584
0 0.8754900568181818 0.8236057692307692 0.06257102272727266 0.14328846153846153
0 0.8622372159090911 0.6675576923076924 0.05166193181818182 0.10696153846153847
0 0.898174715909091 0.7269423076923077 0.059900568181818124 0.07942307692307694
0 0.8502343750000001 0.7363653846153846 0.09512784090909078 0.08738461538461538
0 0.7696377840909091 0.7935865384615384 0.04274147727272732 0.13032692307692315
0 0.7799289772727271 0.6345673076923077 0.048522727272727224 0.057596153846153825
0 0.022784090909090907 0.13366346153846154 0.04517045454545455 0.12275
0 0.9636008522727273 0.4227884615384615 0.07279829545454546 0.0994230769230769
0 0.8675142045454546 0.4459230769230769 0.07514204545454542 0.07565384615384615
0 0.8896377840909092 0.17121153846153847 0.052144886363636254 0.09373076923076924
0 0.8418607954545455 0.17579807692307692 0.07264204545454543 0.09125000000000001
0 0.8480113636363636 0.2492596153846154 0.053664772727272686 0.08048076923076922
0 0.9074431818181817 0.22228846153846155 0.06590909090909088 0.09584615384615383
0 0.8993892045454547 0.24721153846153848 0.060085227272727366 0.05161538461538462
0 0.9540198863636363 0.06899038461538462 0.07664772727272733 0.09425000000000001
0 0.9633096590909092 0.05758653846153846 0.07338068181818178 0.0885576923076923
0 0.9829758522727272 0.026798076923076924 0.03404829545454549 0.05359615384615385
0 0.05215198863636364 0.09403846153846153 0.0629971590909091 0.1301153846153846
0 0.8601775568181819 0.036259615384615376 0.0632812500000001 0.07244230769230768
0 0.7418252840909091 0.028134615384615386 0.04453124999999995 0.05626923076923077
0 0.1955184659090909 0.7469134615384615 0.0681676136363636 0.10128846153846156
0 0.23610795454545455 0.6932403846153846 0.06974431818181821 0.09763461538461535
0 0.4344034090909091 0.8542884615384616 0.13531249999999997 0.10726923076923083
0 0.5536860795454545 0.6658076923076923 0.10751420454545454 0.1565769230769231
0 0.7004403409090909 0.8008846153846154 0.10571022727272737 0.12892307692307697
0 0.7016477272727273 0.5307211538461539 0.09519886363636369 0.0967884615384615
0 0.7197869318181819 0.6433653846153846 0.05164772727272721 0.0988076923076923
0 0.682578125 0.637173076923077 0.10950284090909096 0.22949999999999995
0 0.06758522727272727 0.1875 0.059005681818181804 0.07926923076923077
0 0.7363707386363636 0.3346826923076923 0.08254261363636366 0.1032884615384615
0 0.5285227272727273 0.18673076923076923 0.08639204545454544 0.1088076923076923
0 0.7103124999999999 0.09116346153846154 0.05460227272727272 0.05663461538461539
0 0.6818181818181818 0.16615384615384615 0.08244318181818176 0.10119230769230768
0 0.6838281249999999 0.08796153846153847 0.07447443181818182 0.06034615384615384
0 0.602002840909091 0.06299038461538461 0.0745170454545455 0.05986538461538461
0 0.5782741477272727 0.1381826923076923 0.09367897727272725 0.11936538461538461
0 0.623487215909091 0.13971153846153847 0.08799715909090916 0.11265384615384615
0 0.2916619318181818 0.10701923076923077 0.07281250000000003 0.09126923076923076
0 0.3029190340909091 0.19460576923076922 0.025156250000000012 0.09690384615384616
0 0.014630681818181819 0.2927692307692308 0.029261363636363637 0.13649999999999998
0 0.3542045454545455 0.30262500000000003 0.07678977272727269 0.07721153846153847
0 0.3502627840909091 0.3718173076923077 0.06555397727272733 0.07290384615384621
0 0.39982954545454547 0.24905769230769229 0.07607954545454546 0.09857692307692306
0 0.18686079545454548 0.051932692307692305 0.0884375 0.10386538461538461
0 0.5772443181818182 0.043125000000000004 0.10988636363636366 0.08625000000000001
0 0.6627556818181818 0.03575961538461538 0.07531249999999998 0.07151923076923077
0 0.4906392045454545 0.1035096153846154 0.0728693181818182 0.06086538461538463
0 0.4884872159090909 0.06180769230769231 0.05200284090909093 0.04496153846153846
0 0.10776988636363637 0.8012884615384616 0.06298295454545455 0.15215384615384617
0 0.11306107954545454 0.6639326923076924 0.0808096590909091 0.13763461538461538
0 0.050461647727272727 0.5139038461538462 0.10092329545454545 0.15399999999999997
0 0.15999289772727274 0.7092115384615384 0.04450284090909093 0.07903846153846147
0 0.17467329545454546 0.8033942307692308 0.062045454545454556 0.15717307692307697
0 0.13384943181818182 0.7837884615384616 0.04775568181818182 0.15638461538461537
0 0.3067755681818182 0.8003269230769231 0.07417613636363636 0.08196153846153847
0 0.33811789772727274 0.7384615384615385 0.07072443181818185 0.09246153846153854
0 0.37821022727272724 0.7176538461538462 0.06349431818181821 0.08799999999999998
0 0.9139985795454545 0.5276730769230769 0.06345170454545448 0.12565384615384617
0 0.4912286931818182 0.5509711538461538 0.08302556818181817 0.08840384615384621
0 0.542549715909091 0.47836538461538464 0.06592329545454549 0.10330769230769236
0 0.6244602272727273 0.3888076923076923 0.08525568181818179 0.061384615384615364
0 0.0125 0.6773365384615385 0.024829545454545455 0.1193653846153846
0 0.17852982954545454 0.30730769230769234 0.05913352272727272 0.15350000000000003
0 0.23287642045454546 0.3047980769230769 0.07879261363636364 0.11363461538461539
0 0.17686079545454544 0.5157211538461538 0.06437499999999999 0.07636538461538457
0 0.20344460227272726 0.547625 0.056207386363636355 0.10694230769230773
0 0.2562002840909091 0.47728846153846155 0.1306960227272727 0.10138461538461538
0 0.22197443181818183 0.37466346153846153 0.08772727272727274 0.13882692307692307
0 0.15963068181818182 0.42920192307692306 0.07497159090909093 0.12463461538461539
0 0.11649147727272725 0.3318653846153846 0.09835227272727272 0.1288076923076923
0 0.6107315340909091 0.4525 0.10617897727272728 0.13415384615384618
0 0.4178693181818182 0.44240384615384615 0.05696022727272731 0.1321153846153846
0 0.04583806818181819 0.6953557692307692 0.0669034090909091 0.08755769230769236
0 0.40732244318181815 0.5238846153846154 0.06691761363636366 0.10050000000000003
