0 0.5077414772727272 0.5886634615384616 0.033039772727272716 0.04621153846153852
0 0.6618678977272727 0.3819711538461538 0.03620738636363638 0.045442307692307685
0 0.23166193181818182 0.7288557692307692 0.0322159090909091 0.046711538461538395
0 0.9657954545454547 0.739326923076923 0.04681818181818171 0.07549999999999998
0 0.20984375000000002 0.24421153846153845 0.07363636363636364 0.051999999999999984
0 0.49504261363636365 0.15241346153846153 0.04661931818181817 0.06440384615384616
0 0.85171875 0.14527884615384615 0.06852272727272729 0.059980769230769226
0 0.2765553977272727 0.23709615384615382 0.05052556818181817 0.06249999999999997
0 0.7516832386363635 0.18312499999999998 0.04839488636363643 0.07105769230769231
0 0.7922443181818182 0.765 0.041079545454545556 0.044884615384615446
0 0.6950355113636365 0.28393269230769225 0.07069602272727278 0.11725
0 0.06882102272727274 0.8184807692307693 0.032301136363636365 0.04323076923076927
0 0.26765625 0.6483749999999999 0.039659090909090894 0.07101923076923078
0 0.9879190340909091 0.5178750000000001 0.024161931818181805 0.05944230769230768
0 0.3926349431818182 0.8172211538461538 0.04987215909090911 0.0764807692307692
0 0.5396164772727272 0.87975 0.040312499999999994 0.0679615384615384
0 0.27786221590909094 0.1864326923076923 0.05595170454545457 0.06771153846153845
0 0.6790198863636363 0.7532884615384616 0.07741477272727272 0.10342307692307698
0 0.8763636363636365 0.606326923076923 0.03801136363636362 0.0679230769230769
0 0.8219389204545454 0.3813461538461539 0.08379261363636364 0.07753846153846158
0 0.9070667613636364 0.7443173076923076 0.040071022727272615 0.055826923076923135
0 0.03829545454545455 0.984625 0.051335227272727275 0.030750000000000017
0 0.31693892045454547 0.21557692307692305 0.05197443181818178 0.0768076923076923
0 0.8715482954545455 0.8021442307692308 0.03801136363636362 0.036826923076923035
0 0.6531676136363637 0.9045480769230769 0.07329545454545458 0.0699423076923077
0 0.7426491477272728 0.16027884615384616 0.06237215909090905 0.047519230769230786
0 0.09462357954545456 0.8028942307692307 0.03637784090909091 0.060326923076923084
0 0.14573863636363635 0.8150288461538462 0.04468749999999999 0.06348076923076922
0 0.2990909090909091 0.15328846153846154 0.06911931818181817 0.08180769230769232
0 0.4816690340909091 0.20234615384615384 0.04115056818181814 0.054846153846153864
0 0.6434232954545455 0.3015096153846154 0.039687499999999994 0.05128846153846157
0 0.13263494318181818 0.7422884615384615 0.05612215909090908 0.078
0 0.35936079545454547 0.967798076923077 0.04142045454545454 0.0640192307692307
0 0.9852414772727273 0.7468076923076924 0.029517045454545417 0.07780769230769227
0 0.6713707386363637 0.1677403846153846 0.07106534090909095 0.07867307692307694
0 0.094140625 0.38763461538461536 0.054076704545454546 0.09269230769230767
0 0.2031818181818182 0.2072596153846154 0.06031250000000001 0.05371153846153845
0 0.7621306818181818 0.6304230769230769 0.029886363636363586 0.0374615384615385
0 0.62640625 0.9548846153846154 0.02363636363636362 0.03434615384615387
0 0.6104048295454546 0.1148653846153846 0.04467329545454544 0.06103846153846153
0 0.5244673295454546 0.6126442307692308 0.051349431818181863 0.07759615384615388
0 0.29976562500000004 0.5096153846153846 0.06441761363636363 0.11653846153846158
0 0.6038849431818182 0.778451923076923 0.04259943181818183 0.041903846153846194
0 0.4910369318181818 0.7385192307692308 0.03673295454545456 0.05150000000000006
0 0.8984090909090909 0.601528846153846 0.043579545454545544 0.05282692307692302
0 0.37948153409090907 0.9347307692307693 0.03555397727272731 0.05607692307692302
0 0.5760014204545455 0.5167692307692309 0.038281250000000065 0.06692307692307695
0 0.3958948863636364 0.9505961538461537 0.037897727272727284 0.06453846153846154
0 0.9719957386363638 0.46791346153846153 0.03808238636363645 0.05721153846153846
0 0.38729403409090907 0.986576923076923 0.03711647727272735 0.026461538461538443
0 0.8608025568181819 0.5839423076923076 0.04367897727272727 0.06296153846153849
0 0.8297798295454545 0.5421538461538461 0.04134943181818184 0.0643461538461538
0 0.5754048295454546 0.7420192307692308 0.0439346590909091 0.056461538461538376
0 0.5712926136363636 0.5838557692307693 0.056477272727272716 0.062211538461538395
0 0.6980610795454545 0.856923076923077 0.06705965909090907 0.05903846153846152
0 0.7592471590909091 0.34820192307692305 0.03400568181818189 0.0627884615384615
0 0.06665482954545454 0.254625 0.02407670454545454 0.019826923076923082
0 0.7760795454545453 0.6689903846153846 0.05696022727272731 0.07928846153846157
0 0.19090909090909092 0.5639903846153845 0.023153409090909106 0.029403846153846194
0 0.00661221590909091 0.6198269230769231 0.01322443181818182 0.02288461538461534
0 0.9828267045454546 0.08786538461538462 0.03434659090909084 0.1320769230769231
0 0.026228693181818183 0.27447115384615384 0.04098011363636364 0.05601923076923076
0 0.04571732954545455 0.20642307692307693 0.05078125 0.08865384615384611
0 0.6065767045454545 0.7329134615384616 0.0497727272727273 0.06982692307692308
0 0.8205468749999999 0.5959326923076923 0.044559659090909094 0.07209615384615387
0 0.8366761363636364 0.7970961538461538 0.033267045454545556 0.06826923076923076
0 0.6600994318181819 0.3535769230769231 0.02914772727272733 0.036461538461538476
0 0.07159801136363636 0.7780192307692307 0.028224431818181826 0.03973076923076917
0 0.6168252840909091 0.3610576923076923 0.06271306818181815 0.06338461538461534
0 0.7187642045454545 0.8747884615384615 0.060823863636363544 0.08780769230769235
0 0.18968039772727271 0.7785288461538462 0.06978693181818181 0.08548076923076921
0 0.8190482954545455 0.20823076923076922 0.05386363636363647 0.0796153846153846
0 0.8533664772727273 0.5547788461538462 0.03110795454545451 0.05798076923076919
0 0.06242187499999999 0.48200961538461534 0.058139204545454536 0.09521153846153844
0 0.7925071022727272 0.22875 0.011747159090909065 0.021038461538461534
0 0.12134232954545456 0.4574615384615385 0.03907670454545455 0.06388461538461539
0 0.6481747159090909 0.9819326923076923 0.0297017045454545 0.036134615384615425
0 0.7683380681818183 0.09919230769230769 0.03857954545454541 0.06084615384615386
0 0.12321732954545456 0.8552692307692308 0.04319602272727272 0.06399999999999995
0 0.7093394886363636 0.3472980769230769 0.07109374999999994 0.08848076923076921
0 0.39095880681818185 0.6948461538461538 0.05822443181818183 0.15946153846153838
0 0.0759659090909091 0.16725 0.02332386363636363 0.04446153846153847
0 0.7098011363636364 0.03442307692307692 0.028352272727272698 0.06884615384615383
0 0.15905539772727273 0.6020096153846154 0.05328124999999999 0.05605769230769227
0 0.8073579545454546 0.8058653846153846 0.03539772727272738 0.04588461538461541
0 0.36663352272727273 0.715 0.035397727272727254 0.043000000000000024
0 0.06008522727272727 0.17041346153846157 0.023579545454545457 0.0376346153846154
0 0.022741477272727274 0.6276538461538461 0.03806818181818182 0.05669230769230773
0 0.5021306818181818 0.8725865384615384 0.09588068181818182 0.11190384615384615
0 0.9507457386363637 0.8184711538461539 0.039786931818181805 0.048788461538461544
