0 0.27649147727272727 0.5606153846153846 0.03985795454545455 0.053961538461538464
0 0.0851846590909091 0.12082692307692307 0.013778409090909084 0.027038461538461542
0 0.3225710227272727 0.8629326923076923 0.02531249999999999 0.06063461538461544
0 0.00916903409090909 0.6916730769230769 0.01833806818181818 0.04580769230769229
0 0.35794034090909094 0.8510673076923077 0.032443181818181864 0.06678846153846157
0 0.3456107954545455 0.8141634615384615 0.05710227272727275 0.09840384615384619
0 0.34139204545454543 0.9674807692307693 0.027897727272727255 0.03953846153846154
0 0.3559943181818182 0.9839615384615384 0.02465909090909093 0.03207692307692309
0 0.7889985795454545 0.1873173076923077 0.09651988636363627 0.08882692307692307
0 0.3810866477272727 0.4817980769230769 0.021292613636363568 0.0884038461538461
0 0.36858664772727273 0.4034326923076923 0.03796875000000002 0.07209615384615387
0 0.3505255681818182 0.4169134615384616 0.03519886363636368 0.15044230769230768
0 0.9692755681818181 0.9538173076923078 0.046960227272727195 0.04051923076923076
0 0.324140625 0.384 0.05649147727272729 0.09592307692307692
0 0.2810369318181818 0.9130096153846153 0.02531249999999999 0.02725000000000003
0 0.027080965909090912 0.7055961538461538 0.054161931818181824 0.07726923076923078
0 0.3655823863636364 0.5250576923076923 0.026392045454545474 0.06957692307692309
0 0.2933664772727273 0.8844615384615385 0.03568181818181819 0.05096153846153846
0 0.22677556818181818 0.7782884615384615 0.06704545454545453 0.09976923076923076
0 0.15220170454545456 0.7461057692307693 0.04477272727272727 0.06501923076923077
0 0.05983664772727273 0.5914326923076922 0.06870738636363637 0.02771153846153851
0 0.09967329545454545 0.5764230769230769 0.027528409090909093 0.03596153846153844
0 0.1458309659090909 0.5475673076923078 0.02728693181818181 0.02771153846153851
0 0.7507315340909091 0.09880769230769232 0.03137784090909079 0.022538461538461535
0 0.12999289772727274 0.5200288461538461 0.026803977272727278 0.1098269230769231
0 0.13584517045454547 0.49364423076923075 0.020951704545454544 0.09598076923076918
0 0.1512286931818182 0.7166634615384616 0.020781249999999994 0.07117307692307691
0 0.17202414772727273 0.5629807692307692 0.016207386363636358 0.09780769230769233
0 0.38896306818181825 0.5542019230769231 0.02778409090909091 0.07148076923076915
0 0.16021306818181816 0.8034038461538461 0.021392045454545438 0.02638461538461533
0 0.1503409090909091 0.502048076923077 0.027045454545454553 0.08640384615384611
0 0.5743252840909091 0.43571153846153843 0.025525568181818222 0.02988461538461537
0 0.20651988636363636 0.31127884615384616 0.04167613636363637 0.040749999999999995
0 0.167734375 0.7153942307692308 0.035752840909090894 0.08848076923076921
0 0.08043323863636363 0.022759615384615385 0.03850852272727274 0.04551923076923077
0 0.13764204545454548 0.652298076923077 0.03082386363636364 0.04040384615384614
0 0.06333806818181818 0.08054807692307693 0.07105113636363636 0.02801923076923077
0 0.09334517045454546 0.1139326923076923 0.028963068181818173 0.03782692307692308
0 0.061328125 0.7112307692307693 0.03353693181818181 0.029384615384615443
0 0.5352769886363636 0.9693076923076922 0.026207386363636346 0.03361538461538454
0 0.8676988636363636 0.44829807692307694 0.05215909090909095 0.08171153846153847
0 0.6140838068181819 0.9858173076923077 0.030696022727272745 0.028365384615384615
0 0.17295454545454544 0.26551923076923073 0.04306818181818181 0.03196153846153847
0 0.21347301136363636 0.24483653846153847 0.07501420454545454 0.05078846153846156
0 0.17711647727272728 0.30219230769230765 0.07917613636363638 0.07523076923076918
0 0.25159801136363635 0.10216346153846154 0.058480113636363656 0.04248076923076924
0 0.7650710227272728 0.5643173076923077 0.03170454545454537 0.030096153846153804
0 0.6278835227272727 0.9744423076923077 0.025170454545454503 0.03642307692307681
0 0.6692684659090908 0.9781153846153846 0.07416193181818179 0.043769230769230755
0 0.8042542613636364 0.9052307692307693 0.06498579545454546 0.044884615384615335
0 0.16924715909090907 0.29341346153846154 0.03565340909090908 0.07021153846153849
0 0.783700284090909 0.908375 0.03183238636363632 0.047596153846153844
0 0.7950213068181817 0.5325192307692307 0.04151988636363623 0.05688461538461535
0 0.6577201704545454 0.987923076923077 0.07035511363636368 0.024153846153846158
0 0.4821732954545455 0.9690096153846154 0.04414772727272725 0.06198076923076926
0 0.9779119318181819 0.7889807692307692 0.018323863636363603 0.036846153846153896
0 0.8044531250000001 0.08915384615384615 0.028536931818181864 0.03926923076923077
0 0.45384232954545456 0.08729807692307691 0.024928977272727207 0.02778846153846153
0 0.44699573863636366 0.07405769230769231 0.03177556818181819 0.058230769230769225
0 0.4237855113636364 0.05651923076923077 0.07038352272727275 0.05492307692307693
0 0.7687073863636364 0.5302307692307693 0.027528409090909086 0.06799999999999992
0 0.43013494318181816 0.09425000000000001 0.0175994318181818 0.07742307692307693
0 0.47877130681818175 0.09622115384615385 0.03666193181818182 0.06551923076923076
0 0.7992826704545454 0.9465384615384617 0.02055397727272715 0.03592307692307694
0 0.8708238636363635 0.22005769230769232 0.06565340909090897 0.022884615384615368
0 0.584424715909091 0.8159230769230769 0.04242897727272728 0.07984615384615391
0 0.9495596590909091 0.2163557692307692 0.059431818181818065 0.09205769230769231
0 0.4439275568181818 0.21738461538461537 0.03328125000000001 0.038615384615384614
0 0.2052059659090909 0.1928269230769231 0.06526988636363637 0.06211538461538461
0 0.23921875 0.36490384615384613 0.05244318181818184 0.10765384615384618
0 0.7389346590909092 0.9438365384615384 0.015255681818181831 0.04848076923076919
0 0.7664488636363636 0.9465384615384616 0.04244318181818181 0.07184615384615388
0 0.7263281250000001 0.9921249999999999 0.06433238636363639 0.015749999999999997
0 0.9559801136363636 0.8431057692307692 0.017784090909090885 0.026326923076923074
0 0.17161931818181816 0.7863461538461538 0.047073863636363615 0.038615384615384586
0 0.7170383522727272 0.9833557692307693 0.051065340909090894 0.02155769230769238
0 0.14428977272727272 0.8259326923076923 0.032329545454545444 0.032826923076923066
0 0.7674502840909091 0.9748173076923077 0.03913352272727266 0.03501923076923073
0 0.40398437499999995 0.18746153846153846 0.04944602272727273 0.05600000000000001
0 0.729090909090909 0.2108076923076923 0.03471590909090909 0.1898846153846154
0 0.7538494318181819 0.8890769230769231 0.055710227272727314 0.06465384615384616
0 0.7548437500000001 0.8926634615384615 0.023210227272727316 0.026942307692307675
0 0.7767329545454544 0.9759615384615384 0.03647727272727266 0.04807692307692308
0 0.8513423295454546 0.9716730769230769 0.03049715909090913 0.04669230769230764
0 0.24300426136363634 0.2348173076923077 0.06720170454545454 0.032365384615384636
0 0.8633522727272727 0.4126634615384615 0.025113636363636293 0.07844230769230767
0 0.2901846590909091 0.23482692307692307 0.06590909090909092 0.1146153846153846
0 0.29502840909090905 0.278125 0.036846590909090905 0.14348076923076925
0 0.98640625 0.557048076923077 0.02718749999999998 0.026942307692307675
0 0.37712357954545456 0.13338461538461538 0.0327982954545455 0.059846153846153854
0 0.9802130681818181 0.6256923076923078 0.037045454545454604 0.050153846153846125
0 0.8520099431818182 0.940701923076923 0.03183238636363632 0.036826923076923146
0 0.30730823863636364 0.286 0.06009943181818182 0.06999999999999995
0 0.14119318181818183 0.8188461538461539 0.018551136363636367 0.026384615384615437
0 0.8748863636363637 0.9492307692307693 0.02852272727272733 0.09876923076923069
0 0.9670738636363635 0.8396923076923076 0.017897727272727305 0.05207692307692305
0 0.12930397727272727 0.811125 0.025198863636363648 0.031557692307692356
0 0.2032457386363636 0.8005 0.059900568181818166 0.09011538461538464
0 0.9929829545454545 0.7754423076923077 0.014034090909090902 0.05188461538461542
0 0.7096022727272726 0.0926923076923077 0.06704545454545453 0.10042307692307692
0 0.9579545454545456 0.9863846153846153 0.029687499999999967 0.02723076923076928
0 0.3566335227272727 0.6133076923076923 0.04511363636363635 0.057499999999999954
0 0.37753551136363633 0.6249807692307693 0.02322443181818177 0.09161538461538458
0 0.8459730113636365 0.4012403846153846 0.019303977272727316 0.07517307692307693
0 0.94265625 0.8254423076923078 0.032215909090909184 0.03607692307692306
0 0.7221235795454546 0.5224903846153846 0.034275568181818254 0.07190384615384612
0 0.7590482954545454 0.2262596153846154 0.053721590909090816 0.07017307692307694
0 0.19316761363636364 0.6622788461538461 0.0646590909090909 0.06951923076923072
0 0.9296022727272728 0.7818365384615383 0.06275568181818175 0.06767307692307692
0 0.22026988636363634 0.6709615384615384 0.10079545454545456 0.09076923076923074
0 0.9429261363636363 0.7480000000000001 0.0383238636363635 0.09923076923076916
0 0.3395170454545454 0.6254134615384616 0.03849431818181817 0.05075000000000008
0 0.3923366477272728 0.20032692307692307 0.02140624999999999 0.027692307692307704
0 0.977919034090909 0.7483749999999999 0.03387784090909094 0.06240384615384613
0 0.23747159090909092 0.9253846153846154 0.03994318181818182 0.04634615384615389
0 0.9781960227272729 0.7566442307692308 0.02000000000000006 0.026326923076923074
0 0.9807670454545455 0.7182980769230769 0.03846590909090915 0.07444230769230765
0 0.2540340909090909 0.6764423076923077 0.04849431818181816 0.027038461538461435
0 0.9888210227272727 0.6731826923076923 0.02235795454545456 0.02782692307692313
0 0.9849289772727272 0.6540192307692307 0.030142045454545494 0.058653846153846154
0 0.9476491477272727 0.8705480769230769 0.033309659090909154 0.0842115384615384
0 0.23462357954545457 0.8883653846153846 0.039928977272727255 0.049576923076923025
0 0.9554119318181816 0.5282211538461539 0.016874999999999994 0.020211538461538444
0 0.36261363636363636 0.10635576923076924 0.03803977272727277 0.03282692307692308
0 0.9713139204545456 0.4803365384615384 0.0266051136363635 0.04394230769230768
0 0.9858167613636364 0.5853365384615384 0.02836647727272731 0.03778846153846149
0 0.9677485795454545 0.5523846153846154 0.022059659090909053 0.03338461538461541
0 0.2763778409090909 0.7456346153846154 0.022812500000000003 0.11523076923076926
0 0.29159090909090907 0.7041153846153846 0.027585227272727296 0.06823076923076926
0 0.9622230113636363 0.5844615384615384 0.031803977272727255 0.04657692307692302
0 0.2804261363636364 0.6513365384615386 0.09556818181818182 0.08882692307692307
0 0.2590198863636364 0.6062788461538461 0.047073863636363615 0.06951923076923072
0 0.934375 0.6852403846153846 0.01852272727272738 0.04513461538461544
0 0.9518465909090907 0.5849038461538462 0.016221590909090852 0.02284615384615384
0 0.31887784090909094 0.13176923076923078 0.09985795454545453 0.06823076923076923
0 0.9242613636363637 0.5646826923076923 0.0402272727272728 0.026365384615384686
0 0.9278267045454546 0.5840192307692309 0.02531250000000007 0.03161538461538461
0 0.9443821022727273 0.5844615384615385 0.011690340909090935 0.041307692307692344
0 0.9447017045454544 0.5998269230769231 0.04088068181818194 0.028115384615384625
0 0.7588068181818183 0.5178173076923077 0.034772727272727295 0.07844230769230773
0 0.7276704545454545 0.012548076923076924 0.017585227272727346 0.025096153846153848
0 0.8593607954545455 0.6969326923076923 0.04153409090909092 0.043057692307692394
0 0.9205539772727271 0.6442980769230768 0.029943181818181876 0.06078846153846146
0 0.9897301136363637 0.468125 0.020539772727272778 0.0889038461538462
0 0.9538707386363636 0.3981826923076923 0.056008522727272816 0.056211538461538445
0 0.3176917613636364 0.0641826923076923 0.1164914772727273 0.05921153846153847
0 0.9851420454545454 0.2596057692307692 0.029715909090909032 0.03790384615384614
0 0.47168323863636363 0.03832692307692308 0.0312926136363636 0.054269230769230764
0 0.9816335227272727 0.2801923076923077 0.026562499999999902 0.034653846153846174
0 0.47632812500000005 0.082 0.034701704545454556 0.10719230769230771
0 0.5061434659090909 0.062144230769230764 0.05328124999999999 0.07278846153846154
0 0.9562855113636363 0.35112499999999996 0.04634943181818181 0.08236538461538465
0 0.4597088068181818 0.014865384615384615 0.029815340909090923 0.02973076923076923
0 0.48927556818181817 0.01353846153846154 0.0293181818181818 0.02707692307692308
0 0.5071164772727272 0.03865384615384616 0.023948863636363657 0.0655
0 0.9647372159090909 0.2801923076923077 0.02461647727272733 0.017653846153846114
0 0.03608664772727273 0.18440384615384617 0.06728693181818182 0.0679230769230769
0 0.5745170454545455 0.519625 0.026022727272727263 0.03294230769230768
0 0.6196377840909091 0.3134903846153846 0.0709801136363636 0.08648076923076922
0 0.9703977272727274 0.039586538461538465 0.05801136363636368 0.05213461538461538
0 0.9599076704545456 0.2985 0.03137784090909095 0.02288461538461534
0 0.5326136363636365 0.3562692307692307 0.09903409090909086 0.05307692307692306
0 0.6177769886363637 0.3425480769230769 0.028053977272727272 0.03844230769230771
0 0.6743252840909091 0.33552884615384615 0.0477982954545455 0.08236538461538459
0 0.5986860795454546 0.3640576923076923 0.017571022727272734 0.01830769230769227
0 0.5890553977272727 0.38029807692307693 0.02873579545454548 0.04071153846153849
0 0.5716477272727273 0.3301826923076923 0.07434659090909096 0.05582692307692308
0 0.038430397727272726 0.07480769230769231 0.07686079545454545 0.027692307692307697
0 0.5608309659090909 0.3427788461538462 0.03109374999999998 0.027903846153846137
0 0.5490056818181818 0.3720576923076923 0.02568181818181824 0.03157692307692311
0 0.5189204545454545 0.3919615384615385 0.045284090909090906 0.0494230769230769
0 0.952421875 0.321375 0.03475852272727276 0.03201923076923078
0 0.6125355113636364 0.7890673076923077 0.04828125000000001 0.03174999999999998
0 0.7161363636363637 0.4477884615384616 0.03142045454545455 0.0384230769230769
0 0.06542613636363637 0.9818173076923076 0.031846590909090915 0.03636538461538466
0 0.8807741477272728 0.6556346153846154 0.02725852272727264 0.04657692307692313
0 0.9196022727272727 0.27589423076923075 0.025198863636363648 0.03090384615384614
0 0.20110795454545458 0.8304423076923078 0.047073863636363636 0.08046153846153842
0 0.52921875 0.5539134615384614 0.0777840909090909 0.04324999999999991
0 0.8975000000000001 0.2884519230769231 0.023778409090909104 0.048288461538461565
0 0.9133167613636363 0.1602403846153846 0.05021306818181821 0.05490384615384615
0 0.8768110795454546 0.24596153846153848 0.03757102272727279 0.028961538461538466
0 0.9047869318181818 0.6182884615384615 0.037642045454545456 0.0351538461538461
0 0.8725355113636364 0.26204807692307697 0.03470170454545463 0.032826923076923094
0 0.8390127840909091 0.31162500000000004 0.015213068181818234 0.04828846153846151
0 0.9731605113636363 0.65475 0.05367897727272722 0.10984615384615375
0 0.949893465909091 0.6314711538461538 0.03049715909090913 0.07205769230769236
0 0.8220525568181819 0.11709615384615385 0.05117897727272724 0.026153846153846142
0 0.9310156249999999 0.24596153846153848 0.09367897727272717 0.04053846153846154
0 0.30394886363636364 0.7468846153846154 0.02355113636363638 0.0422307692307693
0 0.9877698863636364 0.3744615384615385 0.02446022727272731 0.04657692307692307
0 0.9904616477272726 0.41444230769230767 0.018167613636363586 0.03338461538461535
0 0.9955539772727273 0.37973076923076926 0.008892045454545442 0.03953846153846154
0 0.9576846590909092 0.45705769230769233 0.030511363636363663 0.03426923076923081
0 0.9700142045454545 0.42277884615384614 0.02142045454545444 0.03778846153846149
0 0.8131250000000001 0.14553846153846156 0.04298295454545469 0.04642307692307692
0 0.8825142045454545 0.3228942307692308 0.02329545454545451 0.05021153846153849
0 0.8692045454545455 0.27525961538461535 0.02139204545454554 0.02575000000000003
0 0.9430539772727272 0.029278846153846152 0.030909090909090896 0.04698076923076923
0 0.864453125 0.2974615384615385 0.02140625000000007 0.03153846153846155
0 0.3177201704545455 0.7286923076923076 0.04578124999999999 0.08669230769230767
0 0.9502201704545455 0.4443076923076923 0.022059659090909053 0.04569230769230768
0 0.12669744318181816 0.7792596153846154 0.0313778409090909 0.04121153846153847
0 0.9291264204545455 0.4812115384615385 0.02401988636363632 0.028115384615384677
0 0.9193892045454546 0.4460673076923077 0.042187500000000065 0.06325000000000003
0 0.8953835227272727 0.474625 0.030511363636363663 0.02548076923076923
0 0.8762002840909091 0.10979807692307691 0.0308664772727273 0.032403846153846144
0 0.8489985795454544 0.26559615384615387 0.02376420454545441 0.02188461538461543
0 0.8287926136363637 0.30422115384615384 0.05562499999999995 0.09140384615384615
0 0.5338991477272728 0.8957692307692308 0.013792613636363688 0.049961538461538495
0 0.9338636363636365 0.2903846153846154 0.025198863636363488 0.03669230769230766
0 0.24444602272727273 0.5475384615384616 0.06988636363636362 0.10942307692307698
0 0.9020383522727274 0.11919230769230768 0.025838068181818098 0.028999999999999998
0 0.885340909090909 0.1191923076923077 0.05292613636363635 0.07165384615384615
0 0.923643465909091 0.37630769230769234 0.03708806818181804 0.10042307692307692
0 0.8982102272727271 0.3582980769230769 0.056590909090909136 0.1673653846153846
0 0.9253480113636363 0.138375 0.04220170454545444 0.050326923076923095
0 0.8645454545454545 0.10126923076923078 0.05795454545454539 0.07507692307692308
0 0.9806036931818182 0.5327307692307692 0.038792613636363556 0.038615384615384586
0 0.11634943181818182 0.39210576923076923 0.0334090909090909 0.07271153846153847
0 0.8604545454545455 0.0923173076923077 0.03213068181818182 0.023019230769230768
0 0.11705965909090908 0.597375 0.021704545454545456 0.041403846153846104
0 0.3260511363636364 0.4605192307692308 0.04292613636363636 0.06226923076923076
0 0.34379261363636365 0.7013269230769231 0.04778409090909093 0.04492307692307695
0 0.849424715909091 0.07141346153846155 0.06299715909090896 0.03582692307692308
0 0.8782386363636363 0.3225576923076923 0.056590909090909136 0.03153846153846155
0 0.8491051136363637 0.04924038461538462 0.05230113636363627 0.030711538461538467
0 0.9253053977272727 0.3235288461538462 0.022343750000000027 0.036057692307692304
0 0.391640625 0.10042307692307692 0.012571022727272679 0.01976923076923077
0 0.9281818181818182 0.10468269230769231 0.031505681818181745 0.06140384615384617
0 0.9162144886363636 0.07440384615384615 0.018906249999999923 0.03157692307692307
0 0.7477272727272729 0.5079423076923076 0.02471590909090906 0.05857692307692309
0 0.8511434659090908 0.3753461538461539 0.04231534090909102 0.07146153846153845
0 0.8347372159090909 0.3447692307692308 0.040894886363636314 0.03346153846153842
0 0.5137215909090909 0.9583269230769231 0.02241477272727277 0.0368846153846154
0 0.9316477272727273 0.08079807692307693 0.028352272727272778 0.06140384615384615
0 0.1086221590909091 0.7834423076923077 0.026619318181818195 0.028961538461538466
0 0.9077059659090909 0.049240384615384616 0.047258522727272705 0.03582692307692308
0 0.9398366477272727 0.05265384615384615 0.0308664772727273 0.044346153846153834
0 0.8235582386363638 0.3978846153846154 0.029957386363636408 0.04184615384615383
0 0.8836150568181819 0.1919423076923077 0.0410369318181818 0.03726923076923076
0 0.818096590909091 0.3776057692307693 0.04849431818181816 0.03732692307692307
0 0.8367826704545455 0.18410576923076924 0.057457386363636426 0.04378846153846156
0 0.959375 0.11832692307692308 0.04221590909090913 0.052884615384615384
0 0.976377840909091 0.09786538461538462 0.04724431818181817 0.07676923076923076
0 0.26021306818181816 0.5905 0.04375000000000002 0.0946153846153847
0 0.8275994318181819 0.2369519230769231 0.038039772727272686 0.05601923076923076
0 0.8033522727272726 0.29552884615384617 0.06465909090909104 0.07401923076923073
0 0.7137286931818182 0.2781442307692307 0.08987215909090915 0.09205769230769228
0 0.9931036931818181 0.15617307692307694 0.013792613636363688 0.039115384615384594
0 0.7733948863636364 0.3241730769230769 0.056107954545454544 0.05792307692307693
0 0.7952698863636362 0.3685865384615385 0.03994318181818182 0.03863461538461539
0 0.9870738636363636 0.31974038461538457 0.025852272727272793 0.08498076923076928
0 0.9466264204545454 0.27005769230769233 0.031860795454545385 0.027461538461538464
0 0.7277556818181817 0.35377884615384614 0.09508522727272718 0.08882692307692307
0 0.6863920454545455 0.30164423076923075 0.04184659090909088 0.03474999999999999
0 0.7925710227272728 0.24685576923076924 0.038039772727272686 0.032826923076923094
0 0.9960369318181819 0.1830576923076923 0.007926136363636422 0.034230769230769224
0 0.7860014204545455 0.4059230769230769 0.0327982954545455 0.034769230769230795
0 0.7346519886363635 0.4995865384615384 0.0327982954545455 0.04828846153846151
0 0.7705468749999999 0.4258846153846154 0.03612215909090902 0.048923076923076916
0 0.985752840909091 0.18702884615384616 0.016250000000000077 0.02505769230769231
0 0.9902769886363636 0.21148076923076922 0.018963068181818213 0.02750000000000002
0 0.9821661931818181 0.2150096153846154 0.03566761363636366 0.044057692307692325
0 0.9594957386363636 0.1650096153846154 0.04132102272727261 0.058326923076923075
0 0.9009019886363635 0.5882403846153846 0.026463068181818174 0.025596153846153852
0 0.9147585227272728 0.554548076923077 0.01764204545454556 0.019634615384615455
0 0.7455894886363637 0.43617307692307694 0.03660511363636361 0.054076923076923085
0 0.10720170454545454 0.811125 0.026619318181818195 0.027673076923077005
0 0.11789772727272728 0.839125 0.02235795454545456 0.03990384615384615
0 0.6698934659090909 0.17122115384615383 0.11600852272727283 0.06309615384615386
0 0.6366122159090909 0.11231730769230769 0.12552556818181818 0.09205769230769231
0 0.734559659090909 0.06469230769230769 0.02568181818181816 0.08303846153846152
0 0.16448863636363636 0.8249615384615385 0.032812499999999994 0.038615384615384586
0 0.989950284090909 0.10427884615384614 0.020099431818181787 0.030903846153846153
0 0.6977130681818182 0.02446153846153846 0.04897727272727275 0.04892307692307692
0 0.7512073863636364 0.026384615384615385 0.032329545454545444 0.05276923076923077
0 0.6972372159090909 0.17379807692307692 0.058480113636363656 0.1351730769230769
0 0.35723011363636364 0.5636057692307693 0.14616477272727274 0.09963461538461539
0 0.6722727272727272 0.07273076923076924 0.06846590909090908 0.0798076923076923
0 0.6699005681818182 0.01351923076923077 0.030426136363636388 0.02703846153846154
0 0.738203125 0.7266923076923076 0.015213068181818072 0.04634615384615389
0 0.7802059659090911 0.036048076923076926 0.0370880681818182 0.07209615384615385
0 0.6423224431818182 0.027028846153846153 0.0370880681818182 0.05405769230769231
0 0.42685369318181815 0.04755769230769231 0.038394886363636326 0.06223076923076923
0 0.2030042613636364 0.8465288461538463 0.10984375000000002 0.02509615384615387
0 0.08580255681818182 0.7725 0.03518465909090909 0.06630769230769235
0 0.5737855113636363 0.06307692307692307 0.10569602272727269 0.12615384615384614
0 0.9619673295454544 0.7783846153846153 0.02964488636363637 0.04842307692307694
0 0.40237215909090907 0.4948846153846154 0.027244318181818192 0.0470384615384615
0 0.5314133522727272 0.05390384615384615 0.03365056818181818 0.07765384615384614
0 0.21063920454545457 0.17128846153846153 0.0524431818181818 0.046769230769230785
0 0.3949147727272727 0.03658653846153846 0.03744318181818184 0.04940384615384616
0 0.12954545454545455 0.8732403846153847 0.03994318181818182 0.06951923076923083
0 0.9045383522727272 0.018346153846153845 0.03660511363636361 0.03669230769230769
0 0.3487002840909091 0.025990384615384613 0.0635085227272727 0.03594230769230769
0 0.07344460227272727 0.8603653846153846 0.04279829545454545 0.10557692307692303
0 0.36007102272727276 0.009471153846153846 0.04454545454545456 0.018942307692307692
0 0.381875 0.0693076923076923 0.03696022727272729 0.05326923076923077
0 0.5546661931818182 0.1139903846153846 0.0716619318181818 0.12967307692307692
0 0.994190340909091 0.981826923076923 0.011619318181818111 0.03592307692307694
0 0.9468536931818182 0.18795192307692307 0.08987215909090907 0.10428846153846152
0 0.8306321022727272 0.9474230769230768 0.014303977272727182 0.03873076923076931
0 0.8912713068181819 0.8902307692307693 0.02521306818181818 0.050730769230769225
0 0.933018465909091 0.9666153846153845 0.022627840909090837 0.06676923076923082
0 0.0765340909090909 0.8481442307692307 0.017585227272727277 0.023173076923076946
0 0.9829048295454544 0.9863846153846153 0.019701704545454553 0.02723076923076928
0 0.7645880681818181 0.6871057692307693 0.019488636363636402 0.0675961538461538
0 0.747471590909091 0.670375 0.02900568181818176 0.03413461538461538
0 0.015561079545454546 0.7692884615384615 0.031122159090909093 0.06373076923076931
0 0.7446235795454544 0.7321634615384616 0.028991477272727228 0.10363461538461546
0 0.7817400568181818 0.11971153846153847 0.033309659090909154 0.032692307692307694
0 0.5316122159090909 0.5596634615384615 0.05848011363636358 0.02509615384615387
0 0.5834446022727273 0.5525769230769232 0.022343750000000027 0.0392692307692308
0 0.7431960227272728 0.657826923076923 0.02900568181818176 0.037346153846153765
0 0.7177556818181818 0.6449519230769231 0.019971590909090994 0.03090384615384625
0 0.7163352272727272 0.677451923076923 0.02852272727272733 0.032826923076923066
0 0.7032528409090909 0.6546057692307692 0.02900568181818184 0.03090384615384614
0 0.660703125 0.7373173076923076 0.06276988636363635 0.11778846153846154
0 0.038970170454545455 0.8442788461538461 0.03279829545454545 0.06951923076923083
0 0.8182244318181818 0.8339326923076923 0.03281250000000003 0.03863461538461534
0 0.6545241477272726 0.6993461538461538 0.03708806818181812 0.03411538461538453
0 0.15100852272727272 0.01641346153846154 0.020795454545454548 0.03190384615384615
0 0.6445383522727273 0.7331442307692307 0.0199573863636363 0.0746730769230769
0 0.6319389204545455 0.7344230769230768 0.014730113636363644 0.07338461538461544
0 0.6290838068181818 0.68775 0.030894886363636364 0.031538461538461494
0 0.6257599431818182 0.6558942307692308 0.02995738636363633 0.05921153846153839
0 0.6155397727272728 0.5689903846153846 0.03232954545454552 0.05921153846153839
0 0.6200497159090909 0.7315192307692308 0.02140624999999999 0.05600000000000001
0 0.6015056818181819 0.742153846153846 0.027102272727272704 0.027038461538461542
0 0.5953267045454546 0.7553461538461538 0.035653409090909124 0.03411538461538453
0 0.5527698863636363 0.5728557692307692 0.03803977272727277 0.02832692307692311
0 0.690419034090909 0.597 0.03757102272727271 0.08046153846153853
0 0.30901988636363636 0.5324711538461538 0.034744318181818196 0.08717307692307695
0 0.22430397727272727 0.07560576923076923 0.06127840909090907 0.05675
0 0.9186363636363637 0.7196250000000001 0.025198863636363648 0.06436538461538456
0 0.8316335227272728 0.7247692307692307 0.04326704545454551 0.05019230769230774
0 0.7767187499999999 0.6446250000000001 0.016164772727272722 0.028980769230769216
0 0.649765625 0.6752019230769231 0.019019886363636343 0.03217307692307696
0 0.8996235795454546 0.7131826923076924 0.0327982954545455 0.027019230769230792
0 0.017464488636363636 0.833326923076923 0.03492897727272727 0.06823076923076926
0 0.07046875 0.4902980769230769 0.054971590909090894 0.07786538461538457
0 0.7688707386363636 0.7302307692307692 0.05183238636363638 0.05857692307692304
0 0.09150568181818182 0.5967115384615385 0.05505681818181818 0.0488076923076923
0 0.2039275568181818 0.37634615384615383 0.0716619318181818 0.08480769230769229
0 0.7754616477272727 0.10010576923076925 0.0642187499999999 0.11767307692307694
0 0.820838068181818 0.7698846153846155 0.07511363636363635 0.04699999999999999
0 0.7887428977272727 0.7795384615384615 0.04802556818181811 0.05857692307692304
0 0.8082386363636364 0.9707211538461538 0.027102272727272624 0.043134615384615396
0 0.0835653409090909 0.9887499999999999 0.035767045454545454 0.022153846153846118
0 0.0939559659090909 0.9729615384615383 0.030894886363636354 0.03411538461538453
0 0.08111505681818182 0.9420673076923077 0.026150568181818188 0.04571153846153843
0 0.8881178977272726 0.8284615384615385 0.04705965909090908 0.1100769230769231
0 0.8167968750000001 0.9826250000000001 0.038508522727272745 0.03474999999999999
0 0.8950142045454544 0.785653846153846 0.03613636363636355 0.07723076923076928
0 0.7131463068181819 0.9755480769230769 0.04515625000000003 0.025750000000000082
0 0.2439772727272727 0.06425961538461539 0.12252840909090908 0.03405769230769232
0 0.8472230113636363 0.9115000000000001 0.03660511363636377 0.04053846153846151
0 0.8491264204545456 0.8693365384615385 0.03566761363636366 0.04763461538461535
0 0.8614914772727272 0.8818846153846155 0.03755681818181826 0.0392692307692308
0 0.759502840909091 0.8548461538461538 0.04468749999999989 0.05857692307692304
0 0.7811363636363637 0.830076923076923 0.04991477272727271 0.04634615384615389
0 0.7623579545454546 0.8078653846153847 0.03613636363636355 0.04442307692307686
0 0.10583806818181817 0.9340288461538462 0.047073863636363636 0.08109615384615376
0 0.7228977272727273 0.8458461538461539 0.03423295454545458 0.028961538461538466
0 0.7352556818181818 0.8229903846153845 0.04088068181818178 0.02832692307692311
0 0.7081534090909091 0.9211538461538461 0.02471590909090914 0.08303846153846144
0 0.24042613636363636 0.13978846153846153 0.05224431818181818 0.07684615384615384
0 0.7366832386363636 0.8007788461538461 0.06467329545454542 0.08432692307692301
0 0.5669460227272727 0.7631346153846155 0.032329545454545444 0.024461538461538406
0 0.118203125 0.9555961538461538 0.04041193181818182 0.041846153846153936
0 0.567890625 0.739951923076923 0.0370880681818182 0.025750000000000082
0 0.5277201704545454 0.9893846153846154 0.013792613636363608 0.021230769230769272
0 0.5101278409090909 0.9855192307692309 0.027102272727272784 0.028961538461538466
0 0.7221803977272727 0.952375 0.0327982954545455 0.04763461538461535
0 0.7255042613636363 0.914076923076923 0.018536931818181755 0.05600000000000001
0 0.47850852272727273 0.9629903846153846 0.018068181818181858 0.043134615384615396
0 0.45283380681818175 0.9237307692307692 0.04089488636363639 0.0714615384615385
0 0.274609375 0.11925961538461538 0.07546874999999999 0.09517307692307693
0 0.46471590909090904 0.9340288461538462 0.01997159090909091 0.027673076923076897
0 0.5310440340909092 0.8233173076923077 0.04992897727272732 0.05213461538461541
0 0.5396022727272727 0.8490576923076922 0.029943181818181876 0.027692307692307648
0 0.5020383522727273 0.8519615384615384 0.031860795454545385 0.05665384615384612
0 0.6018892045454546 0.954951923076923 0.03471590909090909 0.03863461538461545
0 0.45520596590909096 0.9729711538461538 0.025667613636363627 0.054057692307692334
0 0.12200284090909091 0.9398173076923076 0.04136363636363637 0.06951923076923072
0 0.6995951704545454 0.8693365384615385 0.0361221590909091 0.03990384615384615
0 0.6791477272727273 0.8751346153846153 0.05420454545454541 0.08753846153846151
0 0.68984375 0.8435865384615385 0.0470738636363637 0.054057692307692334
0 0.20173295454545456 0.01706730769230769 0.048380681818181843 0.03413461538461538
0 0.7233735795454546 0.7969230769230768 0.031377840909090876 0.043115384615384646
0 0.6862855113636364 0.8268557692307693 0.051349431818181863 0.047634615384615456
0 0.05735795454545454 0.4172980769230769 0.0490625 0.10363461538461535
0 0.6598934659090909 0.8326442307692308 0.024247159090909163 0.06436538461538456
0 0.028551136363636365 0.9401346153846154 0.05710227272727273 0.03926923076923069
0 0.645390625 0.7949903846153846 0.02376420454545457 0.06886538461538462
0 0.6408735795454545 0.8268461538461538 0.038508522727272745 0.03219230769230771
0 0.647059659090909 0.8764134615384616 0.027102272727272704 0.07725000000000003
0 0.16407670454545453 0.9822788461538461 0.021363636363636373 0.035442307692307704
0 0.6530042613636364 0.8867211538461539 0.031377840909090876 0.037326923076923126
0 0.11433948863636365 0.02583653846153846 0.024502840909090908 0.030557692307692307
0 0.5541051136363637 0.8863942307692307 0.027585227272727296 0.048288461538461565
0 0.13448863636363637 0.9818076923076923 0.05951704545454544 0.03638461538461542
0 0.05238636363636363 0.9240288461538462 0.05426136363636363 0.04409615384615386
0 0.20931107954545453 0.7106634615384615 0.06470170454545454 0.05440384615384619
0 0.5812002840909091 0.906673076923077 0.04754261363636359 0.07338461538461544
0 0.617578125 0.8564615384615385 0.04231534090909094 0.042500000000000045
0 0.6073579545454546 0.9301634615384615 0.06846590909090908 0.05471153846153855
0 0.6130610795454546 0.8844615384615384 0.05419034090909096 0.028961538461538466
0 0.3929190340909091 0.8596826923076922 0.024730113636363592 0.05663461538461536
0 0.4338139204545454 0.91375 0.03708806818181812 0.08626923076923068
0 0.09821732954545456 0.022307692307692306 0.030951704545454553 0.04461538461538461
0 0.9601704545454546 0.16092307692307695 0.030909090909090896 0.0811153846153846
0 0.254140625 0.7475961538461539 0.03595170454545455 0.06642307692307685
0 0.45639914772727264 0.8815673076923077 0.034701704545454556 0.05021153846153849
0 0.4202627840909091 0.8976634615384614 0.018536931818181834 0.03474999999999999
0 0.4067116477272728 0.9263076923076923 0.01711647727272729 0.07403846153846154
0 0.3988707386363636 0.9311346153846154 0.02424715909090908 0.11715384615384608
0 0.34531249999999997 0.4969615384615385 0.04394886363636363 0.07334615384615388
0 0.381981534090909 0.906673076923077 0.022826704545454535 0.05792307692307682
0 0.6281676136363636 0.9235384615384615 0.033039772727272716 0.047038461538461605
0 0.5121661931818182 0.8379807692307693 0.03134943181818189 0.07426923076923078
0 0.09788352272727273 0.054086538461538464 0.030965909090909096 0.0270576923076923
0 0.41217329545454545 0.8626538461538462 0.017386363636363648 0.05811538461538456
0 0.8449928977272727 0.4736826923076923 0.02848011363636357 0.0699423076923077
0 0.36669034090909086 0.9067019230769231 0.01840909090909092 0.04567307692307692
0 0.3781036931818182 0.9447596153846154 0.02759943181818175 0.03044230769230766
0 0.4828622159090909 0.7976153846153846 0.03475852272727276 0.055346153846153795
0 0.6384517045454546 0.23389423076923077 0.08130681818181812 0.12167307692307691
0 0.034808238636363634 0.44221153846153843 0.06961647727272727 0.15230769230769234
0 0.4672798295454546 0.1637307692307692 0.07845170454545448 0.06373076923076923
0 0.4382741477272727 0.16341346153846154 0.04231534090909094 0.04248076923076921
0 0.512684659090909 0.2400096153846154 0.06846590909090908 0.061788461538461556
0 0.8984659090909091 0.9883557692307691 0.03965909090909101 0.023288461538461563
0 0.4722727272727273 0.2805576923076923 0.01997159090909091 0.027038461538461487
0 0.4451704545454545 0.28152884615384616 0.03994318181818182 0.032826923076923066
0 0.4651420454545454 0.3017980769230769 0.03994318181818182 0.04248076923076924
0 0.47464488636363633 0.3446153846153846 0.018068181818181775 0.07788461538461539
0 0.46229403409090913 0.3668173076923077 0.031377840909090876 0.0901346153846154
0 0.4397017045454545 0.3114615384615384 0.03755681818181818 0.03861538461538464
0 0.3902556818181818 0.2335673076923077 0.11838068181818186 0.07982692307692309
0 0.38624289772727266 0.2529711538461539 0.08938920454545456 0.06951923076923078
0 0.3988423295454545 0.29609615384615384 0.04992897727272732 0.0708076923076923
0 0.4164275568181818 0.32826923076923076 0.06419034090909091 0.06565384615384619
0 0.25417613636363634 0.4985769230769231 0.05042613636363636 0.06919230769230768
0 0.13819602272727272 0.15930769230769232 0.019999999999999997 0.03842307692307693
0 0.5169957386363637 0.3063942307692307 0.031377840909090876 0.07724999999999997
0 0.5374431818181818 0.27484615384615385 0.038039772727272686 0.051500000000000004
0 0.5429048295454546 0.2883653846153846 0.02995738636363633 0.0360384615384615
0 0.5146164772727273 0.3250673076923077 0.06372159090909092 0.04763461538461535
0 0.6208806818181819 0.2687307692307693 0.07369318181818181 0.06373076923076923
0 0.5700071022727272 0.30575 0.02708806818181817 0.0592307692307692
0 0.5167542613636363 0.42901923076923076 0.03186079545454546 0.028961538461538466
0 0.1275284090909091 0.3152019230769231 0.08264204545454547 0.05913461538461538
0 0.45470170454545455 0.38975000000000004 0.052301136363636355 0.039269230769230744
0 0.5505113636363637 0.5046538461538462 0.052784090909090864 0.0592307692307692
0 0.2915411931818182 0.03338461538461538 0.09271306818181815 0.06676923076923076
0 0.6073295454545454 0.6311442307692308 0.018068181818181858 0.09205769230769231
0 0.8842968750000001 0.0626826923076923 0.06333806818181822 0.08763461538461538
0 0.9604261363636364 0.9135192307692307 0.0429261363636364 0.09546153846153854
0 0.21754261363636365 0.2892403846153846 0.08085227272727274 0.055134615384615414
0 0.5681036931818182 0.6237403846153846 0.02044034090909089 0.06951923076923083
0 0.49774147727272733 0.38395192307692305 0.04136363636363637 0.17444230769230765
0 0.12675426136363635 0.4735673076923077 0.025383522727272734 0.06313461538461541
0 0.48823153409090914 0.3984423076923077 0.026150568181818216 0.03992307692307691
0 0.48418323863636364 0.3836346153846154 0.07703125000000002 0.054076923076923085
0 0.44091619318181813 0.42322115384615383 0.031377840909090876 0.04828846153846151
0 0.034921875 0.6584326923076923 0.06103693181818182 0.04401923076923074
0 0.45328125 0.45090384615384616 0.04946022727272726 0.0637307692307692
0 0.4977414772727272 0.5313653846153846 0.08130681818181812 0.06757692307692305
0 0.5981178977272728 0.6804807692307693 0.0327982954545455 0.022538461538461483
0 0.5791051136363637 0.6688942307692308 0.02139204545454546 0.04698076923076924
0 0.5985937499999999 0.7020480769230769 0.03755681818181818 0.023173076923076835
0 0.5945525568181819 0.7184615384615385 0.028536931818181864 0.021230769230769272
0 0.5781534090909091 0.6930384615384615 0.01568181818181821 0.04119230769230761
0 0.5550852272727272 0.6698557692307692 0.03232954545454552 0.06436538461538467
0 0.1158380681818182 0.4296153846153846 0.012982954545454546 0.04396153846153849
0 0.5538991477272727 0.7149134615384616 0.038508522727272745 0.023173076923076835
0 0.15656960227272726 0.19597115384615385 0.020639204545454547 0.05763461538461538
0 0.540830965909091 0.6923942307692307 0.047542613636363674 0.03863461538461534
0 0.6670596590909091 0.6219134615384615 0.03471590909090909 0.1062115384615385
0 0.6634943181818183 0.6508653846153847 0.016164772727272722 0.08303846153846155
0 0.6642116477272727 0.6251250000000002 0.05467329545454547 0.14098076923076924
0 0.7775923295454544 0.17700961538461535 0.04896306818181806 0.10555769230769231
0 0.5023153409090909 0.7799326923076924 0.03897727272727272 0.04763461538461535
0 0.5346448863636364 0.7464615384615384 0.02852272727272725 0.042499999999999934
0 0.5168110795454546 0.7306923076923078 0.02995738636363633 0.049576923076923136
0 0.7098508522727273 0.7091346153846154 0.03376420454545452 0.07338461538461533
0 0.5113494318181818 0.6109615384615386 0.04278409090909092 0.054730769230769194
0 0.10982244318181818 0.07024038461538462 0.022571022727272728 0.024442307692307694
0 0.5035085227272728 0.6322019230769231 0.027102272727272704 0.04571153846153843
0 0.5191903409090909 0.6225576923076923 0.027102272727272704 0.06115384615384618
0 0.5272798295454545 0.7940961538461538 0.028053977272727272 0.054076923076923085
0 0.46864346590909095 0.49556730769230767 0.02521306818181818 0.06467307692307692
0 0.09514204545454547 0.41602884615384617 0.03298295454545455 0.1318653846153846
0 0.44573153409090904 0.8513846153846154 0.05705965909090911 0.060499999999999964
0 0.08436079545454546 0.4352596153846154 0.029176136363636362 0.05325
0 0.20087357954545457 0.5449038461538462 0.024531250000000015 0.05153846153846156
0 0.48955255681818177 0.4600769230769231 0.03251420454545453 0.053000000000000005
0 0.5074644886363636 0.49601923076923077 0.059048295454545444 0.06738461538461538
0 0.14174715909090907 0.22042307692307694 0.034829545454545446 0.03842307692307693
0 0.482578125 0.5449807692307692 0.029190340909090926 0.0952307692307692
0 0.2997230113636364 0.9256057692307692 0.016349431818181805 0.04936538461538453
0 0.28558948863636363 0.9371442307692308 0.023508522727272742 0.023519230769230803
0 0.10634943181818182 0.5079711538461538 0.0359375 0.052096153846153855
0 0.38029829545454547 0.976798076923077 0.045312500000000006 0.03921153846153844
0 0.3597159090909091 0.9364326923076924 0.021903409090909074 0.05659615384615386
0 0.25586647727272727 0.9545192307692308 0.03582386363636363 0.09096153846153848
0 0.20974431818181818 0.9729326923076923 0.0763068181818182 0.054134615384615344
0 0.28730113636363636 0.8392307692307692 0.053750000000000006 0.08084615384615389
0 0.8719460227272726 0.013201923076923078 0.0414204545454545 0.026403846153846156
0 0.09691761363636363 0.09425 0.0496590909090909 0.034038461538461545
0 0.016484375 0.5769711538461538 0.03296875 0.05840384615384616
0 0.28895596590909095 0.8001442307692308 0.05839488636363634 0.04582692307692304
0 0.2727059659090909 0.8306923076923077 0.04180397727272724 0.053000000000000005
0 0.2736931818181818 0.8616826923076923 0.08360795454545457 0.028749999999999977
0 0.28365767045454543 0.1722403846153846 0.04563920454545454 0.07659615384615384
0 0.2511292613636364 0.8792019230769231 0.05839488636363634 0.05478846153846156
0 0.29658380681818186 0.7790384615384616 0.04578124999999999 0.048499999999999946
0 0.08985795454545455 0.5626538461538462 0.03002840909090909 0.03434615384615387
0 0.7088068181818182 0.6282692307692308 0.01997159090909083 0.03088461538461539
0 0.47796875 0.5967307692307692 0.03852272727272728 0.05665384615384612
0 0.13626420454545454 0.25098076923076923 0.03289772727272729 0.07334615384615388
0 0.4420738636363637 0.7599038461538461 0.039943181818181746 0.04184615384615383
0 0.19669744318181817 0.4570961538461538 0.03384943181818179 0.05838461538461541
0 0.4546732954545455 0.7991730769230769 0.06894886363636367 0.07530769230769224
0 0.04925426136363636 0.5721057692307693 0.05032670454545454 0.07728846153846153
0 0.4893821022727272 0.6594807692307693 0.018536931818181834 0.031538461538461494
0 0.5174360795454546 0.6845961538461539 0.04802556818181818 0.06630769230769235
0 0.4896235795454546 0.683625 0.03328125000000001 0.04505769230769232
0 0.4810582386363636 0.7679519230769231 0.03518465909090915 0.05021153846153849
0 0.24205255681818183 0.12010576923076922 0.05373579545454543 0.05471153846153848
0 0.06200994318181818 0.33684615384615385 0.07021306818181819 0.08015384615384617
0 0.05151278409090909 0.6364230769230769 0.07166193181818183 0.04850000000000005
0 0.0911221590909091 0.532028846153846 0.04102272727272727 0.04409615384615386
0 0.4537215909090909 0.7132403846153846 0.04136363636363637 0.09655769230769237
0 0.4461150568181818 0.7206442307692308 0.0679971590909091 0.28386538461538463
0 0.4561008522727273 0.6755769230769231 0.05373579545454543 0.05600000000000001
0 0.8986008522727272 0.9451153846153847 0.02964488636363637 0.06365384615384609
0 0.9285795454545455 0.9206730769230769 0.03235795454545451 0.05165384615384618
0 0.47321732954545453 0.6421057692307692 0.03376420454545452 0.054711538461538436
0 0.2149431818181818 0.4382307692307692 0.024545454545454547 0.03592307692307694
0 0.4432670454545455 0.6215096153846154 0.04326704545454551 0.10236538461538465
0 0.4235298295454545 0.6730096153846153 0.022826704545454535 0.03798076923076923
0 0.13303267045454545 0.19466346153846154 0.029019886363636373 0.03928846153846152
0 0.4054616477272727 0.6221538461538462 0.02947443181818182 0.06757692307692305
0 0.3980965909090909 0.6816923076923077 0.04136363636363637 0.048923076923076916
0 0.9077911931818182 0.9501923076923078 0.0214630681818182 0.04980769230769237
0 0.1530681818181818 0.4440769230769231 0.02289772727272726 0.037730769230769186
0 0.15870738636363635 0.4337403846153846 0.046107954545454535 0.10240384615384615
0 0.16915482954545455 0.428798076923077 0.0285369318181818 0.052096153846153855
0 0.15202414772727274 0.36475 0.04899147727272726 0.0783076923076923
0 0.1694957386363636 0.4975192307692308 0.03782670454545452 0.06376923076923081
0 0.20764204545454545 0.47214423076923073 0.053749999999999985 0.060634615384615335
0 0.9074502840909091 0.887 0.019417613636363577 0.058115384615384666
0 0.20477272727272727 0.5912884615384616 0.05724431818181818 0.06642307692307696
0 0.1198153409090909 0.182875 0.032244318181818186 0.04190384615384614
0 0.47669034090909096 0.2008846153846154 0.08653409090909094 0.04250000000000002
0 0.4304332386363636 0.4880865384615385 0.08393465909090905 0.15809615384615391
0 0.42512784090909084 0.4654134615384615 0.03482954545454551 0.09298076923076921
0 0.193984375 0.39916346153846155 0.04313920454545455 0.07636538461538457
0 0.9183593750000001 0.8240480769230769 0.028963068181818163 0.15082692307692308
0 0.04286931818181819 0.28069230769230763 0.06551136363636365 0.08469230769230768
0 0.23134943181818182 0.44646153846153847 0.03613636363636363 0.07788461538461539
0 0.9086505681818182 0.8570192307692307 0.051789772727272615 0.07011538461538458
0 0.0699502840909091 0.2542403846153846 0.06751420454545455 0.07790384615384616
0 0.491903409090909 0.23500000000000001 0.06846590909090908 0.04761538461538465
0 0.11723011363636364 0.1287403846153846 0.028380681818181805 0.03667307692307694
0 0.4857244318181818 0.2794134615384615 0.04278409090909092 0.07594230769230768
0 0.4624289772727273 0.23790384615384613 0.038039772727272686 0.039269230769230744
0 0.9214275568181818 0.9799423076923077 0.020781249999999994 0.04011538461538464
0 0.4151207386363636 0.3566538461538461 0.055639204545454485 0.051500000000000004
0 0.3509375 0.3130480769230769 0.06798295454545457 0.029942307692307678
0 0.39790482954545453 0.38506730769230774 0.06768465909090905 0.07455769230769232
0 0.3645880681818182 0.32582692307692307 0.05573863636363638 0.02515384615384618
0 0.27765625 0.41207692307692306 0.05971590909090912 0.0988076923076923
0 0.42345170454545455 0.17988461538461537 0.027102272727272704 0.041192307692307695
0 0.39943892045454543 0.15672115384615384 0.02376420454545457 0.04505769230769229
0 0.11561789772727274 0.16759615384615387 0.02515624999999999 0.04103846153846152
0 0.35950284090909096 0.27516346153846155 0.06465909090909093 0.061788461538461556
0 0.3492826704545455 0.2880384615384615 0.02424715909090908 0.060499999999999964
0 0.3278835227272727 0.24941346153846153 0.03565340909090908 0.09913461538461538
0 0.16456676136363638 0.23815384615384616 0.03137784090909091 0.03669230769230769
0 0.12485795454545455 0.24779807692307695 0.02519886363636363 0.04440384615384616
0 0.10893465909090909 0.23460576923076923 0.02568181818181818 0.04248076923076921
0 0.09014914772727273 0.29189423076923077 0.06419034090909091 0.06694230769230769
0 0.08705965909090908 0.18440384615384617 0.047556818181818186 0.11200000000000002
0 0.33348011363636365 0.7987596153846154 0.032840909090909094 0.022019230769230746
0 0.3552130681818182 0.7985384615384615 0.05440340909090915 0.026961538461538426
0 0.007840909090909091 0.6130673076923077 0.015681818181818182 0.09701923076923075
0 0.7484375 0.45999999999999996 0.03946022727272724 0.03861538461538464
0 0.9873721590909091 0.9271250000000001 0.025255681818181778 0.06917307692307686
0 0.9547514204545454 0.6774134615384615 0.036122159090909184 0.06332692307692309
0 0.3704758522727273 0.8079711538461538 0.06768465909090905 0.0943269230769231
0 0.41593039772727275 0.737 0.04046875000000001 0.03234615384615383
0 0.38822443181818184 0.7489038461538462 0.05076704545454547 0.08130769230769226
0 0.12409801136363638 0.2890384615384616 0.028707386363636355 0.03761538461538462
0 0.4011647727272727 0.7210576923076922 0.04480113636363639 0.03369230769230766
0 0.3039559659090909 0.7560865384615385 0.035497159090909065 0.04448076923076922
0 0.07591619318181818 0.6511250000000001 0.031661931818181825 0.040250000000000015
0 0.4999786931818182 0.9150288461538463 0.02365056818181815 0.016942307692307697
0 0.12453835227272726 0.691125 0.024644886363636355 0.02951923076923081
0 0.5433309659090909 0.45402884615384614 0.033849431818181876 0.05344230769230773
0 0.5728622159090908 0.46683653846153844 0.02455965909090912 0.03594230769230769
0 0.6690767045454545 0.44234615384615383 0.021903409090909112 0.06603846153846155
0 0.7141974431818181 0.41180769230769226 0.026548295454545453 0.030999999999999955
0 0.6883167613636364 0.4250576923076923 0.02521306818181818 0.06019230769230771
0 0.7012642045454546 0.49377884615384615 0.03914772727272728 0.07367307692307692
0 0.6728906250000001 0.49714423076923075 0.022230113636363683 0.04267307692307697
0 0.7302911931818182 0.4142692307692308 0.028877840909090888 0.06288461538461541
0 0.6390482954545454 0.4230384615384616 0.014261363636363666 0.024692307692307697
0 0.3207102272727273 0.6443173076923078 0.08130681818181819 0.0675961538461538
0 0.7004261363636364 0.4338173076923077 0.024886363636363693 0.0193269230769231
0 0.08006392045454545 0.7118942307692308 0.023678977272727275 0.04405769230769225
0 0.15862215909090907 0.6595384615384615 0.018750000000000003 0.01946153846153847
0 0.12185369318181817 0.7326346153846154 0.02370738636363636 0.05261538461538453
0 0.07587357954545455 0.7319807692307693 0.03981534090909092 0.028230769230769243
0 0.7829261363636365 0.671625 0.021931818181818098 0.039596153846153906
0 0.5842116477272726 0.45475 0.022116477272727263 0.02511538461538462
0 0.6204971590909092 0.4530673076923077 0.01593749999999996 0.029942307692307678
0 0.6072017045454546 0.45611538461538464 0.013238636363636353 0.03034615384615385
0 0.15139914772727273 0.6791538461538462 0.017684659090909095 0.017538461538461548
0 0.11123579545454546 0.7532115384615384 0.02786931818181819 0.043115384615384646
0 0.59921875 0.5340384615384616 0.023778409090909104 0.01792307692307691
0 0.6068607954545455 0.550826923076923 0.01187500000000002 0.027576923076923138
0 0.5829829545454546 0.42078846153846156 0.02488636363636361 0.03369230769230766
0 0.6271235795454545 0.47341346153846153 0.016633522727272778 0.02317307692307689
0 0.6010866477272727 0.5574903846153846 0.013252840909090886 0.03171153846153848
0 0.5645809659090909 0.5820961538461539 0.021065340909090888 0.021153846153846155
0 0.6571519886363636 0.3702596153846154 0.05259943181818178 0.04990384615384613
0 0.6250142045454545 0.3546923076923077 0.02488636363636361 0.04519230769230769
0 0.5529545454545454 0.4320192307692307 0.022556818181818258 0.03369230769230771
0 0.6166548295454546 0.43830769230769234 0.013281250000000033 0.02023076923076925
0 0.5801704545454546 0.953625 0.042187500000000065 0.03640384615384617
0 0.5488068181818182 0.4028269230769231 0.020909090909090947 0.048961538461538424
0 0.6344744318181817 0.3926538461538462 0.06457386363636361 0.033269230769230794
0 0.6390482954545454 0.4594134615384615 0.019573863636363598 0.02471153846153845
0 0.70109375 0.384125 0.040312499999999994 0.032403846153846144
0 0.6062073863636364 0.42573076923076925 0.017585227272727266 0.03007692307692305
0 0.8240909090909091 0.4440384615384615 0.02551136363636369 0.054999999999999986
0 0.7929119318181819 0.47004807692307693 0.042528409090909006 0.10363461538461541
0 0.7892897727272726 0.45299038461538466 0.04724431818181817 0.10105769230769228
0 0.8308664772727273 0.45299038461538466 0.03590909090909103 0.06267307692307693
0 0.8081818181818182 0.4924423076923077 0.03213068181818182 0.03326923076923084
0 0.5196803977272727 0.9326057692307692 0.012059659090909104 0.020711538461538427
0 0.826455965909091 0.5024615384615384 0.018906250000000083 0.03796153846153842
0 0.8155894886363636 0.5229326923076922 0.01984374999999988 0.03113461538461538
0 0.8348082386363636 0.5344423076923077 0.05637784090909082 0.05842307692307691
0 0.5846377840909092 0.5018653846153847 0.018906250000000003 0.03953846153846154
0 0.798984375 0.7189615384615385 0.04180397727272736 0.0673461538461538
0 0.8130113636363636 0.6974615384615384 0.06667613636363644 0.08884615384615382
0 0.7979332386363637 0.643375 0.0238210227272727 0.032249999999999966
0 0.8159303977272727 0.6164999999999999 0.03333806818181822 0.034384615384615375
0 0.5959943181818183 0.44714423076923077 0.017329545454545438 0.02898076923076927
0 0.8442400568181818 0.6046923076923078 0.051860795454545444 0.09242307692307693
0 0.51234375 0.8859615384615386 0.04105113636363633 0.018192307692307653
0 0.8093110795454546 0.604326923076923 0.0433948863636363 0.05588461538461528
0 0.7910511363636363 0.6003846153846154 0.02593749999999999 0.032230769230769216
0 0.7958167613636363 0.5745961538461539 0.044985795454545556 0.032230769230769216
0 0.5970170454545454 0.49932692307692306 0.02139204545454546 0.020230769230769306
0 0.7600923295454546 0.6362115384615386 0.026463068181818174 0.04799999999999996
0 0.7696235795454546 0.619375 0.030696022727272745 0.030096153846153804
0 0.7685582386363637 0.6014615384615385 0.03492897727272732 0.021500000000000012
0 0.7362784090909091 0.6243846153846154 0.03281249999999995 0.03726923076923076
0 0.6181534090909091 0.41629807692307697 0.015596590909090935 0.038173076923076914
0 0.7341690340909092 0.5652788461538462 0.07302556818181814 0.06374999999999996
0 0.3137926136363636 0.4985769230769231 0.07562500000000001 0.09961538461538463
0 0.523153409090909 0.9235000000000001 0.01343749999999997 0.020076923076923072
0 0.7275497159090908 0.6025384615384616 0.03228693181818176 0.032230769230769216
0 0.7026775568181818 0.580326923076923 0.058735795454545485 0.055153846153846164
0 0.884197443181818 0.5140384615384616 0.05481534090909095 0.052884615384615384
0 0.6325852272727274 0.4243846153846154 0.0165909090909091 0.05076923076923078
0 0.8652982954545455 0.5447403846153845 0.043465909090909124 0.022173076923076872
0 0.8712855113636363 0.7025480769230769 0.028991477272727387 0.0562884615384615
0 0.8901917613636363 0.5571057692307693 0.05166193181818182 0.060557692307692326
0 0.8879829545454545 0.6125576923076923 0.06110795454545452 0.033269230769230794
0 0.8835724431818182 0.5792884615384616 0.05859375 0.05203846153846154
0 0.9037357954545455 0.6436826923076924 0.04221590909090913 0.05971153846153848
0 0.8575426136363636 0.20829807692307692 0.023664772727272684 0.07778846153846151
0 0.8719176136363637 0.5989038461538461 0.03653409090909095 0.033269230769230794
0 0.655809659090909 0.4338173076923077 0.021903409090909032 0.06513461538461539
0 0.08784801136363636 0.6432019230769231 0.05066761363636365 0.09036538461538453
0 0.3687357954545455 0.6906538461538462 0.036619318181818225 0.03669230769230766
0 0.5201420454545455 0.9015384615384614 0.01576704545454549 0.03138461538461537
0 0.5018252840909091 0.9316538461538463 0.025497159090909074 0.023846153846153913
0 0.5032244318181818 0.901846153846154 0.02363636363636362 0.016961538461538448
0 0.4788849431818182 0.9257019230769231 0.02225852272727275 0.034519230769230747
0 0.14285511363636363 0.7927788461538462 0.018068181818181837 0.02959615384615382
0 0.4816690340909091 0.8701538461538462 0.021321022727272796 0.08284615384615382
0 0.21017045454545455 0.6369134615384616 0.06846590909090909 0.06309615384615386
0 0.27274147727272724 0.5057211538461539 0.04190340909090909 0.14067307692307693
0 0.5769034090909091 0.8645865384615385 0.023835227272727234 0.019826923076923082
0 0.5620951704545455 0.8369807692307693 0.016548295454545503 0.04246153846153843
0 0.5452698863636364 0.8692115384615384 0.021676136363636352 0.02123076923076916
0 0.5508380681818181 0.8250096153846154 0.016249999999999997 0.02855769230769235
0 0.5658025568181818 0.805326923076923 0.016548295454545423 0.030115384615384662
0 0.060802556818181815 0.7532115384615384 0.05705965909090909 0.043115384615384646
0 0.581484375 0.8095673076923078 0.02279829545454547 0.038596153846153836
0 0.555965909090909 0.7962596153846153 0.02252840909090903 0.025865384615384592
0 0.5807741477272728 0.7854519230769231 0.01910511363636362 0.036673076923077016
0 0.5594815340909091 0.7727596153846155 0.03643465909090906 0.04090384615384623
0 0.7611860795454546 0.11135576923076923 0.04944602272727265 0.021903846153846156
0 0.8092258522727271 0.9106249999999999 0.03382102272727281 0.08259615384615382
0 0.11021306818181818 0.5529423076923077 0.026846590909090917 0.04388461538461537
0 0.055610795454545454 0.8236249999999999 0.052784090909090906 0.21124999999999994
0 0.3039985795454545 0.3940384615384615 0.055099431818181804 0.07084615384615385
0 0.33165482954545455 0.924875 0.02660511363636362 0.04040384615384614
0 0.31737926136363637 0.9072980769230768 0.024019886363636358 0.029865384615384672
0 0.34009232954545454 0.8993942307692308 0.024019886363636358 0.03513461538461535
0 0.3488565340909091 0.8848942307692307 0.02856534090909093 0.03425
0 0.4999289772727273 0.9485288461538461 0.02792613636363632 0.021019230769230783
0 0.3456107954545455 0.8576538461538462 0.037642045454545456 0.041307692307692344
