0 0.5689701704545455 0.8738365384615384 0.033622159090909036 0.04859615384615381
0 0.5644744318181818 0.04509615384615385 0.0269602272727273 0.04688461538461539
0 0.5752343750000001 0.0689326923076923 0.03296874999999997 0.032519230769230766
0 0.59703125 0.07775 0.03855113636363634 0.06480769230769232
0 0.5949786931818182 0.11344230769230769 0.06575284090909085 0.0801923076923077
0 0.8180397727272727 0.29877884615384614 0.015369318181818092 0.023326923076923068
0 0.8273579545454546 0.2702788461538462 0.04187500000000002 0.043403846153846196
0 0.8038636363636364 0.3029807692307693 0.013636363636363669 0.035576923076923075
0 0.8151491477272728 0.264 0.049303977272727326 0.052423076923076906
0 0.79890625 0.25743269230769233 0.042357954545454615 0.04448076923076925
0 0.7741548295454546 0.2960865384615385 0.04805397727272717 0.05440384615384619
0 0.8266832386363636 0.3247596153846154 0.04586647727272722 0.04236538461538456
0 0.8795170454545453 0.1181923076923077 0.037982954545454556 0.08211538461538462
0 0.82109375 0.3357884615384616 0.056392045454545354 0.02896153846153841
0 0.7495951704545455 0.3265 0.09313920454545453 0.06453846153846154
0 0.877627840909091 0.33858653846153847 0.040426136363636414 0.10544230769230767
0 0.862606534090909 0.2980769230769231 0.04376420454545447 0.10042307692307698
0 0.9024289772727272 0.35230769230769227 0.046875 0.07746153846153847
0 0.8976704545454546 0.2971826923076923 0.022244318181818136 0.05325
0 0.67390625 0.38596153846153847 0.03616477272727278 0.03073076923076921
0 0.6355113636363636 0.37219230769230766 0.05045454545454551 0.0648846153846154
0 0.628231534090909 0.4166442307692308 0.07791193181818178 0.05932692307692312
0 0.768671875 0.5375673076923076 0.02626420454545456 0.09017307692307701
0 0.8488068181818181 0.076625 0.03446022727272742 0.06986538461538461
0 0.7641193181818182 0.4650480769230769 0.022244318181818136 0.08732692307692301
0 0.6510582386363637 0.632596153846154 0.03197443181818189 0.1143076923076923
0 0.6652414772727273 0.5332211538461538 0.035568181818181846 0.11371153846153839
0 0.47455255681818187 0.45951923076923074 0.05882102272727276 0.04838461538461538
0 0.5201775568181818 0.29965384615384616 0.023991477272727255 0.051230769230769205
0 0.5339346590909091 0.28602884615384616 0.028238636363636358 0.029980769230769238
0 0.5052272727272727 0.22768269230769234 0.04244318181818181 0.07071153846153845
0 0.3800923295454545 0.13064423076923076 0.13370738636363633 0.029673076923076937
0 0.41112926136363637 0.23152884615384617 0.02521306818181818 0.022634615384615378
0 0.3384019886363636 0.19413461538461535 0.05143465909090906 0.07461538461538461
0 0.8477485795454546 0.38303846153846155 0.02365056818181815 0.07392307692307692
0 0.3869673295454545 0.22133653846153845 0.025667613636363627 0.028557692307692298
0 0.3921093749999999 0.24172115384615386 0.041803977272727284 0.03286538461538462
0 0.3485866477272727 0.23294230769230767 0.04879261363636363 0.02461538461538461
0 0.3623721590909091 0.206875 0.02985795454545456 0.043019230769230775
0 0.39302556818181816 0.31738461538461543 0.07110795454545459 0.13192307692307692
0 0.3326207386363636 0.3676826923076923 0.05166193181818182 0.04598076923076922
0 0.2506889204545455 0.3671826923076923 0.020667613636363612 0.030980769230769256
0 0.27381392045454545 0.3163846153846154 0.04183238636363639 0.07196153846153844
0 0.06541903409090909 0.3320384615384615 0.02214488636363637 0.03465384615384612
0 0.10625710227272728 0.27657692307692305 0.034446022727272735 0.1322307692307692
0 0.8626065340909093 0.4031442307692307 0.030752840909090876 0.05182692307692311
0 0.07142755681818182 0.331375 0.04424715909090909 0.13321153846153844
0 0.0721377840909091 0.28837500000000005 0.07853693181818183 0.13475
0 0.045767045454545456 0.23425 0.0734375 0.08176923076923076
0 0.8210724431818182 0.3906826923076923 0.04686079545454547 0.08867307692307695
0 0.6678338068181818 0.3486442307692308 0.026093749999999926 0.018403846153846194
0 0.26541903409090906 0.43017307692307694 0.05424715909090909 0.09319230769230766
0 0.26662642045454543 0.35168269230769234 0.04961647727272724 0.0949807692307692
0 0.2848934659090909 0.4214711538461539 0.030184659090909092 0.03901923076923075
0 0.5657457386363636 0.8489134615384616 0.025838068181818177 0.026403846153846187
0 0.3000923295454545 0.4532980769230769 0.0850426136363636 0.0660576923076923
0 0.67203125 0.3334134615384615 0.06548295454545458 0.018673076923076883
0 0.30623579545454543 0.412625 0.05639204545454544 0.04375
0 0.30365767045454545 0.3871057692307693 0.026036931818181796 0.029942307692307733
0 0.3036505681818182 0.3553557692307692 0.01798295454545454 0.041980769230769203
0 0.2834659090909091 0.36897115384615387 0.0341477272727273 0.03309615384615386
0 0.6917116477272728 0.3481730769230769 0.03257102272727274 0.023653846153846123
0 0.9966477272727272 0.7937596153846154 0.006704545454545493 0.030980769230769256
0 0.9889062500000001 0.7977500000000001 0.022073863636363746 0.06476923076923079
0 0.9937428977272728 0.8320673076923076 0.012514204545454467 0.03401923076923077
0 0.5320596590909091 0.8659615384615384 0.030482954545454598 0.03242307692307695
0 0.9919744318181819 0.8150865384615386 0.008806818181818247 0.022134615384615475
0 0.9709446022727274 0.8587019230769231 0.03848011363636368 0.06074999999999995
0 0.9304616477272728 0.8164134615384616 0.02535511363636367 0.04567307692307692
0 0.9896448863636365 0.8939807692307692 0.02071022727272733 0.09584615384615391
0 0.9700355113636363 0.8693461538461539 0.009730113636363669 0.01215384615384625
0 0.9385866477272728 0.8511153846153846 0.012286931818181785 0.027423076923076904
0 0.9502343749999999 0.8538269230769231 0.012542613636363694 0.0214615384615384
0 0.9456534090909091 0.8684423076923078 0.015965909090909104 0.023269230769230705
0 0.9281960227272728 0.8624326923076924 0.025454545454545396 0.04955769230769238
0 0.9456392045454546 0.9076057692307693 0.0382954545454546 0.06498076923076927
0 0.5096875000000001 0.9029230769230769 0.03738636363636363 0.052923076923076885
0 0.9155113636363637 0.8530673076923078 0.025852272727272793 0.06336538461538459
0 0.902940340909091 0.889201923076923 0.050170454545454615 0.03575000000000006
0 0.8677982954545456 0.8533557692307693 0.07460227272727286 0.07340384615384607
0 0.8648934659090909 0.7603365384615385 0.025667613636363548 0.02709615384615391
0 0.8075852272727272 0.9865096153846155 0.029431818181818222 0.02698076923076918
0 0.7783380681818183 0.9868942307692307 0.015596590909090935 0.026173076923076948
0 0.6791051136363637 0.9840288461538461 0.01798295454545458 0.03190384615384621
0 0.7279758522727273 0.9872788461538461 0.02049715909090918 0.025403846153846225
0 0.7185511363636364 0.9695769230769231 0.010681818181818155 0.013153846153846216
0 0.7091335227272727 0.9707692307692308 0.02355113636363634 0.05846153846153842
0 0.5122230113636363 0.2824807692307692 0.05836647727272724 0.06830769230769233
0 0.7427769886363635 0.98175 0.01745738636363631 0.03646153846153853
0 0.725752840909091 0.952375 0.03769886363636366 0.06694230769230769
0 0.7756321022727272 0.9299711538461539 0.04257102272727276 0.041980769230769203
0 0.6013139204545456 0.8482788461538462 0.04555397727272726 0.05901923076923077
0 0.7583664772727272 0.9144326923076923 0.048011363636363574 0.08775
0 0.6944744318181818 0.9065192307692307 0.07519886363636363 0.04423076923076923
0 0.6558451704545455 0.9396923076923077 0.10390625000000005 0.08069230769230765
0 0.6002059659090909 0.8961634615384615 0.012059659090909104 0.06136538461538455
0 0.5931392045454547 0.9162788461538462 0.026193181818181813 0.08848076923076932
0 0.5712499999999999 0.8419903846153846 0.028267045454545503 0.03194230769230772
0 0.4756889204545454 0.2462596153846154 0.04225852272727273 0.05351923076923076
0 0.5762997159090909 0.8325576923076923 0.035980113636363616 0.023500000000000052
0 0.5558806818181818 0.8050480769230769 0.01525568181818175 0.04232692307692306
0 0.539453125 0.8365480769230769 0.037372159090909095 0.033903846153846146
0 0.6276917613636364 0.8251346153846154 0.015269886363636364 0.019999999999999955
0 0.5511789772727272 0.862173076923077 0.013181818181818223 0.01934615384615385
0 0.46685369318181813 0.9655096153846153 0.056548295454545455 0.06894230769230773
0 0.481875 0.9200384615384615 0.026250000000000027 0.044807692307692326
0 0.4944389204545454 0.8829615384615385 0.07742897727272725 0.06599999999999999
0 0.48086647727272724 0.8459326923076923 0.021931818181818177 0.06809615384615378
0 0.44001420454545453 0.7926634615384616 0.09613636363636364 0.05221153846153842
0 0.019566761363636363 0.1449326923076923 0.039048295454545454 0.054134615384615385
0 0.3623366477272727 0.8144230769230769 0.04717329545454547 0.07053846153846144
0 0.3688352272727272 0.7823076923076923 0.04650568181818179 0.044807692307692326
0 0.31905539772727276 0.9613846153846153 0.06123579545454543 0.07723076923076928
0 0.3920099431818182 0.813125 0.03268465909090908 0.04128846153846159
0 0.31139204545454546 0.7449711538461539 0.08607954545454549 0.053480769230769235
0 0.31659801136363636 0.807125 0.023622159090909086 0.09105769230769235
0 0.21503551136363636 0.8266057692307693 0.06200284090909092 0.03759615384615387
0 0.24548295454545455 0.8432884615384615 0.024943181818181823 0.02592307692307696
0 0.23402698863636362 0.8767403846153846 0.03154829545454547 0.0699038461538461
0 0.2553693181818182 0.8947019230769231 0.04661931818181817 0.09944230769230776
0 0.048899147727272725 0.12849999999999998 0.04203125 0.085
0 0.24277698863636363 0.8084326923076923 0.046235795454545474 0.05609615384615388
0 0.19965198863636366 0.8432884615384615 0.04285511363636362 0.03315384615384617
0 0.13607244318181816 0.8274423076923076 0.03890625 0.042423076923076924
0 0.15688210227272725 0.9777211538461538 0.021434659090909077 0.04455769230769234
0 0.017492897727272725 0.9315961538461539 0.034644886363636364 0.030115384615384554
0 0.12635653409090908 0.6445576923076922 0.08651988636363636 0.06453846153846154
0 0.378125 0.57875 0.05860795454545453 0.1029230769230769
0 0.9815625 0.06522115384615386 0.036875000000000054 0.07075000000000001
0 0.8371661931818182 0.03291346153846154 0.040894886363636314 0.06582692307692307
0 0.8109232954545454 0.03768269230769231 0.04431818181818188 0.07475000000000001
0 0.5471519886363636 0.04138461538461538 0.037116477272727266 0.0736923076923077
0 0.7946946022727271 0.10210576923076922 0.04785511363636355 0.07659615384615386
0 0.7724715909090908 0.05133653846153846 0.019772727272727216 0.04375
0 0.7735582386363636 0.085125 0.020042613636363657 0.02601923076923077
0 0.762862215909091 0.07505769230769231 0.016917613636363592 0.021038461538461534
0 0.7262571022727273 0.08152884615384616 0.08930397727272728 0.04540384615384616
0 0.7382528409090909 0.101 0.03639204545454538 0.05776923076923078
0 0.757528409090909 0.058 0.020880681818181722 0.018230769230769224
0 0.7403551136363636 0.063625 0.030965909090909106 0.028865384615384626
0 0.7378835227272728 0.025798076923076924 0.05701704545454544 0.050442307692307696
0 0.5676988636363636 0.027086538461538464 0.04357954545454546 0.05417307692307693
