0 0.11269886363636364 0.757798076923077 0.08738636363636364 0.06986538461538469
0 0.7428267045454546 0.19723076923076924 0.028721590909090787 0.07776923076923077
0 0.49670454545454545 0.9379807692307692 0.06835227272727273 0.06457692307692316
0 0.7773792613636364 0.4355576923076923 0.03776988636363641 0.021115384615384595
0 0.7203125 0.43833653846153847 0.08457386363636367 0.07113461538461541
0 0.7289275568181818 0.40063461538461537 0.07061079545454542 0.06246153846153844
0 0.4146519886363636 0.9822211538461538 0.039701704545454526 0.035519230769230824
0 0.3979545454545454 0.8925192307692308 0.0798863636363636 0.0618846153846154
0 0.7639488636363635 0.18122115384615384 0.028153409090909163 0.05336538461538461
0 0.7081960227272727 0.32025 0.07096590909090907 0.09149999999999997
0 0.17014914772727271 0.20114423076923077 0.046633522727272704 0.06644230769230772
0 0.10909801136363638 0.20390384615384616 0.09083806818181818 0.04419230769230767
0 0.23168323863636367 0.7181346153846154 0.04737215909090908 0.05873076923076916
0 0.9588565340909092 0.7639326923076923 0.023252840909090914 0.0288653846153846
0 0.57140625 0.45246153846153847 0.08775568181818186 0.16111538461538466
0 0.17233664772727272 0.6294711538461539 0.08328124999999997 0.07628846153846157
0 0.949715909090909 0.18432692307692305 0.08681818181818182 0.059230769230769226
0 0.4611434659090909 0.8887499999999999 0.04808238636363631 0.09092307692307698
0 0.17311079545454547 0.9594903846153846 0.06275568181818182 0.08101923076923076
0 0.14659090909090908 0.08927884615384615 0.09571022727272725 0.1785576923076923
0 0.48377840909090913 0.5957596153846154 0.04946022727272726 0.05671153846153848
0 0.07899147727272728 0.62125 0.09642045454545455 0.17553846153846148
0 0.10119318181818181 0.054865384615384614 0.03338068181818181 0.03653846153846154
0 0.13076704545454546 0.5680192307692308 0.01900568181818181 0.09565384615384617
0 0.03659090909090909 0.367125 0.07318181818181818 0.15417307692307694
0 0.09457386363636364 0.030278846153846153 0.016193181818181815 0.02325
0 0.6099644886363635 0.41600961538461534 0.05052556818181817 0.09540384615384613
0 0.5196803977272727 0.3786538461538462 0.10052556818181815 0.13015384615384618
0 0.9267187499999999 0.1325480769230769 0.0382954545454546 0.02363461538461537
0 0.0661150568181818 0.4916634615384615 0.08893465909090909 0.050634615384615354
0 0.5644247159090909 0.493423076923077 0.04853693181818184 0.09000000000000002
0 0.11930397727272726 0.5130288461538461 0.014119318181818179 0.050634615384615354
0 0.13259943181818182 0.5248557692307692 0.015795454545454533 0.02924999999999996
0 0.6194957386363636 0.7549807692307693 0.02984374999999999 0.09834615384615393
0 0.6541264204545455 0.7572692307692307 0.04731534090909091 0.05565384615384615
0 0.6054119318181818 0.7751826923076923 0.049005681818181816 0.05032692307692311
0 0.13011363636363635 0.44214423076923076 0.06068181818181818 0.11140384615384617
0 0.23146306818181817 0.7601826923076923 0.06451704545454544 0.10798076923076919
0 0.02271306818181818 0.31898076923076923 0.04511363636363636 0.08519230769230772
0 0.49739346590909084 0.7256634615384616 0.07862215909090904 0.0806730769230769
0 0.16311789772727273 0.3761826923076923 0.05995738636363635 0.09724999999999999
0 0.6352627840909091 0.7706057692307693 0.026463068181818174 0.04575000000000004
0 0.6569460227272728 0.7934807692307693 0.06982954545454541 0.035076923076923096
0 0.8588565340909091 0.2075673076923077 0.018167613636363586 0.027326923076923092
0 0.6530042613636364 0.8998557692307693 0.049559659090909154 0.08767307692307698
0 0.6772230113636364 0.8602115384615384 0.07208806818181818 0.0648076923076924
0 0.10791193181818182 0.5877019230769231 0.023153409090909106 0.13021153846153843
0 0.6293536931818182 0.8628750000000001 0.030411931818181772 0.019826923076923082
0 0.12215198863636365 0.6796057692307692 0.05640624999999999 0.05948076923076925
0 0.18034090909090908 0.6952884615384616 0.0540340909090909 0.05546153846153852
0 0.1950284090909091 0.7704615384615384 0.0618465909090909 0.09723076923076923
0 0.16311789772727273 0.7897211538461538 0.03265624999999999 0.11251923076923086
0 0.4458380681818182 0.9000576923076923 0.040539772727272674 0.041423076923076965
0 0.14382102272727273 0.7318461538461538 0.016619318181818166 0.08519230769230761
0 0.6324502840909091 0.8834615384615384 0.02759943181818183 0.028961538461538466
0 0.15658380681818182 0.7161730769230769 0.014843749999999984 0.05707692307692309
0 0.14946022727272726 0.6526730769230769 0.029090909090909077 0.07153846153846152
0 0.1580752840909091 0.6462499999999999 0.022571022727272728 0.04580769230769229
0 0.040816761363636364 0.9388173076923076 0.08015625 0.12136538461538464
0 0.013977272727272727 0.9860673076923077 0.027954545454545454 0.027788461538461626
0 0.10107954545454545 0.6997019230769231 0.04511363636363637 0.0932499999999999
0 0.9295738636363637 0.751596153846154 0.031136363636363577 0.1363846153846154
0 0.11176136363636363 0.9668173076923077 0.052244318181818176 0.06590384615384612
0 0.9098153409090909 0.9788076923076924 0.08099431818181815 0.04238461538461542
0 0.5427272727272727 0.9065096153846154 0.0625 0.09901923076923079
0 0.45895596590909093 0.84725 0.06382102272727273 0.07111538461538465
0 0.6572301136363636 0.8097500000000001 0.05125000000000006 0.04269230769230767
0 0.5442116477272727 0.8491826923076923 0.09288352272727271 0.03371153846153841
0 0.5785369318181818 0.8847211538461539 0.05249999999999997 0.051942307692307677
0 0.5906534090909091 0.6708942307692308 0.04173295454545454 0.13394230769230764
0 0.542528409090909 0.8125865384615385 0.09624999999999999 0.08748076923076925
0 0.5324289772727272 0.8075769230769231 0.12855113636363635 0.05557692307692303
0 0.8920738636363637 0.8272884615384616 0.07153409090909092 0.08799999999999998
0 0.6747798295454545 0.6394615384615384 0.07538352272727272 0.13484615384615387
0 0.7161718749999999 0.5920865384615385 0.02086647727272727 0.04009615384615389
0 0.37359375 0.31220192307692307 0.09355113636363634 0.07744230769230766
0 0.38571732954545457 0.27529807692307695 0.07066761363636367 0.13121153846153846
0 0.9463423295454546 0.04901923076923077 0.06393465909090908 0.06196153846153846
0 0.6071022727272727 0.8711346153846155 0.024204545454545482 0.03126923076923075
0 0.5896448863636364 0.921451923076923 0.06363636363636366 0.08005769230769241
0 0.9696377840909091 0.09640384615384616 0.060724431818181816 0.05465384615384616
0 0.4344815340909091 0.970701923076923 0.06984374999999994 0.0585961538461539
0 0.9450710227272726 0.1178173076923077 0.10985795454545459 0.08475
0 0.446875 0.5317692307692308 0.026732954545454535 0.0961153846153846
0 0.924140625 0.24219230769230768 0.07066761363636363 0.06376923076923079
0 0.892840909090909 0.1361923076923077 0.03230113636363621 0.029153846153846162
0 0.8925071022727273 0.11296153846153845 0.016832386363636397 0.02096153846153846
0 0.7831321022727273 0.06421153846153846 0.15748579545454547 0.0801923076923077
0 0.44220170454545454 0.9599326923076923 0.04426136363636359 0.0800576923076923
0 0.8255397727272729 0.126625 0.06460227272727259 0.04648076923076925
0 0.8272159090909091 0.20817307692307693 0.019517045454545467 0.027346153846153843
0 0.6902556818181819 0.016163461538461536 0.07403409090909091 0.03232692307692307
0 0.6108380681818182 0.020471153846153847 0.04980113636363637 0.04009615384615385
0 0.6401207386363637 0.028211538461538465 0.024900568181818225 0.05557692307692308
0 0.7738068181818182 0.20295192307692306 0.028721590909090947 0.044980769230769234
0 0.8089772727272727 0.4959711538461538 0.0590624999999999 0.07067307692307687
0 0.9725639204545454 0.8230288461538462 0.05450284090909092 0.0461346153846154
0 0.9461292613636364 0.7657115384615385 0.10544034090909093 0.08346153846153842
0 0.8437144886363636 0.20984615384615385 0.01615056818181819 0.028230769230769216
0 0.9840127840909091 0.6427211538461539 0.031974431818181805 0.03074999999999991
0 0.9578977272727273 0.69425 0.07241477272727276 0.09057692307692312
0 0.9675497159090909 0.6830384615384615 0.04345170454545459 0.051346153846153826
0 0.7454474431818181 0.5797788461538462 0.05115056818181809 0.15398076923076923
0 0.981875 0.68725 0.03624999999999998 0.0672307692307693
0 0.9789275568181818 0.7521346153846155 0.041377840909090906 0.07003846153846156
