0 0.4504474431818182 0.9446538461538462 0.12109375 0.08965384615384606
0 0.9608948863636364 0.7550865384615384 0.0782102272727272 0.0990961538461539
0 0.71796875 0.823173076923077 0.055852272727272716 0.13369230769230767
0 0.279375 0.9170961538461538 0.07647727272727273 0.13015384615384618
0 0.3327201704545455 0.8589230769230769 0.04552556818181816 0.16465384615384615
0 0.3399431818181818 0.7355096153846155 0.09028409090909095 0.16805769230769238
0 0.6627272727272727 0.9657211538461539 0.09221590909090903 0.06855769230769226
0 0.6043465909090909 0.969528846153846 0.07275568181818177 0.06013461538461535
0 0.588046875 0.04306730769230768 0.09518465909090908 0.08590384615384615
0 0.5570525568181818 0.04569230769230769 0.09723011363636362 0.09115384615384615
0 0.7166903409090909 0.9442307692307692 0.05860795454545445 0.11153846153846154
0 0.675596590909091 0.9087115384615384 0.1069602272727272 0.08223076923076933
0 0.7495383522727272 0.9790288461538462 0.05012784090909102 0.041942307692307695
0 0.5979403409090909 0.9009423076923078 0.07312500000000002 0.11084615384615382
0 0.36359375 0.10017307692307693 0.09116477272727273 0.13326923076923075
0 0.3841974431818182 0.027634615384615382 0.03830965909090905 0.05384615384615385
0 0.8814843750000001 0.041980769230769224 0.06504261363636375 0.08396153846153845
0 0.8489630681818183 0.05610576923076923 0.060539772727272734 0.11221153846153846
0 0.8925284090909091 0.008749999999999999 0.038039772727272686 0.017499999999999998
0 0.3649360795454545 0.08414423076923076 0.05819602272727269 0.05471153846153845
0 0.43424715909090916 0.1755096153846154 0.07718749999999996 0.15098076923076928
0 0.07244318181818182 0.7317307692307692 0.06534090909090909 0.10192307692307692
0 0.08064630681818183 0.5997980769230769 0.07262784090909091 0.15244230769230765
0 0.7626846590909092 0.9544903846153846 0.07150568181818186 0.09063461538461537
0 0.14374289772727272 0.5073846153846154 0.11723011363636364 0.12223076923076924
0 0.15081676136363636 0.40447115384615384 0.1150426136363636 0.19109615384615386
0 0.2318607954545455 0.3420673076923077 0.11775568181818183 0.13255769230769232
0 0.31779829545454547 0.4447884615384615 0.11667613636363638 0.0994230769230769
0 0.35642045454545457 0.47167307692307686 0.0998011363636364 0.12592307692307692
0 0.485 0.3035288461538462 0.1019886363636363 0.1472884615384615
0 0.4367471590909091 0.08852884615384615 0.057954545454545474 0.07582692307692307
0 0.5401917613636363 0.09728846153846155 0.09259943181818181 0.10650000000000001
0 0.3124289772727273 0.06222115384615384 0.08968750000000002 0.09686538461538462
0 0.41634943181818185 0.030000000000000002 0.03593750000000002 0.05873076923076924
0 0.7672372159090909 0.9193749999999999 0.051860795454545444 0.13144230769230775
0 0.2661221590909091 0.11285576923076923 0.07414772727272725 0.11309615384615385
0 0.2578693181818182 0.18451923076923077 0.08999999999999998 0.06707692307692306
0 0.21319602272727273 0.11657692307692308 0.06281249999999998 0.12053846153846152
0 0.1657528409090909 0.07011538461538462 0.15508522727272728 0.08196153846153847
0 0.182109375 0.20797115384615383 0.11785511363636364 0.08590384615384614
0 0.040625 0.024086538461538458 0.040795454545454544 0.04778846153846154
0 0.09874289772727272 0.1981057692307692 0.12788352272727274 0.17751923076923073
0 0.07154119318181819 0.3254423076923077 0.06055397727272729 0.18234615384615382
0 0.422890625 0.8575576923076923 0.09311079545454547 0.12184615384615387
0 0.45547585227272724 0.7546153846153846 0.13007102272727272 0.10542307692307691
0 0.37547585227272723 0.935125 0.10063920454545454 0.12955769230769243
0 0.6430752840909091 0.50575 0.0771164772727273 0.1241153846153846
0 0.5958096590909091 0.3934230769230769 0.08997159090909096 0.17092307692307696
0 0.6406534090909091 0.2598269230769231 0.06426136363636364 0.15426923076923077
0 0.6000923295454546 0.18790384615384614 0.0728267045454546 0.10246153846153847
0 0.56625 0.07423076923076923 0.05312499999999997 0.09165384615384614
0 0.6110866477272727 0.12914423076923076 0.049701704545454556 0.09086538461538461
0 0.6486434659090908 0.1159903846153846 0.05399147727272726 0.1380576923076923
0 0.693203125 0.17378846153846156 0.09339488636363637 0.10130769230769229
0 0.792159090909091 0.09240384615384614 0.08568181818181825 0.13107692307692306
0 0.7414701704545454 0.016326923076923076 0.04484374999999999 0.03265384615384615
0 0.36384232954545453 0.9069711538461539 0.06688920454545455 0.06771153846153853
0 0.7317897727272726 0.43830769230769234 0.07661931818181818 0.07280769230769228
0 0.7887428977272727 0.3909519230769231 0.06504261363636359 0.13544230769230764
0 0.7916335227272726 0.5052500000000001 0.11420454545454542 0.1103846153846154
0 0.7129900568181818 0.5997692307692307 0.08586647727272717 0.12407692307692304
0 0.6915980113636363 0.7224807692307692 0.14427556818181808 0.17926923076923082
0 0.793515625 0.8287596153846154 0.11276988636363634 0.13582692307692307
0 0.5227414772727272 0.7885576923076923 0.050056818181818195 0.16800000000000004
0 0.6341051136363636 0.6896923076923077 0.09130681818181823 0.06142307692307692
0 0.5951775568181819 0.6581923076923076 0.041548295454545456 0.08480769230769235
0 0.45571732954545463 0.5145576923076923 0.06526988636363634 0.06538461538461539
0 0.24463778409090908 0.91925 0.05026988636363634 0.11715384615384618
0 0.5177414772727272 0.591 0.026335227272727222 0.037923076923076976
0 0.4967329545454545 0.5587403846153846 0.045795454545454556 0.04698076923076924
0 0.5504616477272727 0.520625 0.07211647727272733 0.17359615384615387
0 0.5771164772727272 0.6274615384615384 0.08781249999999999 0.11934615384615385
0 0.5074289772727273 0.5102403846153846 0.041107954545454545 0.09055769230769231
0 0.48460937499999995 0.4651923076923076 0.08606534090909088 0.10330769230769231
0 0.3070809659090909 0.6748653846153846 0.0648153409090909 0.12453846153846151
0 0.2504616477272727 0.6701538461538462 0.07421875 0.07076923076923079
0 0.2548153409090909 0.713076923076923 0.06062499999999997 0.07642307692307694
0 0.3471519886363636 0.6800576923076923 0.08362215909090906 0.11415384615384618
0 0.2717258522727273 0.8805961538461538 0.05092329545454544 0.11142307692307692
0 0.4098721590909091 0.45175000000000004 0.09755681818181815 0.12357692307692311
0 0.4039488636363636 0.5687403846153847 0.0801420454545454 0.17171153846153844
0 0.2506605113636363 0.7996057692307693 0.07265625 0.13528846153846158
0 0.19661931818181821 0.8949038461538462 0.04948863636363637 0.12873076923076923
0 0.19990767045454544 0.964 0.0728835227272727 0.072
0 0.26214488636363636 0.9832211538461538 0.05099431818181819 0.033288461538461434
0 0.31931818181818183 0.9690576923076923 0.05207386363636363 0.060346153846153834
0 0.024232954545454544 0.9184519230769231 0.04846590909090909 0.16309615384615386
0 0.013458806818181818 0.4621730769230769 0.02643465909090909 0.10819230769230767
0 0.9248366477272728 0.06867307692307692 0.07086647727272725 0.13734615384615384
0 0.9109943181818182 0.7396250000000001 0.09264204545454549 0.11740384615384618
0 0.9790127840909091 0.38125 0.041889204545454556 0.09380769230769226
0 0.9622514204545454 0.16845192307692308 0.07325284090909098 0.10225000000000002
0 0.9364488636363636 0.2352596153846154 0.09982954545454542 0.10328846153846152
0 0.8914630681818181 0.2712307692307692 0.10781249999999996 0.11561538461538459
0 0.9681178977272729 0.2807980769230769 0.06376420454545452 0.0654807692307692
0 0.971484375 0.3313076923076923 0.03194602272727274 0.04223076923076919
0 0.9327130681818183 0.3388557692307692 0.06622159090909091 0.08828846153846154
0 0.9153196022727272 0.39228846153846153 0.1491619318181818 0.21415384615384617
0 0.8310369318181817 0.3397596153846154 0.07357954545454555 0.2512884615384615
0 0.863984375 0.48533653846153846 0.0973153409090909 0.1485192307692308
