0 0.04811789772727273 0.5604519230769229 0.06464488636363637 0.06671153846153846
0 0.23463068181818184 0.031067307692307696 0.08798295454545454 0.06148076923076923
0 0.13751420454545454 0.9333076923076923 0.06684659090909091 0.1333846153846154
0 0.501669034090909 0.034346153846153846 0.09737215909090911 0.0683076923076923
0 0.6412428977272727 0.791923076923077 0.11186079545454546 0.0833846153846154
0 0.7774431818181817 0.6334326923076923 0.11707386363636357 0.11259615384615387
0 0.775965909090909 0.21103846153846156 0.0573863636363636 0.10588461538461541
0 0.8468394886363636 0.13167307692307692 0.10248579545454542 0.12115384615384615
0 0.7788210227272727 0.5145288461538462 0.03531250000000002 0.04167307692307685
0 0.24886363636363634 0.2944807692307692 0.14545454545454548 0.24442307692307694
0 0.2717684659090909 0.4675576923076923 0.06779829545454544 0.11442307692307692
0 0.7399005681818182 0.678375 0.06897727272727265 0.08378846153846152
0 0.44886363636363635 0.804923076923077 0.06963068181818179 0.12807692307692312
0 0.11975142045454547 0.44344230769230764 0.061178977272727274 0.15284615384615383
0 0.7984801136363636 0.2552596153846154 0.04605113636363647 0.07471153846153845
0 0.7552769886363637 0.819 0.07609374999999999 0.08111538461538463
0 0.17486505681818182 0.03661538461538461 0.08640625000000002 0.07215384615384615
0 0.1263494318181818 0.662576923076923 0.1415056818181818 0.12169230769230775
0 0.2322159090909091 0.6062788461538461 0.09264204545454545 0.07044230769230768
0 0.797159090909091 0.5664519230769229 0.05676136363636353 0.08113461538461537
0 0.8361647727272726 0.40362499999999996 0.13749999999999993 0.1464423076923077
0 0.5594318181818182 0.7034807692307692 0.027755681818181846 0.03415384615384614
0 0.2815553977272727 0.7784807692307693 0.09762784090909093 0.08265384615384619
0 0.36519886363636367 0.05096153846153846 0.08198863636363632 0.10192307692307692
0 0.025923295454545456 0.8249519230769231 0.05184659090909091 0.23748076923076925
0 0.021519886363636363 0.4651730769230769 0.043039772727272725 0.09542307692307687
0 0.9152130681818181 0.6954615384615385 0.07642045454545464 0.14334615384615387
0 0.7769602272727273 0.8939807692307692 0.05951704545454542 0.14250000000000004
0 0.3250284090909091 0.4551826923076923 0.10840909090909094 0.20813461538461536
0 0.3098224431818182 0.2001153846153846 0.08001420454545456 0.09446153846153847
0 0.44796164772727276 0.6170673076923077 0.09208806818181815 0.14536538461538467
0 0.5742826704545454 0.8425576923076923 0.03901988636363632 0.10461538461538457
0 0.7941051136363636 0.7213365384615386 0.043352272727272705 0.09605769230769229
0 0.4361647727272727 0.024548076923076922 0.09855113636363635 0.049096153846153845
0 0.32603693181818183 0.5905384615384616 0.050852272727272746 0.11046153846153846
0 0.03925426136363636 0.6830673076923077 0.07805397727272728 0.1526346153846154
0 0.606328125 0.5594326923076922 0.03279829545454542 0.09605769230769229
0 0.05983664772727273 0.525375 0.11967329545454546 0.09605769230769234
0 0.24883522727272728 0.8439903846153847 0.1002840909090909 0.0913653846153846
0 0.3284019886363636 0.675 0.11194602272727278 0.15503846153846154
0 0.3806036931818182 0.663625 0.024474431818181843 0.040288461538461516
0 0.488125 0.6995096153846154 0.06338068181818182 0.10971153846153837
0 0.4069602272727273 0.6703269230769231 0.049829545454545515 0.09861538461538456
0 0.9536221590909091 0.0993653846153846 0.0913352272727272 0.19857692307692307
0 0.2716974431818182 0.8708846153846154 0.08924715909090906 0.10588461538461538
0 0.6718039772727272 0.13872115384615383 0.07528409090909091 0.11848076923076922
0 0.550965909090909 0.9183173076923077 0.05269886363636367 0.06655769230769222
0 0.8432741477272727 0.05063461538461538 0.08100852272727269 0.10126923076923076
0 0.26616477272727274 0.1500673076923077 0.1005965909090909 0.15028846153846154
0 0.7166832386363636 0.6430961538461538 0.049190340909090906 0.03884615384615382
0 0.9682599431818182 0.9670192307692308 0.059843749999999994 0.06388461538461544
0 0.19316761363636364 0.6793173076923077 0.10741477272727273 0.15809615384615391
0 0.8788494318181819 0.8042019230769231 0.10772727272727277 0.11778846153846154
0 0.9815269886363637 0.31471153846153843 0.03598011363636353 0.03684615384615384
0 0.765262784090909 0.7425576923076923 0.06657670454545456 0.08653846153846154
0 0.4211434659090909 0.9070480769230769 0.15933238636363634 0.09744230769230772
0 0.6231178977272728 0.45672115384615386 0.1419176136363636 0.2038653846153846
0 0.14276988636363638 0.3524519230769231 0.13639204545454547 0.1430192307692308
0 0.6193892045454545 0.9071538461538462 0.04440340909090908 0.07650000000000005
0 0.7851491477272727 0.13754807692307694 0.07055397727272737 0.07844230769230769
0 0.6985511363636363 0.8994615384615385 0.031818181818181863 0.06373076923076931
0 0.7393963068181818 0.97475 0.1415482954545455 0.048307692307692204
0 0.529737215909091 0.7022499999999999 0.06089488636363637 0.07180769230769225
0 0.5359019886363636 0.7688846153846154 0.051463068181818124 0.1137307692307692
0 0.38252130681818186 0.8657788461538461 0.07134943181818185 0.13101923076923075
0 0.5206321022727273 0.9872884615384615 0.02632102272727277 0.025423076923076975
0 0.810625 0.3195192307692307 0.05707386363636357 0.09607692307692309
0 0.8975923295454545 0.08475000000000002 0.07640624999999995 0.1315
0 0.7753053977272728 0.36318269230769235 0.033735795454545456 0.13598076923076924
0 0.8541974431818182 0.4545961538461538 0.05683238636363635 0.14088461538461536
0 0.617762784090909 0.09576923076923076 0.04762784090909095 0.16607692307692307
0 0.23419744318181818 0.47775961538461537 0.2091903409090909 0.2291730769230769
0 0.7066903409090909 0.5426442307692307 0.11036931818181817 0.09232692307692306
0 0.7877769886363637 0.47388461538461535 0.04262784090909089 0.0744615384615384
0 0.3127769886363636 0.05282692307692308 0.07330965909090911 0.10565384615384615
0 0.6749999999999999 0.3559519230769231 0.07883522727272728 0.0913653846153846
0 0.4507102272727273 0.3941826923076923 0.15326704545454542 0.11655769230769233
0 0.5048224431818181 0.08718269230769231 0.07450284090909089 0.09071153846153847
0 0.5834446022727273 0.9238942307692308 0.0643323863636363 0.047134615384615365
0 0.8315553977272727 0.7058557692307692 0.05992897727272719 0.0955192307692308
0 0.7394886363636364 0.30983653846153847 0.07852272727272731 0.1208269230769231
0 0.7193039772727272 0.6054134615384615 0.10406249999999999 0.0960576923076924
0 0.15082386363636366 0.08000961538461537 0.08514204545454547 0.10567307692307691
0 0.5865482954545455 0.9713269230769231 0.11252840909090912 0.05734615384615383
0 0.24468749999999997 0.12603846153846152 0.029772727272727284 0.05634615384615384
0 0.9367258522727272 0.4614903846153846 0.08654829545454538 0.20067307692307687
0 0.5930113636363636 0.7342211538461538 0.07017045454545459 0.11632692307692309
0 0.3620525568181818 0.13127884615384616 0.09302556818181819 0.10778846153846154
0 0.14426136363636363 0.24606730769230772 0.04170454545454545 0.09317307692307693
0 0.5125923295454545 0.2591538461538461 0.07544034090909092 0.12057692307692311
0 0.49667613636363633 0.7521538461538462 0.03758522727272724 0.10519230769230778
0 0.6816832386363636 0.6945384615384614 0.04288352272727272 0.08111538461538463
0 0.8302698863636363 0.5648461538461539 0.07411931818181827 0.11099999999999995
0 0.36808948863636365 0.47296153846153843 0.11669034090909088 0.18188461538461542
0 0.04880681818181818 0.037413461538461534 0.09761363636363636 0.07482692307692307
0 0.07901988636363637 0.9688461538461539 0.05267045454545454 0.062307692307692265
0 0.9604971590909092 0.9292403846153846 0.07536931818181826 0.10048076923076923
0 0.5820809659090909 0.5074134615384616 0.09617897727272724 0.10513461538461535
0 0.71359375 0.08647115384615385 0.10525568181818178 0.1431346153846154
0 0.3983806818181818 0.9740480769230769 0.11201704545454544 0.05140384615384619
0 0.5712855113636364 0.05969230769230769 0.07765624999999994 0.11857692307692307
0 0.25928267045454545 0.7483557692307692 0.11078125000000001 0.09232692307692306
0 0.25370028409090906 0.5793365384615384 0.11353693181818182 0.07525
0 0.02171164772727273 0.5794038461538461 0.04257102272727273 0.09819230769230769
0 0.8735653409090909 0.30068269230769235 0.08482954545454549 0.09136538461538465
0 0.86296875 0.9491057692307692 0.1035795454545454 0.09721153846153838
0 0.11156960227272726 0.8134711538461539 0.13677556818181816 0.12167307692307688
0 0.5685653409090908 0.21989423076923076 0.06781250000000001 0.19875
0 0.06039772727272727 0.10663461538461538 0.08576704545454544 0.10246153846153847
0 0.31292613636363636 0.37400000000000005 0.04809659090909089 0.09500000000000001
0 0.9758522727272727 0.5066730769230768 0.04326704545454551 0.2050384615384615
0 0.08634232954545455 0.613951923076923 0.10563920454545456 0.08324999999999994
0 0.8327414772727273 0.9644615384615385 0.07318181818181815 0.0673076923076923
0 0.38530539772727274 0.02721153846153846 0.07095170454545457 0.05442307692307692
0 0.2347869318181818 0.07183653846153845 0.07946022727272727 0.09521153846153846
0 0.7328338068181818 0.3944615384615385 0.034105113636363545 0.05273076923076926
0 0.4395880681818182 0.11648076923076925 0.10090909090909093 0.1452692307692308
0 0.6528267045454546 0.9616346153846155 0.04414772727272725 0.07650000000000005
0 0.25387784090909093 0.9505961538461538 0.1097443181818182 0.0988076923076923
0 0.26710227272727277 0.6684615384615386 0.06582386363636364 0.08111538461538463
0 0.47032670454545455 0.4839326923076923 0.17227272727272724 0.10513461538461541
0 0.045703125 0.193875 0.09140625 0.1099423076923077
0 0.1895525568181818 0.22276923076923077 0.0654403409090909 0.08165384615384615
0 0.45366477272727274 0.8551634615384616 0.09764204545454547 0.10332692307692311
0 0.6545170454545454 0.6056057692307691 0.061505681818181834 0.11259615384615387
0 0.5550497159090909 0.7842211538461538 0.10419034090909095 0.11578846153846149
0 0.8226420454545456 0.23627884615384614 0.03815340909090911 0.09563461538461536
0 0.4887500000000001 0.9859519230769229 0.02846590909090912 0.02809615384615387
0 0.31688210227272723 0.9490288461538462 0.06859375 0.10113461538461534
0 0.14744318181818183 0.5616442307692306 0.11036931818181818 0.08859615384615384
0 0.6393181818181819 0.6997980769230769 0.07292613636363633 0.13075
0 0.04359375 0.29749038461538463 0.0871875 0.16171153846153846
0 0.11347301136363637 0.17120192307692308 0.06544034090909091 0.1483653846153846
0 0.10353693181818181 0.24750961538461536 0.0696875 0.1250961538461538
0 0.5181463068181817 0.9700288461538462 0.05714488636363631 0.05932692307692312
0 0.052578125 0.4234326923076923 0.10470170454545456 0.15371153846153843
0 0.1987713068181818 0.8233365384615384 0.0835653409090909 0.1771730769230769
0 0.9837855113636365 0.08955769230769231 0.03242897727272733 0.12076923076923077
0 0.018806818181818185 0.11377884615384613 0.03744318181818182 0.1344807692307692
0 0.12287642045454544 0.05934615384615385 0.11154829545454546 0.11742307692307692
0 0.6858451704545454 0.7739807692307693 0.055582386363636355 0.0731153846153847
0 0.7071875 0.7426730769230769 0.054801136363636344 0.10246153846153841
0 0.7184161931818182 0.8387403846153846 0.07805397727272725 0.0854038461538462
0 0.22493607954545458 0.5102500000000001 0.04478693181818182 0.08326923076923079
0 0.6999431818181818 0.21695192307692307 0.11565340909090911 0.20332692307692307
0 0.7616832386363637 0.10483653846153847 0.07134943181818185 0.06882692307692308
0 0.7191335227272728 0.4376923076923077 0.08571022727272731 0.10476923076923075
0 0.3737073863636363 0.5683846153846154 0.1324431818181818 0.09980769230769226
0 0.5682670454545454 0.6686346153846153 0.04238636363636368 0.04303846153846153
0 0.235859375 0.05311538461538461 0.026235795454545453 0.04542307692307692
0 0.32457386363636365 0.868048076923077 0.0658238636363636 0.08113461538461537
0 0.5217329545454545 0.17385576923076923 0.08073863636363642 0.09478846153846153
0 0.4198579545454546 0.723798076923077 0.08278409090909095 0.08090384615384626
0 0.18285511363636361 0.13283653846153845 0.07332386363636362 0.1355576923076923
0 0.7338352272727273 0.47706730769230765 0.09619318181818186 0.11271153846153843
0 0.6909303977272727 0.9517403846153846 0.02836647727272723 0.045942307692307775
0 0.590262784090909 0.6290865384615385 0.08120738636363639 0.11259615384615376
0 0.3705113636363636 0.6474038461538462 0.069375 0.10553846153846153
0 0.4718110795454545 0.9628076923076923 0.03651988636363634 0.040230769230769264
0 0.6329119318181818 0.248375 0.05178977272727278 0.17682692307692305
0 0.6888707386363637 0.4174326923076923 0.05296875000000003 0.11144230769230767
0 0.8566051136363636 0.5619711538461539 0.11005681818181821 0.1336346153846154
0 0.3892613636363636 0.7799903846153846 0.09460227272727267 0.0990576923076924
0 0.8613139204545455 0.695173076923077 0.08080965909090908 0.11580769230769236
0 0.8249218749999998 0.1805576923076923 0.047769886363636355 0.06746153846153849
0 0.3608664772727273 0.24442307692307694 0.07173295454545454 0.19319230769230772
0 0.6744105113636363 0.7110096153846154 0.061093750000000065 0.13875000000000007
0 0.8626917613636365 0.2225673076923077 0.057400568181818136 0.08240384615384615
0 0.20247869318181821 0.9191346153846154 0.07063920454545453 0.09734615384615386
0 0.8142258522727274 0.7909038461538461 0.04538352272727279 0.14273076923076916
