0 0.019694602272727273 0.4152884615384615 0.03811079545454546 0.10503846153846155
0 0.9902556818181819 0.8497788461538461 0.01900568181818181 0.05659615384615386
0 0.9853835227272728 0.47478846153846155 0.029232954545454604 0.06834615384615389
0 0.44526278409090914 0.9949230769230769 0.020838068181818204 0.00907692307692313
0 0.4823224431818182 0.40589423076923076 0.08350852272727267 0.04959615384615389
0 0.7449005681818182 0.720951923076923 0.10085227272727265 0.05140384615384619
0 0.46235795454545453 0.34093269230769235 0.06994318181818183 0.06148076923076923
0 0.17967329545454544 0.019971153846153843 0.08102272727272726 0.03536538461538461
0 0.5052911931818183 0.6081538461538462 0.03768465909090913 0.07488461538461538
0 0.5541051136363637 0.4718365384615385 0.06664772727272729 0.09717307692307693
0 0.3057670454545454 0.30275 0.03656250000000001 0.0973076923076923
0 0.4380042613636364 0.631 0.07617897727272727 0.06346153846153846
0 0.9647869318181819 0.3788846153846154 0.024147727272727272 0.04184615384615388
0 0.33634943181818183 0.19753846153846152 0.057386363636363645 0.07553846153846154
0 0.9904758522727274 0.6267980769230769 0.017315340909090825 0.06771153846153853
0 0.005355113636363636 0.82225 0.010284090909090908 0.058884615384615396
0 0.5555894886363636 0.9098461538461539 0.06990056818181824 0.056884615384615464
0 0.9582670454545454 0.03374038461538461 0.026931818181818234 0.03905769230769231
0 0.7193394886363637 0.06784615384615385 0.06021306818181816 0.09111538461538461
0 0.5834019886363637 0.6124711538461539 0.06563920454545452 0.08928846153846155
0 0.43943892045454547 0.972701923076923 0.06708806818181821 0.05448076923076931
0 0.9028480113636363 0.7947980769230769 0.0636505681818181 0.1074038461538462
0 0.19783380681818177 0.22497115384615388 0.08367897727272727 0.12767307692307692
0 0.945127840909091 0.8951250000000001 0.0883522727272728 0.08167307692307686
0 0.6546590909090909 0.9418269230769231 0.06534090909090909 0.07900000000000008
0 0.9329616477272729 0.358 0.07160511363636358 0.09126923076923073
0 0.37670454545454546 0.16339423076923076 0.039090909090909065 0.026903846153846143
0 0.5678622159090909 0.2707788461538462 0.07981534090909091 0.09067307692307691
0 0.03401988636363636 0.8910288461538463 0.06681818181818182 0.046557692307692265
0 0.3574715909090909 0.10449038461538462 0.07187499999999995 0.0695576923076923
0 0.5918039772727273 0.3348269230769231 0.03971590909090914 0.07538461538461541
0 0.5043963068181818 0.28896153846153844 0.07515625000000004 0.07957692307692307
0 0.21054687500000002 0.9678365384615384 0.07762784090909092 0.06432692307692306
0 0.028551136363636365 0.8271634615384615 0.041590909090909095 0.09628846153846163
0 0.15477272727272728 0.9030673076923077 0.04730113636363636 0.05621153846153839
0 0.3283096590909091 0.13628846153846155 0.09110795454545452 0.041846153846153845
0 0.7230397727272727 0.20435576923076923 0.12730113636363646 0.12805769230769232
0 0.5385724431818182 0.6505288461538461 0.06046874999999999 0.053480769230769235
0 0.5304758522727273 0.03052884615384615 0.034531250000000006 0.05813461538461538
0 0.1267684659090909 0.34484615384615386 0.05046875 0.0881153846153846
0 0.5868892045454546 0.8155096153846154 0.10667613636363639 0.09709615384615386
0 0.19050426136363638 0.9129711538461539 0.02348011363636364 0.05482692307692306
0 0.09477982954545454 0.5316826923076924 0.023139204545454553 0.027019230769230792
0 0.6640838068181818 0.7626442307692308 0.07021306818181819 0.12055769230769231
0 0.11437500000000002 0.3007884615384615 0.03454545454545455 0.03596153846153844
0 0.15272017045454545 0.9732980769230769 0.057514204545454556 0.052519230769230776
0 0.013352272727272728 0.756673076923077 0.026704545454545457 0.03800000000000009
0 0.40485795454545453 0.34961538461538466 0.09119318181818184 0.06296153846153843
0 0.5044176136363636 0.6651634615384615 0.06289772727272723 0.06090384615384618
0 0.43544034090909095 0.6010096153846154 0.07690340909090908 0.0699038461538461
0 0.05745028409090909 0.841798076923077 0.04782670454545455 0.055750000000000015
0 0.33254971590909094 0.6115865384615384 0.020241477272727272 0.02582692307692309
0 0.4577840909090909 0.3649807692307692 0.04761363636363642 0.06296153846153849
0 0.6631250000000001 0.020538461538461537 0.04059659090909089 0.04107692307692307
0 0.7350639204545455 0.12885576923076922 0.04492897727272718 0.04001923076923076
0 0.3817542613636364 0.5550288461538462 0.05262784090909089 0.13267307692307695
0 0.909012784090909 0.6602884615384615 0.06950284090909084 0.17173076923076924
0 0.2490625 0.8511249999999999 0.05823863636363636 0.09301923076923078
0 0.19649857954545452 0.4230769230769231 0.021690340909090923 0.02876923076923073
0 0.4649573863636363 0.027403846153846154 0.05755681818181815 0.05480769230769231
0 0.29350852272727274 0.5691538461538462 0.10571022727272729 0.05896153846153851
0 0.6892400568181819 0.11371153846153845 0.06740056818181817 0.060692307692307684
0 0.11149857954545456 0.5843076923076924 0.029673295454545456 0.04676923076923076
0 0.5528693181818182 0.3155769230769231 0.05062500000000006 0.04638461538461539
0 0.9273153409090908 0.9854711538461537 0.028977272727272695 0.024442307692307652
0 0.9788565340909091 0.7902980769230769 0.04180397727272736 0.06367307692307694
0 0.04600852272727273 0.5915769230769231 0.06443181818181819 0.10503846153846155
0 0.5005965909090909 0.028307692307692308 0.02610795454545454 0.056615384615384616
0 0.4261008522727273 0.7033942307692307 0.09705965909090906 0.09025000000000001
0 0.3107457386363636 0.6167596153846154 0.0104403409090909 0.012903846153846115
0 0.5645951704545454 0.937326923076923 0.05825284090909089 0.09749999999999998
0 0.7731321022727274 0.030682692307692303 0.10137784090909091 0.05994230769230769
0 0.3948295454545455 0.18579807692307693 0.057073863636363645 0.06486538461538462
0 0.04147727272727273 0.2325480769230769 0.07440340909090909 0.0749423076923077
0 0.24719460227272724 0.37001923076923077 0.012400568181818167 0.017384615384615425
0 0.8637784090909091 0.41197115384615385 0.08704545454545451 0.09375
0 0.9630681818181818 0.31389423076923073 0.07215909090909084 0.09771153846153846
0 0.36691761363636366 0.8934615384615385 0.09431818181818179 0.05665384615384612
0 0.22975852272727273 0.4880769230769231 0.030852272727272766 0.04669230769230769
0 0.47137784090909096 0.8585576923076924 0.09931818181818185 0.2369230769230769
0 0.6962997159090909 0.6567019230769231 0.08964488636363638 0.09628846153846153
0 0.16412642045454545 0.9325576923076924 0.04151988636363635 0.036846153846153785
0 0.06461647727272728 0.5209423076923076 0.10707386363636365 0.043615384615384625
0 0.33727982954545455 0.6824807692307692 0.037201704545454545 0.1148461538461539
0 0.51015625 0.363 0.06079545454545456 0.06692307692307689
0 0.10286931818181819 0.24175961538461538 0.047812499999999994 0.10009615384615386
0 0.7784161931818182 0.6589519230769231 0.046605113636363556 0.11232692307692313
0 0.16556107954545454 0.49513461538461545 0.05671875000000001 0.08784615384615387
