0 0.4703409090909091 0.07502884615384615 0.021761363636363627 0.11982692307692308
0 0.4582599431818182 0.1744903846153846 0.06026988636363637 0.059673076923076926
0 0.6482244318181819 0.6573365384615385 0.03446022727272726 0.03951923076923068
0 0.6051349431818182 0.6208846153846154 0.03663352272727276 0.14557692307692305
0 0.7481534090909091 0.79325 0.027698863636363636 0.044192307692307725
0 0.6101278409090909 0.8408076923076924 0.058835227272727296 0.13861538461538458
0 0.86171875 0.2850865384615385 0.04977272727272722 0.11371153846153845
0 0.9722798295454546 0.35396153846153844 0.05544034090909087 0.09042307692307688
0 0.4553196022727273 0.43620192307692307 0.09325284090909088 0.07351923076923075
0 0.7557741477272728 0.17098076923076921 0.05018465909090915 0.0993076923076923
0 0.5168110795454545 0.024125 0.07401988636363638 0.04825
0 0.5010085227272728 0.25721153846153844 0.03255681818181821 0.04115384615384614
0 0.4753125 0.39203846153846156 0.0400284090909091 0.05530769230769234
0 0.4939133522727273 0.22278846153846152 0.05572443181818176 0.07073076923076926
0 0.6355823863636364 0.19841346153846154 0.05494318181818183 0.05101923076923077
0 0.6427414772727272 0.34980769230769226 0.07980113636363638 0.09646153846153846
0 0.4273721590909091 0.1511826923076923 0.05139204545454546 0.04982692307692307
0 0.4792826704545454 0.2961346153846154 0.050099431818181876 0.08803846153846154
0 0.4341193181818182 0.2665384615384615 0.06599431818181824 0.09342307692307689
0 0.4229545454545454 0.3265961538461538 0.08440340909090911 0.06865384615384619
0 0.4570099431818182 0.27238461538461534 0.03836647727272726 0.05061538461538466
0 0.20171874999999997 0.4650769230769231 0.06346590909090909 0.0667307692307692
0 0.26448863636363634 0.4720480769230769 0.09872159090909091 0.0947115384615384
0 0.39496448863636363 0.2832596153846154 0.029985795454545473 0.03778846153846155
0 0.05583096590909091 0.35284615384615386 0.05544034090909091 0.11723076923076925
0 0.04930397727272728 0.3195192307692307 0.028181818181818186 0.07119230769230771
0 0.019453125 0.33499999999999996 0.038764204545454546 0.12142307692307695
0 0.13769176136363637 0.030942307692307693 0.05529829545454546 0.061884615384615385
0 0.07931818181818182 0.028740384615384616 0.06963068181818181 0.05748076923076923
0 0.036285511363636364 0.037682692307692306 0.05680397727272728 0.07536538461538461
0 0.005248579545454545 0.0345576923076923 0.01049715909090909 0.0691153846153846
0 0.029985795454545452 0.16577884615384617 0.059914772727272726 0.12478846153846157
0 0.15324573863636365 0.27578846153846154 0.052684659090909094 0.09303846153846153
0 0.22711647727272724 0.28607692307692306 0.038465909090909106 0.06184615384615384
0 0.4227698863636364 0.23202884615384617 0.04340909090909091 0.10048076923076923
0 0.17169744318181818 0.32726923076923076 0.057002840909090906 0.07069230769230768
0 0.09265624999999998 0.33225000000000005 0.0574715909090909 0.10311538461538462
0 0.13299005681818182 0.310875 0.03819602272727271 0.0883653846153846
0 0.1355681818181818 0.36812500000000004 0.03383522727272726 0.05801923076923075
0 0.17710227272727275 0.6943653846153847 0.04744318181818181 0.06500000000000002
0 0.09095170454545455 0.6784230769230769 0.08142045454545455 0.09134615384615384
0 0.043906249999999994 0.8295865384615384 0.06744318181818182 0.07994230769230767
0 0.18279829545454546 0.859548076923077 0.0527556818181818 0.054749999999999945
0 0.18695312500000003 0.8850865384615385 0.05717329545454548 0.052480769230769164
0 0.25779829545454547 0.8560961538461539 0.09303977272727272 0.07719230769230767
0 0.6390269886363636 0.10944230769230769 0.1376278409090909 0.1534230769230769
0 0.00950284090909091 0.7812307692307693 0.01900568181818182 0.03826923076923072
0 0.01616477272727273 0.8338653846153846 0.03232954545454546 0.05019230769230774
0 0.29913352272727267 0.7777115384615384 0.07329545454545454 0.06865384615384613
0 0.1524431818181818 0.9225673076923078 0.13178977272727274 0.08759615384615387
0 0.23386363636363636 0.902 0.03911931818181817 0.025269230769230742
0 0.185078125 0.9529326923076923 0.09325284090909092 0.09413461538461536
0 0.22911221590909092 0.9558076923076922 0.06444602272727269 0.08838461538461534
0 0.2811221590909091 0.8214134615384615 0.08019886363636361 0.1396346153846154
0 0.3225426136363636 0.9713365384615386 0.054971590909090894 0.05732692307692308
0 0.55453125 0.7054038461538461 0.06295454545454544 0.06188461538461529
0 0.1736789772727273 0.2026057692307692 0.10875000000000003 0.13228846153846155
0 0.6573508522727273 0.8085769230769232 0.04742897727272733 0.0827692307692308
0 0.6390838068181818 0.871451923076923 0.05987215909090914 0.07178846153846151
0 0.7106676136363637 0.8501057692307692 0.10812500000000001 0.15913461538461537
0 0.7063920454545454 0.7958173076923076 0.07133522727272723 0.11759615384615381
0 0.747471590909091 0.7310192307692308 0.06690340909090904 0.09676923076923076
0 0.7616761363636364 0.6065192307692308 0.04130681818181824 0.09665384615384613
0 0.91140625 0.47025 0.0601704545454544 0.08546153846153846
0 0.9559943181818181 0.49496153846153845 0.04559659090909094 0.059884615384615356
0 0.9835511363636364 0.5121923076923076 0.032897727272727224 0.09999999999999995
0 0.966512784090909 0.45219230769230767 0.05987215909090906 0.07307692307692308
0 0.26446732954545454 0.29607692307692307 0.03751420454545454 0.04365384615384613
0 0.9804119318181819 0.42967307692307694 0.03917613636363642 0.06773076923076923
0 0.9506747159090909 0.6136538461538462 0.06098011363636373 0.08861538461538458
0 0.9816548295454546 0.5991634615384616 0.036690340909090964 0.08378846153846163
0 0.9647301136363637 0.7135673076923077 0.07053977272727269 0.13394230769230764
0 0.9903977272727272 0.6708076923076923 0.01920454545454543 0.050769230769230726
0 0.9887073863636363 0.6330769230769232 0.02258522727272724 0.05611538461538463
0 0.8425923295454545 0.7173173076923077 0.06507102272727282 0.0461346153846154
0 0.9680539772727272 0.7730769230769231 0.06389204545454548 0.10396153846153836
0 0.9911718750000001 0.8306826923076924 0.01765624999999993 0.06136538461538466
0 0.5793252840909091 0.9426153846153845 0.05984375000000008 0.11476923076923078
0 0.2819247159090909 0.28810576923076925 0.02157670454545454 0.025365384615384613
0 0.5137144886363636 0.9697403846153846 0.055980113636363675 0.060403846153846204
0 0.5076349431818182 0.8986249999999999 0.0918607954545454 0.08759615384615387
0 0.511015625 0.8314807692307692 0.09021306818181817 0.062576923076923
0 0.6572301136363636 0.972548076923077 0.026136363636363603 0.05490384615384618
0 0.6809588068181818 0.9801442307692307 0.05205965909090914 0.039711538461538416
0 0.7033238636363636 0.9661634615384614 0.037102272727272734 0.04255769230769241
0 0.6727698863636363 0.9338653846153846 0.05139204545454546 0.08419230769230764
0 0.6288707386363637 0.9327403846153846 0.05120738636363638 0.06694230769230769
0 0.6236150568181817 0.9785576923076924 0.0556107954545455 0.04288461538461541
0 0.7228764204545454 0.9871634615384616 0.04833806818181814 0.025403846153846006
0 0.2888991477272727 0.3473557692307692 0.04464488636363637 0.06498076923076927
0 0.7433451704545455 0.9716538461538461 0.03444602272727281 0.04492307692307706
0 0.6224005681818181 0.4930096153846154 0.054062500000000006 0.06267307692307698
0 0.5222585227272727 0.5381442307692308 0.08321022727272726 0.052211538461538524
0 0.524921875 0.4801153846153846 0.06473011363636362 0.11384615384615382
0 0.8857244318181817 0.20990384615384616 0.07491477272727275 0.06353846153846154
0 0.8513494318181819 0.22569230769230772 0.056051136363636414 0.032961538461538466
0 0.8382173295454546 0.19997115384615385 0.04458806818181816 0.035865384615384625
0 0.8241122159090909 0.16066346153846153 0.05759943181818192 0.06398076923076924
0 0.8234588068181817 0.09113461538461537 0.04816761363636359 0.1461153846153846
0 0.8082102272727273 0.10542307692307692 0.04488636363636367 0.08830769230769231
0 0.2542542613636364 0.34670192307692305 0.031661931818181804 0.061134615384615426
0 0.7830042613636362 0.052403846153846155 0.05024147727272728 0.10480769230769231
0 0.8461718749999999 0.04107692307692307 0.08188920454545451 0.08173076923076923
0 0.7481889204545454 0.06622115384615385 0.06856534090909096 0.1324423076923077
0 0.7221661931818182 0.0935576923076923 0.057428977272727284 0.1871153846153846
0 0.6711789772727272 0.052028846153846155 0.07855113636363638 0.10371153846153847
0 0.5999928977272727 0.025221153846153848 0.06984375000000002 0.050442307692307696
0 0.48578835227272726 0.020846153846153844 0.04626420454545454 0.041576923076923074
0 0.2731960227272727 0.1366153846153846 0.0738068181818182 0.11265384615384615
0 0.3314630681818182 0.03658653846153846 0.08190340909090908 0.07317307692307692
0 0.05019886363636364 0.9084230769230769 0.03434659090909091 0.10373076923076922
0 0.5225710227272727 0.07153846153846155 0.05312499999999997 0.06446153846153846
0 0.6016051136363636 0.4110384615384616 0.03150568181818183 0.045769230769230736
0 0.4465553977272727 0.030846153846153846 0.03268465909090908 0.06169230769230769
0 0.9644815340909091 0.11521153846153845 0.02001420454545443 0.049615384615384624
0 0.9420880681818182 0.2039423076923077 0.06446022727272727 0.08134615384615385
0 0.9336718749999999 0.15638461538461537 0.07669034090909092 0.06415384615384616
0 0.6791051136363637 0.21400961538461538 0.05267045454545452 0.13513461538461535
0 0.9219673295454546 0.14186538461538462 0.08507102272727271 0.09692307692307692
0 0.98078125 0.027490384615384614 0.03843749999999992 0.05498076923076923
0 0.4658309659090909 0.23572115384615383 0.033849431818181876 0.039403846153846143
0 0.6327627840909091 0.25279807692307693 0.06490056818181818 0.10998076923076926
0 0.4475923295454546 0.2286346153846154 0.04024147727272725 0.06130769230769233
0 0.9813423295454545 0.07904807692307692 0.03731534090909088 0.05375
0 0.4052059659090909 0.3716730769230769 0.06575284090909093 0.046230769230769214
0 0.32576704545454543 0.35388461538461535 0.04181818181818182 0.05711538461538465
0 0.2691903409090909 0.3784519230769231 0.025426136363636373 0.0589038461538462
0 0.23220880681818182 0.36924999999999997 0.04134943181818184 0.12565384615384617
0 0.6901704545454546 0.49424999999999997 0.05886363636363636 0.08134615384615387
0 0.6431605113636363 0.45860576923076923 0.0650994318181818 0.06586538461538462
0 0.41290482954545454 0.6065096153846153 0.05345170454545454 0.11305769230769223
0 0.36681107954545455 0.6624807692307693 0.06887784090909092 0.0636923076923077
0 0.3899147727272727 0.6985288461538461 0.07454545454545457 0.10821153846153843
0 0.126953125 0.5248461538461539 0.05907670454545455 0.10315384615384618
0 0.4370809659090909 0.3754134615384615 0.07654829545454543 0.08971153846153847
0 0.26220170454545455 0.20486538461538462 0.033465909090909095 0.04188461538461539
0 0.3191690340909091 0.39689423076923075 0.027031250000000003 0.04821153846153845
0 0.3505397727272727 0.3838365384615385 0.05571022727272727 0.07840384615384612
0 0.34925426136363635 0.32685576923076926 0.06643465909090907 0.05721153846153846
0 0.336015625 0.2897980769230769 0.09291193181818182 0.05113461538461539
0 0.30139204545454545 0.2468076923076923 0.07051136363636362 0.0756153846153846
0 0.15616477272727272 0.5194711538461538 0.029573863636363627 0.08940384615384617
0 0.3844886363636364 0.33533653846153844 0.029289772727272734 0.04413461538461536
0 0.13201704545454546 0.0801923076923077 0.06954545454545456 0.09788461538461539
0 0.07724431818181818 0.06545192307692307 0.056051136363636365 0.04298076923076923
0 0.47105823863636365 0.35877884615384614 0.04197443181818175 0.041903846153846194
0 0.6335795454545454 0.6103942307692307 0.04946022727272726 0.1503269230769231
0 0.6432386363636363 0.5327307692307692 0.04261363636363636 0.09453846153846159
0 0.5876704545454546 0.43383653846153847 0.11221590909090909 0.09601923076923079
0 0.6654900568181819 0.40901923076923075 0.10140624999999998 0.09088461538461537
0 0.8155397727272727 0.453 0.07269886363636373 0.10211538461538466
0 0.8023934659090909 0.4173173076923077 0.06296874999999989 0.08494230769230772
0 0.7700710227272727 0.4149711538461539 0.06522727272727283 0.061826923076923085
0 0.864424715909091 0.47477884615384613 0.041605113636363746 0.04375
0 0.8841051136363638 0.589125 0.08539772727272728 0.11348076923076933
0 0.9103551136363636 0.528 0.06255681818181813 0.053500000000000096
0 0.5231747159090909 0.3442980769230769 0.047485795454545385 0.05621153846153849
0 0.5761434659090909 0.6580192307692307 0.029559659090909095 0.12538461538461537
0 0.5359090909090909 0.6422211538461539 0.05659090909090905 0.0800576923076923
0 0.51046875 0.5920961538461538 0.04948863636363641 0.06284615384615386
0 0.45639914772727275 0.5380961538461538 0.06919034090909096 0.11265384615384617
0 0.3939417613636364 0.21738461538461537 0.07106534090909095 0.0894230769230769
0 0.33683948863636365 0.17757692307692308 0.12186079545454541 0.10353846153846155
0 0.21786931818181818 0.3375096153846154 0.03963068181818183 0.05101923076923077
0 0.30118607954545457 0.32136538461538466 0.038167613636363645 0.05642307692307693
0 0.20206676136363635 0.4058461538461539 0.047343749999999976 0.09011538461538458
0 0.43848011363636363 0.7755192307692307 0.13491477272727276 0.07942307692307694
0 0.5563920454545455 0.3601442307692308 0.04920454545454544 0.05601923076923076
0 0.40754971590909095 0.811451923076923 0.05183238636363638 0.03890384615384619
0 0.4086860795454546 0.8525096153846154 0.026406249999999964 0.046711538461538395
0 0.43366477272727266 0.06480769230769232 0.061732954545454514 0.07426923076923077
0 0.44906960227272724 0.12816346153846156 0.05035511363636362 0.11036538461538462
0 0.5008451704545455 0.09650000000000002 0.0536789772727273 0.06088461538461539
0 0.28213068181818185 0.632778846153846 0.06585227272727275 0.11794230769230767
0 0.3279616477272727 0.6405096153846154 0.054446022727272746 0.09528846153846145
0 0.786796875 0.7796634615384616 0.05169034090909089 0.10001923076923075
0 0.7771093750000001 0.7873653846153846 0.04004261363636355 0.05546153846153852
0 0.9421803977272727 0.40397115384615384 0.05149147727272727 0.058211538461538426
0 0.5140696022727272 0.299875 0.02944602272727267 0.06732692307692306
0 0.9186576704545455 0.35325961538461537 0.08595170454545453 0.0821346153846154
0 0.9161292613636364 0.29119230769230775 0.08021306818181823 0.13684615384615384
0 0.9036008522727272 0.4095576923076923 0.04669034090909092 0.04688461538461538
0 0.7714133522727273 0.7500480769230768 0.026207386363636266 0.0806346153846154
0 0.8506676136363637 0.7385480769230769 0.08545454545454557 0.0467115384615385
0 0.4337713068181818 0.9365865384615384 0.07524147727272731 0.12682692307692306
0 0.4624218749999999 0.9541538461538461 0.05740056818181822 0.09169230769230771
0 0.06942471590909091 0.9701923076923077 0.049360795454545456 0.05961538461538462
0 0.16691051136363638 0.4295576923076923 0.06279829545454546 0.09157692307692308
0 0.125703125 0.43849999999999995 0.0379403409090909 0.11442307692307686
0 0.5465625 0.22956730769230768 0.06684659090909091 0.10228846153846154
0 0.10692471590909092 0.4228269230769231 0.04120738636363636 0.09334615384615383
0 0.08184659090909091 0.40528846153846154 0.03178977272727273 0.05930769230769226
0 0.10535511363636364 0.6051826923076923 0.07536931818181819 0.08613461538461531
0 0.07715198863636363 0.5988173076923077 0.04339488636363637 0.12744230769230766
0 0.061427556818181815 0.48847115384615386 0.10296875 0.11221153846153845
0 0.22427556818181815 0.5902692307692308 0.07860795454545455 0.08684615384615378
0 0.2805255681818182 0.5688461538461539 0.04355113636363636 0.07361538461538457
0 0.2574431818181818 0.4252596153846154 0.03534090909090908 0.036480769230769226
0 0.2452698863636364 0.3987307692307692 0.026249999999999985 0.041461538461538466
0 0.8449076704545455 0.5177596153846155 0.07399147727272731 0.0895576923076923
0 0.10443892045454546 0.8420961538461538 0.09529829545454546 0.12503846153846152
0 0.8103977272727273 0.5768942307692307 0.06448863636363633 0.07978846153846156
0 0.8203977272727272 0.6700961538461538 0.05426136363636354 0.13003846153846155
0 0.8186505681818183 0.6503461538461539 0.06139204545454549 0.14815384615384608
0 0.9186150568181817 0.6902403846153846 0.048934659090908994 0.07813461538461537
0 0.04520596590909091 0.5450096153846153 0.09041193181818181 0.06271153846153837
0 0.013785511363636364 0.5746249999999999 0.02757102272727273 0.03136538461538462
0 0.2323721590909091 0.6886153846153846 0.07769886363636362 0.07711538461538466
0 0.16754261363636364 0.8054519230769231 0.04451704545454546 0.09532692307692306
0 0.7931463068181818 0.2979807692307692 0.08799715909090916 0.08373076923076922
0 0.11049005681818182 0.8929711538461539 0.10458806818181818 0.09494230769230759
0 0.10387073863636363 0.23350000000000004 0.06964488636363636 0.11684615384615385
0 0.9811647727272728 0.13350961538461537 0.03767045454545452 0.11651923076923076
0 0.12433238636363636 0.5914326923076924 0.10627840909090908 0.11032692307692309
0 0.20795454545454548 0.5253461538461539 0.1034943181818182 0.11742307692307687
0 0.22527698863636364 0.23872115384615386 0.06419034090909091 0.11232692307692307
0 0.24910511363636365 0.2309326923076923 0.052471590909090905 0.09798076923076923
0 0.3631178977272727 0.5605673076923077 0.10200284090909095 0.18782692307692306
0 0.6190980113636364 0.16687500000000002 0.07458806818181825 0.08932692307692308
0 0.5867116477272728 0.23138461538461538 0.053963068181818195 0.0954230769230769
0 0.5601207386363636 0.2838461538461539 0.055411931818181805 0.1008846153846154
0 0.7060653409090909 0.240375 0.03002840909090907 0.0973269230769231
0 0.07350852272727272 0.28464423076923073 0.03431818181818181 0.08105769230769232
0 0.6951491477272728 0.31958653846153845 0.04384943181818182 0.08848076923076921
0 0.7240411931818183 0.307625 0.057173295454545456 0.07717307692307691
0 0.7322727272727273 0.23669230769230773 0.05363636363636362 0.07538461538461538
0 0.750078125 0.4386346153846154 0.07924715909090913 0.07207692307692311
0 0.7025923295454546 0.44614423076923077 0.03731534090909088 0.04348076923076926
0 0.20451704545454544 0.626 0.0968465909090909 0.08557692307692308
0 0.14571732954545455 0.6327403846153846 0.05987215909090908 0.06375000000000007
0 0.19961647727272727 0.09502884615384616 0.07809659090909092 0.19005769230769232
0 0.7347585227272727 0.4699423076923077 0.03258522727272727 0.0592307692307692
0 0.04404829545454546 0.9657692307692307 0.05943181818181819 0.0684615384615385
0 0.5008309659090909 0.1478557692307692 0.06276988636363635 0.13317307692307692
0 0.6106321022727272 0.3333269230769231 0.08561079545454543 0.12030769230769231
0 0.718330965909091 0.5045384615384616 0.03061079545454547 0.08569230769230764
0 0.8198366477272727 0.32808653846153846 0.055639204545454485 0.12163461538461538
0 0.7220809659090909 0.3651153846153846 0.05137784090909085 0.0687692307692308
0 0.7439346590909092 0.37685576923076924 0.05650568181818186 0.08386538461538465
0 0.7878480113636364 0.3626826923076923 0.03421875000000005 0.05105769230769233
0 0.7644318181818182 0.28534615384615386 0.06315340909090915 0.08784615384615384
0 0.7823153409090909 0.16221153846153846 0.04244318181818197 0.11107692307692309
0 0.7980752840909091 0.22879807692307694 0.08544034090909088 0.10317307692307694
0 0.9051207386363636 0.132875 0.12552556818181818 0.10371153846153847
0 0.11574573863636366 0.15152884615384613 0.12546875000000002 0.1425576923076923
0 0.9521377840909092 0.06021153846153846 0.05410511363636368 0.12042307692307692
0 0.5498366477272728 0.1534903846153846 0.051065340909090894 0.1276346153846154
0 0.5932741477272727 0.5417403846153847 0.06174715909090905 0.07025000000000006
0 0.48303267045454545 0.4782692307692307 0.06342329545454542 0.0699230769230769
0 0.42890625000000004 0.5019134615384615 0.08107954545454543 0.1005961538461538
0 0.8968678977272727 0.4418942307692308 0.059559659090909184 0.07113461538461541
0 0.8624786931818181 0.4120961538461539 0.07390625000000012 0.11265384615384617
0 0.7205752840909091 0.6025096153846154 0.05521306818181819 0.15990384615384612
0 0.7824289772727272 0.5275480769230769 0.0641761363636363 0.09955769230769228
0 0.7556178977272726 0.514673076923077 0.05640624999999989 0.10573076923076927
0 0.5150710227272728 0.3879903846153846 0.06349431818181817 0.11778846153846154
0 0.679453125 0.7113653846153846 0.07066761363636363 0.0898846153846153
0 0.64171875 0.7618076923076923 0.059005681818181846 0.08438461538461538
0 0.6807386363636364 0.6439903846153846 0.050454545454545426 0.0924807692307693
0 0.6248934659090909 0.7049615384615384 0.07012784090909091 0.09038461538461538
0 0.027620738636363638 0.08415384615384615 0.055241477272727275 0.10419230769230768
0 0.5584730113636364 0.06744230769230769 0.03586647727272727 0.13488461538461538
0 0.9806392045454545 0.2441826923076923 0.03872159090909089 0.10671153846153845
0 0.9730610795454546 0.29073076923076924 0.05387784090909084 0.09284615384615381
0 0.9873082386363637 0.17893269230769232 0.025383522727272734 0.1000576923076923
0 0.9324005681818182 0.5525865384615385 0.05934659090909087 0.04648076923076926
0 0.14768465909090908 0.7357596153846154 0.23173295454545453 0.17021153846153855
0 0.9039417613636364 0.6220384615384617 0.06774147727272735 0.11788461538461541
0 0.9571448863636363 0.5519038461538461 0.03889204545454545 0.06203846153846152
0 0.9252201704545455 0.7790961538461538 0.03492897727272732 0.15203846153846154
0 0.561953125 0.5768269230769231 0.06930397727272722 0.07457692307692303
0 0.5787926136363637 0.7887115384615384 0.07741477272727272 0.155923076923077
0 0.5155965909090909 0.76775 0.08099431818181815 0.0690384615384616
0 0.5191619318181818 0.6614326923076924 0.056874999999999946 0.06167307692307691
0 0.34971590909090905 0.832528846153846 0.08042613636363637 0.1287115384615385
0 0.20581676136363633 0.2875384615384615 0.04941761363636363 0.0628076923076923
0 0.015284090909090909 0.4607884615384616 0.030568181818181817 0.11542307692307695
0 0.027471590909090907 0.725 0.0546875 0.13715384615384624
0 0.0644034090909091 0.25884615384615384 0.028380681818181815 0.048153846153846165
0 0.04209517045454545 0.24764423076923078 0.01859375 0.04059615384615387
0 0.044921875 0.2770865384615384 0.027116477272727278 0.022403846153846163
0 0.018558238636363637 0.2558173076923077 0.03711647727272727 0.05671153846153848
0 0.34377840909090907 0.24861538461538463 0.08502840909090907 0.05703846153846156
0 0.17994318181818184 0.367875 0.0659090909090909 0.06482692307692309
0 0.041342329545454554 0.4097884615384615 0.06561079545454546 0.0716923076923077
0 0.04739346590909091 0.6192019230769231 0.06305397727272727 0.1009423076923077
0 0.30709517045454543 0.7171249999999999 0.09316761363636364 0.07563461538461536
0 0.10459517045454546 0.9824615384615385 0.03529829545454546 0.03430769230769226
