0 0.6212855113636363 0.182875 0.13217329545454548 0.20121153846153844
0 0.12561789772727272 0.4407019230769231 0.02268465909090909 0.029096153846153838
0 0.1678053977272727 0.3685096153846154 0.03859375 0.19178846153846157
0 0.024524147727272728 0.13844230769230767 0.049048295454545456 0.08923076923076922
0 0.40973721590909096 0.09765384615384616 0.0630823863636364 0.12919230769230772
0 0.148125 0.5940192307692307 0.08002840909090908 0.09361538461538463
0 0.5503267045454545 0.8200096153846154 0.07562500000000001 0.1103653846153847
0 0.15519886363636365 0.2835192307692308 0.03275568181818182 0.13192307692307692
0 0.32017045454545456 0.7488653846153845 0.08610795454545456 0.203
0 0.49615056818181813 0.7608365384615384 0.0373295454545455 0.05674999999999998
0 0.5935511363636364 0.5722596153846153 0.16852272727272724 0.09163461538461534
0 0.17823153409090908 0.16079807692307693 0.02975852272727271 0.14940384615384614
0 0.6653977272727273 0.7029903846153845 0.03499999999999998 0.05036538461538461
0 0.4581107954545454 0.6633173076923077 0.10090909090909085 0.12236538461538461
0 0.9622230113636363 0.5746826923076923 0.07555397727272735 0.1826346153846154
0 0.12513494318181817 0.4402019230769231 0.02569602272727273 0.03090384615384614
0 0.5349076704545455 0.8481249999999999 0.07458806818181817 0.10617307692307688
0 0.4929545454545455 0.5077115384615385 0.10474431818181819 0.08315384615384618
0 0.19162642045454545 0.41091346153846153 0.020213068181818186 0.031942307692307666
0 0.255234375 0.029336538461538463 0.09933238636363638 0.058673076923076925
0 0.3490411931818182 0.6032692307692308 0.04913352272727269 0.10334615384615387
0 0.6886221590909091 0.6125480769230769 0.13599431818181812 0.1069038461538461
0 0.44056818181818175 0.3357307692307692 0.1219602272727272 0.10038461538461542
0 0.5328125 0.8698750000000001 0.07792613636363631 0.13563461538461544
0 0.3292897727272727 0.09976923076923076 0.11829545454545451 0.1183076923076923
0 0.5951136363636363 0.7565865384615384 0.14204545454545456 0.1158269230769231
0 0.7832244318181818 0.26396153846153847 0.14642045454545444 0.1626153846153846
0 0.6990411931818182 0.9740769230769231 0.09981534090909089 0.051846153846153806
0 0.9583806818181819 0.2606153846153846 0.08323863636363639 0.07276923076923078
0 0.16102982954545456 0.02403846153846154 0.09126420454545457 0.048
0 0.566875 0.016346153846153844 0.08335227272727273 0.032653846153846144
0 0.23567471590909095 0.8742403846153847 0.08811079545454546 0.17248076923076922
0 0.5118607954545454 0.6953942307692308 0.07062499999999995 0.08909615384615381
0 0.6528125 0.8685480769230769 0.07568181818181823 0.12324999999999996
0 0.2615553977272727 0.9416346153846153 0.027968749999999997 0.03365384615384615
0 0.05509232954545454 0.8518461538461538 0.07194602272727273 0.11226923076923076
0 0.539502840909091 0.30306730769230766 0.01096590909090913 0.01721153846153844
0 0.7519602272727273 0.060884615384615384 0.0707386363636363 0.12176923076923077
0 0.26094460227272726 0.924375 0.027031250000000003 0.07032692307692306
0 0.26470170454545455 0.21279807692307692 0.07215909090909092 0.11405769230769232
0 0.6092258522727273 0.577875 0.11461647727272727 0.09724999999999999
0 0.7667755681818181 0.7402596153846154 0.08500000000000005 0.05494230769230779
0 0.4037002840909091 0.044778846153846155 0.09441761363636364 0.08955769230769231
0 0.14568892045454546 0.9519134615384616 0.12504261363636365 0.0961730769230769
0 0.1775497159090909 0.9001153846153847 0.07694602272727274 0.07907692307692309
0 0.17946022727272729 0.18004807692307692 0.027897727272727272 0.18448076923076925
0 0.9557031250000001 0.9536538461538461 0.08774147727272741 0.09269230769230767
0 0.42275568181818185 0.16988461538461538 0.07732954545454546 0.07573076923076923
0 0.2542755681818182 0.9785865384615384 0.03545454545454547 0.04282692307692304
0 0.9852556818181818 0.8545961538461538 0.029488636363636352 0.08465384615384612
0 0.14765625 0.5959711538461538 0.08318181818181816 0.09978846153846162
0 0.9524076704545454 0.8883749999999999 0.0910369318181817 0.11655769230769233
0 0.6713636363636364 0.7095769230769231 0.02369318181818183 0.03980769230769229
0 0.958984375 0.33821153846153845 0.08171874999999997 0.09923076923076922
0 0.4158096590909091 0.10428846153846154 0.07792613636363638 0.12353846153846153
0 0.1146875 0.3065865384615385 0.0665340909090909 0.12201923076923077
0 0.16752840909090908 0.02402884615384615 0.10028409090909092 0.047634615384615386
0 0.3956178977272727 0.8477596153846154 0.12723011363636366 0.1306730769230769
0 0.6878196022727273 0.7407596153846153 0.0855539772727273 0.149673076923077
0 0.6691548295454546 0.28215384615384614 0.1343607954545454 0.12176923076923075
0 0.3195596590909091 0.7483173076923076 0.08528409090909093 0.20290384615384613
0 0.4825355113636363 0.38 0.08720170454545452 0.038615384615384586
0 0.09544744318181818 0.4772596153846154 0.11063920454545455 0.15509615384615386
0 0.6941051136363636 0.14516346153846155 0.12613636363636357 0.16555769230769232
0 0.21239346590909092 0.4154038461538461 0.06669034090909091 0.10903846153846157
0 0.5805823863636363 0.36901923076923077 0.06360795454545459 0.13811538461538467
0 0.7599147727272727 0.6864230769230769 0.07786931818181818 0.06903846153846149
0 0.6770170454545454 0.9817115384615385 0.05375000000000005 0.03503846153846159
0 0.8029616477272726 0.14553846153846156 0.1321732954545454 0.14553846153846153
0 0.691328125 0.7467019230769231 0.03992897727272729 0.054634615384615434
0 0.41864346590909096 0.5192211538461539 0.04825284090909087 0.12994230769230763
0 0.15797585227272729 0.3968653846153846 0.060980113636363645 0.14315384615384616
0 0.3651775568181818 0.3840865384615385 0.12120738636363639 0.11063461538461539
0 0.9468892045454546 0.7285865384615384 0.10616477272727275 0.19778846153846158
0 0.025120738636363635 0.13735576923076923 0.05024147727272727 0.08971153846153845
0 0.06454545454545454 0.24458653846153847 0.06514204545454545 0.050173076923076904
0 0.07156249999999999 0.5836923076923076 0.08451704545454546 0.1513076923076923
0 0.15841619318181818 0.28460576923076925 0.045184659090909095 0.13840384615384613
0 0.3510582386363636 0.5959903846153846 0.05038352272727273 0.08021153846153842
0 0.5683664772727273 0.24561538461538462 0.07568181818181814 0.13215384615384618
0 0.25199573863636365 0.9754903846153846 0.09055397727272728 0.04901923076923079
0 0.33394886363636367 0.9897499999999999 0.027727272727272743 0.02050000000000005
0 0.1572159090909091 0.5296346153846153 0.08715909090909092 0.09153846153846147
0 0.5115980113636364 0.06081730769230769 0.1343607954545454 0.12163461538461538
0 0.4765411931818182 0.8328942307692309 0.055269886363636396 0.1289038461538462
0 0.5024289772727273 0.25614423076923076 0.09914772727272729 0.14313461538461536
0 0.08512073863636363 0.1982403846153846 0.10072443181818182 0.11594230769230768
0 0.4710227272727273 0.5890096153846153 0.0795170454545454 0.10617307692307688
0 0.43201704545454545 0.734 0.15838068181818182 0.17226923076923084
0 0.9559517045454545 0.9736538461538462 0.0684375000000001 0.05269230769230765
0 0.018110795454545456 0.918076923076923 0.03622159090909091 0.12473076923076915
0 0.5365553977272728 0.6383846153846154 0.0679971590909091 0.07723076923076928
0 0.20551136363636366 0.26691346153846157 0.06633522727272728 0.13067307692307695
0 0.6403622159090909 0.35936538461538464 0.09214488636363637 0.07573076923076923
0 0.401640625 0.6305865384615384 0.06910511363636361 0.09724999999999999
0 0.248125 0.48632692307692305 0.10360795454545454 0.16157692307692303
0 0.5173437500000001 0.35712499999999997 0.09389204545454541 0.11701923076923076
0 0.46338068181818187 0.9427307692307693 0.11670454545454549 0.11453846153846155
0 0.5337997159090908 0.8064615384615385 0.11012784090909095 0.13661538461538467
0 0.8904332386363637 0.4124519230769231 0.0910369318181817 0.07201923076923075
0 0.5136576704545455 0.8501538461538461 0.027173295454545447 0.059846153846153854
0 0.263125 0.5669326923076922 0.043522727272727296 0.14217307692307693
0 0.10576704545454546 0.37904807692307696 0.05309659090909091 0.045749999999999985
0 0.9688068181818181 0.03500961538461538 0.060369318181818184 0.07001923076923076
0 0.6766761363636363 0.02480769230769231 0.08500000000000005 0.04961538461538462
0 0.08492897727272727 0.8355192307692308 0.10704545454545454 0.14969230769230765
0 0.6160724431818182 0.6510096153846153 0.0987073863636363 0.07871153846153847
0 0.32843039772727267 0.2823653846153846 0.06964488636363636 0.11211538461538459
0 0.033984375000000004 0.7388173076923077 0.06796875000000001 0.16917307692307698
0 0.7621590909090908 0.23264423076923077 0.18267045454545458 0.22790384615384612
0 0.8154829545454546 0.15829807692307693 0.11500000000000005 0.16001923076923077
0 0.6375994318181818 0.3614038461538462 0.09829545454545462 0.06842307692307695
0 0.46040482954545453 0.37952884615384613 0.05157670454545447 0.03713461538461539
0 0.46553977272727276 0.9384807692307692 0.1116477272727273 0.12303846153846157
0 0.5007244318181818 0.05856730769230769 0.16167613636363634 0.11713461538461538
0 0.3258309659090909 0.281875 0.07561079545454544 0.11440384615384615
0 0.4274502840909091 0.32882692307692307 0.11666193181818181 0.08534615384615384
0 0.21436079545454548 0.39760576923076923 0.06485795454545454 0.11205769230769227
0 0.4846946022727273 0.8541346153846153 0.034701704545454556 0.07846153846153849
0 0.9688068181818181 0.03461538461538462 0.060539772727272734 0.06923076923076923
0 0.5181178977272727 0.3570865384615385 0.08350852272727267 0.11194230769230765
0 0.8938849431818181 0.41462499999999997 0.09549715909090911 0.06982692307692308
0 0.25980113636363633 0.4612211538461538 0.08039772727272726 0.11201923076923072
0 0.25485795454545457 0.8590192307692308 0.054346590909090935 0.13696153846153852
0 0.39367187499999995 0.8488173076923077 0.12964488636363633 0.13517307692307684
0 0.4581960227272727 0.662076923076923 0.09394886363636362 0.1346153846153846
0 0.49160511363636367 0.5089038461538461 0.10596590909090904 0.08126923076923075
0 0.9495809659090909 0.8877788461538462 0.0835653409090908 0.11798076923076917
0 0.3295099431818182 0.9901153846153846 0.03274147727272729 0.019769230769230716
0 0.7679474431818182 0.7407596153846153 0.07708806818181815 0.056980769230769224
0 0.9605397727272728 0.33498076923076925 0.07892045454545447 0.09057692307692312
0 0.10651988636363635 0.4881153846153846 0.05849431818181818 0.060346153846153834
0 0.9327698863636364 0.7285961538461538 0.0837499999999999 0.20211538461538467
0 0.060433238636363636 0.8154134615384615 0.07799715909090908 0.10021153846153849
0 0.7586505681818182 0.6920480769230769 0.07954545454545463 0.07686538461538467
0 0.6897230113636363 0.7406923076923076 0.0915198863636363 0.15030769230769236
0 0.4930397727272728 0.7931923076923078 0.037642045454545456 0.05850000000000003
0 0.0325 0.7373269230769232 0.065 0.1625
0 0.676455965909091 0.024759615384615383 0.08475852272727274 0.04740384615384615
0 0.26214488636363636 0.029230769230769234 0.09139204545454546 0.05692307692307692
0 0.22098011363636363 0.9177403846153847 0.05860795454545453 0.07978846153846156
0 0.06542613636363637 0.24464423076923078 0.06428977272727272 0.05748076923076923
0 0.26446732954545454 0.5732403846153847 0.04078124999999997 0.12778846153846152
0 0.9942897727272727 0.9508173076923077 0.011420454545454494 0.09751923076923073
0 0.17881392045454544 0.9003461538461539 0.07458806818181817 0.07626923076923071
0 0.14015625 0.9529326923076923 0.11536931818181818 0.09413461538461536
0 0.26077414772727275 0.9085000000000001 0.01632102272727274 0.03576923076923081
0 0.9894886363636364 0.5139711538461538 0.021022727272727207 0.04575000000000004
0 0.5959446022727272 0.7587692307692308 0.14353693181818183 0.11103846153846156
0 0.08888494318181818 0.2003076923076923 0.09098011363636363 0.11003846153846156
0 0.9587286931818181 0.2646057692307692 0.08254261363636366 0.06548076923076926
0 0.115078125 0.4054230769230769 0.03103693181818181 0.07596153846153846
0 0.24833806818181817 0.972125 0.10565340909090913 0.055750000000000015
0 0.5375213068181818 0.6515384615384614 0.06825284090909092 0.08138461538461537
0 0.018671875 0.919673076923077 0.03734375 0.12123076923076927
0 0.32886363636363636 0.1006730769230769 0.11241477272727271 0.11003846153846153
0 0.474765625 0.5880480769230768 0.08012784090909095 0.09751923076923073
0 0.7605681818181819 0.06339423076923077 0.06167613636363631 0.12678846153846154
0 0.6909730113636364 0.7452403846153846 0.03524147727272728 0.05201923076923079
0 0.3930823863636364 0.6338076923076924 0.04775568181818182 0.09223076923076919
0 0.4121875 0.02821153846153846 0.0843465909090909 0.05642307692307692
0 0.055255681818181815 0.8827596153846153 0.06923295454545454 0.044173076923076864
0 0.4177414772727273 0.5330961538461539 0.04855113636363637 0.15511538461538465
0 0.6630752840909091 0.2849038461538462 0.13012784090909094 0.12446153846153843
0 0.4105397727272727 0.7023269230769231 0.11360795454545453 0.13384615384615378
0 0.3807457386363636 0.04464423076923077 0.06134943181818182 0.08928846153846154
0 0.1178622159090909 0.463875 0.06208806818181818 0.049557692307692275
0 0.26517045454545457 0.2358846153846154 0.06590909090909092 0.06623076923076923
0 0.46062499999999995 0.7814519230769231 0.04877840909090905 0.09086538461538461
0 0.25475142045454546 0.9787019230769229 0.03223011363636363 0.038403846153846094
0 0.36985795454545456 0.39183653846153843 0.12607954545454544 0.09232692307692306
0 0.11414772727272728 0.3073269230769231 0.06389204545454545 0.11715384615384618
0 0.5039559659090909 0.6922307692307693 0.06740056818181817 0.08288461538461532
0 0.103203125 0.8709134615384615 0.07282670454545455 0.08082692307692302
0 0.2151278409090909 0.5075096153846154 0.08352272727272726 0.11832692307692314
0 0.6549289772727273 0.8673365384615385 0.07781249999999997 0.11901923076923074
0 0.42146306818181817 0.17266346153846154 0.07278409090909092 0.06898076923076923
0 0.07050426136363636 0.5864423076923078 0.08276988636363636 0.13953846153846156
0 0.9852982954545454 0.7233173076923077 0.029403409090909157 0.18451923076923085
0 0.7198082386363637 0.9738942307692308 0.05811079545454549 0.05174999999999994
0 0.1278125 0.4029903846153846 0.09471590909090909 0.10344230769230768
0 0.9358522727272728 0.9817980769230769 0.04576704545454549 0.035557692307692214
0 0.6114275568181818 0.6468173076923077 0.10964488636363635 0.08648076923076918
0 0.1442400568181818 0.5314326923076923 0.10021306818181817 0.0946730769230769
0 0.5651917613636364 0.013509615384615386 0.07941761363636367 0.026596153846153846
0 0.06871448863636363 0.49376923076923074 0.05930397727272727 0.04688461538461538
0 0.9619105113636363 0.5681153846153846 0.07617897727272727 0.16888461538461538
0 0.20938210227272727 0.2462884615384615 0.056207386363636355 0.09030769230769232
0 0.67984375 0.11797115384615385 0.10426136363636353 0.10990384615384616
0 0.5039985795454546 0.26842307692307693 0.09700284090909085 0.1463076923076923
0 0.5633877840909091 0.24476923076923077 0.07879261363636368 0.12284615384615384
0 0.5998011363636363 0.3495576923076923 0.10386363636363637 0.16000000000000003
0 0.2536505681818182 0.18141346153846155 0.04286931818181819 0.04598076923076925
0 0.9834090909090908 0.8570673076923077 0.03264204545454532 0.08782692307692311
0 0.42674005681818183 0.9695096153846153 0.05171874999999995 0.06098076923076919
0 0.6200923295454546 0.18524038461538464 0.13012784090909094 0.19232692307692312
0 0.6853409090909092 0.610875 0.1351136363636363 0.1080192307692308
