0 0.7748508522727273 0.4811730769230769 0.03796875000000002 0.054153846153846205
0 0.7239843750000001 0.5319807692307692 0.03768465909090913 0.07338461538461533
0 0.16720170454545455 0.5561153846153847 0.06897727272727273 0.069076923076923
0 0.9255113636363635 0.5280576923076924 0.04017045454545467 0.06646153846153846
0 0.13749289772727272 0.532375 0.08782670454545455 0.06240384615384613
0 0.18473721590909092 0.5892788461538462 0.07217329545454546 0.08201923076923072
0 0.10777698863636363 0.48823076923076925 0.06086647727272727 0.06592307692307688
0 0.8770170454545455 0.4846634615384615 0.05761363636363645 0.06755769230769225
0 0.07155539772727272 0.4533076923076923 0.03362215909090909 0.06200000000000002
0 0.07894176136363637 0.413875 0.035071022727272735 0.04748076923076923
0 0.029836647727272726 0.39758653846153846 0.05967329545454545 0.10359615384615385
0 0.10923295454545455 0.4079903846153846 0.06607954545454545 0.08201923076923072
0 0.6974573863636363 0.4719519230769231 0.022897727272727278 0.07101923076923078
0 0.8281178977272727 0.5033365384615385 0.047485795454545544 0.05548076923076928
0 0.7954545454545454 0.5272403846153847 0.0503125000000001 0.061519230769230784
0 0.11792613636363636 0.43133653846153847 0.06607954545454546 0.05886538461538459
0 0.15632812499999998 0.45566346153846154 0.07623579545454544 0.0973269230769231
0 0.1940127840909091 0.4866634615384615 0.08955965909090911 0.06748076923076923
0 0.25313210227272726 0.4788173076923077 0.02348011363636364 0.049442307692307653
0 0.24197443181818185 0.46371153846153845 0.028977272727272737 0.061615384615384544
0 0.20865056818181815 0.43546153846153846 0.04696022727272724 0.04669230769230769
0 0.7674573863636364 0.5703557692307692 0.05437499999999996 0.06098076923076919
0 0.22328125 0.5239423076923077 0.06116477272727273 0.05884615384615389
0 0.9072443181818183 0.30035576923076923 0.054772727272727355 0.09998076923076925
0 0.21676136363636367 0.5798557692307692 0.0475284090909091 0.052980769230769255
0 0.6171164772727272 0.6579807692307692 0.03855113636363634 0.078
0 0.6398295454545454 0.03564423076923077 0.04991477272727271 0.07128846153846154
0 0.2079190340909091 0.6198846153846155 0.04259943181818183 0.0482692307692307
0 0.23110795454545452 0.6583365384615385 0.022897727272727278 0.043557692307692374
0 0.22980113636363636 0.6287115384615385 0.05159090909090908 0.04707692307692311
0 0.3458806818181818 0.6506826923076924 0.04318181818181815 0.06121153846153843
0 0.3771875 0.5926057692307691 0.0368181818181818 0.051788461538461554
0 0.36544744318181815 0.5916346153846154 0.04464488636363637 0.05846153846153853
0 0.34139204545454543 0.6159615384615384 0.04869318181818186 0.13538461538461535
0 0.8240625 0.29733653846153846 0.06775568181818188 0.08405769230769232
0 0.3341477272727273 0.615951923076923 0.06201704545454545 0.1447884615384616
0 0.30183238636363635 0.6126153846153847 0.02173295454545452 0.06592307692307688
0 0.6505965909090908 0.6747403846153847 0.047073863636363615 0.07086538461538466
0 0.28936789772727267 0.6155673076923077 0.04319602272727272 0.09536538461538457
0 0.26110795454545455 0.5924134615384615 0.031874999999999994 0.050634615384615465
0 0.24545454545454548 0.5521923076923076 0.035937499999999976 0.12634615384615389
0 0.2950213068181818 0.5235480769230769 0.09507102272727273 0.09417307692307697
0 0.6643821022727273 0.034817307692307696 0.02515624999999997 0.06963461538461539
0 0.3241477272727273 0.5433653846153845 0.042017045454545474 0.08907692307692307
0 0.5881036931818181 0.6544134615384615 0.060866477272727225 0.05109615384615383
0 0.6521022727272728 0.5875096153846153 0.0556534090909091 0.06121153846153854
0 0.5296732954545454 0.8052115384615385 0.07548295454545452 0.09338461538461539
0 0.3441477272727273 0.5392403846153846 0.050142045454545474 0.07613461538461534
0 0.2811079545454545 0.5143269230769231 0.05332386363636363 0.07180769230769231
0 0.3155965909090909 0.48803846153846153 0.033039772727272716 0.04511538461538458
0 0.2750213068181818 0.4786153846153846 0.028394886363636376 0.061615384615384544
0 0.2905255681818182 0.45389423076923074 0.025227272727272713 0.04982692307692307
0 0.3693963068181818 0.7288461538461538 0.08359375000000004 0.06042307692307684
0 0.3156036931818182 0.4454615384615384 0.03651988636363634 0.035307692307692276
0 0.22965909090909092 0.39758653846153846 0.030426136363636346 0.043173076923076904
0 0.2702414772727273 0.4283942307692307 0.04028409090909093 0.0529807692307692
0 0.8887784090909091 0.2706826923076923 0.06329545454545463 0.0571346153846154
0 0.25458806818181823 0.4048461538461538 0.055369318181818165 0.06473076923076923
0 0.15894176136363636 0.37934615384615383 0.044928977272727266 0.04669230769230769
0 0.19400568181818179 0.385625 0.06869318181818179 0.06475000000000003
0 0.23617897727272724 0.3663942307692308 0.022613636363636346 0.02628846153846157
0 0.2356036931818182 0.34697115384615385 0.02086647727272727 0.02667307692307693
0 0.34605823863636365 0.7824134615384616 0.05964488636363638 0.06317307692307686
0 0.20473721590909089 0.34265384615384614 0.04955965909090911 0.05884615384615383
0 0.25502130681818186 0.3412788461538462 0.05623579545454546 0.06709615384615382
0 0.29647017045454543 0.40013461538461537 0.029559659090909095 0.06238461538461538
0 0.2945241477272727 0.8096057692307692 0.07100852272727275 0.09667307692307689
0 0.6319602272727273 0.6181153846153846 0.05303977272727269 0.04473076923076921
0 0.3050142045454546 0.3599230769230769 0.04318181818181819 0.0368846153846154
0 0.3171946022727273 0.3122403846153846 0.04376420454545455 0.06632692307692309
0 0.28545454545454546 0.30654807692307695 0.042897727272727254 0.0800576923076923
0 0.24588778409090908 0.2759423076923077 0.044928977272727266 0.08476923076923076
0 0.20487926136363638 0.2886923076923077 0.050440340909090914 0.05611538461538463
0 0.16487926136363634 0.3134230769230769 0.05217329545454546 0.08907692307692307
0 0.6010795454545454 0.01641346153846154 0.03326704545454548 0.03282692307692308
0 0.1519815340909091 0.34873076923076923 0.04319602272727272 0.04511538461538458
0 0.13546164772727273 0.3234230769230769 0.036235795454545465 0.046307692307692334
0 0.6124431818181818 0.052326923076923076 0.03164772727272731 0.06096153846153847
0 0.8658593750000001 0.34237500000000004 0.05234375000000003 0.10932692307692307
0 0.31765625 0.8870576923076923 0.058835227272727296 0.12634615384615383
0 0.0950284090909091 0.343625 0.08406249999999998 0.07651923076923081
0 0.36816761363636363 0.9150769230769231 0.05437499999999996 0.07030769230769231
0 0.05111505681818182 0.37482692307692306 0.06521306818181817 0.08476923076923074
0 0.008678977272727274 0.34736538461538463 0.017357954545454548 0.08003846153846154
0 0.031846590909090915 0.3014519230769231 0.03247159090909091 0.07063461538461542
0 0.07735085227272727 0.25553846153846155 0.10086647727272725 0.17188461538461539
0 0.13053977272727274 0.27260576923076923 0.04028409090909091 0.0788653846153846
0 0.09691051136363636 0.25593269230769233 0.04782670454545455 0.03844230769230771
0 0.05532670454545455 0.26417307692307695 0.035937500000000004 0.06434615384615383
0 0.6003622159090909 0.5794615384615386 0.040866477272727325 0.06238461538461538
0 0.02967329545454545 0.22904807692307694 0.055937499999999994 0.07886538461538466
0 0.6595099431818182 0.08583653846153848 0.07708806818181815 0.052173076923076926
0 0.013458806818181818 0.2647596153846154 0.026917613636363635 0.0827884615384615
0 0.31055397727272727 0.9296346153846153 0.05355113636363635 0.08734615384615388
0 0.017954545454545456 0.17352884615384614 0.03590909090909091 0.08163461538461536
0 0.1640127840909091 0.24789423076923078 0.046946022727272746 0.05532692307692307
0 0.22893465909090913 0.2112019230769231 0.05332386363636363 0.09574999999999999
0 0.20154829545454545 0.24671153846153845 0.04318181818181819 0.03884615384615382
0 0.18284801136363635 0.20432692307692307 0.059701704545454565 0.06946153846153846
0 0.18357954545454547 0.16410576923076925 0.05130681818181819 0.06513461538461536
0 0.6081889204545455 0.5610192307692308 0.04259943181818183 0.06946153846153846
0 0.14300426136363636 0.2041346153846154 0.03217329545454546 0.06515384615384617
0 0.12140625 0.21414423076923075 0.03826704545454545 0.053750000000000006
0 0.08227982954545454 0.1666634615384615 0.04348011363636364 0.06944230769230769
0 0.6869034090909092 0.02218269230769231 0.04585227272727277 0.04436538461538462
0 0.12415482954545455 0.1429230769230769 0.036803977272727266 0.09965384615384616
0 0.6980610795454546 0.06771153846153846 0.04382102272727276 0.05988461538461538
0 0.10908380681818182 0.16725 0.02348011363636364 0.05415384615384615
0 0.09328835227272726 0.112125 0.03072443181818181 0.05532692307692307
0 0.07111505681818181 0.11976923076923077 0.020582386363636365 0.03530769230769229
0 0.1763352272727273 0.09996153846153846 0.047244318181818186 0.08515384615384615
0 0.7322443181818182 0.47489423076923076 0.045511363636363586 0.05101923076923072
0 0.8869602272727274 0.3918269230769231 0.04747159090909085 0.07965384615384619
0 0.1989346590909091 0.13251923076923075 0.014204545454545454 0.024730769230769244
0 0.27687500000000004 0.9562788461538462 0.04786931818181821 0.08678846153846163
0 0.23821022727272725 0.1676442307692308 0.06957386363636363 0.15148076923076925
0 0.3097443181818182 0.9866538461538461 0.037329545454545456 0.026692307692307682
0 0.2489346590909091 0.16253846153846155 0.054488636363636385 0.11223076923076923
0 0.3054545454545455 0.23650961538461537 0.071875 0.08359615384615385
0 0.3313920454545455 0.2153173076923077 0.03738636363636367 0.05767307692307691
0 0.236328125 0.06346153846153846 0.06754261363636366 0.08830769230769231
0 0.21995028409090908 0.10525000000000001 0.026093750000000006 0.04707692307692307
0 0.19328125 0.027903846153846154 0.02724431818181817 0.05580769230769231
0 0.5819602272727272 0.6108557692307692 0.04173295454545454 0.08436538461538462
0 0.22545454545454546 0.015394230769230768 0.03767045454545452 0.029826923076923077
0 0.7209801136363637 0.10039423076923076 0.05397727272727281 0.07251923076923077
0 0.3275994318181818 0.9753942307692308 0.038948863636363656 0.04921153846153841
0 0.015340909090909093 0.013826923076923075 0.030681818181818185 0.02746153846153846
0 0.055319602272727274 0.19805769230769232 0.04754261363636363 0.07023076923076922
0 0.3653338068181818 0.9638557692307693 0.041377840909090906 0.0722884615384615
0 0.03531960227272727 0.11937500000000001 0.06839488636363636 0.06828846153846153
0 0.4274147727272727 0.9704519230769231 0.08034090909090909 0.05909615384615388
0 0.08242187499999999 0.07209615384615385 0.042599431818181814 0.06865384615384616
0 0.05981534090909091 0.04242307692307692 0.030426136363636367 0.08484615384615384
0 0.5152982954545454 0.6500961538461538 0.056818181818181816 0.0898461538461539
0 0.04184659090909091 0.030067307692307692 0.024630681818181822 0.060134615384615384
0 0.024765625 0.06621153846153846 0.04953125 0.10634615384615384
0 0.10024857954545455 0.037375000000000005 0.05913352272727273 0.07455769230769231
0 0.14821732954545455 0.08916346153846152 0.07390625000000002 0.14282692307692307
0 0.14111505681818182 0.02089423076923077 0.09563920454545452 0.041596153846153845
0 0.2908167613636364 0.030653846153846153 0.11217329545454545 0.061307692307692306
0 0.2950142045454545 0.16941346153846154 0.05159090909090908 0.07417307692307691
0 0.2866193181818182 0.13389423076923077 0.040000000000000036 0.08082692307692307
0 0.27588778409090914 0.09623076923076924 0.04115056818181818 0.0675
0 0.3206747159090909 0.1195769230769231 0.03507102272727272 0.05061538461538462
0 0.9133309659090908 0.3605 0.035298295454545485 0.09503846153846152
0 0.29893465909090905 0.06267307692307693 0.024062499999999997 0.061615384615384614
0 0.32965198863636364 0.04266346153846154 0.04259943181818179 0.07728846153846153
0 0.3829900568181818 0.9507884615384615 0.05234375000000003 0.0791153846153847
0 0.3360298295454545 0.06385576923076923 0.06404829545454546 0.06867307692307692
0 0.35414772727272725 0.09014423076923077 0.05042613636363636 0.08359615384615385
0 0.39022727272727276 0.08955769230769231 0.07042613636363634 0.042384615384615396
0 0.3321235795454545 0.01225 0.04811079545454546 0.02353846153846154
0 0.36906960227272734 0.03143269230769231 0.028110795454545482 0.06286538461538461
0 0.7256463068181819 0.03399038461538462 0.04382102272727268 0.06798076923076923
0 0.3934232954545455 0.043644230769230775 0.048977272727272675 0.08709615384615386
0 0.5515269886363636 0.6255769230769231 0.029559659090909095 0.054153846153846094
0 0.42124289772727275 0.03476923076923077 0.036235795454545444 0.06953846153846154
0 0.44674715909090906 0.03167307692307692 0.0286931818181818 0.06238461538461538
0 0.41747159090909086 0.13074999999999998 0.06000000000000001 0.10673076923076921
0 0.36515625 0.12408653846153847 0.051590909090909125 0.04474999999999999
0 0.34125 0.2902692307692308 0.04897727272727275 0.04984615384615387
0 0.40791193181818186 0.16372115384615382 0.04261363636363636 0.05259615384615386
0 0.3755965909090909 0.1474326923076923 0.04985795454545458 0.06709615384615385
0 0.3360298295454545 0.16077884615384613 0.03507102272727272 0.053750000000000006
0 0.9892613636363637 0.8594423076923077 0.021477272727272734 0.10642307692307687
0 0.34907670454545453 0.19374038461538462 0.0397159090909091 0.04748076923076923
0 0.4845738636363636 0.6359711538461539 0.06607954545454543 0.1032115384615385
0 0.37342329545454545 0.212375 0.055937499999999994 0.06436538461538462
0 0.35733664772727275 0.27124038461538463 0.03941761363636364 0.05571153846153846
0 0.4302556818181818 0.9222211538461539 0.05761363636363637 0.09559615384615391
0 0.3945738636363636 0.2541634615384616 0.04607954545454545 0.0749423076923077
0 0.4342826704545455 0.19825 0.06811079545454544 0.04080769230769231
0 0.4406605113636364 0.11976923076923077 0.07044034090909088 0.06434615384615386
0 0.7508025568181818 0.032067307692307694 0.0478835227272727 0.06413461538461539
0 0.45602272727272725 0.18824038461538461 0.06289772727272731 0.09771153846153846
0 0.4473295454545454 0.10113461538461539 0.058835227272727296 0.06003846153846155
0 0.46210937500000004 0.08465384615384615 0.05708806818181818 0.07338461538461538
0 0.5218181818181818 0.7442692307692307 0.044914772727272734 0.08123076923076925
0 0.4119886363636363 0.25979807692307694 0.038494318181818137 0.0781730769230769
0 0.44029119318181825 0.23986538461538462 0.03396306818181822 0.0413846153846154
0 0.44 0.28547115384615385 0.06170454545454545 0.07894230769230769
0 0.40122869318181825 0.33567307692307696 0.04416193181818178 0.08276923076923075
0 0.3248082386363636 0.3995961538461539 0.036235795454545444 0.052730769230769206
0 0.3614914772727273 0.3986730769230769 0.04801136363636361 0.08523076923076922
0 0.3209517045454545 0.46918269230769233 0.039403409090909065 0.04598076923076922
0 0.32955965909090906 0.4382115384615385 0.03849431818181817 0.03434615384615387
0 0.7784019886363635 0.04882692307692308 0.05842329545454545 0.09765384615384616
0 0.653622159090909 0.12813461538461537 0.07264204545454551 0.06757692307692308
0 0.24733664772727273 0.9128076923076922 0.04666193181818185 0.08161538461538462
0 0.9899360795454545 0.7581538461538462 0.019019886363636343 0.08753846153846151
0 0.48353693181818175 0.28983653846153845 0.06386363636363633 0.12751923076923077
0 0.433856534090909 0.34698076923076926 0.03950284090909091 0.07699999999999999
0 0.6767471590909091 0.1481923076923077 0.03855113636363634 0.07361538461538462
0 0.5108025568181819 0.8488846153846155 0.08399147727272727 0.04449999999999998
0 0.47083096590909096 0.8796538461538461 0.0478835227272727 0.07965384615384619
0 0.6755397727272727 0.18747115384615384 0.03855113636363634 0.04121153846153847
0 0.4832102272727273 0.9029903846153845 0.02312499999999996 0.029673076923076937
0 0.9658522727272728 0.8534326923076923 0.04565340909090907 0.10301923076923075
0 0.5166903409090909 0.8898076923076923 0.07059659090909097 0.05603846153846151
0 0.9037997159090909 0.4363173076923077 0.05194602272727264 0.05217307692307691
0 0.9483664772727273 0.9627692307692307 0.10326704545454551 0.07446153846153851
0 0.35813920454545456 0.32490384615384615 0.06630681818181823 0.06719230769230769
0 0.4733451704545455 0.05148076923076923 0.061946022727272745 0.10296153846153847
0 0.48706676136363636 0.9726442307692307 0.08035511363636362 0.054711538461538436
0 0.5554119318181818 0.03431730769230769 0.04565340909090907 0.06863461538461538
0 0.5162784090909092 0.04289423076923077 0.03911931818181821 0.08578846153846154
0 0.4938210227272727 0.20841346153846155 0.06593750000000002 0.05001923076923075
0 0.5025071022727272 0.1426923076923077 0.05072443181818179 0.08142307692307693
0 0.6986647727272728 0.1539519230769231 0.03125 0.06317307692307693
0 0.5318607954545455 0.11277884615384615 0.06593749999999994 0.09417307692307691
0 0.27516335227272726 0.8741538461538462 0.045497159090909095 0.08357692307692315
0 0.5329474431818182 0.10099999999999999 0.036235795454545444 0.06473076923076923
0 0.5284232954545455 0.030875 0.03369318181818186 0.06175
0 0.9217826704545454 0.9713557692307693 0.10208806818181819 0.05728846153846158
0 0.5255184659090909 0.26875 0.06774147727272727 0.06180769230769228
0 0.5606605113636364 0.561326923076923 0.05254261363636365 0.09173076923076921
0 0.468203125 0.9332115384615385 0.05234375000000003 0.07692307692307693
0 0.5010653409090909 0.9727692307692308 0.0620738636363637 0.050538461538461595
0 0.5313139204545455 0.5282211538461538 0.06339488636363635 0.06671153846153846
0 0.4651917613636364 0.3854807692307692 0.046377840909090876 0.0794615384615385
0 0.5403764204545454 0.17751923076923076 0.04021306818181818 0.053961538461538464
0 0.7409375 0.5631826923076924 0.034488636363636326 0.03844230769230771
0 0.23183948863636364 0.8492403846153846 0.05217329545454548 0.06748076923076918
0 0.5584943181818182 0.1265096153846154 0.029346590909090864 0.05101923076923076
0 0.9068821022727274 0.9478557692307692 0.05325284090909092 0.07209615384615387
0 0.5624715909090909 0.10000961538461538 0.05832386363636364 0.07259615384615384
0 0.5673650568181818 0.04042307692307692 0.04419034090909093 0.07603846153846154
0 0.9664417613636364 0.9263942307692308 0.06711647727272728 0.04463461538461534
0 0.5854829545454545 0.11350961538461538 0.04565340909090907 0.07798076923076923
0 0.599609375 0.15789423076923076 0.06521306818181814 0.05298076923076923
0 0.6048579545454547 0.09364423076923076 0.04093749999999999 0.11771153846153845
0 0.9582386363636364 0.9006442307692307 0.026619318181818195 0.04978846153846151
0 0.645078125 0.17628846153846153 0.03007102272727275 0.03973076923076922
0 0.22632812500000002 0.9756346153846155 0.05913352272727272 0.04873076923076918
0 0.45134232954545456 0.3618942307692308 0.040582386363636355 0.04394230769230774
0 0.35618607954545456 0.5052692307692308 0.04666193181818181 0.07692307692307693
0 0.36126420454545455 0.4709326923076923 0.047073863636363615 0.05767307692307694
0 0.3866264204545455 0.4703846153846154 0.0206960227272728 0.07746153846153847
0 0.3983948863636364 0.5151538461538462 0.036931818181818184 0.0714230769230769
0 0.38094460227272725 0.5610288461538462 0.035298295454545485 0.04121153846153847
0 0.7222017045454545 0.16824038461538462 0.03286931818181816 0.09063461538461537
0 0.40102982954545463 0.5632307692307692 0.031661931818181846 0.06757692307692305
0 0.4152272727272727 0.5525096153846154 0.03894886363636358 0.09559615384615391
0 0.9293892045454545 0.8937788461538462 0.042471590909090876 0.04636538461538464
0 0.9439701704545456 0.40499999999999997 0.05924715909090898 0.11261538461538462
0 0.4982102272727273 0.7398461538461539 0.03125 0.06703846153846145
0 0.3817542613636364 0.8651057692307693 0.025553977272727287 0.04174999999999996
0 0.749190340909091 0.21108653846153846 0.06735795454545448 0.06098076923076925
0 0.35801136363636366 0.8543942307692307 0.03164772727272727 0.0532884615384615
0 0.3807457386363636 0.8263750000000001 0.030838068181818154 0.05548076923076917
0 0.41523437500000004 0.860153846153846 0.05356534090909088 0.078
0 0.4982244318181818 0.9422692307692309 0.04178977272727267 0.0719615384615385
0 0.540830965909091 0.6950576923076923 0.06615056818181818 0.11042307692307685
0 0.42151988636363635 0.8205961538461538 0.023948863636363657 0.04065384615384613
0 0.4018394886363636 0.7961538461538461 0.021917613636363645 0.05107692307692297
0 0.2029971590909091 0.9363461538461538 0.10636363636363635 0.09653846153846152
0 0.5818110795454546 0.6906730769230769 0.05478693181818181 0.07526923076923085
0 0.7662215909090908 0.19324038461538462 0.05437499999999996 0.09228846153846156
0 0.42760653409090904 0.7936730769230769 0.024758522727272737 0.03296153846153844
0 0.44465198863636357 0.8131923076923078 0.03205965909090908 0.04669230769230764
0 0.4576349431818182 0.8387307692307692 0.05964488636363638 0.06153846153846154
0 0.47528409090909096 0.7835192307692307 0.038948863636363656 0.06646153846153846
0 0.4551988636363636 0.7686826923076924 0.03286931818181816 0.048903846153846166
0 0.42760653409090904 0.7626442307692308 0.029616477272727225 0.04121153846153847
0 0.9598295454545455 0.8302596153846155 0.05008522727272726 0.06694230769230769
0 0.43551846590909093 0.7228173076923077 0.04464488636363637 0.05382692307692309
0 0.9835298295454545 0.3574807692307692 0.031235795454545467 0.06592307692307693
0 0.4501278409090909 0.6755673076923077 0.047073863636363615 0.06263461538461537
0 0.4245596590909091 0.6656826923076923 0.03002840909090907 0.07251923076923072
0 0.412393465909091 0.6129423076923077 0.0478835227272727 0.07580769230769234
0 0.5864772727272727 0.7417596153846154 0.035710227272727255 0.04009615384615378
0 0.46433238636363633 0.6096538461538461 0.05843749999999998 0.07580769230769234
0 0.7664275568181819 0.15779807692307693 0.07669034090909076 0.14998076923076922
0 0.6345667613636364 0.7475288461538462 0.07345170454545452 0.09778846153846148
0 0.49617897727272725 0.5788846153846153 0.0742613636363636 0.05273076923076926
0 0.48746448863636366 0.5291730769230769 0.06816761363636364 0.08734615384615382
0 0.43592329545454545 0.5689903846153846 0.03409090909090909 0.06701923076923082
0 0.17850852272727272 0.9681730769230769 0.039999999999999994 0.0636538461538462
0 0.4558096590909091 0.5047211538461538 0.10224431818181821 0.07032692307692312
0 0.9883167613636363 0.6984903846153847 0.023366477272727337 0.047211538461538485
0 0.6937926136363637 0.608 0.07426136363636368 0.10326923076923075
0 0.5420383522727273 0.5000576923076923 0.07992897727272733 0.05438461538461544
0 0.4073153409090909 0.46022115384615386 0.028806818181818142 0.047249999999999986
0 0.388046875 0.4247884615384615 0.05112215909090911 0.043384615384615334
0 0.4219247159090909 0.3984134615384616 0.0726278409090909 0.08625
0 0.3829758522727273 0.38139423076923074 0.0263778409090909 0.05767307692307688
0 0.9649005681818181 0.750423076923077 0.04755681818181821 0.11330769230769233
0 0.7112571022727273 0.645625 0.053963068181818195 0.06428846153846156
0 0.14647727272727273 0.9341923076923077 0.046676136363636364 0.06946153846153837
0 0.4432244318181818 0.45939423076923075 0.06735795454545457 0.06648076923076927
0 0.4708238636363637 0.43110576923076926 0.07789772727272724 0.08240384615384615
0 0.4838068181818182 0.4236923076923077 0.09252840909090915 0.07746153846153847
0 0.5339204545454546 0.47121153846153846 0.05397727272727273 0.0362692307692308
0 0.7921946022727273 0.17208653846153846 0.05112215909090911 0.11921153846153847
0 0.5574502840909091 0.4453942307692308 0.045042613636363686 0.08790384615384617
0 0.5807883522727273 0.453625 0.03896306818181811 0.07471153846153845
0 0.5895099431818182 0.5082884615384615 0.05802556818181821 0.04119230769230767
0 0.5073366477272727 0.3918269230769231 0.060866477272727225 0.09503846153846157
0 0.8067968749999999 0.023278846153846153 0.06086647727272731 0.04655769230769231
0 0.9815198863636364 0.44208653846153845 0.03696022727272725 0.1329423076923077
0 0.8106605113636363 0.08885576923076922 0.06776988636363625 0.10328846153846154
0 0.7508167613636364 0.6541346153846154 0.03328124999999993 0.05273076923076926
0 0.5919460227272727 0.4316538461538461 0.028806818181818225 0.07911538461538464
0 0.8216122159090908 0.19873076923076924 0.04098011363636367 0.11865384615384617
0 0.8092542613636362 0.5736538461538462 0.034900568181818255 0.07526923076923074
0 0.770099431818182 0.6178846153846153 0.0645170454545454 0.05273076923076926
0 0.7885582386363637 0.6527596153846154 0.052741477272727266 0.03571153846153856
0 0.9230539772727272 0.8045000000000001 0.043750000000000094 0.11330769230769233
0 0.8041832386363637 0.6318846153846155 0.045042613636363686 0.04119230769230772
0 0.853465909090909 0.19735576923076922 0.026789772727272745 0.1598653846153846
0 0.148359375 0.9822980769230768 0.06086647727272729 0.0354038461538462
0 0.8334659090909091 0.5536923076923076 0.03093749999999996 0.06453846153846154
0 0.8562926136363636 0.5207211538461538 0.020795454545454527 0.07278846153846152
0 0.8682102272727273 0.5289711538461539 0.027386363636363598 0.06317307692307697
0 0.8940767045454546 0.5351442307692307 0.03650568181818172 0.05494230769230768
0 0.9027627840909092 0.8139519230769231 0.07291193181818188 0.14421153846153847
0 0.6483522727272727 0.5404230769230769 0.04747159090909085 0.0428461538461539
0 0.9184232954545454 0.5849326923076923 0.06696022727272725 0.12155769230769227
0 0.8755042613636363 0.8311153846153846 0.0551562499999999 0.08584615384615382
0 0.626640625 0.4662692307692307 0.06410511363636372 0.07911538461538459
0 0.6666051136363635 0.5151634615384615 0.10346590909090905 0.11536538461538463
0 0.11517045454545455 0.9437980769230769 0.02985795454545456 0.05728846153846158
0 0.7319389204545456 0.40392307692307694 0.044218749999999994 0.03680769230769233
0 0.8940767045454546 0.5629615384615385 0.06696022727272725 0.08173076923076923
0 0.8793039772727272 0.8997884615384615 0.07036931818181813 0.06696153846153845
0 0.8456392045454545 0.5667403846153847 0.03602272727272729 0.03709615384615388
0 0.8621875 0.9405576923076924 0.04755681818181821 0.047192307692307735
0 0.9564630681818183 0.5687980769230769 0.027386363636363598 0.08651923076923079
0 0.8403125 0.9692019230769231 0.06465909090909089 0.061596153846153794
0 0.8288991477272728 0.8680288461538461 0.041832386363636266 0.06351923076923072
0 0.6861150568181817 0.6948076923076922 0.03955965909090904 0.07484615384615388
0 0.7041193181818182 0.6889711538461538 0.04210227272727271 0.07005769230769232
0 0.7251349431818181 0.3989615384615384 0.16694602272727269 0.19738461538461535
0 0.9898224431818182 0.5313557692307692 0.01947443181818187 0.05548076923076928
0 0.827315340909091 0.9165192307692307 0.042471590909090876 0.054076923076923085
0 0.8343963068181818 0.044980769230769234 0.07384943181818183 0.08996153846153847
0 0.6357670454545454 0.43879807692307693 0.048295454545454544 0.07582692307692304
0 0.6528125 0.4261634615384615 0.04585227272727277 0.07032692307692306
0 0.8450639204545454 0.8113750000000001 0.05515625000000006 0.07382692307692305
0 0.8603622159090908 0.07045192307692309 0.06086647727272731 0.10051923076923078
0 0.6276491477272728 0.3995192307692308 0.06938920454545458 0.06757692307692305
0 0.870234375 0.6192788461538461 0.033480113636363544 0.06798076923076916
0 0.8073366477272728 0.8075096153846153 0.03677556818181816 0.06609615384615375
0 0.7867187499999999 0.3866057692307692 0.04423295454545453 0.13513461538461535
0 0.22140625 0.9165288461538462 0.04869318181818182 0.07651923076923081
0 0.7587215909090911 0.3783653846153846 0.05559659090909089 0.08569230769230769
0 0.7394460227272727 0.3772692307692308 0.05843749999999998 0.035153846153846154
0 0.6611292613636364 0.3481538461538462 0.04382102272727276 0.056038461538461565
0 0.7053551136363636 0.42176923076923073 0.07303977272727268 0.07361538461538462
0 0.6795880681818182 0.3797403846153846 0.04423295454545453 0.049980769230769245
0 0.5365553977272728 0.392375 0.02759943181818183 0.0532884615384615
0 0.5663778409090909 0.39978846153846154 0.03855113636363634 0.038461538461538464
0 0.5675994318181818 0.3684807692307693 0.05153409090909095 0.043961538461538434
0 0.6197443181818181 0.3399134615384615 0.05599431818181821 0.06921153846153848
0 0.5183025568181818 0.3118942307692308 0.055184659090909124 0.11205769230769227
0 0.188359375 0.9000576923076923 0.043480113636363636 0.060038461538461485
0 0.5655681818181818 0.29019230769230764 0.06696022727272734 0.06976923076923078
0 0.5921519886363636 0.3154615384615385 0.09981534090909089 0.07746153846153847
0 0.8360014204545455 0.6110288461538462 0.05021306818181821 0.0556346153846154
0 0.8507741477272727 0.7594423076923076 0.05515625000000006 0.04376923076923086
0 0.7867400568181818 0.853 0.0551562499999999 0.06953846153846148
0 0.5791619318181819 0.2360865384615385 0.061676136363636384 0.07909615384615387
0 0.5444673295454545 0.2047692307692308 0.12132102272727269 0.089
0 0.6195383522727272 0.1880192307692308 0.03774147727272726 0.0335
0 0.61609375 0.24679807692307693 0.038948863636363656 0.10051923076923076
0 0.6564630681818181 0.2143846153846154 0.058835227272727296 0.04338461538461539
0 0.19647727272727272 0.8519807692307692 0.030142045454545473 0.058076923076923054
0 0.8273792613636363 0.6580673076923077 0.05731534090909094 0.05767307692307694
0 0.7917897727272728 0.267125 0.04625000000000008 0.0686730769230769
0 0.847159090909091 0.6927500000000001 0.09079545454545448 0.07896153846153847
0 0.7922017045454546 0.31738461538461543 0.08602272727272736 0.05053846153846154
0 0.758515625 0.33634615384615385 0.08276988636363634 0.03242307692307695
0 0.8638991477272726 0.707173076923077 0.07862215909090912 0.06523076923076926
0 0.7873650568181819 0.9092211538461539 0.048821022727272734 0.04978846153846151
0 0.7404616477272729 0.30338461538461536 0.05802556818181821 0.039
0 0.7041406250000001 0.3473269230769231 0.02921874999999999 0.13019230769230772
0 0.6802059659090909 0.3223365384615385 0.03490056818181817 0.06701923076923076
0 0.1640127840909091 0.8470865384615385 0.04348011363636366 0.09221153846153844
0 0.7824928977272727 0.6982403846153847 0.03245738636363624 0.0556346153846154
0 0.7548650568181817 0.27866346153846155 0.0535653409090908 0.047788461538461585
0 0.6524076704545455 0.30256730769230766 0.025553977272727287 0.08240384615384615
0 0.6489559659090909 0.2514711538461538 0.034076704545454556 0.07251923076923078
0 0.8940411931818182 0.03591346153846154 0.03813920454545458 0.07182692307692308
0 0.7803977272727274 0.9748942307692309 0.06656250000000002 0.047211538461538485
0 0.7642329545454545 0.6889711538461538 0.03855113636363634 0.06178846153846153
0 0.768671875 0.9431346153846154 0.0950994318181818 0.054076923076923085
0 0.6844673295454545 0.25339423076923073 0.05072443181818187 0.09613461538461537
0 0.7357954545454546 0.2352596153846154 0.09982954545454542 0.11482692307692306
0 0.2864701704545455 0.7370192307692308 0.08549715909090909 0.07769230769230764
0 0.9323934659090909 0.292125 0.04342329545454553 0.049442307692307653
0 0.9330042613636365 0.26876923076923076 0.04788352272727278 0.08184615384615382
0 0.7348082386363637 0.6875961538461538 0.039559659090909124 0.06453846153846154
0 0.7347443181818182 0.9825096153846153 0.032329545454545444 0.034980769230769225
0 0.9407102272727272 0.3297596153846154 0.04139204545454544 0.053288461538461555
0 0.556015625 0.7820192307692307 0.028906250000000033 0.05561538461538464
0 0.9707386363636363 0.32452884615384614 0.028409090909090908 0.05932692307692307
0 0.9591761363636363 0.30063461538461533 0.019886363636363636 0.024730769230769202
0 0.985340909090909 0.2918461538461538 0.028409090909090908 0.08403846153846158
0 0.892421875 0.08803846153846154 0.046264204545454456 0.17415384615384616
0 0.3293678977272727 0.6938461538461539 0.04259943181818183 0.029038461538461582
0 0.9760369318181819 0.2819615384615385 0.04792613636363638 0.09723076923076923
0 0.9678977272727274 0.2418557692307692 0.03894886363636358 0.05767307692307691
0 0.9782457386363635 0.2149326923076923 0.04259943181818167 0.04228846153846155
0 0.5747798295454545 0.765875 0.08470170454545455 0.06728846153846156
0 0.9382741477272727 0.21713461538461537 0.05112215909090911 0.06757692307692305
0 0.6029332386363637 0.8142980769230769 0.09637784090909086 0.04463461538461545
0 0.8893821022727273 0.21905769230769231 0.06208806818181823 0.06811538461538462
0 0.6582173295454545 0.7809903846153846 0.07811079545454547 0.07417307692307691
0 0.7200994318181818 0.7366923076923076 0.10042613636363627 0.04326923076923077
0 0.9167684659090909 0.047105769230769236 0.026775568181818213 0.08571153846153846
0 0.3741477272727272 0.7811538461538461 0.08985795454545449 0.11026923076923083
0 0.9054048295454545 0.183625 0.05356534090909096 0.053288461538461555
0 0.8070880681818182 0.7308557692307692 0.041079545454545396 0.10024999999999999
0 0.7596661931818182 0.7517980769230769 0.06390625000000001 0.06798076923076928
0 0.685106534090909 0.7912884615384616 0.08217329545454549 0.08653846153846154
0 0.5331960227272727 0.951625 0.038039772727272686 0.08309615384615392
0 0.9774289772727272 0.1737403846153846 0.04423295454545453 0.05109615384615383
0 0.563877840909091 0.9334134615384615 0.07102272727272728 0.13317307692307692
0 0.5948153409090909 0.8517115384615385 0.054772727272727195 0.05219230769230766
0 0.9521519886363637 0.6790096153846154 0.049190340909090906 0.09544230769230769
0 0.940234375 0.6525769230769232 0.04259943181818183 0.09888461538461542
0 0.4838494318181818 0.7181730769230769 0.0617329545454546 0.06750000000000005
0 0.9366477272727273 0.016682692307692308 0.037329545454545414 0.033365384615384616
0 0.5998863636363637 0.8932596153846154 0.09738636363636365 0.1009423076923077
0 0.9775142045454547 0.6563461538461539 0.044119318181818266 0.061115384615384565
0 0.9315767045454545 0.1355480769230769 0.04991477272727271 0.09228846153846154
0 0.9461860795454545 0.10231730769230771 0.05234374999999987 0.13898076923076924
0 0.6567045454545455 0.8719711538461539 0.08318181818181819 0.07209615384615387
0 0.9815269886363637 0.6168653846153845 0.036946022727272716 0.07415384615384615
0 0.6475639204545455 0.9444230769230769 0.07507102272727276 0.08376923076923078
0 0.6171377840909091 0.9705192307692307 0.07203124999999998 0.057692307692307584
0 0.7104616477272727 0.9327211538461538 0.11970170454545452 0.13455769230769235
0 0.3715340909090909 0.6557884615384615 0.0875284090909091 0.10907692307692313
0 0.9918607954545454 0.14847115384615384 0.016278409090909142 0.05328846153846154
0 0.954502840909091 0.03426923076923077 0.03409090909090909 0.06853846153846153
0 0.7066548295454546 0.9516057692307693 0.05427556818181823 0.0967884615384615
0 0.9186789772727273 0.7160961538461539 0.04616477272727273 0.06523076923076915
0 0.9784730113636364 0.09545192307692309 0.043053977272727195 0.11317307692307693
0 0.709453125 0.8458846153846155 0.11259943181818187 0.09407692307692311
0 0.7705681818181819 0.7902596153846154 0.048181818181818284 0.06936538461538472
0 0.9032102272727272 0.6628750000000001 0.04565340909090907 0.04121153846153847
0 0.8867258522727273 0.7263942307692308 0.05427556818181823 0.046019230769230784
0 0.7426704545454546 0.8324903846153846 0.04411931818181818 0.0920192307692307
0 0.8465838068181818 0.43850961538461536 0.07953125000000001 0.07086538461538461
0 0.27487215909090906 0.6856057692307692 0.07042613636363639 0.056519230769230745
0 0.9831392045454546 0.023278846153846153 0.03372159090909092 0.04655769230769231
0 0.7575994318181819 0.47391346153846153 0.03826704545454553 0.055326923076923044
0 0.2616903409090909 0.6622596153846154 0.05159090909090908 0.0890576923076922
0 0.22951704545454543 0.7362307692307692 0.03883522727272728 0.08711538461538464
0 0.23473011363636365 0.78175 0.06201704545454549 0.10438461538461533
0 0.1940127840909091 0.7277884615384616 0.033906250000000006 0.06630769230769235
0 0.206328125 0.8074423076923077 0.052741477272727266 0.06946153846153846
0 0.17400568181818182 0.7703653846153847 0.06000000000000001 0.07299999999999995
0 0.16618607954545456 0.6930576923076923 0.04086647727272727 0.08161538461538462
0 0.1350284090909091 0.7468173076923077 0.039999999999999994 0.09809615384615394
0 0.08618607954545454 0.9852019230769232 0.07390625 0.029442307692307806
0 0.7470241477272727 0.6008461538461538 0.036803977272727224 0.03453846153846161
0 0.018799715909090912 0.9306538461538463 0.036519886363636365 0.12596153846153857
0 0.01257102272727273 0.8296153846153845 0.0240625 0.10046153846153848
0 0.026789772727272728 0.835701923076923 0.053579545454545456 0.130673076923077
0 0.06590198863636364 0.8439326923076924 0.04086647727272728 0.07651923076923081
0 0.026484375 0.9620961538461538 0.052457386363636366 0.07580769230769234
0 0.054886363636363636 0.915951923076923 0.04607954545454545 0.049442307692307653
0 0.04169744318181818 0.9826923076923076 0.023764204545454547 0.03461538461538462
0 0.07618607954545455 0.95675 0.060866477272727273 0.055730769230769264
0 0.078359375 0.8825961538461539 0.058252840909090914 0.06750000000000005
0 0.12488636363636361 0.9043749999999999 0.02434659090909091 0.027865384615384632
0 0.8264985795454546 0.4025384615384615 0.07100852272727275 0.12634615384615383
0 0.10923295454545455 0.9018173076923078 0.06607954545454545 0.07298076923076921
0 0.02474431818181818 0.7601634615384615 0.04491477272727273 0.18363461538461529
0 0.012137784090909091 0.7354423076923076 0.023764204545454547 0.09653846153846152
0 0.06126420454545454 0.7568269230769231 0.04897727272727272 0.09926923076923078
0 0.13285511363636363 0.8156826923076923 0.050142045454545474 0.07417307692307691
0 0.1250284090909091 0.8427692307692308 0.052471590909090905 0.11419230769230769
0 0.9673011363636363 0.5445480769230769 0.06451704545454556 0.0961346153846154
0 0.08995738636363636 0.7950865384615384 0.04957386363636363 0.11301923076923073
0 0.11299715909090911 0.7164134615384615 0.03303977272727274 0.07886538461538471
0 0.07387073863636363 0.7266153846153847 0.04174715909090909 0.0655384615384615
0 0.8137144886363636 0.38000961538461536 0.05032670454545463 0.10878846153846153
0 0.046051136363636364 0.682076923076923 0.041732954545454545 0.051807692307692305
0 0.1198153409090909 0.6544134615384615 0.05014204545454545 0.050634615384615354
0 0.9654687500000001 0.48438461538461536 0.055994318181818124 0.058230769230769176
0 0.08111505681818182 0.6901153846153847 0.051008522727272736 0.11026923076923072
0 0.10908380681818182 0.6047788461538461 0.06521306818181817 0.06513461538461539
0 0.11415482954545456 0.630673076923077 0.0892755681818182 0.02276923076923083
0 0.166328125 0.6567692307692308 0.05623579545454544 0.052961538461538504
0 0.19111505681818183 0.6479423076923077 0.08839488636363635 0.11065384615384609
0 0.122421875 0.5751538461538461 0.06927556818181818 0.05453846153846156
0 0.07618607954545455 0.607326923076923 0.043480113636363636 0.06946153846153846
0 0.7528196022727273 0.5231538461538462 0.03913352272727266 0.04396153846153849
0 0.028529829545454546 0.6459807692307692 0.05705965909090909 0.06357692307692309
0 0.015198863636363635 0.5922115384615385 0.03039772727272727 0.0643461538461538
0 0.9151633522727273 0.4747692307692308 0.05356534090909096 0.04449999999999998
0 0.04299715909090909 0.6045769230769231 0.028693181818181812 0.04903846153846154
0 0.053579545454545456 0.5741634615384615 0.03303977272727273 0.047096153846153864
0 0.02504971590909091 0.5329711538461538 0.05009943181818182 0.07848076923076923
0 0.07068181818181817 0.5268846153846154 0.06551136363636362 0.0788846153846154
0 0.051122159090909086 0.4897980769230769 0.045511363636363635 0.09651923076923082
0 0.01997869318181818 0.4654711538461539 0.03995738636363636 0.0690576923076923
0 0.11850142045454545 0.6163461538461539 0.06376420454545456 0.029423076923076837
