0 0.022961647727272726 0.5965673076923077 0.04575284090909091 0.11455769230769229
0 0.2457102272727273 0.9722788461538462 0.0462215909090909 0.05544230769230766
0 0.1603196022727273 0.04268269230769231 0.06958806818181819 0.08536538461538462
0 0.17795454545454545 0.15258653846153847 0.06377840909090908 0.06201923076923077
0 0.3265127840909091 0.011 0.02214488636363637 0.022
0 0.37613636363636366 0.061730769230769235 0.06178977272727273 0.06142307692307693
0 0.3848082386363636 0.027442307692307693 0.09975852272727272 0.054884615384615386
0 0.462109375 0.011067307692307692 0.04441761363636361 0.022134615384615385
0 0.5020738636363636 0.01730769230769231 0.03892045454545459 0.03461538461538462
0 0.2908309659090909 0.08790384615384615 0.07995738636363635 0.13073076923076923
0 0.5892897727272728 0.017432692307692305 0.0728693181818182 0.034826923076923075
0 0.6987286931818182 0.005490384615384616 0.01438920454545462 0.010980769230769231
0 0.22131392045454545 0.9406153846153846 0.05359374999999999 0.11876923076923075
0 0.7613707386363636 0.8229423076923077 0.07271306818181818 0.14511538461538467
0 0.8264985795454546 0.8862692307692308 0.10166193181818173 0.16803846153846153
0 0.8572727272727273 0.8851057692307692 0.061534090909090816 0.22978846153846155
0 0.33866477272727274 0.06665384615384616 0.02738636363636364 0.11553846153846155
0 0.8549928977272727 0.9806634615384615 0.020213068181818207 0.03867307692307695
0 0.8760369318181819 0.9839038461538462 0.01593750000000004 0.03219230769230771
0 0.7821590909090909 0.5510865384615384 0.06204545454545463 0.21725
0 0.8346164772727271 0.5461538461538461 0.035937500000000094 0.08634615384615381
0 0.8191264204545454 0.572 0.02649147727272724 0.07115384615384615
0 0.8706463068181818 0.6344711538461538 0.05794034090909102 0.07782692307692313
0 0.1691193181818182 0.8302692307692308 0.10988636363636366 0.10992307692307686
0 0.8340340909090909 0.7023557692307693 0.03369318181818186 0.12282692307692308
0 0.8281036931818182 0.6401923076923076 0.04345170454545443 0.08496153846153848
0 0.9188778409090909 0.7207115384615385 0.12664772727272738 0.07053846153846155
0 0.9456960227272727 0.8415769230769231 0.05928977272727274 0.0857307692307693
0 0.9834019886363637 0.8432307692307692 0.033196022727272734 0.09119230769230773
0 0.988572443181818 0.9811346153846153 0.022826704545454615 0.03773076923076924
0 0.9756250000000001 0.9412788461538462 0.03517045454545453 0.11744230769230768
0 0.9933877840909091 0.9266634615384616 0.013224431818181741 0.08621153846153844
0 0.5477627840909091 0.913048076923077 0.06873579545454543 0.12859615384615386
0 0.5939630681818181 0.9073173076923077 0.058125000000000024 0.09390384615384623
0 0.1144815340909091 0.8864711538461539 0.0836221590909091 0.141326923076923
0 0.6425 0.9604903846153847 0.04298295454545453 0.07213461538461548
0 0.530546875 0.9736634615384615 0.05521306818181819 0.0526730769230769
0 0.4915198863636363 0.9769903846153846 0.028409090909090908 0.046019230769230784
0 0.33999289772727276 0.8811057692307691 0.14220170454545455 0.12436538461538464
0 0.46581676136363637 0.9721730769230769 0.06731534090909089 0.05565384615384615
0 0.432265625 0.9739038461538462 0.07208806818181818 0.05219230769230766
0 0.7109872159090909 0.9524423076923076 0.03791193181818182 0.09511538461538457
0 0.6784019886363637 0.9800096153846154 0.03345170454545456 0.03998076923076927
0 0.6071022727272727 0.9633750000000001 0.046193181818181876 0.07324999999999995
0 0.5714133522727273 0.9535576923076924 0.045184659090909095 0.09288461538461541
0 0.1782741477272727 0.7885384615384615 0.11353693181818181 0.1785
0 0.6425355113636364 0.9925288461538462 0.04569602272727275 0.014942307692307658
0 0.6991974431818182 0.9333365384615385 0.027798295454545444 0.1068269230769231
0 0.6969744318181817 0.9019903846153845 0.08159090909090909 0.12978846153846144
0 0.6309019886363636 0.8104807692307693 0.02606534090909086 0.07538461538461537
0 0.6773721590909091 0.8649134615384615 0.0921590909090909 0.11432692307692316
0 0.6352911931818181 0.852 0.052372159090909094 0.16599999999999998
0 0.6485369318181818 0.8185192307692307 0.025823863636363645 0.0452692307692307
0 0.8771093749999999 0.13425 0.060184659090909094 0.14634615384615385
0 0.8865411931818182 0.12553846153846154 0.08174715909090903 0.14473076923076922
0 0.9393110795454546 0.24046153846153845 0.08848011363636359 0.09730769230769232
0 0.21093039772727273 0.648451923076923 0.14467329545454544 0.1545576923076923
0 0.8332102272727273 0.34421153846153846 0.08838068181818186 0.09419230769230767
0 0.8808380681818181 0.03907692307692308 0.05767045454545458 0.07815384615384616
0 0.9265767045454545 0.02480769230769231 0.056590909090909136 0.04961538461538462
0 0.9816548295454546 0.2210096153846154 0.036690340909090964 0.09924999999999998
0 0.9537784090909092 0.12472115384615386 0.011136363636363682 0.01778846153846155
0 0.9516761363636363 0.135875 0.09664772727272722 0.14378846153846156
0 0.9762926136363635 0.0878846153846154 0.04741477272727272 0.09026923076923077
0 0.9737571022727273 0.054625 0.05228693181818174 0.10925
0 0.8944105113636364 0.4469711538461539 0.05328124999999999 0.10267307692307695
0 0.8514701704545454 0.4295769230769231 0.06768465909090905 0.07638461538461538
0 0.12607954545454547 0.6563076923076923 0.07875 0.1190000000000001
0 0.9392258522727274 0.4240576923076923 0.05893465909090911 0.0789230769230769
0 0.9423721590909092 0.46174038461538464 0.08937499999999994 0.06932692307692305
0 0.9659801136363636 0.5968653846153846 0.05568181818181808 0.122
0 0.9805255681818181 0.5135096153846154 0.03894886363636358 0.07063461538461537
0 0.9697159090909092 0.48238461538461536 0.0605681818181818 0.06796153846153846
0 0.9802911931818182 0.41539423076923077 0.03941761363636364 0.07663461538461537
0 0.8819247159090909 0.27580769230769236 0.16572443181818192 0.08938461538461537
0 0.9106676136363636 0.3831442307692308 0.10914772727272716 0.0851346153846154
0 0.9749573863636364 0.30236538461538465 0.049857954545454414 0.10807692307692311
0 0.9369176136363635 0.33997115384615384 0.1261647727272728 0.08390384615384615
0 0.08700994318181818 0.7757211538461538 0.06166193181818181 0.13140384615384623
0 0.9907031249999999 0.006817307692307692 0.018593750000000044 0.013634615384615384
0 0.24352982954545455 0.19180769230769232 0.08174715909090911 0.0893846153846154
0 0.18694602272727276 0.19215384615384612 0.05696022727272727 0.035730769230769226
0 0.8178125 0.48023076923076924 0.04400568181818185 0.1143076923076923
0 0.03515624999999999 0.7220096153846154 0.07014204545454544 0.12478846153846151
0 0.016654829545454546 0.6833846153846154 0.03330965909090909 0.1190384615384615
0 0.3519034090909091 0.5856153846153845 0.12664772727272727 0.12092307692307691
0 0.16512073863636365 0.5484903846153847 0.04580965909090909 0.08878846153846157
0 0.18685369318181821 0.5132980769230768 0.053906250000000024 0.10763461538461533
0 0.1630255681818182 0.43504807692307695 0.039261363636363636 0.08671153846153846
0 0.22674005681818182 0.5471634615384615 0.06782670454545454 0.09728846153846149
0 0.10597301136363636 0.5421057692307691 0.10848011363636365 0.12790384615384615
0 0.08541193181818182 0.4568269230769231 0.04985795454545456 0.1136923076923077
0 0.1179403409090909 0.37707692307692303 0.057670454545454546 0.08146153846153843
0 0.06779119318181819 0.3898076923076923 0.05390625 0.13238461538461538
0 0.023920454545454547 0.4335096153846154 0.04764204545454545 0.1077884615384615
0 0.07427556818181819 0.6946923076923077 0.08147727272727273 0.14003846153846153
0 0.28333096590909085 0.5556826923076924 0.06333806818181818 0.10944230769230774
0 0.06863636363636363 0.5953173076923077 0.08147727272727273 0.0627884615384615
0 0.03212357954545454 0.4934807692307693 0.06424715909090908 0.12899999999999998
0 0.3902982954545454 0.30175 0.06715909090909095 0.1
0 0.34742897727272726 0.5137692307692308 0.21738636363636366 0.10276923076923077
0 0.2108380681818182 0.44012500000000004 0.061988636363636364 0.0565576923076923
0 0.181953125 0.3555096153846154 0.07813920454545453 0.1362115384615385
0 0.13232244318181818 0.3005865384615385 0.03683238636363637 0.08390384615384615
0 0.10537642045454546 0.29754807692307694 0.031434659090909096 0.09851923076923075
0 0.07334517045454546 0.2690384615384615 0.08174715909090909 0.11857692307692307
0 0.18293323863636363 0.26423076923076927 0.06393465909090908 0.12984615384615383
0 0.27985085227272727 0.6431442307692308 0.08461647727272731 0.08263461538461543
0 0.1258877840909091 0.17003846153846155 0.08399147727272727 0.06365384615384614
0 0.0992471590909091 0.11784615384615385 0.13727272727272727 0.11711538461538462
0 0.11524857954545453 0.0770576923076923 0.09214488636363635 0.08657692307692307
0 0.05490056818181819 0.05947115384615385 0.047642045454545465 0.1189423076923077
0 0.04833806818181818 0.16709615384615384 0.09667613636363637 0.10607692307692307
0 0.026647727272727274 0.17785576923076923 0.053267045454545456 0.05490384615384618
0 0.012258522727272729 0.0673076923076923 0.024517045454545458 0.10107692307692308
0 0.003515625 0.005923076923076923 0.006974431818181818 0.01176923076923077
0 0.2737002840909091 0.37998076923076923 0.08205965909090907 0.11634615384615385
0 0.35141335227272724 0.42900000000000005 0.08302556818181821 0.0731923076923077
0 0.4675994318181818 0.810451923076923 0.09872159090909091 0.10098076923076921
0 0.3841264204545455 0.4584807692307693 0.0579403409090909 0.08269230769230775
0 0.41551846590909086 0.46642307692307694 0.05794034090909094 0.0991153846153846
0 0.465674715909091 0.5975576923076923 0.05794034090909094 0.17330769230769233
0 0.12776988636363634 0.22603846153846152 0.07019886363636364 0.07892307692307693
0 0.5103125 0.6319423076923077 0.059232954545454526 0.1595384615384615
0 0.5492400568181818 0.5991057692307693 0.04356534090909093 0.09928846153846153
0 0.5800923295454545 0.6563653846153846 0.14390625 0.07638461538461544
0 0.631044034090909 0.5613173076923077 0.10234374999999994 0.08528846153846158
0 0.5975781250000001 0.5962500000000001 0.08529829545454547 0.06869230769230775
0 0.6710866477272728 0.5035769230769231 0.09524147727272729 0.05703846153846153
0 0.5237855113636364 0.882673076923077 0.06342329545454542 0.15099999999999997
0 0.607606534090909 0.49820192307692307 0.0732528409090909 0.09090384615384611
0 0.6567400568181818 0.43167307692307694 0.0946164772727272 0.10661538461538461
0 0.510859375 0.34192307692307694 0.09578125000000001 0.05311538461538463
0 0.49205965909090904 0.3835769230769231 0.08090909090909087 0.04796153846153846
0 0.4594673295454546 0.34242307692307694 0.0866051136363636 0.06157692307692304
0 0.5268323863636364 0.46766346153846156 0.09011363636363635 0.12494230769230774
0 0.5292400568181818 0.5511730769230769 0.0879119318181818 0.07165384615384614
0 0.4605681818181818 0.48010576923076925 0.05818181818181823 0.09532692307692306
0 0.4034232954545454 0.38232692307692306 0.08974431818181823 0.08596153846153844
0 0.4272301136363636 0.2843846153846154 0.06042613636363639 0.09338461538461539
0 0.5439772727272727 0.7528269230769231 0.05735795454545454 0.12473076923076915
0 0.4671235795454546 0.42591346153846155 0.04768465909090908 0.10540384615384615
0 0.43700284090909086 0.2104230769230769 0.06653409090909088 0.09588461538461539
0 0.4922443181818182 0.1972019230769231 0.10866477272727272 0.21817307692307697
0 0.6286718750000001 0.37975 0.15419034090909092 0.08230769230769233
0 0.5710085227272728 0.44400961538461536 0.08713068181818186 0.09667307692307689
0 0.6868678977272727 0.6749326923076924 0.09464488636363635 0.14171153846153844
0 0.6154332386363636 0.6984807692307693 0.06558238636363639 0.04561538461538456
0 0.5706534090909091 0.7000961538461539 0.09116477272727273 0.056538461538461496
0 0.5829332386363636 0.7618365384615384 0.03345170454545456 0.07974999999999995
0 0.5959588068181818 0.8245576923076923 0.03447443181818179 0.08826923076923084
0 0.2830397727272727 0.9603365384615384 0.05730113636363637 0.07878846153846158
0 0.6698792613636364 0.24651923076923077 0.18998579545454544 0.1945769230769231
0 0.6352911931818181 0.14407692307692305 0.13484375 0.17646153846153845
0 0.7335582386363636 0.3212884615384615 0.09151988636363638 0.0789230769230769
0 0.7974928977272726 0.376875 0.07521306818181808 0.11371153846153845
0 0.7630184659090908 0.4443365384615385 0.11910511363636367 0.1824423076923077
0 0.7344886363636364 0.13185576923076922 0.07994318181818186 0.14228846153846156
0 0.780546875 0.19752884615384617 0.1019460227272727 0.20005769230769227
0 0.8337926136363637 0.22973076923076924 0.09252840909090908 0.0766153846153846
0 0.8523579545454545 0.17625961538461538 0.090284090909091 0.11736538461538462
0 0.7880113636363636 0.05980769230769231 0.06309659090909102 0.11961538461538462
0 0.13301846590909092 0.4301057692307692 0.060497159090909094 0.11763461538461542
0 0.8305113636363637 0.05625 0.05389204545454537 0.1125
0 0.44042613636363637 0.0745576923076923 0.046903409090909065 0.08065384615384615
0 0.41340198863636357 0.07684615384615384 0.059218749999999994 0.15346153846153845
0 0.37156249999999996 0.21015384615384616 0.09477272727272727 0.1270769230769231
0 0.3412286931818182 0.2427019230769231 0.051491477272727314 0.06275000000000001
0 0.26044744318181823 0.2843076923076923 0.10941761363636364 0.11634615384615385
0 0.3273792613636364 0.3416730769230769 0.06751420454545455 0.10576923076923077
0 0.33441761363636363 0.32190384615384615 0.06423295454545458 0.07480769230769233
0 0.2669176136363636 0.2403557692307692 0.10593749999999998 0.09421153846153846
0 0.2163920454545454 0.08099038461538462 0.05704545454545454 0.16105769230769232
