0 0.25508522727272726 0.8505865384615384 0.056164772727272716 0.06651923076923083
0 0.6221732954545455 0.34122115384615387 0.07409090909090904 0.14148076923076922
0 0.3893963068181818 0.5218653846153847 0.07186079545454546 0.07592307692307695
0 0.5886576704545454 0.38164423076923076 0.030951704545454574 0.060634615384615384
0 0.15509232954545454 0.7671346153846155 0.08558238636363637 0.0625
0 0.9730539772727272 0.3485673076923077 0.05372159090909098 0.0315576923076923
0 0.1344034090909091 0.22029807692307693 0.043778409090909104 0.08351923076923078
0 0.6378267045454545 0.6313942307692308 0.04923295454545458 0.04940384615384615
0 0.8761789772727273 0.45403846153846156 0.024857954545454544 0.035884615384615376
0 0.7690553977272727 0.8706442307692308 0.055241477272727255 0.17140384615384616
0 0.7286079545454546 0.0995480769230769 0.03914772727272728 0.15609615384615383
0 0.11955255681818183 0.5670096153846155 0.08563920454545454 0.10005769230769236
0 0.1562215909090909 0.9132307692307692 0.09909090909090912 0.10976923076923084
0 0.8365269886363635 0.33597115384615384 0.05294034090909088 0.06740384615384612
0 0.5324786931818182 0.4189423076923077 0.042343750000000006 0.041153846153846166
0 0.1780184659090909 0.2283076923076923 0.06183238636363637 0.11834615384615386
0 0.37873579545454544 0.38484615384615384 0.051107954545454574 0.0795
0 0.6697088068181819 0.6064903846153846 0.043593749999999994 0.05340384615384612
0 0.1434588068181818 0.8209903846153845 0.09984375 0.08282692307692306
0 0.7609943181818182 0.0784326923076923 0.035767045454545544 0.05498076923076923
0 0.3741051136363636 0.10329807692307692 0.1514772727272727 0.16875
0 0.03328835227272728 0.5984134615384615 0.06643465909090909 0.06251923076923076
0 0.8425497159090909 0.06365384615384616 0.046036931818181775 0.127
0 0.48377130681818187 0.9770192307692308 0.06776988636363633 0.045961538461538415
0 0.8997088068181818 0.7635961538461539 0.04617897727272726 0.050076923076923005
0 0.32747159090909095 0.39452884615384615 0.05315340909090907 0.06405769230769232
0 0.61265625 0.5043846153846153 0.06767045454545452 0.20150000000000007
0 0.5592045454545455 0.346 0.05835227272727279 0.051807692307692305
0 0.399765625 0.4805384615384615 0.06163352272727271 0.11269230769230767
0 0.13201704545454546 0.171 0.0509375 0.06357692307692309
0 0.8321946022727272 0.9096538461538461 0.04251420454545463 0.05080769230769234
0 0.8069176136363635 0.28591346153846153 0.05801136363636368 0.06086538461538463
0 0.43727272727272726 0.10796153846153846 0.03852272727272728 0.053192307692307685
0 0.029311079545454546 0.8126153846153846 0.05862215909090909 0.07215384615384612
0 0.9899573863636365 0.8624326923076924 0.019914772727272864 0.0193269230769231
0 0.25665482954545454 0.8464038461538461 0.049360795454545456 0.07207692307692311
0 0.7502059659090908 0.963173076923077 0.09237215909090905 0.07365384615384618
0 0.541434659090909 0.39890384615384616 0.06025568181818184 0.03857692307692308
0 0.13270596590909092 0.12101923076923077 0.11620738636363637 0.10392307692307694
0 0.10329545454545454 0.9533076923076924 0.19142045454545453 0.09338461538461539
0 0.44193892045454547 0.1451923076923077 0.03745738636363637 0.028076923076923065
0 0.8128764204545454 0.5600096153846154 0.0796164772727272 0.08701923076923077
0 0.04411931818181818 0.16534615384615386 0.08823863636363637 0.09103846153846154
0 0.8997301136363638 0.5080673076923077 0.02616477272727267 0.07217307692307687
0 0.22705255681818182 0.1118846153846154 0.10234375000000001 0.11642307692307693
0 0.14531960227272728 0.6398942307692308 0.07887784090909089 0.07840384615384612
0 0.8577982954545456 0.28786538461538463 0.05099431818181815 0.04188461538461539
0 0.6790838068181818 0.8008365384615385 0.061775568181818195 0.0634038461538462
0 0.06335937500000001 0.11927884615384615 0.07680397727272727 0.1120576923076923
0 0.7001136363636363 0.6066923076923078 0.030852272727272766 0.03373076923076927
0 0.8698366477272728 0.02394230769230769 0.03751420454545466 0.04788461538461538
0 0.7250852272727273 0.8125192307692307 0.04616477272727281 0.05080769230769234
0 0.5865482954545453 0.46873076923076923 0.0634659090909091 0.12846153846153843
0 0.14064630681818183 0.8306538461538462 0.034161931818181834 0.05334615384615386
0 0.08639914772727274 0.8004134615384616 0.060809659090909095 0.04675000000000001
0 0.6849857954545455 0.6237596153846154 0.018977272727272745 0.025288461538461603
0 0.8379971590909091 0.10156730769230769 0.05684659090909088 0.11659615384615384
0 0.6702982954545454 0.5721730769230768 0.057244318181818195 0.032923076923076826
0 0.4663849431818182 0.4306923076923077 0.1224005681818182 0.08376923076923078
0 0.3500071022727273 0.7192788461538461 0.12580965909090908 0.07167307692307699
0 0.04618607954545455 0.5305288461538461 0.0923721590909091 0.04517307692307694
0 0.06125710227272727 0.7729711538461538 0.04353693181818182 0.07217307692307687
0 0.038700284090909094 0.6207788461538462 0.07740056818181819 0.06351923076923072
0 0.0971875 0.23134615384615384 0.04417613636363637 0.07757692307692308
0 0.8887357954545455 0.06576923076923077 0.042357954545454615 0.04965384615384615
0 0.9144460227272727 0.5200192307692307 0.048409090909090804 0.11646153846153846
0 0.09460937500000001 0.17046153846153847 0.028650568181818173 0.054961538461538485
0 0.3518678977272727 0.45562499999999995 0.035923295454545486 0.0794807692307692
0 0.7953196022727272 0.5685576923076923 0.04211647727272724 0.04657692307692302
0 0.4039275568181818 0.8084999999999999 0.12856534090909089 0.13934615384615381
0 0.8887713068181817 0.43632692307692306 0.02845170454545467 0.03942307692307692
0 0.5883309659090908 0.28010576923076924 0.08407670454545454 0.09025000000000001
0 0.959275568181818 0.6967884615384616 0.08144886363636368 0.09453846153846159
0 0.19791193181818179 0.14627884615384615 0.04406250000000001 0.07071153846153846
0 0.9740482954545455 0.3699326923076923 0.05059659090909092 0.02809615384615382
0 0.4657102272727273 0.37575961538461533 0.14005681818181823 0.06944230769230766
0 0.2737855113636364 0.2985576923076923 0.08848011363636363 0.10680769230769233
0 0.9195454545454546 0.8469230769230769 0.0916761363636363 0.2041538461538462
0 0.9092329545454546 0.33830769230769236 0.09420454545454536 0.08215384615384615
0 0.40168323863636357 0.8658846153846154 0.041860795454545414 0.05261538461538464
0 0.1100497159090909 0.7859326923076924 0.06305397727272727 0.07063461538461542
0 0.04999289772727273 0.6385576923076923 0.06455965909090909 0.07469230769230775
0 0.757734375 0.11508653846153846 0.030696022727272745 0.049096153846153845
0 0.7401562500000001 0.5966634615384615 0.09846590909090908 0.05540384615384616
0 0.7865269886363635 0.8941346153846155 0.04484375000000007 0.11242307692307689
0 0.3300994318181818 0.10328846153846155 0.04213068181818181 0.04453846153846155
0 0.8209019886363635 0.8095961538461539 0.0936505681818181 0.08634615384615381
0 0.7313849431818181 0.19035576923076922 0.058735795454545485 0.10798076923076924
0 0.8750355113636363 0.5167019230769231 0.061832386363636326 0.11248076923076925
0 0.031782670454545456 0.01223076923076923 0.06356534090909091 0.02446153846153846
0 0.15206676136363637 0.38442307692307687 0.06254261363636361 0.08323076923076923
0 0.9098792613636365 0.6482403846153847 0.06092329545454544 0.07298076923076921
0 0.5535085227272728 0.3799903846153846 0.06161931818181818 0.04628846153846153
0 0.9325568181818181 0.41284615384615386 0.06309659090909102 0.08080769230769233
0 0.8599076704545454 0.6360673076923077 0.06811079545454551 0.08582692307692306
0 0.44725142045454547 0.35352884615384617 0.07274147727272733 0.07055769230769231
0 0.6493963068181817 0.5934519230769232 0.02194602272727271 0.02890384615384621
0 0.8176775568181818 0.23255769230769233 0.11964488636363639 0.08050000000000003
0 0.3565838068181818 0.6358076923076923 0.11833806818181819 0.16165384615384615
0 0.5172869318181817 0.8350288461538462 0.1611647727272727 0.16959615384615384
0 0.009417613636363635 0.6873461538461538 0.01883522727272727 0.09907692307692305
0 0.737322443181818 0.5279903846153846 0.08731534090909086 0.08925
0 0.484765625 0.15611538461538463 0.059360795454545486 0.0951923076923077
0 0.7635298295454546 0.026625000000000003 0.024900568181818142 0.053250000000000006
0 0.7897301136363637 0.47836538461538464 0.12767045454545453 0.11376923076923076
0 0.11014204545454544 0.29542307692307695 0.042642045454545446 0.07361538461538462
0 0.26436789772727276 0.1378653846153846 0.15563920454545455 0.05388461538461539
0 0.39201704545454547 0.9007211538461538 0.046875 0.04413461538461547
0 0.3905681818181818 0.8500769230769231 0.025227272727272713 0.04326923076923077
0 0.8683948863636364 0.8072980769230769 0.03869318181818183 0.09117307692307697
0 0.2387784090909091 0.21001923076923076 0.0746306818181818 0.10776923076923076
0 0.4960014204545455 0.034346153846153846 0.11944602272727277 0.06834615384615385
0 0.7817826704545454 0.041673076923076924 0.03481534090909089 0.08334615384615385
0 0.988877840909091 0.25381730769230765 0.021221590909090825 0.05071153846153844
0 0.8529616477272728 0.41175 0.1609232954545454 0.10538461538461535
0 0.367109375 0.9545288461538461 0.046150568181818195 0.06844230769230765
0 0.5233238636363636 0.954951923076923 0.10292613636363633 0.0900961538461539
0 0.6580681818181818 0.48177884615384614 0.09755681818181819 0.11263461538461537
0 0.14069602272727272 0.6634615384615384 0.0725 0.07938461538461533
0 0.4681605113636364 0.01716346153846154 0.03663352272727276 0.03398076923076923
0 0.8057954545454545 0.9015480769230769 0.034204545454545515 0.11017307692307686
0 0.8092613636363637 0.6412307692307693 0.08897727272727271 0.09876923076923079
0 0.9380539772727272 0.044990384615384606 0.09551136363636364 0.06117307692307691
0 0.8366832386363636 0.869625 0.04151988636363639 0.041826923076923074
0 0.8520312499999999 0.7184423076923078 0.07482954545454538 0.08538461538461545
0 0.1351917613636364 0.32669230769230767 0.05223011363636363 0.03992307692307691
0 0.9322301136363635 0.08001923076923077 0.09238636363636359 0.07580769230769231
0 0.4431392045454546 0.5596346153846153 0.09579545454545454 0.08026923076923079
0 0.9073579545454545 0.023173076923076925 0.06309659090909085 0.04634615384615385
0 0.7660724431818182 0.25825961538461534 0.05461647727272718 0.08017307692307689
0 0.38632102272727276 0.12697115384615384 0.06755681818181819 0.06909615384615383
0 0.047116477272727275 0.34934615384615386 0.08894886363636365 0.1327692307692308
0 0.43803977272727274 0.20109615384615384 0.10076704545454546 0.09557692307692306
0 0.36252130681818184 0.42656730769230766 0.032713068181818225 0.04271153846153842
0 0.031569602272727273 0.7287596153846154 0.06313920454545455 0.09959615384615389
