0 0.5406960227272727 0.78975 0.044488636363636355 0.061115384615384676
0 0.4543323863636364 0.422 0.03403409090909088 0.06200000000000002
0 0.22860795454545454 0.7054519230769231 0.04187500000000002 0.0336730769230769
0 0.4533522727272727 0.4981826923076923 0.05954545454545457 0.05313461538461538
0 0.016761363636363637 0.5132211538461539 0.033522727272727273 0.06175000000000003
0 0.8695809659090908 0.0948076923076923 0.05180397727272715 0.07092307692307691
0 0.2845525568181818 0.4212692307692308 0.018963068181818175 0.03100000000000001
0 0.10691761363636364 0.16425 0.04318181818181818 0.06023076923076922
0 0.6730255681818181 0.16221153846153846 0.05772727272727271 0.06853846153846153
0 0.7304332386363637 0.6337019230769231 0.056264204545454485 0.05490384615384618
0 0.6865980113636364 0.46806730769230764 0.05234375000000003 0.05136538461538463
0 0.2887997159090909 0.3915961538461538 0.03271306818181818 0.04961538461538464
0 0.23646306818181817 0.23805769230769233 0.051022727272727296 0.0371923076923077
0 0.7575852272727274 0.6047692307692308 0.0464488636363637 0.0655384615384615
0 0.6535511363636364 0.9754711538461539 0.04383522727272721 0.04694230769230774
0 0.2763778409090909 0.8436346153846154 0.045795454545454556 0.05846153846153842
0 0.7739417613636363 0.5073365384615385 0.030752840909090876 0.044288461538461485
0 0.5220525568181817 0.7653942307692307 0.052997159090909095 0.0460576923076924
0 0.04824573863636364 0.519 0.03705965909090909 0.04503846153846146
0 0.7062428977272727 0.7836153846153846 0.019133522727272766 0.025884615384615346
0 0.2662286931818182 0.41801923076923075 0.026832386363636385 0.05580769230769227
0 0.06438920454545455 0.25164423076923076 0.06411931818181818 0.07617307692307693
0 0.30417613636363633 0.42038461538461536 0.02028409090909091 0.0380769230769231
0 0.9050639204545454 0.13559615384615384 0.05294034090909088 0.05796153846153846
0 0.5439630681818182 0.811451923076923 0.04187500000000002 0.07086538461538466
0 0.7687073863636364 0.6580673076923077 0.025511363636363527 0.04871153846153854
0 0.17463778409090908 0.4964134615384615 0.03205965909090908 0.03721153846153845
0 0.2528196022727273 0.5336153846153846 0.05103693181818179 0.08680769230769234
0 0.9275923295454547 0.03343269230769231 0.06308238636363632 0.05490384615384616
0 0.04247159090909091 0.6316346153846155 0.045142045454545456 0.0779615384615385
0 0.753330965909091 0.29075961538461537 0.03794034090909096 0.06998076923076921
0 0.9348863636363638 0.48075961538461537 0.0647727272727273 0.03544230769230765
0 0.010582386363636363 0.8687019230769231 0.021164772727272727 0.059173076923076995
0 0.8726775568181818 0.05286538461538462 0.04788352272727278 0.06634615384615385
0 0.24791193181818183 0.6562884615384615 0.05298295454545456 0.08415384615384613
0 0.9826491477272729 0.7597788461538463 0.03467329545454541 0.05667307692307687
0 0.027421875 0.3443557692307692 0.05038352272727273 0.06555769230769232
0 0.2135653409090909 0.5624038461538461 0.039261363636363615 0.061115384615384565
0 0.7948153409090909 0.19501923076923075 0.03480113636363636 0.052230769230769226
0 0.28259232954545455 0.18136538461538462 0.029446022727272713 0.06023076923076922
0 0.6081960227272727 0.9896442307692308 0.019659090909090873 0.020711538461538427
0 0.5583593750000001 0.8364038461538462 0.03663352272727276 0.08415384615384613
0 0.1945880681818182 0.052201923076923076 0.028778409090909098 0.043403846153846154
0 0.20047585227272727 0.6912788461538462 0.037940340909090924 0.05136538461538458
0 0.6136434659090909 0.6093461538461539 0.05561079545454542 0.0398461538461539
0 0.9384872159090908 0.5697788461538461 0.03924715909090908 0.03809615384615385
0 0.21716619318181818 0.7386730769230769 0.03598011363636366 0.054038461538461584
0 0.8200639204545456 0.8454038461538462 0.061491477272727385 0.0708461538461538
0 0.7696875 0.7882692307692307 0.03664772727272721 0.06996153846153845
0 0.20375 0.49153846153846154 0.044488636363636355 0.06819230769230765
0 0.29404119318181815 0.20307692307692307 0.02879261363636361 0.054038461538461556
0 0.19197443181818183 0.1026923076923077 0.03664772727272729 0.05934615384615385
0 0.8711008522727273 0.8262115384615385 0.04842329545454534 0.0761923076923077
0 0.6901917613636364 0.7617019230769232 0.038593750000000024 0.05225000000000003
0 0.1271164772727273 0.4488942307692308 0.050369318181818175 0.06174999999999997
0 0.8527840909090909 0.7498846153846154 0.04448863636363627 0.09300000000000003
0 0.11999289772727272 0.45339423076923074 0.034218749999999985 0.05274999999999996
0 0.5743892045454545 0.08502884615384616 0.022244318181818136 0.03459615384615385
0 0.5312073863636364 0.8764038461538461 0.04252840909090909 0.05846153846153853
0 0.03067471590909091 0.8757692307692307 0.03990056818181818 0.03473076923076923
0 0.6993536931818182 0.2929807692307692 0.028139204545454547 0.04961538461538464
0 0.858671875 0.7225769230769231 0.05365056818181815 0.0673076923076923
0 0.8943252840909092 0.5653461538461538 0.05299715909090901 0.06288461538461536
0 0.7229119318181817 0.6883269230769231 0.04644886363636362 0.05315384615384613
0 0.016285511363636363 0.5865384615384616 0.032571022727272726 0.04373076923076925
0 0.4981676136363636 0.4304230769230769 0.056278409090909094 0.08238461538461539
0 0.5511647727272727 0.03699038461538462 0.08113636363636365 0.06732692307692309
0 0.6820170454545454 0.38199999999999995 0.058892045454545426 0.05403846153846153
0 0.021207386363636362 0.9591634615384615 0.039261363636363636 0.08167307692307697
0 0.562940340909091 0.9742211538461539 0.045795454545454556 0.05155769230769231
0 0.8926704545454546 0.32507692307692304 0.04281249999999998 0.05107692307692308
0 0.19033380681818182 0.4654038461538461 0.032059659090909104 0.05138461538461538
0 0.8328196022727273 0.8155769230769231 0.030752840909090876 0.05669230769230762
0 0.7448224431818182 0.7469423076923076 0.035326704545454474 0.08946153846153854
0 0.026782670454545455 0.14704807692307692 0.04867897727272728 0.05801923076923076
0 0.268515625 0.8865865384615385 0.05495738636363636 0.04871153846153843
0 0.9478693181818181 0.34909615384615383 0.032670454545454544 0.04726923076923074
0 0.8207173295454545 0.7488461538461538 0.03271306818181814 0.05846153846153853
0 0.8684517045454545 0.23200000000000004 0.03943181818181817 0.05230769230769231
0 0.8871235795454545 0.9183365384615384 0.029446022727272755 0.046057692307692286
0 0.2613210227272727 0.17250961538461537 0.02355113636363634 0.047826923076923086
0 0.47461647727272727 0.44990384615384615 0.03795454545454549 0.0664230769230769
0 0.09514204545454547 0.1336826923076923 0.047102272727272736 0.05224999999999999
0 0.24169744318181818 0.9361923076923077 0.02748579545454549 0.06465384615384616
0 0.17136363636363636 0.5446923076923077 0.038607954545454536 0.057576923076923074
0 0.8721093750000001 0.3033461538461539 0.04336647727272724 0.061
0 0.005177556818181817 0.9612884615384616 0.008508522727272726 0.059346153846153764
0 0.8693039772727272 0.022375 0.038863636363636385 0.03736538461538461
0 0.9090553977272727 0.24890384615384617 0.04021306818181811 0.046961538461538437
0 0.9417755681818182 0.24054807692307692 0.025227272727272713 0.048019230769230765
0 0.5459232954545454 0.6080096153846153 0.04187500000000002 0.046057692307692286
0 0.7108025568181818 0.7320288461538461 0.03794034090909088 0.06555769230769226
0 0.19230113636363635 0.6540769230769231 0.05693181818181816 0.08149999999999999
0 0.013572443181818182 0.6347788461538462 0.02660511363636364 0.07332692307692307
0 0.43601562499999996 0.4264423076923077 0.03532670454545455 0.06023076923076922
0 0.22893465909090913 0.6709134615384615 0.02289772727272724 0.047826923076923086
0 0.29011363636363635 0.23983653846153846 0.03926136363636366 0.04428846153846151
0 0.02448153409090909 0.39911538461538465 0.02879261363636364 0.03276923076923075
0 0.17463778409090908 0.9674903846153846 0.03336647727272726 0.03632692307692305
0 0.3192258522727273 0.022971153846153846 0.03990056818181819 0.04517307692307693
0 0.22959517045454544 0.28101923076923074 0.052997159090909095 0.0681923076923077
0 0.918018465909091 0.07765384615384616 0.04393465909090902 0.04726923076923077
0 0.2358096590909091 0.18358653846153847 0.027471590909090914 0.046942307692307686
0 0.18313920454545454 0.22831730769230768 0.05823863636363636 0.05490384615384615
0 0.5390553977272727 0.6471346153846154 0.054303977272727295 0.08061538461538464
0 0.3692755681818181 0.9025384615384616 0.01701704545454544 0.02392307692307692
0 0.8515625 0.28771153846153846 0.0382954545454546 0.06326923076923079
0 0.37484375 0.8368461538461538 0.04252840909090913 0.05846153846153853
0 0.9115411931818183 0.3521442307692308 0.04223011363636366 0.06251923076923076
0 0.0686434659090909 0.7001346153846154 0.058224431818181814 0.037192307692307754
0 0.21094460227272727 0.5145673076923076 0.03924715909090908 0.04871153846153849
0 0.01924715909090909 0.2562211538461538 0.037954545454545456 0.06644230769230769
0 0.7223792613636363 0.26640384615384616 0.03833806818181811 0.04784615384615384
0 0.6167258522727272 0.1253846153846154 0.03595170454545455 0.04738461538461537
0 0.18706676136363634 0.18447115384615384 0.06870738636363635 0.057557692307692324
0 0.19164772727272725 0.5579711538461538 0.04252840909090907 0.04517307692307694
0 0.2609943181818182 0.07921153846153846 0.04252840909090909 0.062000000000000006
0 0.2374431818181818 0.7577115384615385 0.04252840909090909 0.04961538461538464
0 0.34507102272727275 0.024990384615384612 0.04971590909090909 0.049980769230769224
0 0.4006889204545455 0.6080192307692307 0.07589488636363638 0.11869230769230764
0 0.9456818181818182 0.9542019230769231 0.06411931818181817 0.05048076923076923
0 0.10234375 0.19701923076923078 0.04579545454545455 0.05138461538461538
0 0.9721377840909091 0.23733653846153846 0.03705965909090898 0.0629807692307692
0 0.10383522727272726 0.4675480769230769 0.032301136363636365 0.0913269230769231
0 0.8966122159090909 0.5077788461538462 0.036633522727272674 0.05578846153846158
0 0.1285440340909091 0.5087115384615384 0.034218750000000006 0.060461538461538455
0 0.23482954545454546 0.20882692307692308 0.045142045454545456 0.03365384615384615
0 0.3856321022727273 0.36664423076923075 0.05103693181818179 0.08236538461538459
0 0.014857954545454547 0.7542019230769231 0.029715909090909095 0.05659615384615375
0 0.3002556818181818 0.2606538461538461 0.038607954545454556 0.05934615384615385
0 0.022940340909090907 0.7947307692307692 0.045880681818181814 0.07076923076923079
0 0.6643465909090909 0.4011923076923077 0.039261363636363615 0.05226923076923078
0 0.3990838068181819 0.17554807692307692 0.029247159090909056 0.05098076923076924
0 0.2567471590909091 0.7271538461538462 0.044488636363636355 0.07707692307692315
0 0.12916193181818184 0.6677980769230769 0.028778409090909098 0.04517307692307694
0 0.5083025568181818 0.8488076923076923 0.03205965909090908 0.059346153846153875
0 0.41899857954545455 0.18048076923076922 0.03663352272727276 0.053153846153846156
0 0.9875639204545454 0.9488942307692307 0.024872159090909077 0.08059615384615379
0 0.610049715909091 0.16247115384615385 0.03401988636363635 0.03721153846153845
0 0.7938991477272727 0.7988942307692308 0.03532670454545455 0.0752884615384615
0 0.27735085227272727 0.9081442307692308 0.037286931818181816 0.03632692307692305
0 0.7631392045454546 0.5693461538461538 0.04187500000000002 0.05669230769230773
0 0.26524857954545455 0.9285192307692308 0.02487215909090912 0.03984615384615379
0 0.889090909090909 0.7682019230769231 0.045142045454545414 0.07528846153846161
0 0.5027414772727272 0.7932884615384616 0.044488636363636355 0.05580769230769227
0 0.9447017045454544 0.9798942307692307 0.024204545454545565 0.027442307692307547
0 0.7229048295454544 0.3075961538461538 0.03336647727272721 0.03453846153846155
0 0.9535298295454545 0.7491538461538462 0.034019886363636426 0.0637692307692307
0 0.964580965909091 0.356375 0.07083806818181819 0.09821153846153845
0 0.013437500000000002 0.551625 0.026875000000000003 0.051826923076923055
0 0.753984375 0.6744519230769231 0.0327130681818183 0.04959615384615389
0 0.012620738636363633 0.8275288461538461 0.02470170454545454 0.03344230769230767
0 0.4317613636363637 0.11022115384615384 0.03599431818181815 0.07617307692307694
0 0.37517045454545456 0.8851153846153846 0.044488636363636314 0.04519230769230769
0 0.43797585227272734 0.473375 0.04055397727272729 0.044288461538461596
0 0.6401420454545454 0.8409711538461537 0.06803977272727278 0.07971153846153844
0 0.7723082386363636 0.5347884615384616 0.03140625000000002 0.030115384615384662
0 0.9036576704545454 0.09976923076923076 0.03436079545454537 0.03507692307692308
0 0.36883522727272733 0.16873076923076924 0.04207386363636368 0.04461538461538462
0 0.167109375 0.4596442307692307 0.03532670454545457 0.046942307692307686
0 0.7111292613636363 0.27437500000000004 0.029446022727272755 0.05490384615384612
0 0.156640625 0.5105865384615385 0.03140625 0.047826923076923086
0 0.6319602272727273 0.8409807692307693 0.06607954545454552 0.09034615384615388
0 0.8177769886363635 0.7988942307692308 0.03598011363636369 0.03986538461538465
0 0.07224431818181819 0.20484615384615384 0.03926136363636365 0.0363076923076923
0 0.4958735795454546 0.838173076923077 0.03205965909090908 0.08061538461538464
0 0.797166193181818 0.74 0.023565340909090956 0.05315384615384613
0 0.04302556818181818 0.8416923076923077 0.04559659090909091 0.048884615384615304
