0 0.6112428977272727 0.6477788461538462 0.0449005681818182 0.06009615384615385
0 0.6118252840909091 0.8173557692307691 0.04688920454545453 0.04444230769230761
0 0.3189275568181818 0.7468076923076924 0.03660511363636365 0.04792307692307696
0 0.7827272727272727 0.6897884615384615 0.025284090909091006 0.048769230769230794
0 0.5942400568181818 0.8413653846153846 0.03262784090909087 0.037307692307692264
0 0.9932599431818182 0.9944326923076924 0.01348011363636365 0.011134615384615314
0 0.13520596590909092 0.3977884615384616 0.0126846590909091 0.016653846153846148
0 0.34432528409090907 0.8396826923076923 0.036406249999999994 0.07244230769230772
0 0.4937571022727273 0.9024134615384616 0.059161931818181863 0.06705769230769232
0 0.9913849431818181 0.17206730769230769 0.016946022727272657 0.04048076923076922
0 0.5029545454545455 0.8731153846153846 0.046250000000000006 0.04657692307692302
0 0.5368039772727272 0.6218076923076924 0.030482954545454518 0.05103846153846158
0 0.12873579545454544 0.43945192307692305 0.019034090909090896 0.029250000000000016
0 0.47121448863636367 0.4801442307692308 0.041803977272727284 0.04975000000000001
0 0.5250639204545454 0.5593365384615385 0.04774147727272729 0.04848076923076919
0 0.6367400568181818 0.4188076923076923 0.02626420454545456 0.038423076923076956
0 0.7868750000000001 0.9744134615384615 0.03508522727272718 0.051173076923076946
0 0.016512784090909092 0.06575961538461539 0.032258522727272726 0.05751923076923077
0 0.09588778409090909 0.774375 0.04211647727272727 0.06078846153846156
0 0.5597372159090909 0.6188173076923077 0.038678977272727295 0.040865384615384616
0 0.9124289772727271 0.01773076923076923 0.034602272727272745 0.03453846153846154
0 0.061122159090909095 0.692076923076923 0.030596590909090907 0.03711538461538453
0 0.07761363636363637 0.7262307692307692 0.02622159090909091 0.04519230769230769
0 0.5129261363636364 0.15144230769230768 0.03190340909090906 0.060769230769230756
0 0.4799005681818182 0.45137499999999997 0.029602272727272692 0.03048076923076922
0 0.2849360795454545 0.7421826923076923 0.03620738636363638 0.03540384615384609
0 0.024808238636363642 0.14900961538461538 0.027571022727272732 0.0569423076923077
0 0.08758522727272727 0.055067307692307686 0.02857954545454545 0.020826923076923073
0 0.004637784090909091 0.288 0.009275568181818182 0.04873076923076924
0 0.9285369318181819 0.07182692307692308 0.04488636363636367 0.04173076923076924
0 0.17575994318181817 0.5965769230769231 0.07151988636363636 0.03873076923076931
0 0.038238636363636364 0.7240192307692308 0.017954545454545456 0.038038461538461486
0 0.06549715909090909 0.6521634615384615 0.02386363636363636 0.051826923076923166
0 0.9532883522727272 0.12957692307692306 0.04018465909090904 0.032192307692307694
0 0.6643110795454545 0.4150576923076923 0.024275568181818228 0.055423076923076964
0 0.11759232954545454 0.41171153846153846 0.02995738636363637 0.040153846153846144
0 0.21794034090909092 0.8301057692307692 0.02653409090909092 0.05786538461538457
0 0.40629971590909086 0.3344230769230769 0.10254261363636363 0.10269230769230771
0 0.6906818181818182 0.9928750000000002 0.02355113636363634 0.014249999999999938
0 0.8602414772727273 0.010278846153846154 0.034886363636363556 0.020557692307692308
0 0.989971590909091 0.9235192307692308 0.02005681818181819 0.05034615384615386
0 0.49012784090909095 0.6522692307692308 0.03767045454545452 0.057692307692307696
0 0.8273011363636363 0.977 0.06210227272727276 0.046000000000000034
0 0.29458806818181815 0.7065096153846153 0.05471590909090911 0.05009615384615387
0 0.11460227272727273 0.6802115384615385 0.05 0.050615384615384604
0 0.1878053977272727 0.1405 0.1837357954545454 0.24434615384615385
0 0.3766122159090909 0.32878846153846153 0.049474431818181834 0.047230769230769236
0 0.15132102272727274 0.543326923076923 0.06795454545454543 0.08715384615384614
0 0.8893963068181818 0.24251923076923076 0.035355113636363615 0.04888461538461536
0 0.9570596590909091 0.9415769230769231 0.014971590909090858 0.01873076923076925
0 0.10222301136363637 0.4224038461538462 0.03214488636363637 0.04699999999999999
0 0.6521661931818182 0.015057692307692308 0.02990056818181812 0.030115384615384617
0 0.8671803977272727 0.2193653846153846 0.04086647727272725 0.04561538461538464
0 0.9327982954545455 0.7086153846153846 0.025397727272727266 0.06030769230769233
0 0.5836221590909091 0.6221057692307692 0.012017045454545506 0.01805769230769228
0 0.024808238636363635 0.25179807692307693 0.02558238636363636 0.07140384615384615
0 0.43213068181818187 0.6844711538461539 0.03536931818181823 0.06532692307692313
0 0.8462357954545454 0.48715384615384616 0.03676136363636379 0.09561538461538462
0 0.008380681818181818 0.7269423076923077 0.016761363636363637 0.0434615384615385
0 0.7771803977272728 0.7120576923076922 0.026661931818181793 0.04173076923076921
0 0.5613991477272727 0.5787115384615384 0.03660511363636369 0.044961538461538456
0 0.32002130681818186 0.5928269230769231 0.03901988636363636 0.04149999999999997
0 0.6642258522727272 0.9849711538461537 0.04248579545454541 0.0300576923076923
0 0.8531178977272728 0.09674038461538462 0.027059659090909027 0.04171153846153846
0 0.8969602272727273 0.10625 0.016221590909090852 0.08196153846153847
0 0.131328125 0.05149038461538461 0.03867897727272726 0.05178846153846154
0 0.4807528409090909 0.8778653846153847 0.056590909090909136 0.05657692307692311
0 0.16686789772727273 0.24925000000000003 0.06973011363636364 0.04534615384615387
0 0.09848011363636364 0.1319903846153846 0.037215909090909105 0.06282692307692309
0 0.951455965909091 0.15502884615384618 0.030213068181818157 0.033634615384615374
0 0.6038920454545454 0.45800961538461543 0.018153409090909053 0.029403846153846138
0 0.3088991477272727 0.6308557692307691 0.029730113636363645 0.03467307692307698
0 0.11887784090909091 0.11604807692307692 0.026931818181818192 0.08459615384615385
0 0.6423721590909092 0.9817788461538461 0.023267045454545447 0.03644230769230767
0 0.8030965909090909 0.5216346153846154 0.024914772727272674 0.0661153846153846
0 0.043430397727272724 0.6573557692307693 0.026576704545454546 0.05732692307692308
0 0.6341690340909091 0.9094711538461538 0.049190340909090906 0.030250000000000034
0 0.8428551136363635 0.025086538461538466 0.06659090909090909 0.04959615384615385
0 0.37696022727272727 0.2923076923076923 0.044801136363636314 0.08130769230769226
0 0.9618465909090909 0.180875 0.04403409090909091 0.05763461538461541
0 0.00796875 0.24602884615384615 0.0159375 0.044211538461538476
0 0.6461150568181818 0.8619038461538462 0.02274147727272726 0.061615384615384544
0 0.2880255681818182 0.9411923076923078 0.04471590909090908 0.04707692307692311
0 0.7674076704545456 0.9776057692307693 0.031065340909090914 0.044788461538461576
0 0.4528409090909091 0.4733076923076923 0.02306818181818183 0.05853846153846148
0 0.8375142045454546 0.15145192307692307 0.03525568181818173 0.07351923076923078
0 0.013267045454545455 0.6841826923076922 0.02653409090909091 0.07198076923076924
0 0.9916832386363637 0.9634999999999999 0.016633522727272778 0.03230769230769233
0 0.5295099431818181 0.11581730769230768 0.048622159090909035 0.050942307692307696
0 0.457315340909091 0.9092596153846154 0.03292613636363637 0.03994230769230766
0 0.5508309659090909 0.5690480769230769 0.031718749999999976 0.03971153846153853
0 0.01057528409090909 0.7696923076923077 0.021093749999999998 0.043807692307692256
0 0.8322798295454544 0.20959615384615388 0.046434659090909006 0.05123076923076923
0 0.24845880681818186 0.9557115384615386 0.03563920454545455 0.08857692307692308
0 0.3809517045454545 0.3044519230769231 0.05630681818181816 0.08163461538461536
0 0.6034232954545454 0.851596153846154 0.04531249999999997 0.03588461538461543
0 0.5807244318181818 0.8291346153846153 0.03838068181818179 0.057038461538461586
0 0.6382244318181818 0.9000192307692307 0.03980113636363634 0.03592307692307694
0 0.7596946022727273 0.6771250000000001 0.03947443181818193 0.030942307692307644
0 0.01981534090909091 0.7533846153846153 0.036392045454545455 0.05861538461538465
0 0.8509303977272729 0.18715384615384614 0.03464488636363634 0.04015384615384617
0 0.9713707386363637 0.10103846153846154 0.04583806818181815 0.04534615384615384
0 0.5330610795454546 0.1786346153846154 0.05524147727272733 0.038307692307692286
0 0.05615056818181818 0.7189711538461538 0.02224431818181818 0.036057692307692304
0 0.5097372159090909 0.6011442307692308 0.02455965909090912 0.05494230769230768
0 0.5880255681818182 0.9068173076923076 0.04099431818181812 0.03717307692307689
0 0.11078835227272728 0.7332307692307691 0.05285511363636363 0.06992307692307684
0 0.6253267045454546 0.9574615384615385 0.03698863636363639 0.03926923076923069
0 0.6044886363636364 0.5005288461538461 0.022073863636363586 0.05848076923076928
0 0.4226278409090909 0.8927307692307693 0.0388636363636363 0.07376923076923068
0 0.021576704545454545 0.6558173076923076 0.030625 0.05305769230769226
0 0.8262713068181818 0.5228173076923077 0.028394886363636376 0.07051923076923075
0 0.19336647727272727 0.8977596153846155 0.03230113636363636 0.050173076923076876
0 0.4921235795454546 0.4557307692307693 0.02316761363636364 0.06184615384615384
0 0.5818892045454546 0.9530769230769232 0.03517045454545453 0.06234615384615388
0 0.29539062499999996 0.7675096153846154 0.045042613636363645 0.032673076923076944
0 0.5910085227272727 0.9695096153846153 0.04977272727272722 0.06090384615384618
0 0.9799786931818182 0.18103846153846154 0.020042613636363657 0.04173076923076921
0 0.05432528409090909 0.5001826923076924 0.03811079545454545 0.07721153846153847
0 0.6747798295454546 0.4501826923076923 0.022372159090909092 0.05221153846153842
0 0.3742897727272727 0.5702499999999999 0.01761363636363633 0.055461538461538416
0 0.30141335227272725 0.603548076923077 0.02691761363636362 0.03590384615384618
0 0.45317471590909086 0.6992884615384616 0.01850852272727277 0.029346153846153827
0 0.9373082386363637 0.01606730769230769 0.05041193181818183 0.032096153846153844
0 0.7534659090909092 0.7064326923076923 0.04017045454545467 0.04921153846153841
0 0.9765909090909091 0.1524519230769231 0.02434659090909089 0.02044230769230771
0 0.6191548295454545 0.9879903846153846 0.0238210227272727 0.024019230769230786
0 0.026328125 0.7204615384615385 0.021832386363636363 0.03423076923076925
0 0.9687073863636364 0.9478653846153846 0.029943181818181876 0.053384615384615364
0 0.9374715909090909 0.04058653846153846 0.037386363636363544 0.031057692307692304
0 0.8172514204545455 0.4541826923076923 0.04046875000000001 0.07744230769230771
0 0.7834161931818181 0.5099038461538461 0.04115056818181822 0.05476923076923075
0 0.5852840909090908 0.8635576923076923 0.048920454545454545 0.049538461538461524
0 0.42218750000000005 0.4216153846153846 0.047045454545454474 0.06711538461538463
0 0.8888494318181818 0.18764423076923076 0.04181818181818189 0.07167307692307691
0 0.9593963068181818 0.9786153846153846 0.029360795454545396 0.04265384615384617
0 0.6233380681818181 0.8597403846153846 0.027528409090909086 0.06494230769230766
0 0.8380894886363638 0.25066346153846153 0.02964488636363637 0.05090384615384618
0 0.04860085227272728 0.7597211538461539 0.023053977272727268 0.0502884615384615
0 0.3289275568181818 0.8449711538461538 0.036889204545454544 0.06913461538461536
0 0.42590909090909096 0.26108653846153845 0.051249999999999976 0.05444230769230767
0 0.45771306818181823 0.8865480769230769 0.03465909090909096 0.03751923076923075
0 0.9063849431818182 0.09964423076923076 0.023423295454545467 0.07621153846153846
0 0.9418892045454544 0.11391346153846153 0.016164772727272722 0.010519230769230767
0 0.17765625 0.8639903846153846 0.02428977272727274 0.04209615384615393
0 0.19180397727272727 0.8133750000000001 0.0271875 0.037903846153846114
0 0.42621448863636363 0.47468269230769233 0.032201704545454485 0.05851923076923078
0 0.17317471590909092 0.6172884615384615 0.06714488636363637 0.0392692307692308
0 0.20186079545454547 0.8360673076923076 0.037329545454545456 0.03874999999999996
0 0.5322443181818182 0.5879807692307693 0.021818181818181837 0.019384615384615462
0 0.8849147727272727 0.048875 0.033267045454545556 0.03405769230769232
0 0.17967329545454544 0.9161346153846154 0.01514204545454545 0.013461538461538462
0 0.3857528409090909 0.5667980769230769 0.016335227272727272 0.021557692307692267
0 0.9863068181818182 0.9820865384615386 0.027386363636363598 0.03563461538461544
0 0.22763494318181818 0.8691057692307692 0.023366477272727258 0.06371153846153846
0 0.8749928977272727 0.10020192307692309 0.019985795454545364 0.0585576923076923
0 0.7855184659090909 0.4584807692307693 0.04052556818181814 0.05642307692307693
0 0.014829545454545455 0.020778846153846158 0.02965909090909091 0.040288461538461544
0 0.38489346590909096 0.4543269230769231 0.05720170454545456 0.06711538461538458
0 0.4716193181818182 0.8026153846153846 0.027528409090909086 0.05911538461538463
0 0.17019886363636363 0.5223365384615385 0.06676136363636363 0.09790384615384615
0 0.8594886363636364 0.25219230769230766 0.025198863636363648 0.03461538461538459
0 0.5946235795454545 0.8928365384615384 0.04717329545454551 0.040250000000000015
0 0.37388494318181814 0.6095576923076924 0.03120738636363636 0.03942307692307692
0 0.08599431818181819 0.6707596153846154 0.03693181818181819 0.06951923076923072
0 0.1654190340909091 0.8515576923076923 0.03677556818181818 0.048230769230769306
0 0.4699147727272727 0.6981634615384614 0.03866477272727276 0.04813461538461544
0 0.8818323863636363 0.09652884615384615 0.023409090909090772 0.07944230769230769
0 0.8694957386363636 0.15208653846153847 0.03183238636363648 0.07225000000000001
0 0.8158238636363637 0.2664423076923077 0.037642045454545456 0.08753846153846154
0 0.8487713068181818 0.29242307692307695 0.03234374999999998 0.048884615384615415
0 0.646669034090909 0.8729903846153846 0.03779829545454547 0.08078846153846152
0 0.11527698863636364 0.4540769230769231 0.029730113636363645 0.03696153846153846
0 0.3921875 0.5856153846153845 0.02454545454545459 0.028730769230769226
0 0.4406818181818182 0.7059423076923077 0.02011363636363632 0.028153846153846238
0 0.5470383522727272 0.15104807692307692 0.04046875000000001 0.05198076923076923
0 0.10080255681818183 0.17013461538461538 0.02578125000000001 0.04200000000000001
0 0.12333806818181818 0.4023365384615385 0.024488636363636376 0.03921153846153844
0 0.9819105113636364 0.11435576923076923 0.036178977272727314 0.08794230769230768
0 0.08933948863636364 0.8879807692307692 0.05742897727272727 0.05046153846153848
0 0.09220170454545454 0.07410576923076923 0.04130681818181819 0.03986538461538461
0 0.07085227272727274 0.7679326923076922 0.023835227272727275 0.06940384615384622
0 0.3324502840909091 0.6237884615384616 0.02430397727272725 0.04923076923076927
0 0.6748366477272728 0.017817307692307695 0.02225852272727275 0.03563461538461539
0 0.6480397727272728 0.3991346153846154 0.04181818181818182 0.04657692307692307
0 0.44200284090909087 0.8058846153846154 0.04539772727272724 0.03619230769230779
0 0.20732244318181817 0.891875 0.03441761363636362 0.06009615384615385
0 0.5276420454545455 0.6186826923076924 0.026249999999999944 0.04940384615384615
0 0.16910511363636363 0.26093269230769234 0.06386363636363637 0.04159615384615384
0 0.09652698863636364 0.030317307692307692 0.043423295454545444 0.034673076923076925
0 0.4959161931818182 0.850923076923077 0.012599431818181824 0.0142692307692308
0 0.6616193181818182 0.03679807692307692 0.03724431818181814 0.038788461538461536
0 0.8504261363636364 0.07916346153846154 0.045170454545454646 0.07078846153846154
0 0.01784090909090909 0.2846346153846154 0.025681818181818184 0.04373076923076925
0 0.4649076704545454 0.4245288461538461 0.04143465909090911 0.05463461538461538
0 0.9083522727272727 0.047865384615384615 0.020539772727272778 0.02684615384615385
0 0.3905255681818182 0.5363365384615384 0.041193181818181816 0.04167307692307695
0 0.5990056818181818 0.9828942307692308 0.03724431818181822 0.0342115384615385
0 0.6268394886363636 0.9294711538461539 0.056633522727272734 0.030557692307692282
0 0.3936434659090909 0.6134999999999999 0.0391051136363636 0.04619230769230766
0 0.034559659090909085 0.6921923076923077 0.023749999999999997 0.026461538461538443
0 0.07255681818181818 0.5122980769230769 0.02803977272727273 0.06863461538461538
0 0.8904190340909092 0.017499999999999998 0.036690340909090804 0.034999999999999996
0 0.7103551136363636 0.10232692307692308 0.03536931818181815 0.06065384615384617
0 0.03127840909090909 0.7531153846153846 0.017443181818181816 0.03876923076923071
0 0.10343750000000002 0.9018365384615384 0.028551136363636365 0.03728846153846151
0 0.8348650568181818 0.0678076923076923 0.03572443181818195 0.07911538461538462
0 0.17093039772727273 0.8914519230769231 0.024275568181818166 0.03609615384615381
0 0.6215838068181818 0.6286538461538461 0.05447443181818177 0.05600000000000001
0 0.01510653409090909 0.041605769230769224 0.03009943181818182 0.047865384615384615
0 0.11269886363636364 0.07236538461538462 0.024176136363636358 0.051
0 0.7353551136363637 0.11434615384615386 0.03630681818181818 0.06473076923076924
0 0.881122159090909 0.2863076923076923 0.048892045454545396 0.062115384615384635
0 0.9477201704545454 0.034375 0.04044034090909079 0.036480769230769226
0 0.9763849431818182 0.9143846153846155 0.008536931818181805 0.014115384615384568
0 0.8160298295454546 0.05285576923076923 0.021434659090908973 0.0650576923076923
0 0.1251846590909091 0.7091826923076923 0.041448863636363624 0.04755769230769223
