0 0.6324431818181818 0.8787596153846154 0.04656249999999996 0.05859615384615379
0 0.2315127840909091 0.12740384615384615 0.04015625000000001 0.0495
0 0.62265625 0.5523365384615385 0.05920454545454546 0.0740576923076924
0 0.28290482954545454 0.9557403846153847 0.05191761363636365 0.05667307692307698
0 0.37376420454545456 0.9030384615384616 0.039346590909090935 0.0446538461538461
0 0.7124005681818182 0.9767403846153847 0.029034090909090905 0.04628846153846163
0 0.4120383522727273 0.4378653846153846 0.03333806818181822 0.056807692307692344
0 0.9224644886363635 0.9850480769230769 0.02606534090909094 0.028826923076923094
0 0.01073153409090909 0.8683173076923076 0.02146306818181818 0.06328846153846159
0 0.7819886363636364 0.48105769230769235 0.05215909090909095 0.02719230769230772
0 0.16678977272727272 0.8837980769230769 0.055454545454545444 0.04209615384615382
0 0.590809659090909 0.5457500000000001 0.0224715909090909 0.031461538461538485
0 0.8900923295454546 0.9322980769230769 0.032968750000000054 0.05782692307692306
0 0.44073153409090904 0.8844038461538462 0.026605113636363583 0.0618846153846154
0 0.3820241477272727 0.37927884615384616 0.024730113636363592 0.03398076923076926
0 0.3533948863636364 0.11167307692307693 0.027357954545454574 0.04057692307692308
0 0.41147727272727275 0.3708173076923077 0.045568181818181876 0.04017307692307695
0 0.8412357954545455 0.9797788461538461 0.0464488636363637 0.04017307692307679
0 0.9372940340909092 0.9644999999999999 0.02098011363636361 0.046153846153846045
0 0.09954545454545455 0.857346153846154 0.02579545454545454 0.06380769230769232
0 0.29940340909090907 0.8303173076923077 0.038607954545454556 0.05648076923076924
0 0.2890056818181818 0.5396730769230769 0.05605113636363637 0.08157692307692299
0 0.40460937500000005 0.39158653846153846 0.02473011363636367 0.03855769230769233
0 0.15285511363636364 0.9810384615384615 0.021732954545454562 0.03753846153846151
0 0.13004261363636366 0.6030288461538461 0.03477272727272728 0.04178846153846157
0 0.5450497159090909 0.1258173076923077 0.01649147727272721 0.07709615384615384
0 0.08428977272727273 0.13526923076923078 0.02428977272727273 0.03396153846153847
0 0.09452414772727273 0.5965384615384615 0.045866477272727274 0.05315384615384613
0 0.4255610795454546 0.8973269230769231 0.02546875000000001 0.051230769230769205
0 0.7099928977272728 0.21527884615384615 0.0341903409090909 0.03171153846153845
0 0.8796022727272728 0.20075 0.04886363636363649 0.043423076923076946
0 0.11624289772727271 0.15251923076923077 0.02734375 0.05007692307692306
0 0.07405539772727274 0.15311538461538463 0.02484375 0.04053846153846154
0 0.1421661931818182 0.8976923076923076 0.03285511363636365 0.04511538461538458
0 0.9808806818181818 0.38117307692307695 0.03784090909090907 0.034000000000000016
0 0.18230113636363637 0.3111153846153846 0.02937500000000001 0.05519230769230767
0 0.7711292613636364 0.6539423076923077 0.049758522727272686 0.04503846153846157
0 0.6823579545454546 0.313875 0.0351136363636364 0.036134615384615425
0 0.695703125 0.29738461538461536 0.04026988636363631 0.02980769230769231
0 0.19093039772727274 0.8842115384615384 0.03137784090909091 0.03423076923076925
0 0.7787642045454546 0.04482692307692308 0.03934659090909098 0.06149999999999999
0 0.7843821022727272 0.6861826923076924 0.02157670454545446 0.045442307692307685
0 0.9284943181818182 0.9454807692307692 0.025852272727272793 0.04057692307692301
0 0.7060795454545454 0.3372980769230769 0.044971590909090864 0.06086538461538463
0 0.1550284090909091 0.3194326923076923 0.037159090909090906 0.04098076923076924
0 0.94640625 0.34820192307692305 0.04832386363636361 0.03805769230769235
0 0.7599644886363636 0.8251826923076924 0.030269886363636287 0.06371153846153856
0 0.14451704545454544 0.7917692307692308 0.03147727272727272 0.029423076923076944
0 0.7221875 0.5183846153846154 0.043465909090909124 0.04911538461538455
0 0.6981107954545455 0.6603173076923077 0.03428977272727279 0.04448076923076922
0 0.2211505681818182 0.7961442307692308 0.038068181818181834 0.051134615384615445
0 0.9622514204545454 0.45246153846153847 0.040838068181818184 0.046153846153846156
0 0.35349431818181815 0.4050192307692308 0.03258522727272727 0.046153846153846156
0 0.7003835227272727 0.32116346153846154 0.03653409090909095 0.03805769230769229
0 0.9825142045454546 0.5159230769230768 0.03497159090909092 0.07223076923076924
0 0.12434659090909089 0.9048557692307692 0.03971590909090908 0.041903846153846194
0 0.800205965909091 0.7251634615384616 0.052741477272727266 0.04382692307692312
0 0.8849999999999999 0.2500480769230769 0.037471590909090906 0.0535576923076923
0 0.22522017045454545 0.7624134615384616 0.040838068181818184 0.03551923076923071
0 0.2622159090909091 0.37025961538461544 0.027357954545454533 0.04971153846153845
0 0.16694602272727274 0.9014903846153846 0.05485795454545455 0.037326923076923126
0 0.10358664772727272 0.9691057692307692 0.022855113636363642 0.033980769230769155
0 0.13468039772727272 0.6797307692307692 0.053650568181818174 0.05153846153846156
0 0.12344460227272727 0.9717788461538462 0.019673295454545447 0.05578846153846163
0 0.08299005681818182 0.33111538461538464 0.0648153409090909 0.0618846153846154
0 0.9775071022727272 0.273 0.04495738636363633 0.05326923076923075
0 0.07316761363636365 0.8917211538461538 0.03596590909090909 0.06086538461538457
0 0.16678977272727272 0.28336538461538463 0.0621875 0.048192307692307694
0 0.6982244318181818 0.8495096153846154 0.02997159090909094 0.05713461538461546
0 0.39838068181818187 0.5238076923076923 0.09292613636363639 0.08623076923076924
0 0.39840198863636367 0.8539615384615384 0.04458806818181824 0.06188461538461529
0 0.02796875 0.7545000000000001 0.0559375 0.08400000000000002
0 0.19819602272727274 0.9498269230769231 0.03980113636363636 0.03019230769230767
0 0.10144176136363635 0.17678846153846156 0.04345170454545454 0.04107692307692307
0 0.10308948863636364 0.9282115384615385 0.02268465909090909 0.022115384615384617
0 0.27410511363636364 0.8058076923076922 0.04173295454545454 0.048384615384615436
0 0.12210227272727274 0.939951923076923 0.04196022727272728 0.029942307692307678
0 0.34267755681818185 0.30396153846153845 0.035127840909090935 0.04184615384615383
0 0.7524715909090909 0.8471057692307692 0.02786931818181819 0.05317307692307688
0 0.7618394886363636 0.6983846153846153 0.030582386363636326 0.06330769230769234
0 0.11355113636363635 0.6344807692307692 0.030568181818181814 0.03896153846153844
0 0.3177911931818182 0.3695673076923077 0.04586647727272726 0.04748076923076923
0 0.38318892045454545 0.43025961538461543 0.04458806818181816 0.057826923076923116
0 0.2025852272727273 0.789625 0.025767045454545435 0.06213461538461539
0 0.3809730113636364 0.8663942307692307 0.03822443181818185 0.05225000000000003
0 0.9766690340909091 0.3887596153846154 0.04646306818181807 0.04159615384615384
0 0.26571022727272725 0.8795000000000001 0.03164772727272727 0.04057692307692301
0 0.8813849431818181 0.9843942307692307 0.027571022727272843 0.031211538461538495
0 0.6098366477272728 0.18916346153846156 0.02509943181818184 0.029942307692307706
0 0.9771164772727272 0.44456730769230773 0.03377840909090905 0.07151923076923077
0 0.16335227272727273 0.9779903846153846 0.0224715909090909 0.04363461538461538
0 0.9938991477272726 0.3024807692307692 0.012173295454545525 0.0691153846153846
0 0.8542755681818183 0.26628846153846153 0.04855113636363629 0.05680769230769232
0 0.9413494318181819 0.3847307692307692 0.044971590909090864 0.046153846153846156
0 0.28560369318181816 0.7272115384615384 0.04796874999999998 0.07000000000000006
0 0.9839772727272728 0.3489711538461538 0.03204545454545447 0.033480769230769224
0 0.7385369318181819 0.8018557692307693 0.04315340909090908 0.04705769230769225
0 0.027755681818181818 0.5245096153846154 0.03985795454545455 0.056403846153846235
0 0.9023863636363636 0.9798461538461538 0.015369318181818253 0.03915384615384629
0 0.08178267045454544 0.6247403846153846 0.034161931818181814 0.041403846153846104
0 0.8997940340909092 0.6610480769230769 0.030582386363636326 0.04705769230769236
0 0.20333806818181815 0.9713846153846154 0.03465909090909092 0.03234615384615383
0 0.7595170454545456 0.9847884615384616 0.04008522727272715 0.029923076923076927
0 0.3674502840909091 0.3729423076923077 0.0528267045454545 0.06392307692307694
0 0.37025568181818186 0.15048076923076922 0.03857954545454545 0.034999999999999976
0 0.37905539772727276 0.11750961538461539 0.03072443181818181 0.05528846153846155
0 0.0693465909090909 0.8549807692307692 0.04420454545454545 0.06442307692307692
0 0.9526775568181818 0.4152211538461538 0.04859374999999989 0.035673076923076946
0 0.14986505681818182 0.9396923076923077 0.03072443181818181 0.046153846153846156
0 0.7448721590909091 0.3709807692307692 0.035965909090909 0.06330769230769234
0 0.9918892045454545 0.41470192307692305 0.016022727272727234 0.03386538461538459
0 0.4308096590909091 0.4044903846153846 0.037471590909090906 0.03774999999999999
0 0.5677627840909092 0.5361153846153845 0.028849431818181823 0.05984615384615374
0 0.32711647727272725 0.9491923076923077 0.04721590909090911 0.050730769230769225
0 0.817265625 0.045134615384615384 0.03916193181818173 0.05326923076923078
0 0.7790411931818181 0.38254807692307696 0.037173295454545396 0.03286538461538462
0 0.37073863636363635 0.29975 0.025965909090909053 0.04065384615384613
0 0.9416477272727274 0.991548076923077 0.03147727272727268 0.01663461538461534
0 0.17622159090909092 0.9610384615384615 0.02323863636363638 0.034499999999999996
0 0.7785440340909091 0.5058076923076923 0.05904829545454553 0.04180769230769227
0 0.3781036931818182 0.27852884615384615 0.03146306818181815 0.029942307692307678
0 0.10575284090909091 0.12961538461538463 0.02960227272727273 0.03399999999999999
0 0.020298295454545454 0.5456153846153846 0.04008522727272727 0.03753846153846161
0 0.5830468750000001 0.22010576923076924 0.028480113636363654 0.03398076923076923
0 0.08568181818181818 0.1773076923076923 0.02627840909090908 0.03288461538461537
0 0.5771306818181817 0.5698461538461538 0.04534090909090911 0.046153846153846156
0 0.3969105113636363 0.30120192307692306 0.03896306818181819 0.034480769230769245
0 0.3927130681818182 0.24732692307692306 0.04735795454545451 0.05599999999999998
0 0.1963565340909091 0.7338365384615385 0.04833806818181818 0.050711538461538364
0 0.08308948863636365 0.29428846153846155 0.06379261363636364 0.07984615384615382
0 0.6600923295454546 0.8034230769230769 0.04004261363636363 0.0428461538461539
0 0.38875710227272725 0.9268846153846154 0.03484374999999996 0.046653846153846136
0 0.2705681818181818 0.3362692307692308 0.07343750000000003 0.0734615384615385
0 0.7766477272727272 0.6218461538461538 0.03789772727272736 0.04350000000000001
0 0.39006392045454547 0.3674423076923077 0.0263778409090909 0.029615384615384627
0 0.6753125 0.8404326923076922 0.032073863636363616 0.04871153846153843
0 0.5884730113636363 0.24623076923076928 0.024360795454545503 0.05173076923076924
0 0.3248650568181818 0.9207884615384615 0.05095170454545451 0.04361538461538452
0 0.914630681818182 0.9338173076923078 0.029602272727272772 0.04871153846153843
0 0.3377414772727273 0.36644230769230773 0.03417613636363637 0.03246153846153845
0 0.5785440340909092 0.2571826923076923 0.03836647727272726 0.04382692307692306
0 0.4309943181818182 0.847625 0.037102272727272734 0.04921153846153841
0 0.9131747159090909 0.9623173076923076 0.029076704545454583 0.02313461538461544
0 0.4101775568181818 0.9354230769230768 0.04120738636363635 0.048192307692307694
0 0.9700923295454544 0.7689326923076923 0.05981534090909093 0.078326923076923
0 0.8631178977272728 0.22509615384615386 0.06563920454545459 0.03123076923076922
0 0.8067116477272727 0.689625 0.04285511363636358 0.0336730769230769
0 0.184609375 0.9301730769230769 0.053394886363636346 0.03361538461538465
0 0.2893821022727273 0.43746153846153846 0.05544034090909091 0.09892307692307692
0 0.4000213068181818 0.9890096153846153 0.019758522727272684 0.021980769230769245
0 0.08249289772727272 0.2629519230769231 0.024218749999999997 0.0327884615384615
0 0.41049005681818185 0.8974038461538462 0.038593750000000024 0.04576923076923079
0 0.8148082386363636 0.6616249999999999 0.03686079545454552 0.06451923076923079
0 0.5918110795454545 0.17471153846153845 0.04345170454545459 0.041807692307692296
0 0.7404119318181818 0.9860576923076924 0.017613636363636494 0.026384615384615437
0 0.7208380681818182 0.538673076923077 0.05156250000000002 0.05153846153846156
0 0.7559659090909091 0.32898076923076924 0.054545454545454515 0.04423076923076923
0 0.11295454545454545 0.6616634615384616 0.044971590909090906 0.03571153846153856
0 0.1004403409090909 0.9050288461538462 0.04159090909090908 0.028903846153846103
0 0.1365625 0.9778365384615385 0.019119318181818192 0.0443269230769231
0 0.28357954545454545 0.3755769230769231 0.02210227272727269 0.04311538461538459
0 0.8115980113636364 0.061 0.04711647727272738 0.044384615384615383
0 0.7409801136363636 0.9644999999999999 0.03971590909090906 0.02892307692307696
0 0.32123579545454545 0.3997980769230769 0.03656250000000001 0.036519230769230734
0 0.6843039772727273 0.8637692307692308 0.03147727272727268 0.04423076923076923
0 0.22701704545454546 0.08701923076923077 0.03477272727272726 0.05234615384615384
0 0.013913352272727273 0.5111153846153845 0.027826704545454547 0.04949999999999996
0 0.18370738636363634 0.07242307692307692 0.03147727272727272 0.06046153846153846
0 0.9894105113636364 0.6616057692307692 0.021178977272727228 0.03490384615384622
0 0.2871306818181818 0.4907211538461539 0.05019886363636364 0.061365384615384606
0 0.4296235795454546 0.9832307692307691 0.05725852272727273 0.03353846153846153
0 0.08902698863636363 0.9369038461538461 0.0341903409090909 0.04565384615384617
0 0.012826704545454544 0.3396923076923077 0.024289772727272726 0.035307692307692276
0 0.44201704545454545 0.37548076923076923 0.03184659090909085 0.050730769230769225
0 0.7219744318181818 0.9891057692307693 0.02301136363636362 0.021288461538461527
0 0.5979261363636363 0.5181057692307692 0.05394886363636366 0.04209615384615382
0 0.3848650568181818 0.09214423076923077 0.03484374999999996 0.04109615384615385
0 0.30527698863636366 0.7165673076923077 0.05058238636363634 0.05782692307692306
0 0.5762215909090909 0.19743269230769228 0.026676136363636405 0.041788461538461545
0 0.2669815340909091 0.9862596153846154 0.0761221590909091 0.027173076923076803
0 0.14127840909090908 0.6356923076923076 0.04585227272727273 0.07223076923076924
0 0.1485440340909091 0.8413461538461539 0.04589488636363637 0.038038461538461486
0 0.42925426136363637 0.4379903846153846 0.03049715909090913 0.055288461538461536
0 0.3943963068181818 0.27345192307692306 0.048338068181818225 0.04413461538461536
0 0.9654687500000001 0.31009615384615385 0.06866477272727277 0.07926923076923083
0 0.16527698863636361 0.09575 0.03296874999999999 0.0503076923076923
0 0.012080965909090911 0.7867500000000001 0.024161931818181822 0.08765384615384612
0 0.2331818181818182 0.7804134615384616 0.02960227272727273 0.04667307692307689
0 0.3556463068181818 0.07896153846153847 0.02734375 0.05426923076923077
0 0.15088778409090908 0.8612596153846154 0.03521306818181819 0.03348076923076928
0 0.9949360795454545 0.44734615384615384 0.0093607954545455 0.03246153846153845
0 0.7122869318181818 0.1910576923076923 0.03971590909090898 0.043615384615384604
0 0.3485227272727273 0.1377980769230769 0.02960227272727273 0.040057692307692294
0 0.7951775568181819 0.6529038461538461 0.02038352272727276 0.045461538461538435
0 0.2940340909090909 0.6331153846153846 0.046846590909090935 0.09180769230769222
0 0.329921875 0.5096442307692307 0.05095170454545451 0.0985961538461538
0 0.8038210227272727 0.01533653846153846 0.04448863636363627 0.030442307692307692
0 0.7763423295454547 0.34906730769230765 0.03896306818181811 0.03732692307692307
0 0.8591832386363637 0.9437019230769231 0.04532670454545466 0.039057692307692314
0 0.1918181818181818 0.988076923076923 0.03596590909090908 0.0238461538461538
0 0.2524502840909091 0.6295673076923077 0.042343750000000006 0.0837115384615384
0 0.59953125 0.2098076923076923 0.02323863636363638 0.0346923076923077
0 0.13967329545454546 0.8165576923076924 0.02579545454545454 0.025
0 0.10698863636363636 0.8002884615384614 0.04571022727272727 0.056807692307692344
0 0.09715198863636364 0.15689423076923076 0.023252840909090907 0.02975
0 0.7266974431818182 0.8487307692307693 0.03686079545454552 0.05153846153846156
0 0.5532954545454545 0.11606730769230769 0.02937500000000001 0.09251923076923077
0 0.02121448863636364 0.3467980769230769 0.029076704545454548 0.04382692307692306
0 0.07002130681818182 0.2765961538461538 0.024218749999999997 0.03150000000000005
0 0.19428977272727274 0.8525961538461538 0.05732954545454547 0.03880769230769232
0 0.24383522727272727 0.9544326923076923 0.03184659090909093 0.0539038461538461
