0 0.33656960227272725 0.03793269230769231 0.03328125000000001 0.051173076923076925
0 0.9855610795454546 0.07365384615384615 0.028877840909090968 0.030269230769230774
0 0.9840553977272729 0.507798076923077 0.031803977272727255 0.05205769230769224
0 0.9532244318181817 0.4525384615384615 0.04920454545454544 0.060769230769230756
0 0.9474644886363636 0.4743557692307692 0.0469176136363636 0.04986538461538463
0 0.9395525568181817 0.49188461538461536 0.05870738636363642 0.050653846153846105
0 0.9432954545454546 0.48390384615384613 0.052954545454545414 0.05103846153846147
0 0.9382528409090909 0.533375 0.02906250000000005 0.05882692307692303
0 0.9525710227272728 0.5408942307692307 0.025539772727272755 0.033865384615384644
0 0.9709303977272729 0.5512980769230769 0.030411931818181772 0.02924999999999996
0 0.9579900568181817 0.522048076923077 0.02842329545454544 0.03078846153846163
0 0.9784588068181819 0.5330096153846153 0.023877840909090994 0.03425
0 0.9571803977272727 0.062057692307692314 0.05458806818181827 0.031461538461538464
0 0.9585653409090908 0.574576923076923 0.046619318181818255 0.042730769230769176
0 0.8955610795454546 0.8297307692307693 0.03262784090909095 0.050038461538461615
0 0.9205255681818181 0.8297307692307692 0.034602272727272745 0.05215384615384616
0 0.935859375 0.8262692307692308 0.03538352272727268 0.045230769230769304
0 0.9508025568181818 0.8100288461538462 0.029872159090909053 0.05109615384615383
0 0.9708522727272727 0.8023173076923078 0.03616477272727278 0.03886538461538458
0 0.9795028409090908 0.7725096153846155 0.039318181818181745 0.03886538461538458
0 0.9480539772727273 0.7655961538461539 0.026732954545454615 0.043115384615384646
0 0.9362571022727273 0.7717115384615385 0.02830965909090918 0.04684615384615387
0 0.9277982954545454 0.7903365384615385 0.021619318181818222 0.027673076923077005
0 0.9322514204545456 0.06529807692307692 0.03316761363636367 0.038326923076923085
0 0.898515625 0.7940673076923076 0.03774147727272734 0.03405769230769227
0 0.905 0.7650576923076924 0.04284090909090921 0.03884615384615382
0 0.9109019886363637 0.7392500000000001 0.03813920454545458 0.03726923076923076
0 0.9633806818181818 0.7373846153846154 0.04954545454545454 0.049500000000000016
0 0.9506036931818183 0.7121057692307693 0.02947443181818182 0.04471153846153846
0 0.9331036931818182 0.7371153846153845 0.01572443181818189 0.028730769230769226
0 0.926377840909091 0.7035192307692307 0.043579545454545385 0.04788461538461534
0 0.8181463068181819 0.9331250000000001 0.05813920454545463 0.040865384615384616
0 0.7926633522727274 0.9068846153846154 0.023622159090909086 0.03530769230769233
0 0.7810014204545456 0.9185192307692308 0.03223011363636355 0.04111538461538461
0 0.9256605113636364 0.08544230769230769 0.02975852272727263 0.026423076923076914
0 0.7595170454545456 0.9149807692307692 0.026079545454545473 0.03157692307692311
0 0.7398792613636364 0.9070961538461538 0.03038352272727279 0.033230769230769175
0 0.7694957386363637 0.8873557692307692 0.03436079545454553 0.032826923076923066
0 0.7659588068181818 0.8750961538461539 0.0285369318181817 0.029076923076923087
0 0.7348153409090908 0.8846634615384615 0.03866477272727269 0.043211538461538405
0 0.822578125 0.9041826923076923 0.03742897727272731 0.029096153846153838
0 0.8485085227272727 0.9058461538461537 0.029147727272727245 0.040730769230769244
0 0.8264133522727272 0.8815384615384615 0.051860795454545444 0.06523076923076926
0 0.7920454545454546 0.8510096153846154 0.04448863636363627 0.0764423076923077
0 0.8376207386363635 0.8470576923076923 0.06873579545454543 0.041961538461538446
0 0.8785795454545454 0.11170192307692306 0.04392045454545465 0.05648076923076922
0 0.8641619318181818 0.8719903846153846 0.04940340909090905 0.06440384615384617
0 0.845440340909091 0.8246249999999999 0.06474431818181824 0.06355769230769233
0 0.8219673295454545 0.7870288461538462 0.03498579545454545 0.06563461538461537
0 0.7837642045454545 0.8190192307692308 0.02792613636363632 0.0631538461538461
0 0.7710227272727272 0.8084230769230769 0.020255681818181805 0.02784615384615388
0 0.7610511363636363 0.8485192307692309 0.029772727272727326 0.03738461538461538
0 0.7328267045454545 0.8788461538461538 0.03713068181818188 0.046538461538461626
0 0.7296022727272727 0.8480961538461538 0.035596590909090835 0.05484615384615381
0 0.7311363636363637 0.822548076923077 0.03252840909090906 0.05275000000000001
0 0.7427911931818181 0.8084230769230769 0.03191761363636359 0.061076923076923056
0 0.9553053977272729 0.07800961538461539 0.03098011363636372 0.018826923076923074
0 0.7357386363636365 0.7795480769230769 0.02210227272727273 0.022442307692307723
0 0.7612073863636364 0.8167307692307693 0.022698863636363663 0.03199999999999997
0 0.7624360795454546 0.7876538461538461 0.03007102272727283 0.03365384615384615
0 0.7941903409090909 0.7791346153846154 0.021789772727272613 0.0731153846153847
0 0.7724076704545454 0.7672980769230769 0.027315340909090935 0.055250000000000035
0 0.8052485795454545 0.767923076923077 0.03160511363636364 0.046538461538461515
0 0.667294034090909 0.7538942307692307 0.04649147727272722 0.05913461538461538
0 0.6981107954545455 0.7496057692307693 0.038380681818181876 0.06005769230769234
0 0.6956463068181818 0.6988269230769231 0.0468323863636364 0.047192307692307735
0 0.6613139204545454 0.708125 0.03521306818181813 0.06482692307692303
0 0.985518465909091 0.045317307692307685 0.028963068181818163 0.035326923076923075
0 0.5587357954545454 0.6113653846153846 0.03565340909090904 0.07688461538461532
0 0.5208735795454545 0.5860288461538462 0.03654829545454548 0.06913461538461536
0 0.5375994318181818 0.6340096153846154 0.04269886363636364 0.07809615384615387
0 0.5505894886363637 0.5723173076923077 0.04401988636363638 0.04528846153846156
0 0.828828125 0.5943750000000001 0.03697443181818178 0.04648076923076926
0 0.798671875 0.6149326923076923 0.023338068181818272 0.049480769230769266
0 0.8118821022727274 0.5842403846153846 0.024218750000000098 0.06198076923076926
0 0.790965909090909 0.5982500000000001 0.03258522727272719 0.05900000000000001
0 0.773359375 0.5872211538461539 0.03433238636363631 0.06794230769230766
0 0.8028551136363636 0.5618942307692307 0.028181818181818228 0.025634615384615464
0 0.9536008522727273 0.009692307692307693 0.05927556818181821 0.019384615384615386
0 0.8094602272727273 0.5344711538461538 0.03610795454545465 0.04232692307692306
0 0.8385156250000001 0.5720192307692308 0.0378551136363636 0.04469230769230771
0 0.8622869318181817 0.5601057692307693 0.029943181818181876 0.03994230769230766
0 0.8495170454545454 0.5359615384615385 0.03698863636363647 0.03576923076923081
0 0.8389559659090909 0.49275 0.029928977272727184 0.026807692307692303
0 0.8484161931818183 0.5109326923076923 0.026860795454545408 0.038134615384615406
0 0.8253053977272727 0.5314903846153847 0.022002840909090923 0.050673076923076966
0 0.8378551136363636 0.4704038461538462 0.030369318181818174 0.02980769230769231
0 0.8165056818181818 0.488875 0.022017045454545456 0.050057692307692365
0 0.8024147727272727 0.5103269230769231 0.020255681818181805 0.03338461538461541
0 0.983565340909091 0.019269230769230768 0.03286931818181816 0.038538461538461535
0 0.7865625 0.5356634615384616 0.020255681818181805 0.03994230769230766
0 0.7667542613636364 0.5621826923076924 0.024644886363636397 0.050057692307692365
0 0.7865625 0.4990096153846154 0.01937499999999998 0.036942307692307656
0 0.7663139204545455 0.5317884615384615 0.03609375000000012 0.05723076923076932
0 0.737471590909091 0.6057019230769232 0.04710227272727268 0.06436538461538456
0 0.7392400568181817 0.5776826923076923 0.0330255681818181 0.02382692307692305
0 0.7330752840909092 0.5574230769230769 0.04535511363636357 0.03219230769230771
0 0.7453977272727272 0.5210576923076923 0.028607954545454527 0.03815384615384621
0 0.7337357954545454 0.5401346153846154 0.02906249999999997 0.028615384615384605
0 0.7209659090909091 0.5145000000000001 0.022897727272727278 0.03100000000000001
0 0.96640625 0.031605769230769236 0.02440340909090918 0.036326923076923076
0 0.7075426136363636 0.5323846153846155 0.04093749999999999 0.032192307692307603
0 0.7086363636363636 0.5735096153846154 0.028181818181818228 0.05482692307692306
0 0.69125 0.556826923076923 0.03301136363636365 0.03338461538461541
0 0.7031392045454545 0.6092788461538461 0.04622159090909086 0.05482692307692306
0 0.6835440340909091 0.5988461538461538 0.02728693181818179 0.07569230769230761
0 0.6703409090909092 0.5979519230769231 0.022897727272727278 0.07390384615384606
0 0.6602130681818181 0.5916923076923077 0.028181818181818145 0.07211538461538461
0 0.6765056818181818 0.5320865384615384 0.02113636363636363 0.01967307692307696
0 0.6632954545454546 0.5720192307692308 0.04051136363636369 0.07330769230769231
0 0.6516193181818182 0.5477596153846154 0.029232954545454524 0.051942307692307677
0 0.6737357954545454 0.07227884615384615 0.022073863636363586 0.02436538461538462
0 0.9427414772727274 0.03310576923076922 0.029772727272727163 0.03401923076923077
0 0.7573224431818182 0.4916634615384616 0.02697443181818183 0.06494230769230772
0 0.737990056818182 0.5012019230769231 0.028480113636363734 0.03855769230769227
0 0.6547869318181818 0.5042500000000001 0.03536931818181823 0.04869230769230768
0 0.6703764204545455 0.5020096153846154 0.05217329545454548 0.053173076923076934
0 0.6783238636363635 0.4748173076923076 0.04286931818181819 0.06128846153846149
0 0.6672301136363636 0.48497115384615386 0.03088068181818183 0.051557692307692256
0 0.6993110795454546 0.5024230769230769 0.02248579545454551 0.035307692307692276
0 0.7125 0.488625 0.027272727272727258 0.030442307692307716
0 0.7152059659090909 0.4776634615384615 0.03387784090909086 0.045057692307692375
0 0.7423366477272727 0.44599999999999995 0.01498579545454539 0.028000000000000004
0 0.9033451704545453 0.08032692307692307 0.026093750000000006 0.037307692307692306
0 0.7358877840909092 0.46772115384615387 0.018877840909090938 0.030019230769230795
0 0.7256889204545455 0.4468173076923077 0.017684659090909074 0.03532692307692309
0 0.7577698863636364 0.45676923076923076 0.01829545454545454 0.04546153846153849
0 0.7980965909090909 0.4825384615384616 0.030568181818181793 0.03207692307692304
0 0.784609375 0.4595961538461539 0.025184659090909115 0.04626923076923077
0 0.7717116477272729 0.47868269230769234 0.018593750000000044 0.058442307692307724
0 0.8081392045454546 0.46183653846153844 0.03207386363636369 0.028019230769230755
0 0.8483167613636362 0.4449903846153846 0.03808238636363645 0.047903846153846144
0 0.8280752840909091 0.4460096153846154 0.019190340909090896 0.03205769230769229
0 0.8159375 0.43748076923076923 0.019488636363636402 0.02638461538461538
0 0.914325284090909 0.04895192307692307 0.03098011363636372 0.026749999999999993
0 0.7904545454545455 0.4206442307692308 0.025482954545454625 0.034096153846153825
0 0.800497159090909 0.43261538461538457 0.021590909090908994 0.03611538461538462
0 0.8324218750000001 0.39547115384615383 0.04705965909090908 0.058442307692307724
0 0.8199786931818184 0.41699038461538457 0.029985795454545473 0.027596153846153836
0 0.8087357954545453 0.3930384615384615 0.02428977272727276 0.044653846153846155
0 0.7675142045454545 0.4358557692307692 0.022784090909091018 0.03286538461538462
0 0.7294389204545456 0.4265192307692308 0.02038352272727276 0.02638461538461538
0 0.7104048295454546 0.4419423076923077 0.017088068181818142 0.03369230769230766
0 0.74578125 0.42002884615384617 0.023096590909090896 0.03613461538461537
0 0.7789133522727273 0.4080576923076923 0.024588068181818103 0.02923076923076921
0 0.9011434659090909 0.06628846153846153 0.028536931818181864 0.038307692307692306
0 0.7967471590909092 0.38227884615384616 0.02369318181818175 0.04263461538461542
0 0.7780042613636362 0.38269230769230766 0.02038352272727276 0.026384615384615437
0 0.7622727272727272 0.3916153846153846 0.01889204545454539 0.043423076923076946
0 0.7559730113636363 0.4110961538461539 0.0218892045454545 0.028000000000000004
0 0.7802556818181817 0.35204807692307694 0.041079545454545396 0.0568269230769231
0 0.7813068181818181 0.34675961538461536 0.01857954545454551 0.025980769230769214
0 0.7504261363636363 0.3820769230769231 0.021590909090908994 0.03246153846153845
0 0.7339346590909092 0.39486538461538456 0.028181818181818228 0.0401923076923077
0 0.746384943181818 0.34838461538461546 0.028480113636363734 0.054384615384615385
0 0.7193963068181819 0.37314423076923076 0.03268465909090916 0.05844230769230767
0 0.8978551136363635 0.027692307692307693 0.030738636363636343 0.055384615384615386
0 0.6919673295454545 0.4510769230769231 0.02697443181818183 0.04869230769230768
0 0.6783238636363635 0.45716346153846155 0.03866477272727269 0.03651923076923079
0 0.6852201704545454 0.4044038461538461 0.05785511363636366 0.059269230769230755
0 0.7171448863636364 0.41515384615384615 0.022187499999999926 0.02638461538461538
0 0.6789204545454545 0.4230673076923077 0.037471590909090906 0.033288461538461545
0 0.7002059659090909 0.36665384615384616 0.05126420454545459 0.045461538461538435
0 0.497265625 0.9236730769230769 0.0390198863636364 0.04857692307692306
0 0.4770667613636364 0.8979711538461538 0.04387784090909089 0.06225000000000001
0 0.46348011363636366 0.9479615384615384 0.04596590909090911 0.052807692307692375
0 0.4427556818181818 0.9253173076923077 0.03866477272727276 0.049980769230769245
0 0.926278409090909 0.021374999999999998 0.03536931818181815 0.033019230769230766
0 0.3758877840909091 0.8411538461538461 0.12782670454545456 0.1975769230769231
0 0.3744957386363636 0.9085769230769231 0.038650568181818196 0.05046153846153848
0 0.4516406250000001 0.8708557692307692 0.029247159090909056 0.03159615384615386
0 0.43161221590909093 0.8534134615384615 0.030298295454545432 0.06555769230769226
0 0.44380681818181816 0.8347884615384616 0.03517045454545453 0.04338461538461539
0 0.4448508522727272 0.8218173076923078 0.03240056818181818 0.02782692307692302
0 0.47323153409090907 0.8255961538461538 0.025071022727272775 0.05423076923076932
0 0.47584517045454544 0.8628461538461538 0.0706960227272727 0.08157692307692299
0 0.49413352272727273 0.838798076923077 0.02786931818181819 0.03251923076923071
0 0.4958735795454546 0.8116826923076924 0.03413352272727277 0.030173076923076917
0 0.9162713068181819 0.007057692307692307 0.015866477272727216 0.014115384615384615
0 0.47236505681818175 0.8463461538461539 0.02194602272727271 0.04007692307692303
0 0.4209872159090909 0.9036346153846153 0.0515482954545454 0.04526923076923081
0 0.3974786931818182 0.8876057692307693 0.03169034090909091 0.05186538461538467
0 0.41576704545454546 0.8508173076923077 0.02926136363636367 0.08582692307692306
0 0.2892471590909091 0.8855865384615385 0.03883522727272728 0.06321153846153847
0 0.25938920454545455 0.8742692307692308 0.0444886363636364 0.05188461538461542
0 0.2614772727272727 0.9035480769230769 0.024573863636363612 0.03524999999999997
0 0.25631392045454543 0.9230096153846155 0.020156249999999997 0.034942307692307724
0 0.24218039772727273 0.8940673076923076 0.017940340909090902 0.05155769230769231
0 0.2306321022727273 0.8889038461538462 0.018423295454545453 0.04457692307692309
0 0.8749218750000001 0.07801923076923077 0.03268465909090908 0.07430769230769231
0 0.21306107954545456 0.8839134615384615 0.030468749999999985 0.05590384615384614
0 0.205078125 0.9090384615384616 0.02825284090909089 0.048923076923076916
0 0.22509943181818182 0.9225096153846154 0.019659090909090873 0.03459615384615387
0 0.2402130681818182 0.9261730769230769 0.012045454545454531 0.025961538461538463
0 0.24845170454545454 0.9492980769230769 0.02113636363636363 0.03159615384615386
0 0.21970170454545457 0.9511250000000001 0.02161931818181818 0.03994230769230777
0 0.2843323863636364 0.9293269230769231 0.035880681818181846 0.04557692307692317
0 0.26798295454545457 0.9479711538461539 0.020397727272727293 0.03759615384615387
0 0.23825284090909093 0.9607692307692308 0.027272727272727296 0.04392307692307688
0 0.28568892045454547 0.9647980769230771 0.032940340909090905 0.03990384615384626
0 0.8589417613636363 0.084625 0.025610795454545577 0.08686538461538462
0 0.270078125 0.9765384615384616 0.03813920454545454 0.03442307692307688
0 0.2658877840909091 0.9896442307692308 0.025724431818181837 0.020711538461538427
0 0.24580255681818183 0.9829903846153846 0.019076704545454515 0.03401923076923077
0 0.22788352272727275 0.9835769230769231 0.01792613636363637 0.03284615384615382
0 0.20708096590909095 0.9835769230769231 0.025440340909090906 0.03284615384615382
0 0.18857954545454544 0.9878749999999998 0.021392045454545438 0.024250000000000025
0 0.16921875 0.9732115384615384 0.03352272727272729 0.053576923076923105
0 0.19783380681818183 0.9464134615384615 0.03757102272727273 0.06886538461538462
0 0.16477982954545453 0.9366826923076924 0.03805397727272728 0.04648076923076926
0 0.13282670454545453 0.9562307692307692 0.0271875 0.03588461538461532
0 0.8402840909090908 0.06860576923076922 0.033664772727272634 0.048211538461538465
0 0.1222940340909091 0.9394423076923076 0.030582386363636364 0.04003846153846152
0 0.14914772727272727 0.9203461538461539 0.03127840909090911 0.034961538461538474
0 0.15730823863636365 0.9484423076923076 0.07884943181818183 0.10311538461538462
0 0.10921164772727274 0.9714134615384615 0.022769886363636364 0.0312884615384615
0 0.11634943181818182 0.9852500000000001 0.03704545454545454 0.029499999999999953
0 0.08490767045454546 0.9797307692307693 0.03126420454545454 0.04053846153846151
0 0.10207386363636363 0.9438173076923076 0.024119318181818176 0.046019230769230784
0 0.054325284090909094 0.9803942307692309 0.03873579545454546 0.030826923076923134
0 0.05482954545454546 0.9944519230769231 0.045198863636363634 0.011096153846153811
0 0.06791903409090909 0.956923076923077 0.029900568181818188 0.04738461538461547
0 0.9089701704545454 0.13282692307692306 0.037173295454545396 0.049538461538461545
0 0.851377840909091 0.04019230769230769 0.024147727272727272 0.037653846153846156
0 0.12568892045454547 0.9127596153846154 0.04146306818181818 0.0335961538461539
0 0.0471875 0.9479519230769231 0.03261363636363637 0.057057692307692226
0 0.09120028409090909 0.9288653846153846 0.029559659090909095 0.062115384615384635
0 0.11583806818181817 0.8856057692307692 0.028551136363636355 0.03636538461538466
0 0.17123579545454545 0.8862980769230769 0.04011363636363634 0.057057692307692226
0 0.1474431818181818 0.8775480769230769 0.03875 0.05428846153846157
0 0.13605823863636363 0.867201923076923 0.043167613636363636 0.030826923076923026
0 0.13538352272727272 0.8306153846153845 0.04451704545454546 0.050615384615384604
0 0.10224431818181819 0.8214134615384615 0.03943181818181818 0.05798076923076919
0 0.10598011363636363 0.8432788461538462 0.019034090909090917 0.04648076923076915
0 0.8817542613636363 0.02225 0.030241477272727222 0.0445
0 0.09714488636363637 0.8837692307692308 0.03602272727272726 0.03819230769230772
0 0.07981534090909091 0.9162019230769229 0.019034090909090907 0.03405769230769227
0 0.06860085227272728 0.8948173076923077 0.025838068181818177 0.030826923076923026
0 0.05534801136363637 0.9224134615384615 0.04078125 0.034519230769230747
0 0.022372159090909092 0.9456538461538462 0.028551136363636365 0.05980769230769235
0 0.046676136363636364 0.906076923076923 0.028892045454545455 0.024846153846153875
0 0.08882102272727273 0.8630576923076922 0.03161931818181818 0.03357692307692304
0 0.05449573863636364 0.8816923076923078 0.04044034090909091 0.034961538461538474
0 0.02203125 0.893423076923077 0.027187499999999996 0.06026923076923072
0 0.03426846590909091 0.8718076923076924 0.042144886363636364 0.03634615384615391
0 0.871512784090909 0.021913461538461538 0.02098011363636361 0.043826923076923076
0 0.059417613636363636 0.8538557692307692 0.0271875 0.029903846153846066
0 0.08134232954545455 0.8232596153846155 0.03501420454545456 0.06167307692307691
0 0.05619318181818182 0.8179615384615385 0.05335227272727273 0.04923076923076917
0 0.03172585227272728 0.8386730769230769 0.03365056818181818 0.04096153846153849
0 0.05376420454545454 0.5208942307692308 0.06355113636363635 0.08182692307692305
0 0.3055539772727273 0.6394326923076923 0.02156249999999997 0.03174999999999998
0 0.2919318181818182 0.6225961538461539 0.02178977272727273 0.028230769230769136
0 0.3008096590909091 0.602875 0.03292613636363637 0.04586538461538466
0 0.27167613636363636 0.5972596153846154 0.028181818181818186 0.04682692307692312
0 0.28293323863636366 0.6325384615384615 0.05211647727272727 0.060923076923076934
0 0.8615056818181818 0.005894230769230769 0.02440340909090918 0.011788461538461538
0 0.033281250000000005 0.5211346153846154 0.04835227272727274 0.08238461538461544
0 0.03422585227272727 0.5910192307692308 0.060553977272727266 0.07003846153846156
0 0.07934659090909091 0.5533076923076924 0.04414772727272728 0.12469230769230764
0 0.16725852272727273 0.45875000000000005 0.02815340909090908 0.03142307692307693
0 0.06962357954545455 0.18136538461538462 0.03896306818181818 0.03576923076923076
0 0.04617897727272727 0.1915 0.022443181818181814 0.03219230769230771
0 0.06422585227272727 0.2306923076923077 0.025980113636363635 0.0748076923076923
0 0.07853693181818182 0.23932692307692308 0.02113636363636363 0.05811538461538461
0 0.12366477272727273 0.24633653846153847 0.028607954545454548 0.03755769230769234
0 0.13874289772727275 0.23948076923076922 0.034559659090909085 0.03219230769230771
0 0.8477201704545455 0.01646153846153846 0.033906250000000006 0.03292307692307692
0 0.11078125000000001 0.2622788461538461 0.03323863636363635 0.05036538461538458
0 0.08756392045454545 0.2601923076923077 0.02686079545454545 0.05573076923076921
0 0.11177556818181818 0.12042307692307694 0.029943181818181817 0.041423076923076924
0 0.08580255681818182 0.12980769230769232 0.025980113636363635 0.02026923076923077
0 0.09702414772727273 0.11683653846153845 0.038735795454545446 0.03725
0 0.16526988636363635 0.16840384615384615 0.03875000000000002 0.02711538461538463
0 0.14930397727272726 0.15335576923076924 0.02355113636363638 0.028019230769230782
0 0.1588849431818182 0.14604807692307692 0.027741477272727275 0.01878846153846153
0 0.1914630681818182 0.14709615384615388 0.038295454545454556 0.02384615384615383
0 0.18772017045454545 0.1290673076923077 0.0449005681818182 0.03248076923076923
0 0.8383309659090908 0.02698076923076923 0.013650568181818201 0.038307692307692306
0 0.1354403409090909 0.131 0.019147727272727278 0.03219230769230768
0 0.15095880681818183 0.12742307692307694 0.030383522727272728 0.02265384615384617
0 0.15338068181818182 0.11297115384615386 0.022017045454545456 0.017596153846153845
0 0.12652698863636364 0.10075961538461538 0.03257102272727274 0.042019230769230774
0 0.18056107954545456 0.10551923076923078 0.03367897727272726 0.036653846153846155
0 0.16240056818181817 0.09002884615384615 0.018494318181818195 0.039634615384615386
0 0.13379261363636363 0.08778846153846154 0.0462215909090909 0.03753846153846153
0 0.15906960227272726 0.029798076923076924 0.037940340909090924 0.05525
0 0.12828835227272728 0.018653846153846153 0.05083806818181817 0.03684615384615385
0 0.1661221590909091 0.019490384615384614 0.0244034090909091 0.03898076923076923
0 0.8133238636363636 0.0435 0.037812500000000006 0.04953846153846153
0 0.18114346590909092 0.02426923076923077 0.024048295454545465 0.04853846153846154
0 0.1880397727272727 0.03098076923076923 0.022982954545454536 0.06196153846153846
0 0.20536931818181817 0.030019230769230767 0.023693181818181787 0.060038461538461534
0 0.21279829545454546 0.02426923076923077 0.02369318181818183 0.04853846153846154
0 0.234375 0.03432692307692308 0.022982954545454556 0.06865384615384616
0 0.27330255681818183 0.046740384615384614 0.04723011363636364 0.058326923076923075
0 0.26335227272727274 0.01864423076923077 0.03505681818181819 0.03728846153846154
0 0.24225852272727275 0.040163461538461544 0.02258522727272728 0.08032692307692309
0 0.27820312500000005 0.058596153846153846 0.02376420454545453 0.04584615384615385
0 0.3064275568181818 0.009798076923076923 0.02850852272727272 0.019596153846153846
0 0.82015625 0.010355769230769231 0.02318181818181809 0.020711538461538462
0 0.2877059659090909 0.009798076923076923 0.017230113636363672 0.019596153846153846
0 0.30308948863636365 0.05934615384615385 0.027116477272727237 0.047269230769230765
0 0.31931818181818183 0.04627884615384615 0.024232954545454547 0.055634615384615387
0 0.30144886363636364 0.033490384615384616 0.022187500000000006 0.03559615384615385
0 0.3191051136363636 0.014519230769230769 0.031221590909090893 0.029038461538461537
0 0.3456107954545455 0.024865384615384616 0.024232954545454547 0.02838461538461538
0 0.5033735795454546 0.08772115384615384 0.041491477272727326 0.06840384615384615
0 0.5222727272727273 0.05183653846153846 0.04971590909090909 0.08121153846153847
0 0.5027556818181819 0.026201923076923078 0.06821022727272724 0.052403846153846155
0 0.4791335227272727 0.0688076923076923 0.03409090909090909 0.036153846153846154
0 0.7672159090909091 0.06249038461538461 0.02707386363636356 0.05648076923076923
0 0.4604332386363636 0.03626923076923077 0.04765625000000002 0.04226923076923077
0 0.4518110795454545 0.0626826923076923 0.022173295454545473 0.04617307692307693
0 0.48426846590909095 0.10524038461538461 0.04436079545454548 0.04782692307692307
0 0.45674005681818186 0.11720192307692308 0.0238210227272727 0.07063461538461539
0 0.4417471590909091 0.07603846153846154 0.02258522727272724 0.05173076923076923
0 0.4357954545454545 0.08632692307692308 0.021363636363636394 0.041153846153846166
0 0.43496448863636367 0.032874999999999995 0.018082386363636307 0.06574999999999999
0 0.4540696022727273 0.01235576923076923 0.03410511363636362 0.02448076923076923
0 0.419765625 0.029538461538461538 0.02055397727272731 0.059076923076923075
0 0.4072372159090909 0.029817307692307695 0.020127840909090852 0.05963461538461539
0 0.8040553977272729 0.04945192307692308 0.03098011363636372 0.06275
0 0.3977911931818182 0.02870192307692308 0.020951704545454544 0.05740384615384616
0 0.37128551136363636 0.005067307692307692 0.033678977272727284 0.010134615384615384
0 0.3735511363636364 0.02514423076923077 0.028352272727272698 0.030019230769230767
0 0.34026988636363636 0.01201923076923077 0.03903409090909089 0.02403846153846154
0 0.37724431818181814 0.04322115384615385 0.03738636363636367 0.04171153846153846
0 0.3599928977272727 0.044057692307692305 0.023423295454545467 0.04115384615384615
0 0.35794034090909094 0.079375 0.05875000000000002 0.040596153846153844
0 0.33739346590909086 0.09383653846153847 0.041491477272727284 0.04282692307692308
0 0.3891548295454546 0.08966346153846154 0.029985795454545393 0.06005769230769231
0 0.4041548295454545 0.08854807692307692 0.02299715909090909 0.0400576923076923
0 0.9110085227272726 0.10451923076923077 0.02323863636363638 0.0338076923076923
0 0.7867329545454546 0.05209615384615385 0.01926136363636356 0.07596153846153846
0 0.38874999999999993 0.12971153846153846 0.024232954545454547 0.03226923076923077
0 0.36492187499999995 0.11051923076923077 0.029985795454545435 0.03503846153846154
0 0.34848721590909093 0.1244326923076923 0.04643465909090909 0.031711538461538465
0 0.41340198863636357 0.08493269230769232 0.034105113636363704 0.06840384615384616
0 0.43558238636363633 0.12275961538461538 0.030000000000000006 0.03836538461538462
0 0.4368110795454545 0.14222115384615383 0.04231534090909094 0.045057692307692306
0 0.4078551136363636 0.12359615384615387 0.019715909090909086 0.03115384615384616
0 0.4092897727272727 0.14472115384615383 0.025880681818181858 0.022250000000000013
0 0.3805326704545454 0.14473076923076922 0.03080965909090909 0.03338461538461538
0 0.449140625 0.17643269230769232 0.047258522727272705 0.05005769230769231
0 0.8008806818181818 0.010355769230769231 0.020255681818181805 0.020711538461538462
0 0.41216619318181813 0.17087499999999997 0.03328125000000001 0.048942307692307695
0 0.3474573863636363 0.14222115384615383 0.04025568181818178 0.02613461538461539
0 0.3910085227272727 0.16725961538461537 0.02301136363636362 0.02501923076923078
0 0.3667684659090909 0.16447115384615385 0.03615056818181821 0.03171153846153845
0 0.3367755681818182 0.1664230769230769 0.03286931818181816 0.04896153846153845
0 0.3694389204545455 0.1900673076923077 0.03328125000000001 0.04282692307692307
0 0.3449928977272727 0.1986826923076923 0.03697443181818178 0.01890384615384615
0 0.35279829545454544 0.2198173076923077 0.055880681818181864 0.035596153846153854
0 0.38423295454545453 0.2237115384615385 0.03573863636363632 0.05338461538461539
0 0.3992258522727272 0.21620192307692307 0.02546875000000001 0.037250000000000005
0 0.7861221590909092 0.009201923076923078 0.016107954545454592 0.018403846153846156
0 0.4177130681818182 0.21370192307692307 0.019715909090909086 0.035596153846153826
0 0.4039488636363636 0.1881153846153846 0.039034090909090935 0.03115384615384616
0 0.43024147727272727 0.1825576923076923 0.025880681818181858 0.057846153846153846
0 0.45982244318181825 0.20897115384615383 0.03984375000000002 0.04394230769230771
0 0.4425710227272728 0.21898076923076923 0.03738636363636363 0.05507692307692308
0 0.4273721590909091 0.23928846153846156 0.05875000000000002 0.03338461538461541
0 0.4232599431818182 0.2709903846153846 0.060383522727272716 0.04340384615384614
0 0.40045454545454545 0.27739423076923075 0.03943181818181817 0.057288461538461524
0 0.3739559659090909 0.2662692307692307 0.021775568181818198 0.03503846153846154
0 0.3688210227272727 0.25124038461538456 0.04519886363636363 0.027249999999999976
0 0.7580681818181819 0.009692307692307693 0.039034090909090775 0.019384615384615386
0 0.3195241477272727 0.2776634615384615 0.03779829545454547 0.034480769230769245
0 0.34909801136363633 0.2701538461538462 0.027116477272727278 0.025038461538461558
0 0.3719034090909091 0.2893461538461538 0.04724431818181817 0.04896153846153848
0 0.35074573863636366 0.23233653846153846 0.04191761363636366 0.032826923076923066
0 0.35916193181818185 0.2993557692307693 0.03821022727272728 0.0333653846153846
0 0.3394460227272727 0.30770192307692307 0.034914772727272704 0.034480769230769245
0 0.32835227272727274 0.24762499999999998 0.03985795454545455 0.03225000000000002
0 0.32855823863636363 0.2937884615384615 0.03697443181818182 0.031153846153846188
0 0.7733167613636364 0.020432692307692308 0.024161931818181805 0.040865384615384616
0 0.7476988636363636 0.04680769230769231 0.029034090909090985 0.06738461538461538
0 0.7376988636363637 0.024182692307692308 0.017329545454545518 0.03798076923076923
0 0.7301349431818182 0.006394230769230769 0.01927556818181809 0.012788461538461538
0 0.7080539772727273 0.023240384615384618 0.0419602272727273 0.046480769230769235
0 0.9678622159090909 0.19827884615384614 0.03404829545454549 0.052865384615384606
0 0.940625 0.1253653846153846 0.0284659090909092 0.04561538461538461
0 0.9922017045454545 0.19296153846153846 0.015596590909090935 0.03126923076923078
0 0.9901775568181819 0.21842307692307691 0.019644886363636423 0.03642307692307692
0 0.9810724431818181 0.17621153846153845 0.03714488636363633 0.030615384615384617
0 0.9698863636363636 0.2263173076923077 0.03761363636363639 0.035442307692307704
0 0.7332599431818182 0.1549326923076923 0.02620738636363643 0.03548076923076924
0 0.642393465909091 0.2583942307692308 0.03998579545454542 0.06436538461538462
0 0.6615056818181818 0.22711538461538464 0.035539772727272705 0.059538461538461554
0 0.6437357954545454 0.18440384615384617 0.05153409090909087 0.05234615384615384
0 0.6310653409090908 0.22560576923076922 0.024431818181818166 0.058942307692307676
0 0.6168536931818182 0.2613942307692308 0.027997159090909062 0.04390384615384615
0 0.9333664772727271 0.11022115384615384 0.02323863636363638 0.02948076923076924
0 0.5997443181818182 0.2496730769230769 0.025767045454545515 0.048115384615384636
0 0.6117471590909092 0.22410576923076922 0.019545454545454533 0.0318653846153846
0 0.609296875 0.1913173076923077 0.024446022727272778 0.03609615384615387
0 0.5955255681818182 0.212375 0.02088068181818188 0.03248076923076923
0 0.5859730113636363 0.23523076923076924 0.019559659090909145 0.028884615384615404
0 0.5961931818181818 0.18499999999999997 0.025767045454545515 0.023461538461538468
0 0.5739772727272727 0.19342307692307695 0.025767045454545435 0.03188461538461538
0 0.5750923295454545 0.22441346153846153 0.01910511363636362 0.03248076923076923
0 0.5577627840909091 0.24546153846153848 0.031548295454545426 0.03126923076923078
0 0.5595383522727272 0.21929807692307693 0.024446022727272698 0.030673076923076928
0 0.9446946022727274 0.09488461538461539 0.037173295454545396 0.019269230769230775
0 0.5402059659090909 0.22801923076923075 0.04265624999999996 0.07819230769230771
0 0.5313210227272728 0.22109615384615383 0.03198863636363634 0.05234615384615387
0 0.5406534090909091 0.18410576923076924 0.017784090909090885 0.0288653846153846
0 0.52265625 0.18921153846153846 0.0208806818181818 0.06676923076923076
0 0.5362073863636364 0.14259615384615384 0.035539772727272705 0.056538461538461524
0 0.5568749999999999 0.17507692307692307 0.027102272727272704 0.03488461538461539
0 0.572421875 0.14350000000000002 0.025326704545454524 0.06796153846153846
0 0.5921946022727272 0.15223076923076923 0.037315340909090965 0.05653846153846155
0 0.562421875 0.13176923076923075 0.03376420454545452 0.06376923076923076
0 0.5275568181818181 0.3848269230769231 0.033863636363636325 0.02907692307692303
0 0.9640056818181818 0.12064423076923077 0.03340909090909088 0.0550576923076923
0 0.527734375 0.35623076923076924 0.03933238636363636 0.03896153846153844
0 0.5018821022727273 0.36978846153846157 0.018934659090909068 0.027615384615384587
0 0.5102556818181818 0.39247115384615383 0.02477272727272727 0.022673076923076907
0 0.49241477272727274 0.41539423076923077 0.056818181818181816 0.051788461538461554
0 0.5197230113636363 0.41810576923076925 0.031321022727272746 0.040442307692307694
0 0.46873579545454547 0.3872884615384615 0.0488068181818182 0.036
0 0.4818536931818182 0.3789134615384615 0.04370738636363642 0.029096153846153838
0 0.5191832386363636 0.33724038461538464 0.05134943181818179 0.04240384615384612
0 0.4882244318181818 0.3399615384615385 0.021477272727272734 0.034999999999999976
0 0.46819602272727273 0.3399615384615384 0.03022727272727269 0.036
0 0.9804758522727273 0.11002884615384616 0.03904829545454547 0.06371153846153847
0 0.46855823863636364 0.3618942307692308 0.05498579545454551 0.028596153846153854
0 0.9907031249999999 0.4452884615384616 0.018593750000000044 0.03511538461538465
0 0.9817542613636363 0.4599615384615385 0.02203124999999999 0.03273076923076925
0 0.989453125 0.4197884615384615 0.021093750000000033 0.02453846153846152
0 0.9776704545454545 0.4284519230769231 0.027357954545454533 0.0351346153846154
0 0.9657670454545454 0.4467403846153846 0.02985795454545452 0.051480769230769254
0 0.99484375 0.4682596153846154 0.010312499999999987 0.02578846153846153
0 0.9861931818181818 0.49508653846153844 0.02761363636363644 0.04005769230769233
0 0.9901917613636364 0.5690865384615383 0.019559659090909065 0.07198076923076924
0 0.9953480113636364 0.534298076923077 0.009303977272727209 0.03836538461538459
