0 0.47480113636363636 0.5665288461538462 0.020454545454545423 0.017788461538461538
0 0.9840269886363636 0.8675865384615384 0.030781250000000104 0.033903846153846146
0 0.5340482954545455 0.5908942307692308 0.035681818181818106 0.02463461538461539
0 0.045745738636363636 0.9742211538461538 0.027855113636363636 0.0502884615384615
0 0.3911505681818182 0.8643653846153847 0.03542613636363636 0.052923076923076996
0 0.6297940340909091 0.41392307692307695 0.049133522727272776 0.036038461538461554
0 0.5042613636363636 0.6254326923076924 0.021761363636363707 0.03478846153846149
0 0.31321732954545456 0.8442115384615385 0.02413352272727274 0.049961538461538495
0 0.5948650568181818 0.40954807692307693 0.030099431818181813 0.05136538461538458
0 0.40906250000000005 0.9037788461538462 0.018323863636363683 0.040250000000000015
0 0.011782670454545454 0.9844615384615384 0.023451704545454546 0.031076923076923123
0 0.4680397727272727 0.6669807692307693 0.034261363636363645 0.03284615384615382
0 0.5333238636363636 0.8756634615384616 0.03855113636363634 0.043211538461538405
0 0.4937357954545455 0.6406442307692307 0.02997159090909086 0.03236538461538459
0 0.5722940340909091 0.3727884615384615 0.028139204545454547 0.06465384615384616
0 0.5755681818181818 0.30280769230769233 0.03730113636363635 0.07884615384615384
0 0.5289985795454545 0.9636057692307693 0.018735795454545453 0.030865384615384638
0 0.48116477272727276 0.6580673076923077 0.04105113636363633 0.042596153846153804
0 0.5726704545454545 0.8698653846153847 0.033806818181818195 0.03888461538461533
0 0.9456463068181818 0.5647980769230769 0.03981534090909087 0.0288653846153846
0 0.5648224431818182 0.8501346153846154 0.031917613636363674 0.03592307692307694
0 0.4962073863636363 0.8158173076923078 0.03210227272727276 0.025750000000000082
0 0.4276207386363636 0.8874519230769231 0.03524147727272728 0.029749999999999943
0 0.7585014204545455 0.4298653846153846 0.018224431818181716 0.04746153846153847
0 0.47252840909090915 0.9438557692307692 0.030710227272727278 0.04078846153846161
0 0.8907528409090908 0.051509615384615376 0.027159090909090914 0.04290384615384615
0 0.8849005681818182 0.6113557692307692 0.028551136363636397 0.03921153846153855
0 0.9261292613636364 0.5386538461538461 0.03137784090909079 0.03649999999999993
0 0.49124289772727275 0.9319711538461538 0.022514204545454497 0.019403846153846216
0 0.5064772727272727 0.9118173076923076 0.029488636363636352 0.028826923076923094
0 0.007045454545454546 0.4896923076923077 0.014090909090909091 0.02315384615384619
0 0.5455894886363637 0.9700288461538462 0.024161931818181884 0.02994230769230779
0 0.56421875 0.9761153846153847 0.029488636363636352 0.025500000000000092
0 0.3995880681818182 0.3841730769230769 0.037414772727272776 0.05826923076923074
0 0.4300568181818182 0.8164903846153847 0.035397727272727296 0.025596153846153852
0 0.27205965909090907 0.8173076923076923 0.025085227272727308 0.04611538461538465
0 0.9372656250000001 0.6051346153846154 0.05200284090909093 0.026730769230769186
0 0.6962499999999999 0.5533076923076924 0.02647727272727279 0.0743076923076924
0 0.7800426136363636 0.7384519230769231 0.038039772727272686 0.033903846153846146
0 0.7516335227272727 0.7146634615384615 0.038039772727272686 0.04236538461538456
0 0.967393465909091 0.10336538461538461 0.044275568181818124 0.047423076923076915
0 0.2909872159090909 0.9319615384615385 0.037372159090909095 0.038423076923076956
0 0.2561221590909091 0.9453557692307691 0.02991477272727273 0.04113461538461536
0 0.7928764204545454 0.5537211538461538 0.03132102272727282 0.040865384615384616
0 0.5264630681818182 0.8466057692307692 0.018323863636363603 0.029173076923076954
0 0.9865269886363638 0.9065769230769231 0.026832386363636343 0.03480769230769235
0 0.4952272727272727 0.018490384615384617 0.032982954545454586 0.036980769230769234
0 0.4540909090909091 0.02621153846153846 0.01906249999999994 0.051653846153846154
0 0.5920454545454545 0.12623076923076923 0.032499999999999994 0.055576923076923086
0 0.5043607954545455 0.794326923076923 0.02227272727272728 0.03257692307692307
0 0.3453338068181818 0.0775576923076923 0.03532670454545455 0.07261538461538462
0 0.8895170454545455 0.5020865384615385 0.03545454545454551 0.03348076923076928
0 0.797734375 0.6922403846153847 0.022116477272727184 0.04124999999999998
0 0.9269460227272728 0.9127596153846154 0.02093750000000001 0.046596153846153884
0 0.3441903409090909 0.3889230769230769 0.02252840909090911 0.03049999999999997
0 0.32367897727272726 0.4608076923076923 0.018494318181818157 0.032692307692307694
0 0.5716548295454545 0.9041730769230768 0.04987215909090911 0.033230769230769286
0 0.8358664772727273 0.63925 0.021477272727272734 0.0642307692307693
0 0.5654829545454546 0.83275 0.023607954545454553 0.01911538461538461
0 0.31985795454545457 0.4458365384615385 0.022926136363636343 0.04628846153846153
0 0.32468749999999996 0.39109615384615387 0.024545454545454547 0.032692307692307694
0 0.29149857954545455 0.40471153846153846 0.028963068181818163 0.046846153846153815
0 0.7862428977272727 0.5350096153846154 0.03504261363636374 0.030134615384615416
0 0.2997443181818182 0.4523653846153846 0.025340909090909094 0.03976923076923078
0 0.9682883522727272 0.9117980769230769 0.02484375000000001 0.04467307692307696
0 0.9208451704545454 0.7627211538461539 0.04012784090909091 0.05032692307692311
0 0.6110298295454545 0.16745192307692308 0.02188920454545458 0.03613461538461537
0 0.8185298295454545 0.7415384615384616 0.04521306818181808 0.07057692307692305
0 0.39426136363636366 0.12152884615384615 0.03130681818181813 0.06517307692307693
0 0.9754474431818181 0.019875 0.03433238636363631 0.03975
0 0.4372017045454545 0.1179423076923077 0.030596590909090938 0.045730769230769235
0 0.5990553977272728 0.14244230769230767 0.023934659090909124 0.06946153846153846
0 0.771640625 0.7590865384615385 0.05007102272727273 0.04386538461538462
0 0.9535227272727272 0.8849423076923078 0.02900568181818176 0.029307692307692326
0 0.6271875 0.12317307692307691 0.033210227272727266 0.05576923076923077
0 0.9310156249999999 0.7477884615384616 0.04200284090909098 0.03984615384615379
0 0.9374147727272728 0.8868173076923077 0.029801136363636228 0.06198076923076926
0 0.742137784090909 0.47054807692307693 0.03504261363636358 0.03628846153846155
0 0.7711292613636364 0.4327115384615384 0.026633522727272728 0.07846153846153843
0 0.9165127840909091 0.67775 0.045894886363636284 0.05215384615384616
0 0.9689985795454544 0.056875 0.04330965909090911 0.04559615384615385
0 0.30235795454545455 0.380201923076923 0.02173295454545452 0.03921153846153849
0 0.30859375 0.3437115384615385 0.020511363636363633 0.037038461538461576
0 0.3311150568181818 0.41125 0.023735795454545464 0.030500000000000027
0 0.38674715909090907 0.056346153846153844 0.028238636363636358 0.043038461538461546
0 0.300546875 0.4235 0.03660511363636365 0.04738461538461536
0 0.41710937499999995 0.07464423076923077 0.0334232954545455 0.06671153846153846
0 0.2896875 0.29797115384615386 0.03499999999999998 0.052288461538461534
0 0.7415127840909093 0.40218269230769227 0.024730113636363592 0.06028846153846153
0 0.47230113636363635 0.9178557692307692 0.03136363636363642 0.027788461538461515
0 0.06720170454545454 0.034721153846153846 0.07565340909090909 0.06944230769230769
0 0.46135653409090904 0.7728942307692307 0.02850852272727272 0.0544423076923077
0 0.9485511363636363 0.7331346153846154 0.045028409090909154 0.04573076923076929
0 0.8965980113636364 0.9648942307692308 0.019872159090909104 0.024980769230769247
0 0.40426136363636367 0.9929711538461539 0.018323863636363683 0.014057692307692203
0 0.4306463068181818 0.04935576923076923 0.04291193181818179 0.029057692307692305
0 0.5014346590909091 0.8410096153846155 0.032329545454545444 0.03113461538461538
0 0.7221235795454546 0.9483173076923077 0.020355113636363612 0.02559615384615374
0 0.1451065340909091 0.18860576923076922 0.04561079545454545 0.05032692307692308
0 0.7384161931818182 0.9343461538461538 0.016292613636363674 0.03465384615384612
0 0.47027698863636364 0.8431730769230769 0.03620738636363638 0.02450000000000002
0 0.7190767045454546 0.9132788461538461 0.021818181818181757 0.05394230769230771
0 0.7164275568181818 0.7289326923076922 0.019872159090909104 0.03040384615384616
0 0.4314417613636364 0.02064423076923077 0.02703124999999996 0.04128846153846154
0 0.6915767045454545 0.6985384615384616 0.03423295454545458 0.03538461538461534
0 0.7204758522727274 0.6504134615384616 0.03018465909090917 0.03482692307692299
0 0.7236008522727272 0.6242788461538461 0.0312926136363636 0.04336538461538453
0 0.7635795454545454 0.938278846153846 0.036931818181818184 0.02521153846153838
0 0.4401846590909091 0.07705769230769231 0.033380681818181816 0.04034615384615385
0 0.10933948863636363 0.1905096153846154 0.030411931818181834 0.03278846153846153
0 0.47436079545454546 0.10610576923076924 0.03815340909090911 0.0629423076923077
0 0.8612926136363637 0.976423076923077 0.02803977272727274 0.04515384615384619
0 0.4214133522727273 0.8338461538461539 0.03830965909090913 0.01946153846153847
0 0.9344957386363636 0.6295288461538462 0.06654829545454533 0.027019230769230792
0 0.06400568181818182 0.17601923076923076 0.03434659090909091 0.05107692307692308
0 0.8341122159090908 0.8397596153846154 0.03563920454545459 0.03467307692307687
0 0.07668323863636363 0.18975 0.03379261363636363 0.038884615384615386
0 0.8619105113636365 0.62625 0.02225852272727267 0.050038461538461615
0 0.38036931818181813 0.8711634615384616 0.02082386363636367 0.04767307692307685
0 0.9911363636363636 0.3298942307692308 0.017301136363636452 0.047442307692307666
0 0.0986434659090909 0.16497115384615385 0.039417613636363626 0.03813461538461538
0 0.8363210227272727 0.8955673076923076 0.02767045454545457 0.033903846153846146
0 0.7665269886363636 0.878625 0.08705965909090904 0.07751923076923077
0 0.024737215909090907 0.9745384615384616 0.03470170454545454 0.05092307692307696
0 0.9099076704545456 0.9701826923076923 0.03299715909090912 0.02690384615384617
0 0.7461292613636364 0.9792403846153847 0.023565340909090956 0.02598076923076932
0 0.6962428977272727 0.948721153846154 0.025014204545454485 0.03348076923076928
0 0.7776704545454546 0.7927980769230769 0.033380681818181816 0.04351923076923076
0 0.7362357954545454 0.9625096153846153 0.0369318181818181 0.028750000000000088
0 0.7441690340909091 0.6192019230769231 0.026463068181818174 0.04390384615384613
0 0.10708806818181818 0.2354903846153846 0.02477272727272727 0.05871153846153846
0 0.5322088068181818 0.7860576923076923 0.03268465909090908 0.028692307692307614
0 0.034438920454545455 0.21910576923076924 0.04169034090909091 0.05490384615384618
0 0.715284090909091 0.6048269230769231 0.01937499999999998 0.03126923076923075
0 0.9863707386363636 0.8901730769230769 0.027258522727272805 0.03430769230769226
0 0.8285156250000001 0.8654711538461538 0.02856534090909093 0.04463461538461534
0 0.4983948863636364 0.09911538461538462 0.03696022727272725 0.04896153846153845
0 0.14003551136363637 0.15391346153846153 0.04899147727272726 0.05567307692307693
0 0.3708380681818182 0.06710576923076922 0.021846590909090902 0.044134615384615376
0 0.7552911931818183 0.9923750000000001 0.02268465909090913 0.015249999999999904
0 0.35534090909090915 0.03671153846153846 0.038551136363636385 0.05111538461538462
0 0.4616477272727273 0.11740384615384615 0.033380681818181816 0.0468076923076923
0 0.85828125 0.9828653846153846 0.0269602272727273 0.03426923076923075
0 0.9656321022727273 0.29655769230769224 0.03725852272727259 0.07207692307692305
0 0.732130681818182 0.9133557692307692 0.022812500000000083 0.04574999999999993
0 0.7528053977272727 0.4162692307692307 0.01978693181818191 0.0384230769230769
0 0.3882031249999999 0.106375 0.02759943181818183 0.06382692307692307
0 0.5474715909090908 0.8821057692307692 0.02227272727272728 0.025288461538461496
0 0.8 0.8546634615384614 0.03463068181818181 0.07798076923076926
0 0.3262926136363636 0.31784615384615383 0.035000000000000024 0.03103846153846151
0 0.5566335227272727 0.8935384615384615 0.01974431818181815 0.02284615384615384
0 0.7501278409090909 0.7803653846153845 0.024204545454545402 0.05253846153846153
0 0.7179048295454545 0.9862692307692308 0.04683238636363632 0.02746153846153841
0 0.3077911931818182 0.2952403846153846 0.02856534090909093 0.03813461538461536
0 0.9123650568181819 0.6651442307692308 0.04791193181818168 0.04624999999999991
0 0.38938920454545456 0.9844807692307692 0.015596590909090935 0.02723076923076917
0 0.46967329545454545 0.8646923076923076 0.042244318181818195 0.023961538461538423
0 0.4090056818181818 0.9609903846153847 0.03872159090909089 0.04698076923076924
0 0.8715553977272728 0.692173076923077 0.04879261363636367 0.10992307692307686
0 0.7604332386363637 0.9105961538461538 0.036235795454545444 0.03253846153846157
0 0.8921803977272728 0.641423076923077 0.03859374999999994 0.036038461538461554
0 0.879765625 0.6831634615384615 0.022627840909091 0.08348076923076916
0 0.4615553977272727 0.9555480769230769 0.043110795454545485 0.02382692307692305
0 0.6991193181818182 0.7433846153846154 0.02798295454545453 0.025423076923076975
0 0.7936931818181818 0.9915576923076923 0.0269602272727273 0.015846153846153864
0 0.1380681818181818 0.2313076923076923 0.038295454545454556 0.0488076923076923
0 0.7222869318181818 0.6883365384615384 0.03099431818181817 0.02628846153846146
0 0.44723011363636367 0.5998846153846155 0.01914772727272722 0.03473076923076923
0 0.8213707386363637 0.9838846153846154 0.030525568181818195 0.032230769230769216
0 0.7901491477272728 0.811375 0.032144886363636355 0.05859615384615379
0 0.701796875 0.9105961538461538 0.026463068181818174 0.04796153846153846
0 0.057251420454545454 0.11578846153846152 0.03774147727272728 0.06634615384615383
0 0.07949573863636364 0.23321153846153847 0.030411931818181824 0.05107692307692311
0 0.6406818181818181 0.17601923076923076 0.04071022727272731 0.06807692307692309
0 0.7075852272727272 0.9540384615384616 0.02093750000000001 0.02284615384615384
0 0.567890625 0.17245192307692309 0.030184659090909092 0.04798076923076924
0 0.41127130681818175 0.8572980769230768 0.035923295454545486 0.03259615384615382
0 0.7484232954545454 0.8345192307692308 0.05374999999999988 0.05569230769230765
0 0.9895099431818182 0.9383653846153845 0.020127840909091012 0.049961538461538495
0 0.7000213068181819 0.9766730769230769 0.03200284090909087 0.026384615384615437
0 0.5683735795454545 0.08135576923076923 0.02825284090909089 0.03694230769230768
0 0.5920738636363636 0.09724038461538462 0.023948863636363657 0.060942307692307685
0 0.7802414772727272 0.6796249999999999 0.027159090909090914 0.04648076923076926
0 0.7685227272727272 0.9573846153846155 0.02997159090909094 0.039000000000000055
0 0.7675994318181818 0.7105288461538461 0.03207386363636353 0.026557692307692313
0 0.9179403409090909 0.1575096153846154 0.0554545454545454 0.04744230769230769
0 0.023693181818181818 0.17221153846153844 0.047386363636363636 0.04500000000000001
0 0.35791903409090914 0.8962115384615384 0.01904829545454545 0.0345384615384615
0 0.7099857954545454 0.6648942307692308 0.03497159090909092 0.025903846153846208
0 0.569872159090909 0.9580096153846153 0.039261363636363615 0.046019230769230784
0 0.38813210227272726 0.9562211538461539 0.030184659090909092 0.056519230769230745
0 0.571484375 0.12123076923076921 0.02299715909090909 0.04926923076923077
0 0.9358806818181818 0.14039423076923077 0.03517045454545453 0.044634615384615384
0 0.5801917613636364 0.24223076923076922 0.04836647727272729 0.04669230769230769
0 0.48588068181818184 0.036432692307692305 0.05721590909090905 0.06671153846153846
0 0.7672727272727274 0.6426634615384615 0.02423295454545463 0.03936538461538467
0 0.28385653409090905 0.3241057692307692 0.03379261363636363 0.034865384615384604
0 0.36625 0.9357980769230769 0.020625000000000015 0.04698076923076924
0 0.35504261363636364 0.8697019230769231 0.03843750000000004 0.041826923076923074
0 0.5708309659090909 0.1556346153846154 0.03455965909090907 0.031961538461538444
0 0.4863707386363636 0.7633846153846153 0.028167613636363612 0.04684615384615387
0 0.9484659090909091 0.012980769230769231 0.03772727272727265 0.025961538461538463
0 0.045980113636363645 0.6437115384615385 0.051875000000000004 0.07338461538461544
0 0.6323863636363636 0.2286153846153846 0.05698863636363637 0.05188461538461539
0 0.5273508522727273 0.8113461538461538 0.03376420454545452 0.04038461538461539
0 0.8753196022727273 0.8637019230769231 0.02086647727272735 0.055365384615384546
0 0.8542471590909091 0.8600288461538462 0.023778409090909104 0.028826923076922986
0 0.3720383522727273 0.9793076923076923 0.018110795454545494 0.04138461538461535
0 0.49244318181818175 0.06872115384615385 0.039346590909090894 0.03121153846153846
0 0.3275 0.2936153846153846 0.0269602272727273 0.033769230769230774
0 0.34060369318181816 0.9122980769230769 0.02867897727272727 0.051750000000000046
0 0.7537571022727273 0.3818942307692308 0.02455965909090904 0.031634615384615365
0 0.3574502840909091 0.9660961538461539 0.023139204545454574 0.06673076923076932
0 0.4074005681818182 0.11148076923076923 0.026619318181818195 0.06834615384615383
0 0.6882599431818182 0.6693749999999999 0.038650568181818154 0.05282692307692313
0 0.809375 0.6905865384615385 0.019034090909090876 0.026250000000000065
0 0.5726917613636363 0.4071634615384615 0.02975852272727271 0.03759615384615387
0 0.7172798295454546 0.7048653846153846 0.024730113636363592 0.021192307692307767
0 0.3952840909090909 0.925875 0.02622159090909088 0.02286538461538459
0 0.7272869318181818 0.7194711538461539 0.017301136363636373 0.029403846153846083
0 0.7955752840909092 0.7299326923076923 0.02504261363636363 0.036365384615384556
0 0.4099715909090909 0.4599903846153846 0.024545454545454506 0.05282692307692308
0 0.49068892045454543 0.5747980769230769 0.02291193181818181 0.02771153846153851
0 0.41306818181818183 0.39915384615384614 0.037812500000000006 0.04792307692307696
0 0.3408522727272727 0.9667788461538462 0.022130681818181838 0.06536538461538463
0 0.33957386363636366 0.44148076923076923 0.020511363636363633 0.03430769230769232
0 0.7357457386363637 0.7805192307692308 0.022457386363636367 0.04684615384615387
0 0.8542542613636364 0.8877211538461539 0.03714488636363633 0.04124999999999998
0 0.558515625 0.10451923076923077 0.02092329545454548 0.047384615384615386
0 0.9873650568181819 0.24640384615384614 0.02484375000000001 0.037846153846153835
0 0.6946022727272727 0.6040673076923078 0.025710227272727305 0.03178846153846149
0 0.35897727272727276 0.11394230769230769 0.03926136363636366 0.06011538461538461
0 0.9709588068181817 0.2737307692307692 0.03549715909090911 0.0624615384615385
0 0.45802556818181817 0.825451923076923 0.029460227272727287 0.03648076923076928
0 0.4702769886363637 0.8840192307692307 0.03862215909090909 0.02015384615384619
0 0.05546875 0.4468173076923077 0.040568181818181816 0.05136538461538458
0 0.02536931818181818 0.458326923076923 0.022244318181818185 0.060230769230769275
0 0.9705397727272728 0.04640384615384615 0.038096590909090816 0.045961538461538456
0 0.04364346590909091 0.5181153846153845 0.040667613636363634 0.04365384615384613
0 0.11948153409090909 0.12264423076923078 0.04842329545454546 0.06328846153846154
0 0.7226846590909091 0.7770288461538462 0.01840909090909088 0.0199423076923077
0 0.3265198863636364 0.9783461538461539 0.02161931818181818 0.040846153846153865
0 0.8426633522727273 0.9860480769230769 0.020582386363636376 0.027903846153846137
0 0.7375923295454545 0.7466346153846154 0.028338068181818166 0.02392307692307703
0 0.5280752840909091 0.7690288461538461 0.035923295454545486 0.037442307692307636
0 0.7769602272727273 0.38146153846153846 0.02803977272727274 0.046807692307692314
0 0.8079900568181819 0.6640961538461538 0.02044034090909089 0.026730769230769186
0 0.9898082386363637 0.28965384615384615 0.019076704545454473 0.04503846153846157
0 0.3782173295454545 0.9081250000000001 0.020838068181818204 0.0330576923076923
0 0.6915767045454545 0.634 0.037926136363636426 0.04784615384615384
0 0.752137784090909 0.6564134615384616 0.03092329545454543 0.03090384615384614
0 0.7587357954545454 0.6897788461538461 0.05673295454545462 0.05090384615384621
0 0.4285085227272727 0.9591826923076923 0.028011363636363595 0.03501923076923073
0 0.326015625 0.9306923076923077 0.02666193181818183 0.043576923076923124
0 0.9177201704545456 0.9447019230769231 0.030156250000000027 0.027865384615384632
0 0.2998650568181818 0.9796442307692307 0.03169034090909091 0.04071153846153849
0 0.29100852272727273 0.8646057692307693 0.021477272727272734 0.028442307692307732
0 0.01049715909090909 0.9088942307692308 0.02099431818181818 0.04221153846153855
0 0.0911221590909091 0.4622596153846154 0.03730113636363636 0.0556730769230769
0 0.43323863636363635 0.8539038461538461 0.03161931818181817 0.02042307692307682
0 0.06490767045454546 0.4741442307692308 0.01776988636363637 0.04555769230769225
0 0.038785511363636366 0.49262500000000004 0.035980113636363636 0.06251923076923081
0 0.43934659090909084 0.8735961538461539 0.022982954545454556 0.02284615384615384
0 0.8998934659090909 0.5963846153846154 0.023849431818181766 0.02284615384615384
0 0.033316761363636364 0.852048076923077 0.05481534090909091 0.03882692307692307
0 0.90203125 0.9142692307692308 0.03505681818181811 0.04803846153846157
0 0.9276562500000001 0.985548076923077 0.03585227272727274 0.02690384615384617
0 0.53125 0.8997980769230769 0.029431818181818222 0.023019230769230712
0 0.8536718749999999 0.13092307692307692 0.021803977272727305 0.02953846153846155
0 0.4626349431818182 0.06252884615384616 0.021065340909090968 0.02528846153846154
0 0.0927627840909091 0.5114807692307692 0.03401988636363637 0.04961538461538464
0 0.012443181818181819 0.8309423076923077 0.024147727272727272 0.04834615384615393
0 0.5122088068181818 0.9582115384615384 0.02515624999999997 0.040846153846153865
0 0.46035511363636367 0.9005961538461539 0.035568181818181846 0.020423076923076933
0 0.945575284090909 0.9581634615384615 0.03478693181818167 0.0461346153846154
0 0.9399005681818182 0.970173076923077 0.03264204545454532 0.03457692307692311
0 0.3826278409090909 0.027278846153846154 0.04872159090909089 0.05455769230769231
0 0.07181818181818182 0.5128076923076924 0.0209375 0.05050000000000004
0 0.5760014204545455 0.9338942307692307 0.033792613636363586 0.03228846153846147
0 0.3275071022727273 0.35924038461538466 0.04384943181818182 0.03321153846153848
0 0.6260795454545455 0.19060576923076925 0.0191477272727273 0.02594230769230768
0 0.8866690340909091 0.9389519230769231 0.031235795454545467 0.0336346153846154
0 0.5128125 0.7585769230769231 0.03340909090909088 0.03307692307692305
0 0.7114559659090909 0.761576923076923 0.032769886363636355 0.033884615384615395
0 0.08709517045454546 0.11730769230769231 0.02984374999999999 0.06938461538461539
0 0.5566335227272727 0.783625 0.01761363636363633 0.025788461538461586
0 0.5805823863636363 0.2086730769230769 0.04857954545454544 0.03242307692307692
0 0.3900568181818182 0.47115384615384615 0.032187500000000036 0.044653846153846204
0 0.06006392045454546 0.22901923076923078 0.03546875 0.05796153846153846
0 0.11220880681818182 0.9805 0.05620738636363636 0.038999999999999944
0 0.5896519886363637 0.19037500000000002 0.029076704545454583 0.03567307692307692
0 0.8546661931818181 0.8295192307692308 0.04464488636363629 0.033346153846153796
0 0.920184659090909 0.8060673076923076 0.03130681818181829 0.07005769230769232
0 0.3938423295454545 0.9044711538461538 0.0175994318181818 0.02674999999999994
0 0.045383522727272724 0.8288076923076924 0.04258522727272727 0.05203846153846154
0 0.9070099431818183 0.6141057692307692 0.018906250000000083 0.01732692307692306
0 0.04450284090909091 0.7899711538461538 0.04198863636363636 0.05605769230769237
0 0.01877130681818182 0.7851730769230768 0.027201704545454543 0.04003846153846152
0 0.7466122159090909 0.7266923076923076 0.027968750000000077 0.02592307692307696
0 0.6906534090909091 0.7212115384615384 0.03238636363636365 0.039884615384615296
0 0.06480823863636363 0.9738749999999999 0.041548295454545456 0.05225000000000003
0 0.34620738636363635 0.4608076923076923 0.043437499999999976 0.04138461538461535
0 0.047109375 0.13332692307692307 0.04450284090909091 0.06023076923076922
0 0.3311221590909091 0.3262884615384616 0.034204545454545474 0.04357692307692307
0 0.987137784090909 0.01319230769230769 0.025269886363636473 0.025538461538461538
0 0.3822088068181818 0.37449038461538464 0.02856534090909093 0.04955769230769233
0 0.6077769886363636 0.2068076923076923 0.022230113636363603 0.04446153846153844
0 0.953203125 0.9240480769230769 0.035127840909090775 0.040365384615384636
0 0.4044176136363637 0.017875 0.03417613636363637 0.03498076923076923
0 0.8781534090909091 0.9617692307692308 0.031221590909090935 0.03700000000000002
0 0.8554332386363636 0.6894038461538462 0.032201704545454485 0.04265384615384617
0 0.9647869318181819 0.7105192307692308 0.02937499999999993 0.052884615384615384
0 0.009389204545454546 0.87525 0.018778409090909092 0.03923076923076919
0 0.5001704545454545 0.9458173076923077 0.02622159090909096 0.03648076923076928
0 0.28868607954545455 0.34425961538461536 0.02654829545454549 0.035942307692307746
0 0.7936292613636364 0.6479519230769231 0.03055397727272726 0.03932692307692316
0 0.006427556818181818 0.7935769230769231 0.012855113636363637 0.047230769230769236
0 0.8975497159090909 0.5244038461538462 0.04740056818181803 0.04353846153846151
0 0.5363565340909091 0.014721153846153847 0.05245738636363637 0.029442307692307695
0 0.3658025568181818 0.4685961538461539 0.04788352272727274 0.03757692307692306
0 0.8619531250000001 0.48651923076923076 0.028792613636363772 0.045769230769230736
0 0.42386363636363633 0.6041249999999999 0.035227272727272746 0.05048076923076923
0 0.44677556818181813 0.540201923076923 0.024971590909090888 0.061596153846153905
0 0.42522727272727273 0.5547884615384615 0.03181818181818179 0.0685384615384615
0 0.49607954545454547 0.493375 0.03454545454545454 0.04213461538461538
0 0.4877556818181818 0.516403846153846 0.022812500000000003 0.04461538461538459
0 0.9609303977272726 0.5890288461538462 0.03177556818181819 0.04682692307692312
0 0.010845170454545455 0.017548076923076923 0.020838068181818183 0.032019230769230765
0 0.18093039772727273 0.03279807692307693 0.04788352272727272 0.06251923076923079
0 0.4283309659090909 0.6337884615384616 0.03447443181818179 0.042615384615384555
0 0.22908380681818177 0.03508653846153846 0.05180397727272727 0.06863461538461539
0 0.46426136363636367 0.5779038461538462 0.01772727272727267 0.023153846153846084
0 0.2164133522727273 0.056442307692307694 0.0501278409090909 0.05184615384615385
0 0.43692471590909093 0.7825384615384615 0.03055397727272734 0.05169230769230768
0 0.5375142045454546 0.5758076923076924 0.031079545454545447 0.022076923076923112
0 0.47911931818181813 0.5368749999999999 0.025511363636363606 0.053019230769230756
0 0.47714488636363633 0.8025288461538461 0.03258522727272727 0.029634615384615322
0 0.49865767045454545 0.8957884615384616 0.033792613636363586 0.02865384615384611
0 0.8530042613636364 0.609375 0.03538352272727285 0.07613461538461544
0 0.500674715909091 0.5538942307692307 0.019758522727272763 0.029673076923076937
0 0.8549431818181819 0.5611346153846153 0.028607954545454686 0.032153846153846095
0 0.4379403409090909 0.6581923076923076 0.022954545454545408 0.031076923076923016
0 0.5145951704545454 0.5989134615384616 0.03382102272727273 0.02805769230769237
0 0.8445241477272728 0.5362019230769232 0.0562357954545455 0.14505769230769233
0 0.45343750000000005 0.6197884615384615 0.02227272727272728 0.02626923076923082
0 0.4683451704545455 0.536875 0.02262784090909092 0.044249999999999984
0 0.4523508522727273 0.5692115384615385 0.025866477272727242 0.032115384615384594
0 0.8673082386363636 0.5581826923076924 0.034900568181818255 0.08532692307692309
0 0.5037286931818182 0.5239903846153846 0.020838068181818124 0.025288461538461603
0 0.8193394886363637 0.6439615384615385 0.03217329545454542 0.052923076923076885
0 0.5126775568181818 0.5766634615384616 0.021690340909090885 0.026480769230769197
0 0.14774857954545453 0.6149711538461538 0.02697443181818183 0.044826923076923084
0 0.32930397727272726 0.861826923076923 0.026960227272727257 0.040346153846153775
0 0.3890198863636364 0.4318653846153846 0.021761363636363627 0.03649999999999998
0 0.7354900568181818 0.5860480769230769 0.023451704545454533 0.036057692307692304
0 0.006761363636363636 0.5119038461538461 0.013267045454545455 0.025038461538461503
0 0.7674857954545454 0.5637211538461538 0.03656249999999985 0.02690384615384617
0 0.876768465909091 0.119625 0.03399147727272736 0.035596153846153826
0 0.17305397727272728 0.6044038461538461 0.03690340909090908 0.05188461538461531
0 0.005014204545454545 0.4615769230769231 0.009772727272727273 0.034961538461538474
0 0.22558238636363637 0.9441153846153846 0.03372159090909092 0.03638461538461531
0 0.29500710227272725 0.8291634615384614 0.033110795454545455 0.05955769230769225
0 0.15081676136363636 0.5906346153846154 0.03217329545454546 0.033307692307692295
0 0.9407599431818181 0.12929807692307693 0.03126420454545453 0.06198076923076923
0 0.5171448863636363 0.6205673076923078 0.025085227272727228 0.02609615384615383
0 0.9510440340909092 0.11853846153846154 0.035355113636363615 0.07473076923076921
0 0.14821732954545455 0.5608461538461538 0.027911931818181825 0.05188461538461542
0 0.3006818181818182 0.8999326923076924 0.025539772727272713 0.04740384615384622
0 0.9875355113636364 0.538298076923077 0.024928977272727207 0.043019230769230775
0 0.9930610795454545 0.5063461538461539 0.013565340909090845 0.04238461538461537
0 0.18109375000000003 0.5800673076923076 0.021761363636363648 0.05059615384615385
0 0.8989062499999999 0.13699038461538462 0.034005681818181734 0.03040384615384616
0 0.50765625 0.8675865384615384 0.03454545454545454 0.03651923076923079
0 0.17352272727272727 0.5518846153846154 0.0340625 0.04034615384615388
0 0.41990767045454547 0.42801923076923076 0.03217329545454542 0.05446153846153845
0 0.4635085227272727 0.5964519230769231 0.01599431818181817 0.01921153846153837
0 0.31321732954545456 0.8925673076923076 0.02600852272727273 0.04290384615384616
0 0.9672656249999999 0.07126923076923078 0.04561079545454547 0.024692307692307684
0 0.8991690340909091 0.094375 0.030411931818181935 0.023326923076923082
0 0.9900284090909092 0.5857403846153846 0.019630681818181728 0.05313461538461538
0 0.5903267045454546 0.5356634615384614 0.043437499999999976 0.02794230769230775
0 0.7161079545454545 0.5659326923076923 0.02579545454545458 0.02794230769230775
0 0.26757102272727273 0.9368173076923076 0.03411931818181815 0.043019230769230775
0 0.73203125 0.46105769230769234 0.033806818181818195 0.06084615384615382
0 0.9054261363636364 0.115875 0.036164772727272615 0.038903846153846164
0 0.7109446022727273 0.5828173076923077 0.022372159090909092 0.01978846153846147
