0 0.27509232954545454 0.6742403846153846 0.04183238636363635 0.0693653846153846
0 0.033316761363636364 0.29280769230769227 0.023338068181818182 0.05253846153846153
0 0.4041335227272727 0.8387211538461539 0.03400568181818182 0.04032692307692313
0 0.6865696022727273 0.9477500000000001 0.027315340909090855 0.03157692307692311
0 0.19494318181818182 0.6355384615384616 0.026193181818181813 0.04446153846153847
0 0.7258664772727272 0.2597115384615385 0.0390625 0.041499999999999995
0 0.996903409090909 0.15382692307692306 0.006193181818181837 0.07876923076923077
0 0.69125 0.9232115384615386 0.02210227272727273 0.029423076923076944
0 0.9948224431818182 0.34216346153846156 0.010355113636363584 0.052711538461538456
0 0.17188210227272727 0.2179230769230769 0.02481534090909093 0.042384615384615396
0 0.6326065340909092 0.04806730769230769 0.04626420454545454 0.03809615384615384
0 0.32956676136363633 0.5512980769230769 0.051548295454545444 0.06721153846153843
0 0.6773295454545455 0.17415384615384616 0.034857954545454574 0.06096153846153847
0 0.7238778409090909 0.15619230769230769 0.03676136363636355 0.04315384615384615
0 0.65765625 0.9922980769230769 0.016136363636363657 0.015403846153846136
0 0.6131392045454546 0.8638557692307693 0.03173295454545451 0.045557692307692306
0 0.24923295454545452 0.7632115384615384 0.03164772727272727 0.028269230769230855
0 0.07291193181818181 0.38475961538461534 0.04321022727272728 0.034750000000000045
0 0.6386150568181819 0.8497884615384615 0.02728693181818179 0.04215384615384619
0 0.04826704545454546 0.14079807692307694 0.05522727272727273 0.0460576923076923
0 0.10670454545454545 0.023653846153846154 0.047698863636363636 0.02980769230769231
0 0.2143039772727273 0.7771730769230769 0.02803977272727274 0.041269230769230836
0 0.46566051136363645 0.9935 0.030099431818181813 0.0125
0 0.5597159090909091 0.14046153846153844 0.03752840909090911 0.06284615384615383
0 0.6637571022727272 0.8650865384615385 0.04319602272727276 0.04928846153846164
0 0.43622159090909096 0.19704807692307694 0.023522727272727275 0.0504423076923077
0 0.2522159090909091 0.7342019230769231 0.05301136363636363 0.04736538461538461
0 0.16428977272727271 0.6347692307692308 0.022982954545454556 0.02450000000000002
0 0.09048295454545455 0.44406730769230773 0.014204545454545454 0.028442307692307676
0 0.23863636363636365 0.9910961538461539 0.05105113636363636 0.017653846153846277
0 0.6819815340909091 0.8986442307692307 0.023082386363636364 0.023980769230769174
0 0.20041903409090908 0.36218269230769234 0.030525568181818195 0.03763461538461537
0 0.5783309659090908 0.09698076923076923 0.02171875000000003 0.02550000000000001
0 0.5422585227272727 0.25793269230769234 0.03286931818181816 0.04371153846153847
0 0.7088565340909091 0.9918653846153845 0.018906250000000003 0.01599999999999988
0 0.7419673295454546 0.6774903846153846 0.03163352272727278 0.036711538461538414
0 0.05132812500000001 0.25859615384615386 0.051519886363636365 0.09096153846153848
0 0.44568892045454545 0.12472115384615386 0.03759943181818186 0.0949423076923077
0 0.6334090909090908 0.01473076923076923 0.024801136363636334 0.02923076923076923
0 0.6318678977272727 0.9802596153846154 0.03353693181818184 0.03932692307692316
0 0.22116477272727272 0.6625480769230769 0.028977272727272737 0.06551923076923076
0 0.3433522727272727 0.7515865384615384 0.0331818181818182 0.04571153846153843
0 0.07100142045454545 0.2601153846153846 0.020156249999999997 0.06973076923076921
0 0.45063920454545453 0.18453846153846154 0.030000000000000006 0.06934615384615382
0 0.6336576704545455 0.9623846153846155 0.03987215909090908 0.021999999999999995
0 0.3749786931818182 0.7795769230769231 0.05353693181818182 0.027615384615384642
0 0.40601562500000005 0.7124711538461539 0.045582386363636325 0.04113461538461536
0 0.6691051136363636 0.2565480769230769 0.03633522727272725 0.0376730769230769
0 0.5381107954545454 0.4471057692307692 0.0441761363636364 0.03986538461538465
0 0.6527130681818182 0.021528846153846155 0.030142045454545494 0.04271153846153846
0 0.49421164772727266 0.03642307692307692 0.037201704545454545 0.028538461538461537
0 0.5530326704545455 0.013096153846153846 0.03345170454545456 0.026153846153846153
0 0.32379261363636364 0.009692307692307693 0.059204545454545426 0.019000000000000003
0 0.06631392045454546 0.04791346153846154 0.0673721590909091 0.07032692307692308
0 0.634950284090909 0.09459615384615384 0.03098011363636364 0.058307692307692296
0 0.21462357954545455 0.972451923076923 0.05086647727272728 0.031173076923076883
0 0.7016903409090909 0.8741730769230769 0.020397727272727293 0.048230769230769306
0 0.5804190340909091 0.34197115384615384 0.03671875000000003 0.04040384615384619
0 0.6552556818181818 0.23095192307692308 0.028181818181818228 0.029019230769230776
0 0.06259943181818182 0.34875 0.021221590909090905 0.060423076923076954
0 0.012258522727272729 0.31849038461538465 0.024517045454545458 0.05078846153846153
0 0.18488636363636363 0.4010961538461538 0.03480113636363636 0.029076923076923087
0 0.1541974431818182 0.225 0.05069602272727274 0.05030769230769233
0 0.16340909090909092 0.6131634615384616 0.05542613636363638 0.029403846153846194
0 0.7736576704545454 0.9663846153846155 0.03146306818181815 0.04776923076923083
0 0.2997372159090909 0.7029038461538462 0.021747159090909053 0.028730769230769226
0 0.5488849431818181 0.42553846153846153 0.037372159090909095 0.027000000000000038
0 0.2215056818181818 0.983625 0.025340909090909094 0.02332692307692296
0 0.5196946022727272 0.8498173076923077 0.025838068181818177 0.0396346153846153
0 0.5691548295454546 0.01075 0.028593749999999994 0.020846153846153848
0 0.9903480113636363 0.3747211538461539 0.019303977272727316 0.022403846153846163
0 0.14534801136363637 0.22970192307692305 0.03507102272727272 0.03713461538461536
0 0.9933025568181819 0.7598269230769231 0.013224431818181902 0.04280769230769229
0 0.05120738636363636 0.233125 0.04278409090909091 0.04375
0 0.6988778409090909 0.2718653846153846 0.03661931818181814 0.041307692307692344
0 0.1371875 0.4574423076923077 0.03542613636363636 0.062423076923076935
0 0.5018465909090909 0.8505192307692307 0.011420454545454574 0.02192307692307699
0 0.7503693181818182 0.8918269230769231 0.05482954545454541 0.0749615384615385
0 0.3241264204545455 0.6681153846153847 0.0478835227272727 0.07165384615384614
0 0.6839772727272727 0.2653173076923077 0.03590909090909095 0.033903846153846146
0 0.6617400568181818 0.9037499999999999 0.0218892045454545 0.025769230769230725
0 0.7014701704545455 0.9773173076923077 0.022059659090909133 0.045365384615384564
0 0.8960724431818182 0.6750096153846153 0.050923295454545485 0.06463461538461542
0 0.18409801136363638 0.6680192307692308 0.024644886363636355 0.04907692307692304
0 0.2582315340909091 0.9413173076923077 0.06515624999999997 0.06259615384615387
0 0.4153693181818182 0.1091923076923077 0.043352272727272705 0.07523076923076924
0 0.5963565340909092 0.03539423076923077 0.04274147727272724 0.047634615384615386
0 0.17554687500000002 0.35539423076923077 0.03941761363636365 0.0336346153846154
0 0.3393394886363636 0.574576923076923 0.03299715909090908 0.036653846153846155
0 0.1005752840909091 0.3053942307692308 0.05467329545454545 0.07259615384615385
0 0.09407670454545455 0.33763461538461537 0.020482954545454537 0.01826923076923077
0 0.5500284090909091 0.20215384615384616 0.020426136363636438 0.05350000000000001
0 0.3430042613636364 0.7188461538461539 0.051321022727272764 0.03915384615384618
0 0.995703125 0.44008653846153845 0.008423295454545544 0.03844230769230771
0 0.7360085227272727 0.9049903846153846 0.022755681818181793 0.04278846153846154
0 0.1421661931818182 0.022826923076923075 0.05700284090909092 0.04565384615384615
0 0.3956747159090908 0.7439326923076923 0.0169744318181818 0.04678846153846151
0 0.9361860795454546 0.7493173076923076 0.06396306818181831 0.032019230769230834
0 0.5484232954545455 0.03022115384615385 0.03022727272727277 0.04213461538461539
0 0.48174005681818177 0.8023365384615385 0.026832386363636343 0.025288461538461603
0 0.07656249999999999 0.35325961538461537 0.029374999999999988 0.052519230769230776
0 0.9312997159090909 0.7044038461538461 0.036747159090909094 0.0744615384615384
0 0.5241264204545455 0.3673942307692308 0.027372159090909065 0.038711538461538506
0 0.07666903409090908 0.4184903846153846 0.039673295454545454 0.028634615384615415
0 0.891484375 0.7209903846153846 0.03802556818181815 0.06644230769230772
0 0.1940838068181818 0.6899423076923077 0.03651988636363637 0.07949999999999995
0 0.6120241477272728 0.9186153846153846 0.05350852272727275 0.04742307692307686
0 0.3915340909090909 0.8076923076923077 0.03184659090909093 0.03103846153846151
0 0.7055539772727273 0.030509615384615385 0.0361647727272727 0.06101923076923077
0 0.9874431818181819 0.8281923076923077 0.025113636363636293 0.031538461538461605
0 0.7091761363636363 0.9180673076923077 0.03110795454545451 0.03982692307692304
0 0.06982244318181818 0.4629519230769231 0.030298295454545453 0.07221153846153842
0 0.6217613636363637 0.8899711538461538 0.03258522727272727 0.02501923076923086
0 0.5946946022727272 0.05653846153846154 0.037769886363636325 0.025538461538461534
0 0.7576349431818182 0.9381923076923078 0.05555397727272713 0.025307692307692357
0 0.7319886363636363 0.21225000000000002 0.03136363636363642 0.047538461538461536
0 0.15240056818181816 0.19449038461538462 0.043693181818181825 0.03671153846153847
0 0.5814275568181818 0.023403846153846154 0.023252840909090914 0.035192307692307696
0 0.7343465909090909 0.24420192307692307 0.028607954545454447 0.03898076923076925
0 0.6637428977272727 0.928625 0.03177556818181819 0.02582692307692309
0 0.17418323863636365 0.6500865384615384 0.018281250000000006 0.043211538461538405
0 0.7049005681818182 0.21659615384615383 0.026420454545454577 0.030961538461538478
0 0.1531818181818182 0.6409615384615385 0.02809659090909091 0.030500000000000027
0 0.3141548295454546 0.7195576923076922 0.020724431818181822 0.02026923076923081
0 0.4065482954545454 0.666298076923077 0.04068181818181816 0.0722884615384615
0 0.06653409090909092 0.008519230769230769 0.0621875 0.017038461538461537
0 0.6007315340909091 0.34928846153846155 0.04319602272727276 0.03726923076923076
0 0.22833806818181818 0.7425961538461539 0.02616477272727275 0.03300000000000005
0 0.01122159090909091 0.29809615384615384 0.02224431818181818 0.03073076923076921
0 0.662549715909091 0.9647692307692307 0.03259943181818188 0.03184615384615385
0 0.7321732954545456 0.9886923076923076 0.029460227272727367 0.022423076923076973
0 0.262109375 0.7971442307692307 0.0416903409090909 0.05044230769230773
0 0.5509303977272727 0.37972115384615385 0.03927556818181823 0.05059615384615385
0 0.6566832386363636 0.2503461538461539 0.03348011363636363 0.032269230769230745
0 0.7401633522727273 0.1978653846153846 0.04245738636363634 0.07696153846153848
0 0.4942045454545454 0.8014326923076923 0.026875000000000024 0.035057692307692345
0 0.37151278409090904 0.8262884615384615 0.04163352272727273 0.04507692307692307
0 0.5150710227272728 0.03051923076923077 0.02875000000000001 0.03369230769230769
0 0.6546803977272727 0.9420576923076923 0.035269886363636344 0.03184615384615385
0 0.10375 0.26792307692307693 0.046420454545454536 0.046307692307692334
0 0.4636789772727273 0.18101923076923077 0.021420454545454604 0.0488076923076923
0 0.9704616477272728 0.9917307692307693 0.04115056818181822 0.01638461538461546
0 0.6058167613636364 0.3211826923076923 0.03950284090909091 0.05490384615384612
0 0.32142045454545454 0.9876346153846155 0.0419602272727273 0.02453846153846163
0 0.11284090909090909 0.04943269230769231 0.02900568181818182 0.02978846153846154
0 0.032947443181818185 0.183875 0.05279829545454546 0.051057692307692304
0 0.689921875 0.18546153846153846 0.01711647727272729 0.05038461538461539
0 0.4288352272727272 0.778625 0.030369318181818174 0.03998076923076916
0 0.5677556818181819 0.16414423076923076 0.036505681818181805 0.03732692307692307
0 0.6889488636363637 0.029990384615384617 0.03360795454545458 0.05998076923076923
0 0.2684872159090909 0.9854134615384614 0.03169034090909087 0.029173076923076954
0 0.4161363636363637 0.18071153846153845 0.0322159090909091 0.03257692307692307
0 0.37553267045454547 0.6274038461538461 0.05322443181818186 0.06399999999999995
0 0.6534090909090909 0.880576923076923 0.020823863636363592 0.027115384615384548
0 0.5535582386363637 0.40492307692307694 0.034957386363636385 0.03792307692307692
0 0.7202059659090909 0.9966057692307693 0.016775568181818103 0.006788461538461486
0 0.6010085227272728 0.09074038461538463 0.0267613636363636 0.04171153846153846
0 0.5717400568181819 0.22803846153846155 0.027798295454545444 0.028269230769230776
0 0.7344318181818181 0.9646634615384615 0.02119318181818184 0.021173076923076906
0 0.7197798295454546 0.947903846153846 0.024105113636363674 0.032000000000000084
0 0.9849005681818181 0.8610000000000001 0.030142045454545494 0.041076923076923
0 0.11083806818181818 0.44817307692307695 0.030965909090909106 0.016961538461538504
0 0.2968394886363636 0.7207596153846153 0.028053977272727272 0.024442307692307652
0 0.6370880681818182 0.9330673076923077 0.020255681818181805 0.024211538461538524
0 0.620674715909091 0.12300000000000001 0.05259943181818186 0.04315384615384616
0 0.5975213068181818 0.006942307692307692 0.02856534090909085 0.013884615384615384
0 0.7233167613636364 0.02580769230769231 0.028025568181818207 0.05073076923076923
0 0.18370738636363637 0.3795961538461538 0.02167613636363637 0.030538461538461584
0 0.3167329545454545 0.7590288461538461 0.032670454545454544 0.05751923076923071
0 0.21855113636363638 0.7593365384615385 0.03028409090909094 0.044980769230769206
0 0.6850426136363637 0.9790384615384616 0.0175568181818182 0.041884615384615444
0 0.42407670454545454 0.8120576923076923 0.03386363636363641 0.03423076923076925
0 0.673643465909091 0.2307980769230769 0.024900568181818142 0.02832692307692306
0 0.101328125 0.9884326923076924 0.03339488636363637 0.023134615384615333
0 0.05261363636363636 0.3820192307692308 0.02852272727272727 0.02534615384615386
0 0.2521661931818182 0.4553653846153846 0.035781249999999994 0.046038461538461535
0 0.9799928977272727 0.8391442307692308 0.028877840909090968 0.036211538461538434
0 0.7110298295454546 0.9547692307692308 0.024928977272727207 0.03707692307692313
0 0.7222017045454545 0.1767019230769231 0.031079545454545447 0.03382692307692308
0 0.6298437499999999 0.9459134615384616 0.04497159090909095 0.021826923076923122
0 0.9573011363636365 0.7401442307692307 0.03292613636363629 0.04198076923076931
0 0.09246448863636364 0.47933653846153845 0.0648721590909091 0.05013461538461542
0 0.2881463068181818 0.49903846153846154 0.02674715909090911 0.048269230769230814
0 0.1256747159090909 0.008923076923076922 0.06117897727272728 0.017846153846153845
0 0.6888139204545455 0.24704807692307693 0.009758522727272734 0.010903846153846184
0 0.10042613636363634 0.4235288461538462 0.018579545454545453 0.032942307692307736
0 0.5259019886363636 0.8177692307692308 0.027372159090909065 0.04784615384615384
0 0.0684090909090909 0.30896153846153845 0.03218750000000001 0.028692307692307722
0 0.2431747159090909 0.01789423076923077 0.03901988636363636 0.03578846153846154
0 0.2918252840909091 0.7543557692307692 0.028053977272727272 0.05609615384615388
0 0.1641619318181818 0.38277884615384616 0.023579545454545468 0.05071153846153842
0 0.4740411931818182 0.013048076923076923 0.030894886363636364 0.02598076923076923
0 0.6404332386363637 0.88825 0.03109374999999998 0.03923076923076919
0 0.5817542613636364 0.1200673076923077 0.026633522727272728 0.03771153846153845
0 0.5703622159090909 0.3169711538461538 0.03251420454545461 0.047519230769230786
0 0.43002130681818185 0.2134519230769231 0.020042613636363657 0.04051923076923079
0 0.5234801136363636 0.4266442307692308 0.03409090909090909 0.05801923076923075
0 0.30075284090909093 0.6657115384615385 0.02948863636363639 0.04684615384615387
0 0.10793323863636363 0.28797115384615385 0.03203125000000002 0.05321153846153849
0 0.5721022727272728 0.27167307692307696 0.03022727272727269 0.0393076923076923
0 0.7182244318181819 0.2276923076923077 0.016448863636363695 0.02276923076923075
0 0.7531534090909091 0.9815192307692308 0.053267045454545456 0.03696153846153851
0 0.472265625 0.030134615384615385 0.02387784090909091 0.027384615384615382
0 0.41018465909090907 0.7659615384615385 0.03022727272727277 0.026615384615384676
0 0.3680752840909091 0.7410673076923078 0.03805397727272726 0.051019230769230824
0 0.13752840909090908 0.6513365384615385 0.024687500000000015 0.044865384615384696
0 0.6821946022727272 0.872 0.03563920454545451 0.048884615384615304
0 0.12739346590909092 0.9845576923076924 0.03200284090909091 0.03088461538461539
0 0.006562499999999999 0.18812500000000001 0.012982954545454544 0.03598076923076925
0 0.6886789772727273 0.22299038461538462 0.028323863636363633 0.03628846153846155
0 0.5554261363636364 0.2882884615384616 0.03167613636363638 0.041153846153846166
0 0.5645596590909091 0.07847115384615384 0.04122159090909088 0.026980769230769232
0 0.24009232954545456 0.7785096153846154 0.02359375000000002 0.03417307692307689
0 0.2766974431818182 0.03209615384615385 0.046803977272727296 0.06338461538461539
0 0.010191761363636363 0.26508653846153846 0.02018465909090909 0.03986538461538462
0 0.09019176136363637 0.24508653846153844 0.03154829545454545 0.06371153846153846
0 0.994140625 0.40405769230769234 0.01171875 0.03615384615384612
0 0.9756392045454546 0.7140384615384614 0.04857954545454552 0.04269230769230767
0 0.404375 0.21518269230769232 0.037642045454545456 0.043288461538461546
0 0.48149857954545455 0.8177403846153847 0.035980113636363616 0.02771153846153851
0 0.5203551136363637 0.8317307692307693 0.03392045454545454 0.04819230769230759
0 0.5089417613636363 0.41639423076923077 0.02166193181818182 0.05144230769230769
0 0.28657670454545453 0.4593846153846154 0.02488636363636361 0.03461538461538462
0 0.5968678977272727 0.07431730769230768 0.02862215909090906 0.022711538461538453
0 0.5560582386363637 0.10644230769230768 0.035923295454545486 0.036115384615384605
0 0.9819318181818182 0.7685384615384615 0.03374999999999999 0.03542307692307695
0 0.01419034090909091 0.13424038461538462 0.02838068181818182 0.039403846153846143
0 0.9843110795454545 0.7987788461538462 0.03132102272727282 0.03921153846153844
0 0.14963068181818182 0.06759615384615386 0.03383522727272726 0.07523076923076924
0 0.2656463068181818 0.4923173076923077 0.0338778409090909 0.05990384615384611
0 0.5169673295454545 0.011961538461538461 0.036690340909090964 0.023884615384615386
0 0.2652627840909091 0.7175096153846154 0.04098011363636363 0.03028846153846154
0 0.2029190340909091 0.5847884615384616 0.04205965909090907 0.06361538461538459
0 0.03028409090909091 0.35284615384615386 0.02863636363636363 0.05238461538461535
0 0.6311505681818183 0.07386538461538462 0.04380681818181815 0.06030769230769231
0 0.5705539772727273 0.24994230769230769 0.030198863636363624 0.02407692307692307
0 0.3415909090909091 0.6704807692307692 0.053607954545454556 0.08646153846153842
0 0.7202982954545454 0.8759038461538462 0.024318181818181826 0.07380769230769241
0 0.39442471590909095 0.1814326923076923 0.029872159090909053 0.029096153846153838
0 0.27469460227272724 0.7602788461538462 0.033906250000000006 0.03290384615384607
0 0.4975213068181818 0.8365384615384616 0.01808238636363639 0.03711538461538453
0 0.7575923295454546 0.9534711538461538 0.05112215909090911 0.03255769230769232
0 0.662549715909091 0.2042019230769231 0.03254261363636359 0.039980769230769216
0 0.4147940340909091 0.8208942307692307 0.038934659090909124 0.0360192307692308
0 0.5753267045454545 0.14839423076923075 0.03258522727272727 0.030596153846153867
0 0.3875710227272728 0.7383653846153847 0.013409090909090905 0.03357692307692304
0 0.6990980113636364 0.8632692307692307 0.027428977272727275 0.04961538461538464
0 0.18527698863636363 0.9807596153846154 0.03279829545454544 0.038480769230769214
0 0.9158025568181817 0.727875 0.033622159090909036 0.047134615384615365
0 0.13041903409090908 0.41268269230769233 0.03651988636363637 0.06436538461538462
0 0.08814630681818182 0.07961538461538462 0.05291193181818183 0.076
0 0.519346590909091 0.3831442307692308 0.03556818181818177 0.04140384615384616
0 0.7139346590909091 0.981 0.030454545454545533 0.03076923076923077
0 0.5482599431818183 0.23141346153846154 0.026889204545454556 0.035826923076923096
0 0.22369318181818185 0.6126634615384616 0.04903409090909092 0.06759615384615392
0 0.15573863636363636 0.9867596153846154 0.03323863636363637 0.025557692307692236
0 0.2346875 0.9660480769230768 0.04582386363636362 0.05224999999999992
0 0.9677982954545455 0.7288749999999999 0.04798295454545451 0.06494230769230766
0 0.9843465909090909 0.9866923076923078 0.03130681818181813 0.02661538461538457
0 0.3747585227272727 0.6992980769230769 0.03730113636363635 0.04390384615384613
0 0.2750426136363636 0.4453076923076923 0.0302840909090909 0.03549999999999996
0 0.16051136363636365 0.702798076923077 0.038068181818181834 0.06521153846153852
0 0.2481889204545455 0.4870480769230769 0.02987215909090909 0.03286538461538462
0 0.33411931818181817 0.5378750000000001 0.04553977272727273 0.05855769230769228
0 0.46823863636363633 0.13588461538461538 0.03846590909090907 0.09203846153846156
0 0.6029900568181819 0.9033173076923078 0.03421875000000005 0.03632692307692316
0 0.588359375 0.29875 0.034531250000000006 0.0368846153846154
0 0.7280042613636364 0.922201923076923 0.022002840909090923 0.03636538461538466
0 0.40056107954545456 0.7526153846153847 0.012911931818181864 0.021846153846153873
0 0.25631392045454543 0.9604615384615385 0.05916193181818183 0.0612692307692308
0 0.09950284090909091 0.360875 0.03159090909090909 0.03432692307692312
0 0.6765553977272728 0.9956730769230769 0.02484375000000001 0.008653846153846154
0 0.09630681818181817 0.3344519230769231 0.045 0.038134615384615406
0 0.12236505681818183 0.09292307692307693 0.03637784090909091 0.06246153846153847
0 0.29294034090909093 0.9958365384615385 0.024630681818181822 0.007942307692307684
0 0.3175710227272727 0.6844807692307693 0.026960227272727257 0.06342307692307696
0 0.7044744318181819 0.17441346153846152 0.029715909090909112 0.08317307692307692
0 0.33840198863636367 0.6303076923076922 0.050582386363636385 0.05980769230769235
0 0.29741477272727274 0.9615 0.05718749999999999 0.06299999999999999
0 0.7989701704545453 0.9047115384615384 0.02285511363636368 0.027884615384615386
0 0.1190909090909091 0.39438461538461533 0.05079545454545455 0.03388461538461534
0 0.6695099431818182 0.026903846153846153 0.02177556818181816 0.05323076923076923
0 0.22438920454545455 0.8057596153846154 0.041448863636363645 0.045480769230769186
0 0.3440625 0.7827211538461538 0.024204545454545482 0.04524999999999995
0 0.4058877840909091 0.7915000000000001 0.03029829545454551 0.02723076923076928
0 0.5618607954545454 0.042923076923076925 0.033806818181818195 0.03788461538461539
0 0.36880681818181815 0.6632596153846153 0.03576704545454546 0.033865384615384644
0 0.11793323863636364 0.4182211538461538 0.03183238636363638 0.04978846153846151
0 0.012514204545454545 0.1650096153846154 0.02502840909090909 0.03567307692307692
0 0.705 0.24173076923076922 0.023465909090909065 0.022230769230769207
0 0.5939914772727273 0.01551923076923077 0.010085227272727305 0.011884615384615384
0 0.20693892045454546 0.9931153846153847 0.025724431818181837 0.013769230769230707
0 0.407421875 0.15598076923076926 0.05305397727272731 0.03626923076923077
0 0.5706107954545455 0.19988461538461538 0.02241477272727277 0.03784615384615386
0 0.17470170454545456 0.5870096153846154 0.03497159090909092 0.048326923076923066
0 0.029765624999999997 0.32677884615384617 0.04387784090909091 0.05794230769230768
0 0.03055397727272727 0.02367307692307692 0.027613636363636365 0.046269230769230764
0 0.6474502840909091 0.9882019230769231 0.031122159090909044 0.023596153846153812
0 0.6399147727272727 0.9117019230769231 0.02252840909090911 0.03021153846153842
0 0.5975639204545454 0.12270192307692307 0.02953124999999995 0.05032692307692308
0 0.6725213068181818 0.9816346153846155 0.020411931818181826 0.029807692307692417
0 0.20452414772727276 0.3809230769230769 0.02200284090909088 0.04596153846153847
0 0.37970170454545454 0.7600769230769231 0.032443181818181864 0.030384615384615406
0 0.07436789772727273 0.4769326923076923 0.039417613636363646 0.05336538461538461
0 0.023821022727272732 0.26382692307692307 0.035340909090909096 0.05323076923076924
0 0.5150710227272728 0.7955480769230769 0.018636363636363642 0.026096153846153942
0 0.1527698863636364 0.6741923076923078 0.026079545454545452 0.040230769230769264
0 0.24131392045454544 0.7375192307692308 0.02723011363636362 0.02726923076923078
0 0.36471590909090906 0.8124326923076923 0.05437499999999996 0.048288461538461454
0 0.6729545454545455 0.9175865384615385 0.019943181818181766 0.02628846153846157
0 0.4911647727272727 0.012865384615384615 0.02590909090909084 0.02573076923076923
0 0.052436079545454546 0.3386538461538462 0.021548295454545455 0.06315384615384616
0 0.6995170454545454 0.9036730769230769 0.021676136363636352 0.023192307692307696
0 0.5616051136363637 0.05995192307692307 0.03213068181818182 0.02325
0 0.49079545454545453 0.8479230769230769 0.05548295454545455 0.058076923076923054
0 0.1293252840909091 0.06869230769230769 0.02242897727272726 0.047115384615384615
0 0.4137428977272727 0.7416153846153846 0.02623579545454541 0.03142307692307687
0 0.6223579545454545 0.019115384615384614 0.0259943181818182 0.038153846153846156
