0 0.3062784090909091 0.7314423076923078 0.011335227272727299 0.01942307692307686
0 0.5599573863636363 0.8706346153846154 0.011534090909090916 0.016653846153846203
0 0.15500710227272727 0.017221153846153848 0.05899147727272725 0.034442307692307696
0 0.2840909090909091 0.021634615384615384 0.036051136363636355 0.04238461538461538
0 0.35055397727272725 0.018701923076923078 0.045880681818181834 0.037403846153846156
0 0.37349431818181816 0.04332692307692308 0.05607954545454548 0.04634615384615384
0 0.3904261363636364 0.010326923076923077 0.04406249999999998 0.020653846153846155
0 0.4055397727272727 0.03642307692307692 0.046619318181818255 0.0365
0 0.425390625 0.014759615384615385 0.06154829545454543 0.02951923076923077
0 0.3749502840909091 0.15672115384615384 0.033508522727272734 0.05325
0 0.3512855113636364 0.12516346153846153 0.034957386363636385 0.055211538461538465
0 0.405625 0.14465384615384616 0.04423295454545453 0.06938461538461539
0 0.5150071022727273 0.834048076923077 0.03842329545454539 0.07801923076923076
0 0.3982528409090909 0.11221153846153845 0.0331818181818182 0.03742307692307693
0 0.3674715909090909 0.11022115384615384 0.043124999999999976 0.052403846153846155
0 0.4248863636363636 0.23632692307692305 0.04664772727272732 0.08134615384615385
0 0.45213778409090905 0.26082692307692307 0.05336647727272726 0.07376923076923077
0 0.5471022727272727 0.19135576923076922 0.011193181818181812 0.016673076923076926
0 0.4801207386363636 0.1749423076923077 0.05933238636363634 0.048499999999999995
0 0.30640625 0.31236538461538466 0.06866477272727273 0.04346153846153845
0 0.2616264204545455 0.3434326923076923 0.05447443181818185 0.05001923076923075
0 0.24931107954545453 0.31943269230769233 0.05149147727272727 0.03840384615384615
0 0.25246448863636367 0.29127884615384614 0.0442471590909091 0.03471153846153848
0 0.9470596590909092 0.5768557692307693 0.0464488636363637 0.055826923076923135
0 0.26865056818181815 0.2834230769230769 0.03940340909090911 0.04238461538461537
0 0.30953125 0.28123076923076923 0.06286931818181817 0.04384615384615381
0 0.3641761363636364 0.33036538461538467 0.01241477272727274 0.01715384615384613
0 0.40950284090909084 0.3261634615384616 0.008636363636363614 0.012403846153846187
0 0.41274147727272725 0.3376634615384615 0.009176136363636416 0.012057692307692327
0 0.35235795454545454 0.27685576923076916 0.06659090909090909 0.04717307692307693
0 0.3542897727272727 0.3104038461538462 0.04644886363636362 0.039846153846153844
0 0.37325994318181815 0.27869230769230774 0.044133522727272716 0.05292307692307694
0 0.9474573863636363 0.5264423076923077 0.04803977272727264 0.05799999999999994
0 0.4725568181818181 0.31459615384615386 0.04375000000000002 0.05765384615384619
0 0.91203125 0.5830865384615386 0.05565340909090902 0.05636538461538462
0 0.24880681818181818 0.4636153846153846 0.03198863636363634 0.04557692307692311
0 0.22714488636363636 0.49631730769230775 0.0439772727272727 0.027980769230769253
0 0.21948153409090906 0.46676923076923077 0.029985795454545435 0.03384615384615389
0 0.23431107954545452 0.4460096153846154 0.0423153409090909 0.0428653846153846
0 0.254140625 0.5357980769230769 0.022002840909090923 0.032019230769230723
0 0.23348011363636365 0.5380576923076923 0.019999999999999976 0.040153846153846144
0 0.2651349431818182 0.5506826923076923 0.010667613636363623 0.015788461538461498
0 0.28629261363636366 0.6185865384615384 0.07431818181818185 0.12001923076923082
0 0.28546875 0.7070096153846154 0.02332386363636366 0.0324807692307692
0 0.004921875 0.7169134615384615 0.00984375 0.04986538461538463
0 0.8950142045454544 0.5521923076923076 0.05525568181818179 0.0422692307692308
0 0.05706676136363636 0.7357788461538461 0.04251420454545454 0.06840384615384613
0 0.013735795454545454 0.779201923076923 0.027471590909090907 0.08317307692307692
0 0.3166619318181818 0.717375 0.013210227272727288 0.009711538461538483
0 0.8107386363636363 0.527798076923077 0.04284090909090921 0.05636538461538462
0 0.16 0.367875 0.03213068181818182 0.04486538461538464
0 0.03250710227272727 0.7677403846153846 0.02833806818181818 0.050519230769230844
0 0.6229119318181818 0.4970288461538461 0.030482954545454518 0.06271153846153843
0 0.7589133522727273 0.8758750000000001 0.02160511363636369 0.029673076923076937
0 0.9601420454545455 0.09666346153846155 0.02446022727272715 0.030826923076923078
0 0.7501207386363636 0.901375 0.021292613636363648 0.022980769230769207
0 0.8915127840909091 0.5158846153846154 0.052400568181818326 0.06388461538461539
0 0.971953125 0.08667307692307692 0.015184659090909169 0.022269230769230767
0 0.7916619318181817 0.07982692307692309 0.026562499999999902 0.04511538461538462
0 0.9386363636363636 0.0746923076923077 0.022784090909091018 0.06680769230769232
0 0.8717897727272728 0.10837500000000001 0.052727272727272734 0.06225000000000001
0 0.8728480113636362 0.05670192307692307 0.0480823863636364 0.051403846153846154
0 0.8502769886363637 0.03215384615384615 0.04512784090909088 0.04680769230769231
0 0.9822869318181818 0.0826826923076923 0.018977272727272745 0.04851923076923077
0 0.9742684659090909 0.1340673076923077 0.05018465909090899 0.04509615384615384
0 0.9643607954545456 0.05984615384615384 0.027840909090909124 0.04053846153846154
0 0.9173366477272729 0.021586538461538463 0.040071022727272615 0.04167307692307692
0 0.8881818181818182 0.4375 0.015056818181818215 0.02076923076923079
0 0.795340909090909 0.6653173076923077 0.040142045454545444 0.05144230769230769
0 0.7804048295454545 0.6459519230769231 0.03757102272727279 0.031211538461538495
0 0.777627840909091 0.6182019230769231 0.045681818181818136 0.031211538461538388
0 0.7317684659090908 0.01501923076923077 0.020667613636363734 0.02626923076923077
0 0.7742045454545454 0.9302115384615385 0.04167613636363641 0.04223076923076919
0 0.9538210227272728 0.02501923076923077 0.035426136363636444 0.04853846153846154
0 0.9724005681818181 0.016759615384615387 0.04068181818181816 0.033288461538461545
0 0.7439488636363637 0.9274999999999999 0.04414772727272725 0.053499999999999985
0 0.78484375 0.8877884615384615 0.02531250000000007 0.04011538461538453
0 0.7503338068181818 0.013875 0.02066761363636357 0.027403846153846154
0 0.09392045454545456 0.9727884615384615 0.04414772727272727 0.05165384615384607
0 0.7686363636363637 0.9045096153846154 0.023153409090909027 0.03344230769230778
0 0.9858664772727272 0.04006730769230769 0.028267045454545423 0.0653653846153846
0 0.4961150568181818 0.051576923076923076 0.043735795454545486 0.0838076923076923
0 0.6895951704545454 0.016451923076923076 0.01728693181818184 0.026826923076923075
0 0.9084801136363637 0.05841346153846154 0.03585227272727274 0.052519230769230776
0 0.24878551136363633 0.9861826923076924 0.04450284090909093 0.02582692307692298
0 0.16667613636363637 0.9106249999999999 0.05051136363636364 0.05259615384615378
0 0.3134446022727273 0.8227115384615384 0.04151988636363635 0.059346153846153875
0 0.047130681818181815 0.31229807692307693 0.07698863636363637 0.08351923076923078
0 0.14118607954545456 0.24190384615384614 0.06117897727272728 0.06280769230769233
0 0.15520596590909091 0.21671153846153846 0.0627130681818182 0.07315384615384617
0 0.1610724431818182 0.19221153846153846 0.05913352272727274 0.060038461538461534
0 0.1805752840909091 0.5547115384615384 0.06296875 0.058692307692307655
0 0.19012073863636364 0.5966346153846154 0.06865056818181815 0.08665384615384605
0 0.13232244318181818 0.6322692307692307 0.04490056818181818 0.046115384615384544
0 0.14780539772727275 0.6067596153846153 0.02632102272727271 0.035634615384615334
0 0.11580255681818183 0.5812596153846153 0.041803977272727263 0.05590384615384614
0 0.13283380681818183 0.5679903846153846 0.05109375 0.048903846153846166
0 0.3112713068181818 0.87775 0.033678977272727284 0.06330769230769223
0 0.03374289772727273 0.8684326923076924 0.06657670454545454 0.10621153846153839
0 0.10238636363636364 0.8831057692307693 0.03869318181818182 0.053096153846153765
0 0.18430397727272727 0.8636057692307694 0.05559659090909089 0.08640384615384616
0 0.22050426136363638 0.8941634615384616 0.04515624999999999 0.057596153846153825
0 0.2350568181818182 0.8565288461538462 0.026505681818181814 0.05305769230769226
0 0.21173295454545454 0.865875 0.03133522727272728 0.06467307692307692
0 0.35746448863636365 0.6496057692307692 0.03362215909090911 0.10944230769230774
0 0.4781036931818182 0.493875 0.024389204545454568 0.03448076923076919
0 0.4309943181818182 0.5058653846153847 0.02488636363636361 0.03519230769230766
0 0.42428267045454543 0.6798557692307692 0.06708806818181821 0.06917307692307686
0 0.3450994318181818 0.8785384615384615 0.04093750000000003 0.050730769230769225
0 0.3791477272727273 0.6822019230769231 0.05281249999999997 0.04567307692307692
0 0.37955965909090905 0.6417692307692309 0.02875000000000001 0.04792307692307696
0 0.32092329545454545 0.4527019230769231 0.03136363636363638 0.0318269230769231
0 0.3275071022727273 0.4195384615384615 0.031633522727272705 0.03523076923076922
0 0.3017471590909091 0.42750000000000005 0.02548295454545454 0.047384615384615414
0 0.543046875 0.4437980769230769 0.037230113636363686 0.05040384615384617
0 0.3801136363636364 0.5815 0.02931818181818188 0.0898461538461539
0 0.5629190340909092 0.43242307692307697 0.031065340909090914 0.05342307692307693
0 0.5763494318181818 0.40362499999999996 0.024914772727272674 0.035250000000000024
0 0.5645951704545454 0.3784230769230769 0.04282670454545459 0.052307692307692284
0 0.3417613636363636 0.8347019230769231 0.03542613636363636 0.07471153846153851
0 0.5336647727272728 0.4060865384615385 0.03357954545454544 0.041673076923076896
0 0.4171661931818182 0.6359615384615386 0.04757102272727274 0.05803846153846155
0 0.5399644886363636 0.3664903846153846 0.051235795454545444 0.05040384615384617
0 0.6348579545454546 0.3613653846153846 0.027159090909090914 0.0666923076923077
0 0.6656463068181818 0.35909615384615384 0.04507102272727275 0.06442307692307692
0 0.39698153409090914 0.6239903846153847 0.01825284090909086 0.03855769230769233
0 0.7035795454545455 0.31172115384615384 0.013437500000000052 0.018942307692307737
0 0.6393678977272728 0.2098076923076923 0.03098011363636364 0.06873076923076922
0 0.7761931818181819 0.20961538461538462 0.015482954545454513 0.020961538461538472
0 0.7826988636363637 0.1308076923076923 0.032926136363636456 0.062192307692307686
0 0.3975213068181818 0.9343653846153847 0.04529829545454544 0.04599999999999992
0 0.8197017045454544 0.12364423076923077 0.04349431818181819 0.050096153846153825
0 0.8377911931818183 0.11044230769230767 0.03251420454545453 0.04788461538461538
0 0.7562784090909092 0.08456730769230769 0.04349431818181819 0.04567307692307692
0 0.8542542613636364 0.16933653846153848 0.023991477272727255 0.03798076923076923
0 0.8764133522727273 0.17152884615384614 0.028451704545454506 0.046788461538461536
0 0.9005965909090908 0.18639423076923076 0.06545454545454535 0.07759615384615383
0 0.9414559659090909 0.14622115384615383 0.022769886363636326 0.029173076923076927
0 0.4665553977272728 0.14520192307692306 0.062031250000000024 0.07878846153846153
0 0.5127769886363637 0.1293269230769231 0.044332386363636414 0.045923076923076914
0 0.5553338068181818 0.1019326923076923 0.04791193181818185 0.06286538461538461
0 0.40970880681818184 0.9634615384615385 0.03600852272727276 0.04442307692307686
0 0.4703764204545454 0.07796153846153847 0.030355113636363642 0.061653846153846156
0 0.5069744318181818 0.03182692307692308 0.0380965909090909 0.06365384615384616
0 0.5907741477272727 0.3973653846153846 0.0083948863636364 0.01061538461538458
0 0.541640625 0.07352884615384615 0.0699289772727273 0.06244230769230769
0 0.49982954545454544 0.10515384615384617 0.03392045454545454 0.03303846153846154
0 0.31911931818181816 0.7414134615384614 0.027954545454545465 0.037326923076923126
0 0.5427982954545455 0.8198269230769231 0.0417613636363636 0.08011538461538456
0 0.6201562500000001 0.8541634615384615 0.01102272727272734 0.01767307692307692
0 0.6032457386363637 0.919875 0.025866477272727326 0.07213461538461537
0 0.7107315340909092 0.7816538461538463 0.05393465909090913 0.054769230769230695
0 0.5386434659090908 0.9333846153846154 0.016832386363636397 0.02830769230769236
0 0.7128125 0.8165769230769231 0.04460227272727269 0.04388461538461537
0 0.6936079545454545 0.9529711538461538 0.050227272727272745 0.061519230769230784
0 0.8018963068181819 0.8991923076923077 0.04464488636363629 0.0618846153846154
0 0.8305894886363635 0.9015288461538461 0.00796875000000002 0.012596153846153868
0 0.8122585227272728 0.8633942307692308 0.00957386363636365 0.011865384615384646
0 0.7923295454545454 0.8714903846153845 0.028693181818181722 0.043173076923076904
0 0.7998650568181819 0.35124999999999995 0.04708806818181815 0.042846153846153846
0 0.8492684659090909 0.3131057692307692 0.015440340909090916 0.018826923076923116
0 0.9438139204545454 0.28907692307692306 0.020071022727272722 0.03134615384615387
0 0.9314630681818182 0.29743269230769237 0.022386363636363624 0.03971153846153847
0 0.5262997159090909 0.7183653846153847 0.015582386363636402 0.022076923076923112
0 0.7238281249999999 0.48266346153846157 0.020071022727272722 0.02455769230769233
0 0.83671875 0.37371153846153843 0.06599431818181807 0.10450000000000001
0 0.4953622159090909 0.4580961538461539 0.020071022727272722 0.022461538461538474
0 0.6481889204545455 0.4426826923076923 0.04245738636363634 0.0574807692307692
0 0.9234374999999999 0.48010576923076925 0.05525568181818179 0.06505769230769227
0 0.9400568181818181 0.5416249999999999 0.05164772727272729 0.046057692307692286
0 0.017066761363636364 0.17889423076923078 0.03413352272727273 0.04928846153846156
0 0.09524857954545456 0.08834615384615384 0.05251420454545455 0.06696153846153846
0 0.06186079545454545 0.03209615384615385 0.05099431818181818 0.0635
0 0.10723011363636364 0.032615384615384616 0.05710227272727273 0.06523076923076923
