0 0.40074573863636365 0.14836538461538462 0.03265625000000001 0.06557692307692307
0 0.09490056818181819 0.42998076923076917 0.05772727272727272 0.08515384615384615
0 0.40324573863636365 0.8032596153846153 0.023025568181818234 0.027326923076923148
0 0.36476562500000004 0.8036923076923076 0.02049715909090906 0.025615384615384602
0 0.395362215909091 0.822903846153846 0.0204971590909091 0.025615384615384602
0 0.36887073863636366 0.8320769230769229 0.033735795454545456 0.03884615384615382
0 0.2763210227272727 0.9738076923076923 0.032670454545454544 0.05199999999999993
0 0.25137073863636367 0.988153846153846 0.02958806818181816 0.023307692307692317
0 0.2522585227272727 0.957076923076923 0.030454545454545453 0.05319230769230763
0 0.22973721590909094 0.9721153846153846 0.024275568181818186 0.05576923076923077
0 0.2098721590909091 0.9720192307692308 0.02605113636363633 0.05557692307692303
0 0.18492897727272728 0.9648461538461539 0.032670454545454544 0.03765384615384612
0 0.265078125 0.030144230769230767 0.08345170454545454 0.06025
0 0.1575568181818182 0.9885480769230769 0.09181818181818184 0.0229038461538462
0 0.7425639204545454 0.6838173076923078 0.032088068181818065 0.04048076923076925
0 0.9216193181818181 0.701125 0.029744318181818098 0.06178846153846153
0 0.8916193181818183 0.67925 0.03948863636363646 0.03888461538461533
0 0.8836647727272727 0.713625 0.028721590909090947 0.04375
0 0.9072585227272728 0.7181346153846154 0.03590909090909087 0.04303846153846153
0 0.9888068181818181 0.8507596153846153 0.021534090909091027 0.07082692307692305
0 0.9839346590909092 0.8431153846153845 0.030255681818181914 0.06388461538461533
0 0.9803480113636364 0.7959134615384615 0.03333806818181822 0.03332692307692316
0 0.9925284090909091 0.775423076923077 0.014943181818181793 0.03442307692307699
0 0.441953125 0.19678846153846152 0.031065340909090914 0.05334615384615386
0 0.9656676136363636 0.7663846153846153 0.03877840909090919 0.028000000000000004
0 0.9639417613636364 0.7401346153846154 0.03964488636363648 0.045499999999999936
0 0.9819744318181818 0.7345961538461538 0.036051136363636355 0.04842307692307694
0 0.5219318181818182 0.8149903846153845 0.03951704545454553 0.04801923076923071
0 0.5148437499999999 0.8499807692307693 0.03849431818181821 0.0452692307692307
0 0.4836860795454545 0.8084807692307692 0.03799715909090909 0.045961538461538526
0 0.48013494318181815 0.8479230769230769 0.03799715909090909 0.04526923076923081
0 0.6185511363636363 0.8873461538461538 0.050056818181818195 0.05353846153846149
0 0.6097940340909092 0.914451923076923 0.022514204545454577 0.06571153846153849
0 0.6295596590909092 0.9181730769230769 0.02102272727272729 0.04065384615384613
0 0.3995241477272727 0.20275 0.03987215909090908 0.04896153846153845
0 0.6415767045454546 0.8724423076923077 0.03002840909090907 0.04811538461538458
0 0.6728551136363636 0.8771826923076923 0.04454545454545456 0.03998076923076916
0 0.6540838068181819 0.9012403846153846 0.02001420454545451 0.02440384615384615
0 0.6520809659090909 0.9202115384615385 0.029019886363636293 0.025730769230769224
0 0.6756036931818182 0.9008942307692308 0.02401988636363632 0.03455769230769225
0 0.6973792613636364 0.8870096153846154 0.02552556818181814 0.04336538461538453
0 0.675106534090909 0.9385096153846153 0.025014204545454485 0.04336538461538464
0 0.6640909090909091 0.9402019230769231 0.025028409090909098 0.027788461538461515
0 0.6350710227272728 0.9523942307692308 0.03903409090909085 0.04405769230769225
0 0.664346590909091 0.9649230769230769 0.023522727272727275 0.028461538461538483
0 0.4238707386363636 0.20651923076923076 0.038480113636363604 0.05146153846153845
0 0.6921164772727273 0.9790769230769231 0.038039772727272686 0.04184615384615383
0 0.6638423295454546 0.9878846153846155 0.034531250000000006 0.024230769230769274
0 0.647578125 0.9814519230769231 0.028025568181818207 0.03709615384615388
0 0.7173934659090908 0.8948076923076922 0.024531249999999893 0.05488461538461542
0 0.7263991477272728 0.937826923076923 0.02151988636363641 0.03523076923076922
0 0.765440340909091 0.9652692307692308 0.03153409090909098 0.045384615384615426
0 0.7409161931818182 0.9581538461538461 0.016519886363636358 0.023038461538461574
0 0.7476704545454546 0.9781442307692307 0.031022727272727157 0.023711538461538322
0 0.7529332386363637 0.9933846153846153 0.03453125000000008 0.012192307692307754
0 0.7231534090909091 0.9683173076923076 0.026022727272727263 0.031173076923076883
0 0.4973579545454545 0.03423076923076923 0.033380681818181816 0.029499999999999995
0 0.7113920454545455 0.9469711538461537 0.020511363636363633 0.04267307692307692
0 0.6998792613636364 0.9743365384615384 0.026519886363636388 0.051326923076923076
0 0.7233948863636364 0.9909326923076922 0.027528409090909166 0.0181346153846154
0 0.9771448863636365 0.9882211538461538 0.04553977272727281 0.023557692307692307
0 0.5068536931818182 0.01758653846153846 0.028281249999999956 0.03517307692307692
0 0.4797372159090909 0.023240384615384614 0.02782670454545451 0.04644230769230769
0 0.5513636363636363 0.02292307692307692 0.04218749999999998 0.0458076923076923
0 0.5622585227272728 0.04582692307692307 0.027812499999999976 0.048961538461538466
0 0.7993607954545454 0.908298076923077 0.023721590909090973 0.03251923076923071
0 0.5782599431818182 0.013509615384615384 0.031065340909090834 0.02698076923076923
0 0.6246164772727273 0.09510576923076923 0.034772727272727295 0.06717307692307693
0 0.6264701704545454 0.04772115384615385 0.031065340909090914 0.03390384615384616
0 0.6116335227272728 0.09134615384615384 0.017159090909090888 0.05711538461538462
0 0.5993536931818182 0.08569230769230769 0.024105113636363674 0.08096153846153845
0 0.5808025568181818 0.09353846153846154 0.029673295454545435 0.05146153846153847
0 0.5780255681818182 0.0737596153846154 0.04357954545454546 0.05586538461538462
0 0.5856747159090909 0.027634615384615382 0.025497159090909157 0.05523076923076923
0 0.613721590909091 0.03046153846153846 0.03616477272727278 0.04957692307692308
0 0.5627272727272726 0.14814423076923075 0.027812499999999976 0.06401923076923079
0 0.03840909090909091 0.37270192307692307 0.020426136363636358 0.0449423076923077
0 0.5805752840909091 0.14783653846153846 0.025497159090909074 0.05963461538461538
0 0.6582315340909091 0.020721153846153847 0.04544034090909092 0.041442307692307695
0 0.6865127840909091 0.03642307692307692 0.049133522727272776 0.03892307692307692
0 0.7089985795454545 0.025740384615384616 0.037542613636363645 0.05148076923076923
0 0.6825710227272727 0.009740384615384616 0.027357954545454612 0.019480769230769232
0 0.996143465909091 0.3524326923076923 0.007713068181818111 0.06275000000000004
0 0.9947798295454546 0.41570192307692305 0.01044034090909094 0.08171153846153847
0 0.6729616477272727 0.23892307692307693 0.028394886363636376 0.03596153846153847
0 0.6935724431818181 0.24420192307692307 0.025639204545454562 0.04155769230769228
0 0.6725071022727273 0.2135096153846154 0.021065340909090968 0.023557692307692307
0 0.15191761363636364 0.22584615384615384 0.05002840909090909 0.0573076923076923
0 0.6791477272727273 0.19738461538461538 0.022443181818181755 0.03596153846153844
0 0.6965482954545454 0.20761538461538462 0.02792613636363632 0.0341153846153846
0 0.6972372159090909 0.27178846153846153 0.020156249999999997 0.03223076923076927
0 0.7167045454545454 0.2752019230769231 0.01877840909090913 0.03163461538461542
0 0.7100568181818182 0.2556730769230769 0.018323863636363603 0.022307692307692296
0 0.7219673295454545 0.24885576923076924 0.031150568181818192 0.04959615384615386
0 0.7008948863636363 0.17971153846153848 0.03755681818181818 0.05023076923076924
0 0.7199076704545454 0.206375 0.023366477272727258 0.027903846153846137
0 0.7256321022727273 0.23551923076923076 0.025639204545454562 0.03534615384615384
0 0.7428053977272726 0.22001923076923077 0.023366477272727174 0.06261538461538461
0 0.16225852272727273 0.22030769230769232 0.03607954545454546 0.05142307692307694
0 0.7313565340909091 0.1930480769230769 0.026093749999999926 0.04463461538461537
0 0.7363920454545455 0.1738173076923077 0.04167613636363641 0.038442307692307685
0 0.5644105113636364 0.21408653846153847 0.028849431818181823 0.042711538461538474
0 0.5759517045454546 0.24350961538461538 0.031164772727272725 0.05990384615384614
0 0.5794105113636363 0.28700000000000003 0.018082386363636307 0.028115384615384625
0 0.5490198863636363 0.22840384615384618 0.024232954545454547 0.04530769230769234
0 0.5584517045454546 0.27033653846153843 0.0361647727272727 0.042711538461538474
0 0.5844176136363636 0.32032692307692306 0.04039772727272727 0.04896153846153848
0 0.6088423295454546 0.3338653846153846 0.03078124999999994 0.0625
0 0.5882670454545454 0.35575 0.04193181818181815 0.0395769230769231
0 0.17923295454545454 0.3710288461538462 0.05656250000000001 0.045942307692307664
0 0.5445951704545454 0.3927307692307692 0.030781250000000024 0.03853846153846158
0 0.5399857954545454 0.41147115384615385 0.047698863636363616 0.06875
0 0.5134375000000001 0.4205961538461538 0.02846590909090912 0.0682307692307692
0 0.5315127840909091 0.4419423076923077 0.03154829545454551 0.03592307692307694
0 0.2508380681818182 0.4610673076923077 0.03980113636363634 0.045942307692307664
0 0.2644034090909091 0.46934615384615386 0.036193181818181805 0.05146153846153845
0 0.24495738636363634 0.49659615384615385 0.034375000000000024 0.04103846153846149
0 0.27255681818181815 0.4938461538461539 0.043437499999999976 0.0636923076923077
0 0.14836647727272725 0.6555480769230769 0.03664772727272727 0.07594230769230771
0 0.1608096590909091 0.6285961538461539 0.0434375 0.04165384615384609
0 0.17866477272727274 0.40433653846153844 0.04411931818181818 0.03598076923076925
0 0.1737002840909091 0.6114423076923078 0.05021306818181819 0.03307692307692305
0 0.2046519886363636 0.6104615384615385 0.03876420454545453 0.03911538461538468
0 0.20142755681818184 0.6395384615384615 0.04370738636363636 0.023153846153846084
0 0.19818892045454548 0.6626826923076924 0.02964488636363637 0.03240384615384609
0 0.17178267045454546 0.6752884615384614 0.049786931818181834 0.06276923076923085
0 0.31808948863636366 0.5510384615384615 0.027741477272727275 0.06738461538461542
0 0.34317471590909093 0.5533557692307692 0.02697443181818183 0.06586538461538462
0 0.3044105113636364 0.6755480769230768 0.04294034090909089 0.07151923076923077
0 0.3230326704545454 0.6724615384615383 0.02850852272727272 0.07461538461538464
0 0.3507741477272727 0.6341346153846154 0.03078124999999994 0.04630769230769238
0 0.19478693181818182 0.38672115384615385 0.033380681818181816 0.03598076923076919
0 0.37661931818181815 0.6475096153846154 0.03610795454545457 0.03394230769230765
0 0.3857386363636363 0.6894423076923076 0.028494318181818187 0.05196153846153843
0 0.36084517045454545 0.6673173076923077 0.03191761363636359 0.026249999999999957
0 0.37225142045454546 0.6966442307692308 0.02279829545454543 0.03651923076923079
0 0.3391903409090909 0.6675769230769231 0.01519886363636362 0.05557692307692303
0 0.3540056818181818 0.6950961538461539 0.020511363636363633 0.030346153846153794
0 0.3427982954545455 0.7064230769230769 0.04446022727272729 0.026230769230769314
0 0.2520241477272727 0.7388076923076923 0.03137784090909091 0.03484615384615385
0 0.23941761363636366 0.7497019230769232 0.03727272727272724 0.04863461538461542
0 0.23392045454545454 0.7740288461538462 0.02573863636363637 0.030480769230769273
0 0.07729403409090908 0.4776346153846154 0.04223011363636364 0.0673461538461538
0 0.22922585227272727 0.8001634615384615 0.02975852272727271 0.03194230769230772
0 0.25334517045454547 0.7900865384615385 0.02890624999999999 0.03771153846153838
0 0.27121448863636366 0.7502403846153847 0.03205965909090908 0.06190384615384626
0 0.29775568181818185 0.7256923076923077 0.049403409090909095 0.051230769230769205
0 0.3292897727272727 0.7384999999999999 0.06622159090909091 0.048384615384615436
0 0.37002130681818185 0.7402788461538461 0.04362215909090914 0.05621153846153849
0 0.3931463068181818 0.7488173076923077 0.04046875000000001 0.04340384615384614
0 0.35793323863636367 0.7794134615384616 0.03521306818181817 0.034865384615384604
0 0.3931463068181818 0.7790576923076923 0.04362215909090906 0.03130769230769226
0 0.382109375 0.7986249999999999 0.019446022727272725 0.032019230769230834
