0 0.10106534090909092 0.882048076923077 0.04846590909090908 0.050749999999999976
0 0.9016832386363638 0.8077596153846153 0.033565340909090906 0.0479038461538462
0 0.29975142045454545 0.08595192307692308 0.03475852272727273 0.043019230769230775
0 0.09566051136363636 0.17729807692307692 0.049673295454545456 0.03321153846153845
0 0.0999715909090909 0.15200961538461535 0.04644886363636364 0.03182692307692307
0 0.08928267045454547 0.14045192307692306 0.033906250000000006 0.030250000000000006
0 0.8827698863636364 0.8105096153846154 0.022869318181818213 0.023865384615384663
0 0.791796875 0.7014711538461538 0.03146306818181815 0.04236538461538456
0 0.7752769886363637 0.713528846153846 0.02933238636363633 0.027980769230769253
0 0.7890767045454545 0.7346634615384615 0.03823863636363647 0.024750000000000008
0 0.7687855113636364 0.7245288461538462 0.027315340909090935 0.0324038461538462
0 0.6294176136363636 0.7443173076923076 0.04056818181818182 0.03809615384615385
0 0.6426704545454546 0.7526153846153847 0.04434659090909095 0.03953846153846154
0 0.820028409090909 0.4053557692307692 0.043579545454545385 0.030750000000000017
0 0.6915056818181818 0.4545 0.06778409090909095 0.05207692307692305
0 0.11272727272727275 0.9182596153846154 0.03428977272727273 0.027865384615384632
0 0.820390625 0.44072115384615385 0.041321022727272776 0.04313461538461534
0 0.7614488636363635 0.096625 0.05281249999999993 0.03698076923076923
0 0.7658167613636363 0.12435576923076921 0.04592329545454535 0.029788461538461528
0 0.6929545454545455 0.5005192307692308 0.03636363636363631 0.06330769230769234
0 0.6444389204545454 0.5097884615384616 0.03353693181818184 0.07415384615384615
0 0.6273792613636364 0.49455769230769236 0.015071022727272747 0.026999999999999986
0 0.6219318181818182 0.46726923076923077 0.04392045454545457 0.028230769230769243
0 0.6128764204545455 0.49400961538461535 0.02146306818181812 0.036442307692307725
0 0.6281676136363636 0.5215961538461539 0.024090909090909062 0.02688461538461542
0 0.5945170454545454 0.4800576923076923 0.03150568181818183 0.059884615384615356
0 0.10314630681818183 0.06207692307692308 0.023622159090909103 0.04900000000000001
0 0.9938423295454545 0.8882307692307693 0.01231534090909085 0.031423076923076984
0 0.7795454545454544 0.984875 0.032784090909090964 0.029980769230769182
0 0.6258380681818182 0.831923076923077 0.04394886363636363 0.06946153846153846
0 0.6243465909090908 0.8090384615384615 0.020681818181818187 0.03876923076923071
0 0.6115625 0.7702211538461539 0.027698863636363636 0.05371153846153848
0 0.5902201704545454 0.751 0.025497159090909074 0.03284615384615382
0 0.5291051136363637 0.913201923076923 0.04181818181818182 0.05971153846153848
0 0.5254971590909091 0.9321057692307694 0.02017045454545453 0.02224999999999999
0 0.5120667613636364 0.9200673076923077 0.018906250000000003 0.02155769230769238
0 0.5109801136363636 0.941375 0.01900568181818181 0.02309615384615383
0 0.106640625 0.09493269230769232 0.025610795454545456 0.03163461538461539
0 0.43797585227272734 0.8688076923076923 0.03129261363636368 0.07953846153846146
0 0.45566051136363633 0.8556153846153846 0.025269886363636394 0.03238461538461534
0 0.47269176136363633 0.8761249999999999 0.03532670454545455 0.04978846153846151
0 0.45382102272727276 0.8954807692307691 0.045681818181818136 0.044269230769230845
0 0.2374147727272727 0.7312307692307692 0.025738636363636328 0.038884615384615434
0 0.2221590909090909 0.7296153846153846 0.021534090909090906 0.0583461538461538
0 0.2344247159090909 0.7664807692307692 0.04009943181818185 0.04619230769230766
0 0.2014133522727273 0.7743076923076923 0.041491477272727284 0.03430769230769226
0 0.20091619318181816 0.7905096153846154 0.04848011363636363 0.04078846153846161
0 0.9942613636363636 0.5334134615384616 0.011249999999999942 0.04444230769230772
0 0.3107102272727273 0.60225 0.024431818181818207 0.03430769230769226
0 0.5653409090909091 0.7798076923076923 0.03409090909090909 0.04423076923076923
0 0.8515625 0.025961538461538463 0.029829545454545456 0.032692307692307694
0 0.7997159090909091 0.09134615384615384 0.019886363636363636 0.04423076923076923
0 0.6931818181818182 0.1125 0.02556818181818182 0.03653846153846154
0 0.703125 0.825 0.03125 0.1
0 0.6960227272727273 0.5778846153846153 0.03977272727272727 0.06346153846153846
0 0.59375 0.5807692307692308 0.03125 0.05
0 0.9382102272727273 0.2692307692307692 0.04403409090909091 0.057692307692307696
0 0.5745738636363636 0.3894230769230769 0.029829545454545456 0.04807692307692308
0 0.4900568181818182 0.823076923076923 0.03125 0.05384615384615385
0 0.8432102272727273 0.5826442307692308 0.0782102272727272 0.06905769230769236
0 0.15980113636363635 0.7807692307692308 0.024147727272727272 0.06538461538461539
0 0.014815340909090908 0.9039423076923077 0.029630681818181816 0.04119230769230772
0 0.11383522727272727 0.9845576923076924 0.02633522727272726 0.03088461538461539
0 0.2587428977272727 0.9425 0.03808238636363637 0.036230769230769184
0 0.3265127840909091 0.6625480769230769 0.025099431818181802 0.030480769230769166
0 0.3895809659090909 0.5777211538461537 0.05816761363636366 0.03428846153846151
0 0.36047585227272727 0.5074807692307692 0.03490056818181817 0.07523076923076918
0 0.06723011363636364 0.5087788461538462 0.031505681818181815 0.050673076923076966
0 0.09085227272727271 0.5190288461538461 0.02374999999999999 0.02690384615384617
0 0.0677840909090909 0.5455 0.03633522727272727 0.02642307692307683
0 0.8335227272727272 0.6029038461538462 0.019232954545454654 0.029692307692307688
0 0.10924715909090908 0.5515769230769231 0.02948863636363637 0.037423076923076996
0 0.08716619318181817 0.558701923076923 0.022940340909090907 0.05440384615384619
0 0.22695312499999998 0.10892307692307693 0.03822443181818181 0.044538461538461534
0 0.22236505681818183 0.15022115384615387 0.03393465909090911 0.05728846153846155
0 0.2637642045454545 0.15782692307692306 0.05417613636363634 0.06253846153846153
0 0.2533806818181818 0.11762500000000001 0.019403409090909086 0.021634615384615398
0 0.24935369318181821 0.08909615384615384 0.022656250000000024 0.04315384615384615
0 0.31685369318181816 0.41983653846153846 0.06836647727272727 0.07978846153846156
0 0.30816761363636364 0.38917307692307695 0.049573863636363645 0.060769230769230756
0 0.2716477272727273 0.32267307692307695 0.03406249999999999 0.043307692307692325
0 0.8492329545454546 0.6033653846153846 0.02991477272727265 0.05507692307692305
0 0.22433238636363637 0.3275769230769231 0.03514204545454547 0.04334615384615389
0 0.20078835227272726 0.28859615384615384 0.02734375 0.05203846153846154
0 0.1881534090909091 0.3247596153846154 0.03906250000000002 0.047596153846153844
0 0.19640624999999998 0.22844230769230767 0.03406249999999999 0.06226923076923076
0 0.18120028409090908 0.212125 0.029928977272727263 0.04744230769230769
0 0.16659801136363636 0.2300769230769231 0.028480113636363633 0.03788461538461539
0 0.1683096590909091 0.2796730769230769 0.055795454545454544 0.038461538461538464
0 0.16853693181818183 0.25750961538461536 0.0353409090909091 0.037096153846153855
0 0.10906960227272727 0.2372019230769231 0.035440340909090914 0.05901923076923077
0 0.5813139204545454 0.18657692307692308 0.02941761363636369 0.04215384615384616
0 0.8862571022727272 0.7894423076923077 0.04910511363636371 0.043076923076923034
0 0.5701349431818182 0.21126923076923076 0.025014204545454565 0.04346153846153845
0 0.6696875000000001 0.09061538461538461 0.03167613636363638 0.051500000000000004
0 0.5714275568181818 0.015057692307692308 0.06353693181818176 0.030115384615384617
0 0.5074573863636364 0.054663461538461536 0.04704545454545455 0.08201923076923076
0 0.48690340909090907 0.02260576923076923 0.0279261363636364 0.041096153846153845
0 0.44838068181818175 0.22248076923076923 0.06403409090909089 0.08953846153846154
0 0.41473721590909096 0.18135576923076924 0.025184659090909035 0.04671153846153847
0 0.3937215909090909 0.18189423076923078 0.026420454545454577 0.05740384615384617
0 0.3901420454545454 0.07942307692307692 0.044715909090909035 0.04707692307692308
0 0.38473721590909093 0.10647115384615385 0.05552556818181815 0.03867307692307692
