0 0.056434659090909084 0.20867307692307693 0.032443181818181815 0.09092307692307693
0 0.7605610795454545 0.16932692307692307 0.05095170454545455 0.04003846153846152
0 0.537528409090909 0.5006346153846154 0.07482954545454547 0.08726923076923077
0 0.8037500000000001 0.42141346153846154 0.02659090909090913 0.030519230769230778
0 0.8843536931818182 0.11959615384615384 0.03552556818181817 0.057269230769230774
0 0.31732954545454545 0.7233557692307692 0.06039772727272729 0.06898076923076923
0 0.23806107954545458 0.645846153846154 0.03271306818181818 0.05365384615384622
0 0.5112286931818182 0.20511538461538462 0.027940340909090932 0.035384615384615396
0 0.7278622159090908 0.2769134615384615 0.03782670454545454 0.035442307692307704
0 0.9585724431818182 0.16459615384615386 0.045923295454545515 0.060461538461538455
0 0.27078125 0.6569230769230769 0.03647727272727274 0.03492307692307697
0 0.9551420454545455 0.22464423076923076 0.045511363636363746 0.06225000000000001
0 0.40048295454545463 0.367 0.03133522727272728 0.04853846153846156
0 0.08911221590909091 0.24711538461538463 0.041917613636363635 0.0494230769230769
0 0.5949147727272727 0.7094711538461539 0.04389204545454542 0.04636538461538464
0 0.6979758522727273 0.024875 0.056519886363636314 0.04940384615384616
0 0.20183238636363637 0.42051923076923076 0.037102272727272734 0.04326923076923077
0 0.8163707386363636 0.39548076923076925 0.01938920454545451 0.03476923076923074
0 0.9661860795454544 0.21304807692307692 0.0324573863636364 0.06348076923076924
0 0.8926065340909091 0.8714807692307691 0.030184659090909092 0.02726923076923078
0 0.5617471590909091 0.04974038461538462 0.02434659090909097 0.028673076923076923
0 0.6975142045454545 0.2573846153846154 0.025198863636363648 0.05553846153846153
0 0.015369318181818182 0.607875 0.030738636363636364 0.0842115384615385
0 0.954509943181818 0.5202884615384615 0.028934659090909098 0.040884615384615366
0 0.6361221590909092 0.20127884615384614 0.04869318181818186 0.060403846153846176
0 0.0755965909090909 0.20348076923076924 0.03380681818181819 0.05003846153846153
0 0.06683948863636363 0.9777115384615384 0.03401988636363637 0.04457692307692309
0 0.9400071022727272 0.05048076923076923 0.03649147727272735 0.05707692307692308
0 0.5455326704545453 0.013875 0.02776988636363638 0.027557692307692307
0 0.2270809659090909 0.40028846153846154 0.03813920454545454 0.02511538461538462
0 0.26915482954545455 0.3975096153846154 0.04529829545454547 0.04598076923076922
0 0.9491690340909091 0.446201923076923 0.03586647727272727 0.06301923076923079
0 0.7715056818181819 0.8076826923076923 0.04843750000000003 0.06301923076923073
0 0.2767045454545455 0.4677788461538462 0.037755681818181834 0.06217307692307695
0 0.06431818181818182 0.37445192307692304 0.023892045454545454 0.05186538461538461
0 0.29495028409090907 0.42263461538461533 0.027684659090909062 0.046846153846153815
0 0.8331605113636364 0.8535961538461538 0.04339488636363646 0.039192307692307686
0 0.3407102272727273 0.7775384615384616 0.04173295454545458 0.06215384615384614
0 0.8222230113636364 0.46876923076923077 0.06759943181818186 0.05430769230769233
0 0.11134943181818181 0.5862692307692308 0.034119318181818195 0.05442307692307694
0 0.5199786931818182 0.05234615384615384 0.03907670454545453 0.05815384615384616
0 0.834169034090909 0.42462500000000003 0.025696022727272613 0.05063461538461541
0 0.5203693181818182 0.013884615384615384 0.033352272727272675 0.02776923076923077
0 0.8444886363636364 0.7934134615384616 0.0308238636363637 0.08855769230769232
0 0.15238636363636363 0.014528846153846153 0.04869318181818182 0.029057692307692305
0 0.4346377840909091 0.33760576923076924 0.023906249999999976 0.027249999999999976
0 0.10390625 0.007557692307692308 0.05153409090909092 0.015115384615384616
0 0.6090340909090909 0.05013461538461539 0.044659090909090905 0.04769230769230769
0 0.5496661931818182 0.25130769230769234 0.03055397727272734 0.03150000000000002
0 0.6791619318181819 0.024346153846153847 0.03696022727272725 0.048692307692307694
0 0.9831605113636364 0.8739134615384615 0.033678977272727326 0.0585961538461539
0 0.3051917613636364 0.4469134615384615 0.04691761363636364 0.061326923076923105
0 0.7920809659090909 0.5506826923076923 0.06174715909090913 0.06713461538461543
0 0.971512784090909 0.3047115384615384 0.05697443181818184 0.06346153846153846
0 0.7585511363636364 0.36778846153846156 0.03940340909090911 0.0725769230769231
0 0.5176633522727273 0.2350673076923077 0.03200284090909087 0.028557692307692298
0 0.1958877840909091 0.008730769230769231 0.012173295454545445 0.017461538461538462
0 0.9579403409090909 0.058567307692307696 0.029573863636363548 0.06982692307692308
0 0.7322301136363637 0.2396730769230769 0.033267045454545556 0.04984615384615385
0 0.6435653409090909 0.5885096153846153 0.04653409090909089 0.052288461538461534
0 0.8227769886363636 0.9029903846153846 0.03271306818181814 0.05790384615384618
0 0.037954545454545456 0.43791346153846156 0.039659090909090915 0.061634615384615406
0 0.21316761363636363 0.11978846153846155 0.04122159090909092 0.03907692307692308
0 0.987684659090909 0.9596153846153846 0.024630681818181864 0.05246153846153841
0 0.03697443181818182 0.9825673076923077 0.029573863636363638 0.034865384615384604
0 0.547549715909091 0.03661538461538461 0.0247869318181818 0.025615384615384613
0 0.9234303977272728 0.565951923076923 0.028934659090909098 0.04001923076923077
0 0.04944602272727273 0.8456250000000001 0.045369318181818184 0.07205769230769225
0 0.6045738636363637 0.3299326923076923 0.04778409090909089 0.06225000000000001
0 0.10827414772727272 0.6466442307692307 0.03379261363636365 0.037903846153846225
0 0.3477840909090909 0.1476730769230769 0.029289772727272734 0.042269230769230774
0 0.8529758522727273 0.7802115384615386 0.03271306818181814 0.06726923076923069
0 0.6766477272727273 0.5174230769230769 0.033806818181818195 0.04515384615384619
0 0.42841619318181823 0.38777884615384617 0.03359375000000005 0.060326923076923084
0 0.26821022727272725 0.42731730769230764 0.03082386363636362 0.02894230769230766
0 0.09751420454545455 0.6722307692307692 0.07752840909090909 0.07238461538461535
0 0.81 0.5090096153846154 0.06880681818181826 0.0800192307692308
0 0.9148011363636364 0.12109615384615384 0.01713068181818174 0.02684615384615385
0 0.5627982954545455 0.3801057692307692 0.044772727272727325 0.06894230769230773
0 0.7704332386363636 0.4965480769230769 0.018735795454545533 0.038480769230769214
0 0.8857386363636363 0.5016538461538462 0.01809659090909076 0.02799999999999995
0 0.427578125 0.012442307692307693 0.018877840909090938 0.023846153846153847
0 0.834453125 0.04198076923076923 0.039730113636363674 0.055961538461538465
0 0.18997869318181818 0.12327884615384613 0.04845170454545456 0.04324999999999999
0 0.4369318181818182 0.31545192307692305 0.027244318181818192 0.020442307692307683
0 0.7917045454545455 0.14936538461538462 0.03397727272727283 0.03623076923076924
0 0.7456392045454546 0.3697596153846154 0.03423295454545458 0.056403846153846124
0 0.24650568181818186 0.4422211538461538 0.03144886363636366 0.0315192307692308
0 0.40713068181818185 0.011326923076923076 0.022017045454545456 0.022653846153846153
0 0.9739843749999999 0.19554807692307694 0.028934659090909098 0.04001923076923077
0 0.8668465909090909 0.3620769230769231 0.05318181818181826 0.0488076923076923
0 0.5118394886363636 0.2665769230769231 0.03200284090909095 0.04430769230769229
0 0.4156321022727273 0.028615384615384612 0.015099431818181812 0.023846153846153843
0 0.5355823863636364 0.7267211538461538 0.03423295454545458 0.07540384615384611
0 0.9105681818181818 0.39045192307692306 0.03965909090909085 0.050634615384615354
0 0.09970880681818181 0.4333365384615384 0.025241477272727266 0.058596153846153846
0 0.49330255681818175 0.2621346153846154 0.02836647727272723 0.061038461538461555
0 0.5311221590909091 0.22275 0.02690340909090909 0.039384615384615365
0 0.5652272727272727 0.01906730769230769 0.01744318181818186 0.03813461538461538
0 0.45203125000000005 0.08122115384615385 0.05943181818181815 0.04328846153846154
0 0.8372514204545454 0.7119423076923077 0.028934659090909098 0.02980769230769231
0 0.815021306818182 0.4330096153846154 0.02748579545454549 0.04394230769230768
0 0.8383522727272728 0.09900961538461539 0.051505681818181805 0.08448076923076925
0 0.4309517045454545 0.10656730769230771 0.07122159090909089 0.08421153846153846
0 0.8771946022727272 0.7963942307692308 0.03333806818181822 0.04682692307692312
0 0.19241477272727273 0.3826057692307692 0.03900568181818181 0.06386538461538463
0 0.04899147727272728 0.34454807692307693 0.04011363636363636 0.05432692307692308
0 0.981015625 0.16574038461538462 0.03796875000000002 0.05705769230769231
0 0.9021803977272728 0.027740384615384615 0.04507102272727275 0.03905769230769231
0 0.6065198863636364 0.5942788461538461 0.04372159090909087 0.061019230769230694
0 0.09902698863636364 0.23399038461538457 0.02569602272727273 0.05371153846153845
0 0.7060369318181817 0.2808461538461539 0.027642045454545426 0.023615384615384618
0 0.970653409090909 0.47089423076923076 0.05869318181818189 0.03748076923076925
0 0.781512784090909 0.16326923076923078 0.03617897727272715 0.032807692307692315
0 0.5602414772727272 0.6963942307692308 0.055312499999999994 0.051096153846153944
0 0.5540056818181818 0.9930865384615384 0.02028409090909095 0.013826923076923181
0 0.9683522727272728 0.4295961538461538 0.02767045454545457 0.0366153846153846
0 0.8773863636363636 0.06902884615384615 0.0234375 0.05978846153846153
0 0.2972017045454546 0.9429326923076924 0.047812499999999994 0.04940384615384615
0 0.8734161931818182 0.9017115384615384 0.04214488636363647 0.04684615384615387
0 0.6971519886363636 0.5104134615384615 0.06671874999999995 0.07994230769230767
0 0.9863920454545455 0.8892115384615384 0.027215909090909044 0.050730769230769225
0 0.5857386363636364 0.023057692307692307 0.02875000000000001 0.04592307692307692
0 0.8469957386363638 0.9149134615384615 0.029559659090909175 0.044288461538461485
0 0.21264914772727275 0.4414519230769231 0.04225852272727273 0.023711538461538485
0 0.6032599431818182 0.758201923076923 0.04302556818181813 0.053480769230769235
0 0.08551136363636364 0.5906730769230769 0.04102272727272727 0.05919230769230775
0 0.9023579545454545 0.8863846153846153 0.024545454545454506 0.055346153846153906
0 0.8911363636363635 0.06231730769230769 0.03110795454545451 0.06590384615384615
0 0.5911363636363637 0.03500961538461539 0.04403409090909091 0.05536538461538462
0 0.41262073863636367 0.33503846153846156 0.028934659090909098 0.047692307692307714
0 0.13171164772727273 0.9086442307692307 0.04004261363636363 0.07113461538461541
0 0.7154971590909092 0.25229807692307693 0.027642045454545506 0.03348076923076925
0 0.21171164772727274 0.23369230769230767 0.03200284090909091 0.044538461538461534
0 0.7602485795454546 0.131 0.03899147727272734 0.041730769230769224
0 0.07694602272727273 0.5324038461538462 0.03380681818181817 0.09153846153846147
0 0.5871377840909091 0.9460865384615385 0.04958806818181822 0.047596153846153844
0 0.30066051136363636 0.7693461538461539 0.049701704545454556 0.07749999999999992
0 0.9831321022727273 0.522423076923077 0.03333806818181822 0.02980769230769231
0 0.5626207386363636 0.20023076923076924 0.022542613636363642 0.036615384615384626
0 0.101328125 0.03884615384615384 0.03813920454545456 0.050230769230769225
0 0.939140625 0.01651923076923077 0.04617897727272726 0.03303846153846154
0 0.8733806818181818 0.3992980769230769 0.03832386363636366 0.047596153846153844
0 0.054992897727272734 0.8327692307692307 0.05322443181818182 0.0708076923076923
0 0.3887144886363636 0.02217307692307692 0.04026988636363631 0.04434615384615384
0 0.03817471590909091 0.3674326923076923 0.03200284090909091 0.05371153846153848
0 0.8636789772727272 0.5047019230769231 0.048011363636363574 0.08351923076923083
0 0.8715340909090908 0.8297500000000001 0.04843750000000003 0.04257692307692316
0 0.41010653409090914 0.4108461538461538 0.05157670454545455 0.05450000000000001
0 0.6338636363636364 0.3436634615384615 0.05048295454545449 0.06528846153846157
0 0.5871803977272727 0.09303846153846153 0.05183238636363638 0.048807692307692316
0 0.5572088068181817 0.23837500000000003 0.04416193181818178 0.05063461538461538
0 0.5738423295454546 0.754048076923077 0.024588068181818187 0.06655769230769233
0 0.898622159090909 0.42859615384615385 0.031107954545454675 0.06346153846153846
0 0.10364346590909092 0.9249326923076923 0.027542613636363626 0.03821153846153847
0 0.2270099431818182 0.363875 0.05157670454545455 0.06217307692307689
0 0.3016690340909091 0.05276923076923076 0.035610795454545444 0.07934615384615384
0 0.7012073863636363 0.5415288461538462 0.04417613636363631 0.0384423076923076
0 0.3163707386363636 0.057971153846153846 0.028934659090909098 0.08174999999999999
0 0.2506036931818182 0.3553557692307693 0.05095170454545455 0.046826923076923065
0 0.554971590909091 0.7481057692307692 0.025454545454545476 0.05705769230769234
0 0.9871875 0.030567307692307692 0.025170454545454583 0.061134615384615384
0 0.8226704545454545 0.3700096153846154 0.046875 0.06713461538461543
0 0.23712357954545454 0.5802692307692308 0.03208806818181819 0.04684615384615387
0 0.49584517045454546 0.24096153846153845 0.03055397727272726 0.03446153846153844
0 0.34428977272727274 0.7525192307692308 0.04292613636363636 0.0589230769230769
0 0.05350852272727273 0.3912307692307692 0.027500000000000004 0.03296153846153844
0 0.25977272727272727 0.6931153846153847 0.044659090909090905 0.05961538461538462
0 0.1158096590909091 0.9477596153846155 0.029517045454545456 0.04094230769230773
0 0.9472798295454545 0.5552115384615385 0.032088068181818065 0.03407692307692302
0 0.5631107954545455 0.07335576923076924 0.018238636363636408 0.03963461538461539
0 0.45224431818181815 0.36783653846153846 0.052840909090909154 0.09113461538461536
0 0.3570809659090909 0.15642307692307694 0.057485795454545456 0.06426923076923077
0 0.7218749999999999 0.01560576923076923 0.06164772727272724 0.03121153846153846
0 0.38824573863636364 0.1070096153846154 0.05134943181818179 0.08613461538461539
0 0.8819460227272727 0.32119230769230767 0.030198863636363624 0.05857692307692309
0 0.7947230113636364 0.3900384615384615 0.03154829545454551 0.05430769230769233
0 0.6980965909090909 0.06742307692307693 0.029744318181818177 0.05492307692307693
0 0.2178835227272727 0.4694807692307692 0.03963068181818183 0.04003846153846152
0 0.5439133522727272 0.20450961538461537 0.0220880681818182 0.03294230769230768
0 0.34936079545454546 0.1993269230769231 0.06400568181818186 0.06346153846153846
0 0.2622869318181818 0.622 0.04968749999999999 0.04173076923076932
0 0.38369318181818185 0.9584230769230769 0.0566193181818182 0.08261538461538469
0 0.6762357954545455 0.056740384615384616 0.030198863636363624 0.057980769230769225
0 0.8413423295454546 0.8753076923076922 0.0597585227272728 0.04853846153846145
0 0.8195951704545454 0.0710673076923077 0.028110795454545402 0.046788461538461536
0 0.5220028409090909 0.9195480769230768 0.05184659090909091 0.061634615384615406
0 0.6143821022727273 0.07781730769230769 0.02515624999999997 0.040019230769230765
0 0.54015625 0.0825 0.030198863636363624 0.034076923076923074
0 0.7728764204545455 0.5427500000000001 0.0378551136363636 0.06407692307692306
0 0.8605397727272727 0.31417307692307694 0.05048295454545466 0.060423076923076954
0 0.3960582386363637 0.6853076923076923 0.04126420454545456 0.07488461538461538
0 0.8760866477272727 0.4411057692307692 0.026605113636363663 0.061634615384615406
0 0.6457173295454546 0.7985480769230769 0.0220880681818182 0.029288461538461572
0 0.9741122159090909 0.4917596153846154 0.05177556818181825 0.03832692307692309
0 0.12142755681818182 0.029076923076923077 0.026803977272727278 0.04746153846153846
0 0.570234375 0.9933846153846153 0.017571022727272734 0.013230769230769221
0 0.8996946022727272 0.008384615384615384 0.04151988636363639 0.01676923076923077
0 0.9188849431818181 0.047423076923076915 0.040894886363636314 0.05792307692307692
0 0.24588068181818182 0.4775673076923077 0.04278409090909092 0.045980769230769276
0 0.07671164772727272 0.4327307692307692 0.021633522727272723 0.06469230769230772
0 0.7847940340909091 0.11170192307692307 0.0390198863636364 0.04682692307692309
0 0.7343821022727273 0.5525096153846154 0.05544034090909087 0.10128846153846147
0 0.11277698863636364 0.542471153846154 0.047769886363636355 0.1067884615384616
0 0.5675213068181818 0.08675961538461538 0.04089488636363639 0.05109615384615385
0 0.23944602272727272 0.42122115384615383 0.04019886363636365 0.027903846153846137
0 0.86578125 0.10910576923076923 0.02875000000000001 0.0756346153846154
0 0.5057741477272727 0.9473076923076924 0.052741477272727266 0.08176923076923084
0 0.9170525568181819 0.09760576923076923 0.03515625 0.042096153846153846
0 0.9784161931818183 0.5484038461538462 0.03774147727272734 0.03576923076923081
0 0.8872585227272727 0.5918461538461538 0.03963068181818195 0.058769230769230775
0 0.7306178977272727 0.37456730769230767 0.022286931818181897 0.038903846153846136
0 0.8860014204545454 0.857423076923077 0.04467329545454552 0.04853846153846156
0 0.9815696022727274 0.44577884615384616 0.028934659090909098 0.03832692307692309
0 0.9470312500000001 0.09699999999999999 0.037414772727272776 0.054307692307692314
0 0.49366477272727277 0.21684615384615386 0.023267045454545447 0.027576923076923082
0 0.5322159090909091 0.26508653846153846 0.029090909090909115 0.035442307692307704
0 0.174921875 0.033836538461538467 0.045980113636363666 0.06651923076923077
0 0.5326065340909091 0.06589423076923077 0.0402698863636364 0.03490384615384616
0 0.575497159090909 0.43672115384615384 0.04551136363636366 0.07078846153846154
0 0.6032244318181817 0.3641153846153846 0.04056818181818182 0.04515384615384619
0 0.45849431818181813 0.04994230769230769 0.05426136363636362 0.04023076923076924
