0 0.9245738636363636 0.45366346153846154 0.020511363636363713 0.02463461538461539
0 0.9886860795454545 0.6020384615384615 0.02166193181818182 0.03284615384615393
0 0.9936505681818182 0.5930576923076922 0.012329545454545383 0.033923076923076896
0 0.7685866477272728 0.192875 0.024588068181818266 0.03171153846153848
0 0.9770667613636363 0.7702692307692307 0.028536931818181864 0.02819230769230774
0 0.07608664772727272 0.5739230769230769 0.03421874999999999 0.04111538461538461
0 0.6783877840909092 0.22090384615384617 0.027428977272727275 0.05061538461538463
0 0.9263636363636363 0.49908653846153844 0.01812499999999999 0.022442307692307723
0 0.2170383522727273 0.8219230769230769 0.06228693181818181 0.05153846153846156
0 0.5026633522727273 0.05545192307692308 0.027940340909090852 0.03290384615384615
0 0.6443536931818182 0.2876346153846154 0.03498579545454545 0.06507692307692309
0 0.3368678977272727 0.09034615384615385 0.05245738636363637 0.06403846153846154
0 0.9961505681818181 0.6184615384615385 0.007698863636363578 0.025807692307692337
0 0.32811079545454547 0.32485576923076925 0.030000000000000006 0.03955769230769235
0 0.02263494318181818 0.9078461538461539 0.02575284090909091 0.03434615384615387
0 0.47734375 0.21245192307692307 0.03181818181818179 0.0358653846153846
0 0.7521732954545454 0.4519423076923077 0.03730113636363635 0.04980769230769232
0 0.9822727272727273 0.7473076923076923 0.019659090909090956 0.022961538461538457
0 0.3751846590909091 0.6862019230769232 0.026136363636363603 0.04675000000000001
0 0.24153409090909095 0.6570192307692307 0.04343750000000002 0.07703846153846154
0 0.08088778409090909 0.5991826923076923 0.01615056818181819 0.022903846153846094
0 0.3264559659090909 0.6697211538461538 0.030866477272727257 0.03621153846153854
0 0.6178053977272727 0.26600961538461537 0.033366477272727284 0.06382692307692305
0 0.9613991477272728 0.5574615384615385 0.023678977272727216 0.03284615384615393
0 0.12414062499999999 0.5182307692307693 0.03191761363636363 0.0640384615384615
0 0.0064843750000000006 0.6017788461538461 0.011917613636363638 0.05309615384615387
0 0.7372159090909091 0.6806346153846154 0.015426136363636222 0.032038461538461474
0 0.20661221590909093 0.06333653846153847 0.04998579545454547 0.03475
0 0.9637713068181818 0.559125 0.021207386363636452 0.0360192307692308
0 0.21565340909090908 0.2897211538461538 0.03960227272727272 0.04528846153846156
0 0.12677556818181818 0.261875 0.02204545454545456 0.06974999999999999
0 0.7225213068181818 0.8481634615384616 0.02825284090909097 0.03748076923076925
0 0.8228551136363635 0.35475000000000007 0.0246022727272728 0.03226923076923077
0 0.9840056818181818 0.725125 0.02082386363636375 0.029750000000000054
0 0.9452272727272728 0.559625 0.013863636363636512 0.029326923076923077
0 0.7548011363636365 0.6823653846153845 0.02076704545454546 0.030961538461538506
0 0.912294034090909 0.47951923076923075 0.022372159090909092 0.02923076923076921
0 0.35162642045454545 0.1577596153846154 0.03600852272727276 0.0364423076923077
0 0.8435156250000001 0.08982692307692308 0.02038352272727276 0.04111538461538461
0 0.5055042613636364 0.4915576923076923 0.019928977272727234 0.026576923076923064
0 0.14528409090909092 0.26108653846153845 0.019914772727272743 0.04313461538461537
0 0.10703835227272726 0.2600480769230769 0.03921875 0.044249999999999984
0 0.8327627840909091 0.6852884615384616 0.03580965909090914 0.03123076923076925
0 0.9872869318181817 0.6014134615384615 0.020426136363636358 0.0360192307692308
0 0.03109375 0.024500000000000004 0.025767045454545456 0.04684615384615385
0 0.9329474431818183 0.5582499999999999 0.014730113636363644 0.02892307692307696
0 0.12972301136363637 0.3987692307692308 0.028451704545454547 0.03330769230769235
0 0.7240056818181818 0.681326923076923 0.02264204545454537 0.03715384615384614
0 0.24967329545454542 0.01953846153846154 0.034602272727272704 0.03907692307692308
0 0.4242329545454545 0.31834615384615383 0.04230113636363641 0.05153846153846156
0 0.6489488636363636 0.1707403846153846 0.04113636363636361 0.07175000000000001
0 0.5736079545454547 0.2033076923076923 0.02653409090909092 0.03384615384615384
0 0.4692755681818182 0.2708653846153846 0.0302840909090909 0.05542307692307691
0 0.5549644886363636 0.026048076923076924 0.04845170454545456 0.05209615384615385
0 0.19085227272727276 0.08618269230769231 0.043835227272727255 0.03071153846153846
0 0.6014985795454546 0.20044230769230767 0.02498579545454542 0.03123076923076922
0 0.9430610795454545 0.5338076923076924 0.01819602272727281 0.025423076923076868
0 0.9388991477272726 0.5343269230769231 0.029303977272727266 0.03130769230769236
0 0.4519602272727272 0.9360384615384616 0.022982954545454556 0.03296153846153844
0 0.13952414772727273 0.29075961538461537 0.021917613636363627 0.03174999999999998
0 0.6220525568181817 0.312875 0.051235795454545444 0.07074999999999998
0 0.051086647727272734 0.018 0.025752840909090913 0.035923076923076926
0 0.5835866477272728 0.9676346153846153 0.02717329545454553 0.04080769230769225
0 0.3432670454545455 0.6576442307692308 0.024005681818181825 0.05851923076923078
0 0.35622869318181816 0.29648076923076927 0.026036931818181796 0.03488461538461541
0 0.38254261363636366 0.8578076923076923 0.07443181818181815 0.07523076923076924
0 0.9240553977272729 0.4542019230769231 0.025838068181818098 0.028711538461538476
0 0.931072443181818 0.5345865384615385 0.011548295454545448 0.02463461538461539
0 0.9099786931818182 0.5066538461538461 0.020042613636363494 0.027153846153846164
0 0.9244389204545456 0.5228365384615384 0.021207386363636293 0.02713461538461541
0 0.9237073863636364 0.5218846153846154 0.022244318181818136 0.028923076923076853
0 0.9102769886363636 0.5064423076923077 0.019644886363636423 0.026961538461538537
0 0.9226988636363636 0.4978461538461538 0.02252840909090911 0.02776923076923082
0 0.3780326704545454 0.8545192307692309 0.04078125000000001 0.04746153846153847
0 0.9114346590909093 0.4794711538461538 0.02252840909090911 0.029326923076923077
0 0.9310724431818183 0.4767307692307692 0.021946022727272793 0.028538461538461544
0 0.24396306818181818 0.6562019230769232 0.03176136363636366 0.04340384615384614
0 0.3033167613636364 0.6753653846153846 0.02916193181818182 0.0285384615384616
0 0.32829545454545456 0.6695 0.031193181818181828 0.033230769230769175
0 0.3417258522727273 0.65875 0.02166193181818182 0.03284615384615382
0 0.3748011363636364 0.6882692307692307 0.025426136363636373 0.035576923076923075
0 0.6334375000000001 0.2868846153846154 0.020511363636363633 0.018769230769230753
0 0.6384943181818182 0.3064326923076923 0.02599431818181812 0.025019230769230752
0 0.6441264204545455 0.27260576923076923 0.02686079545454549 0.03167307692307692
0 0.8423792613636365 0.09075961538461538 0.01819602272727281 0.03598076923076922
0 0.617265625 0.31288461538461537 0.03725852272727275 0.059038461538461574
0 0.6162500000000001 0.2663557692307692 0.03292613636363637 0.059826923076923076
0 0.5583451704545455 0.019682692307692307 0.03725852272727275 0.039365384615384615
0 0.5018821022727272 0.055586538461538465 0.02714488636363638 0.03167307692307692
0 0.1294460227272727 0.24720192307692304 0.015880681818181808 0.024634615384615362
0 0.10258522727272727 0.2643942307692308 0.022812500000000003 0.022288461538461545
0 0.11485795454545454 0.2557980769230769 0.019062499999999982 0.028557692307692298
0 0.12468039772727274 0.2728076923076923 0.018480113636363645 0.029730769230769245
0 0.13767755681818183 0.2884423076923077 0.020213068181818186 0.028153846153846182
0 0.1438849431818182 0.2653846153846154 0.019928977272727275 0.030500000000000027
0 0.8587073863636363 0.09134615384615384 0.024261363636363695 0.03323076923076923
0 0.421590909090909 0.315625 0.03349431818181816 0.03713461538461539
0 0.4679474431818182 0.2665576923076923 0.029161931818181778 0.04457692307692306
0 0.4764630681818182 0.21102884615384615 0.0277272727272727 0.03128846153846156
0 0.5619602272727273 0.18404807692307695 0.02369318181818183 0.03440384615384615
0 0.572940340909091 0.19988461538461538 0.02252840909090903 0.03088461538461539
0 0.6783522727272727 0.2239326923076923 0.026562500000000065 0.043019230769230754
0 0.6016690340909091 0.20047115384615385 0.022826704545454535 0.03128846153846153
0 0.6514914772727273 0.1893269230769231 0.027159090909090914 0.028538461538461544
0 0.6460085227272727 0.16312499999999996 0.029460227272727287 0.04809615384615386
0 0.72109375 0.20516346153846154 0.02599431818181812 0.07898076923076922
0 0.9778622159090908 0.7705769230769232 0.025980113636363586 0.029730769230769193
0 0.7351065340909091 0.17602884615384615 0.041889204545454556 0.04809615384615386
0 0.7426207386363637 0.23195192307692306 0.04419034090909093 0.05982692307692305
0 0.7662997159090907 0.1914807692307692 0.02396306818181819 0.0305
0 0.8233380681818182 0.3560961538461539 0.024261363636363532 0.03207692307692304
0 0.845 0.43430769230769234 0.029460227272727287 0.04457692307692309
0 0.7557528409090909 0.4561923076923077 0.024261363636363695 0.03284615384615382
0 0.5036221590909091 0.491 0.015596590909090935 0.02034615384615387
0 0.7242755681818182 0.6775192307692308 0.024261363636363532 0.03284615384615393
0 0.7369815340909092 0.6810384615384615 0.020213068181818207 0.030500000000000027
0 0.7540198863636363 0.6818076923076923 0.020795454545454527 0.028153846153846127
0 0.9798792613636365 0.7449711538461539 0.020213068181818207 0.0222884615384616
0 0.8266619318181818 0.7119230769230769 0.02744318181818189 0.030500000000000027
0 0.8311363636363637 0.6839615384615384 0.032926136363636456 0.028538461538461492
0 0.7215340909090909 0.8470192307692308 0.02627840909090917 0.037923076923076976
0 0.6491832386363636 0.9629615384615384 0.03061079545454547 0.036769230769230776
0 0.5839062500000001 0.9664807692307692 0.0259943181818182 0.04065384615384613
0 0.4517755681818182 0.9352019230769231 0.022244318181818136 0.0312884615384615
0 0.21450284090909089 0.820625 0.0537215909090909 0.045365384615384564
0 0.022727272727272728 0.9074423076923077 0.02252840909090909 0.030500000000000027
0 0.07703125000000001 0.5686057692307692 0.025994318181818188 0.029326923076923077
0 0.07847301136363637 0.5959807692307693 0.017911931818181816 0.023076923076923078
0 0.9683309659090908 0.742423076923077 0.020781249999999994 0.03596153846153855
0 0.06345170454545455 0.5934423076923078 0.013863636363636361 0.028153846153846238
0 0.0035653409090909086 0.5985192307692309 0.007130681818181817 0.04926923076923078
0 0.12294744318181819 0.5080096153846154 0.02830965909090908 0.03636538461538461
0 0.12612215909090907 0.5326442307692308 0.02252840909090909 0.02463461538461539
0 0.12829545454545455 0.3995 0.02397727272727274 0.03049999999999997
0 0.21536931818181818 0.28923076923076924 0.03349431818181816 0.03284615384615382
0 0.32627840909090905 0.32500961538461537 0.027159090909090914 0.03636538461538461
0 0.35443892045454545 0.29607692307692307 0.022826704545454535 0.03088461538461539
0 0.35284801136363636 0.15667307692307691 0.026576704545454518 0.0305
0 0.33970880681818183 0.0917596153846154 0.038991477272727254 0.054750000000000014
0 0.98421875 0.7244423076923077 0.019630681818181728 0.028153846153846127
0 0.251328125 0.018509615384615385 0.02686079545454545 0.03701923076923077
0 0.1928409090909091 0.060480769230769234 0.021363636363636352 0.022692307692307692
0 0.2119034090909091 0.06341346153846153 0.0334943181818182 0.03325
0 0.18591619318181818 0.08374038461538462 0.03234375000000001 0.029326923076923077
0 0.020845170454545453 0.06771153846153846 0.033792613636363635 0.0441923076923077
0 0.032258522727272726 0.029586538461538466 0.021960227272727274 0.04067307692307693
0 0.04930397727272728 0.017528846153846155 0.027727272727272725 0.03505769230769231
0 0.6478480113636365 0.9634423076923078 0.03134943181818181 0.035653846153846085
0 0.9693607954545456 0.7433942307692307 0.020823863636363592 0.03913461538461543
0 0.06435369318181818 0.5976153846153845 0.017684659090909095 0.03019230769230767
0 0.9930184659090909 0.5920673076923076 0.01299715909090906 0.02463461538461528
0 0.9958593750000001 0.6183653846153846 0.008281250000000058 0.027153846153846164
0 0.7453267045454546 0.20549038461538463 0.08622159090909082 0.11890384615384618
0 0.5634161931818181 0.18612499999999998 0.02845170454545459 0.03382692307692308
0 0.8446946022727272 0.438298076923077 0.035127840909090935 0.05748076923076926
0 0.940596590909091 0.5622115384615385 0.029232954545454604 0.033307692307692295
0 0.29764914772727274 0.6790192307692309 0.043906249999999994 0.03715384615384614
0 0.8274431818181818 0.7140096153846153 0.0277272727272727 0.028634615384615467
0 0.8648579545454544 0.0924326923076923 0.0253693181818182 0.04113461538461539
0 0.02416903409090909 0.06484615384615385 0.04498579545454546 0.057769230769230774
0 0.9317684659090908 0.4769038461538462 0.021207386363636293 0.028192307692307687
