0 0.8877627840909091 0.8094903846153846 0.04367897727272727 0.061826923076923036
0 0.4588494318181818 0.8148557692307693 0.028380681818181763 0.040288461538461516
0 0.2775994318181818 0.12341346153846153 0.022556818181818174 0.041826923076923074
0 0.24730823863636367 0.11964423076923078 0.033678977272727284 0.06694230769230769
0 0.8316548295454544 0.4760384615384616 0.03572443181818179 0.07257692307692315
0 0.02830255681818182 0.6990576923076923 0.022713068181818185 0.08469230769230762
0 0.044680397727272725 0.7045961538461538 0.025696022727272727 0.07965384615384619
0 0.013309659090909089 0.6993076923076923 0.026619318181818178 0.08015384615384617
0 0.4438423295454546 0.07132692307692307 0.03367897727272724 0.052307692307692305
0 0.012130681818181816 0.02107692307692308 0.024261363636363633 0.04184615384615385
0 0.27372869318181814 0.08199038461538463 0.02473011363636363 0.06275
0 0.009552556818181818 0.05295192307692308 0.019105113636363635 0.03586538461538461
0 0.43462357954545455 0.8214230769230769 0.03044034090909092 0.032807692307692315
0 0.023892045454545454 0.020576923076923076 0.027954545454545454 0.03188461538461538
0 0.1563991477272727 0.39503846153846156 0.02643465909090909 0.05242307692307696
0 0.17036221590909092 0.3801730769230769 0.02904829545454546 0.05596153846153851
0 0.41803977272727266 0.06589423076923077 0.02349431818181821 0.05563461538461538
0 0.13889914772727271 0.40008653846153847 0.046548295454545446 0.05748076923076926
0 0.39656249999999993 0.06714423076923076 0.03738636363636363 0.04894230769230769
0 0.14225142045454545 0.3519326923076923 0.049531250000000006 0.0428653846153846
0 0.09198153409090909 0.5135288461538461 0.032400568181818176 0.030249999999999926
0 0.019829545454545457 0.4331057692307692 0.039659090909090915 0.0842115384615385
0 0.09440340909090908 0.5006730769230769 0.03426136363636363 0.018653846153846132
0 0.11818892045454545 0.6926442307692308 0.031974431818181805 0.03817307692307697
0 0.5950142045454545 0.1058076923076923 0.05156250000000002 0.0595
0 0.7242613636363636 0.15054807692307692 0.03806818181818175 0.04217307692307694
0 0.904893465909091 0.3428557692307692 0.03598011363636369 0.060442307692307705
0 0.32000710227272733 0.37890384615384615 0.03271306818181818 0.05096153846153846
0 0.8341335227272727 0.26532692307692307 0.03633522727272717 0.06557692307692309
0 0.35790482954545455 0.3240769230769231 0.016605113636363633 0.036192307692307676
0 0.8332670454545454 0.20817307692307693 0.03667613636363627 0.05342307692307693
0 0.3020028409090909 0.1681826923076923 0.02440340909090906 0.038480769230769214
0 0.31251420454545453 0.18700000000000003 0.03244318181818182 0.05103846153846155
0 0.32008522727272726 0.0675673076923077 0.0302840909090909 0.05313461538461539
0 0.0915909090909091 0.6895096153846153 0.026448863636363642 0.06886538461538462
0 0.858700284090909 0.24353846153846154 0.030099431818181897 0.049192307692307716
0 0.8680397727272726 0.21402884615384615 0.03286931818181816 0.04171153846153846
0 0.5619673295454546 0.14375961538461537 0.03876420454545449 0.06605769230769232
0 0.6951917613636364 0.1524230769230769 0.029076704545454503 0.05153846153846153
0 0.8671803977272727 0.26579807692307694 0.035298295454545325 0.02809615384615387
0 0.8827485795454545 0.29109615384615384 0.015923295454545346 0.03184615384615385
0 0.9057599431818182 0.2718846153846154 0.049474431818181876 0.02434615384615384
0 0.9107741477272726 0.25150961538461536 0.03876420454545466 0.029519230769230787
0 0.864921875 0.18357692307692308 0.03771306818181812 0.05857692307692307
0 0.3968678977272727 0.023846153846153843 0.03367897727272724 0.04434615384615384
0 0.11353693181818182 0.7166634615384615 0.03488636363636362 0.03817307692307686
0 0.5792684659090909 0.2405 0.04705965909090908 0.05903846153846155
0 0.6138707386363635 0.23838461538461536 0.043593749999999994 0.047307692307692294
0 0.9099076704545456 0.2224615384615385 0.041178977272727284 0.038884615384615406
0 0.417265625 0.020913461538461537 0.021321022727272713 0.041826923076923074
0 0.9095667613636365 0.2922692307692307 0.04325284090909081 0.04638461538461539
0 0.3123508522727273 0.08618269230769231 0.03151988636363636 0.029288461538461534
0 0.9497088068181818 0.3216538461538461 0.02842329545454544 0.0658076923076923
0 0.9268465909090909 0.32109615384615386 0.03707386363636351 0.08923076923076918
0 0.8067897727272727 0.5362211538461539 0.04511363636363635 0.06640384615384622
0 0.8973721590909091 0.18265384615384614 0.03963068181818195 0.06180769230769231
0 0.027649147727272727 0.8974807692307692 0.03575284090909091 0.06061538461538458
0 0.7822656249999999 0.5143173076923077 0.035298295454545485 0.0717115384615384
0 0.591377840909091 0.19856730769230768 0.030454545454545453 0.04263461538461539
0 0.8241264204545454 0.45587500000000003 0.03328124999999993 0.03794230769230767
0 0.9828125 0.5279711538461538 0.03187500000000008 0.05786538461538457
0 0.9479545454545453 0.5410096153846153 0.03923295454545455 0.04032692307692313
0 0.9808877840909092 0.4784038461538462 0.03151988636363628 0.04315384615384615
0 0.34220170454545457 0.3428846153846154 0.01582386363636362 0.045692307692307726
0 0.9255397727272726 0.4909807692307692 0.04693181818181829 0.06923076923076923
0 0.6218323863636364 0.20629807692307695 0.036676136363636355 0.035596153846153854
0 0.9561860795454545 0.5139807692307692 0.029076704545454583 0.04315384615384615
0 0.029240056818181818 0.8677692307692307 0.027315340909090904 0.0476153846153846
0 0.95671875 0.47982692307692304 0.02241477272727269 0.029884615384615315
0 0.9735298295454545 0.44640384615384615 0.028025568181818207 0.04173076923076921
0 0.35634943181818185 0.3516730769230769 0.02440340909090906 0.041461538461538466
0 0.292734375 0.06066346153846154 0.025639204545454562 0.042673076923076925
0 0.27882812500000004 0.21315384615384617 0.049133522727272734 0.04392307692307693
0 0.3115838068181818 0.29033653846153845 0.03492897727272728 0.026788461538461553
0 0.2936576704545455 0.09433653846153846 0.021321022727272754 0.03136538461538462
0 0.3535369318181818 0.8285673076923077 0.034602272727272704 0.061711538461538415
0 0.9458522727272727 0.4407019230769231 0.026619318181818195 0.07209615384615387
0 0.9299218749999999 0.4331153846153846 0.02697443181818183 0.05784615384615382
0 0.057144886363636356 0.8693461538461539 0.03488636363636363 0.04211538461538457
0 0.9588139204545455 0.42719230769230765 0.032230113636363716 0.05642307692307693
0 0.5280539772727273 0.12126923076923077 0.03738636363636371 0.052
0 0.3607102272727273 0.8731442307692308 0.03207386363636366 0.05944230769230774
0 0.8010085227272729 0.4556442307692308 0.061306818181818136 0.053596153846153856
0 0.31546164772727275 0.3149423076923077 0.030894886363636364 0.032692307692307694
0 0.30401988636363636 0.27193269230769224 0.03769886363636366 0.03178846153846154
0 0.9608025568181818 0.6183942307692307 0.0425426136363637 0.04628846153846163
0 0.6053977272727272 0.4391346153846154 0.03218749999999995 0.044961538461538456
0 0.7024644886363636 0.10182692307692306 0.03944602272727278 0.05526923076923076
0 0.9897869318181818 0.61275 0.020426136363636358 0.04176923076923082
0 0.05424005681818182 0.902201923076923 0.03779829545454546 0.04171153846153846
0 0.3053480113636364 0.33989423076923075 0.03140625000000002 0.0544807692307692
0 0.9702769886363637 0.17078846153846156 0.02333806818181811 0.04373076923076925
0 0.9480184659090909 0.176375 0.02620738636363643 0.04324999999999999
0 0.7318678977272728 0.09503846153846154 0.04291193181818187 0.041692307692307695
0 0.09346590909090909 0.43814423076923076 0.027926136363636358 0.03882692307692307
0 0.7500355113636363 0.075125 0.028025568181818207 0.03840384615384615
0 0.7647443181818182 0.08589423076923076 0.022840909090908988 0.05809615384615385
0 0.789140625 0.09760576923076923 0.03771306818181828 0.034673076923076925
0 0.6085085227272727 0.13345192307692308 0.030795454545454556 0.05294230769230768
0 0.655575284090909 0.36417307692307693 0.028025568181818127 0.05153846153846156
0 0.10467329545454546 0.834125 0.04272727272727273 0.051942307692307677
0 0.10389204545454546 0.4525192307692308 0.021221590909090905 0.0494230769230769
0 0.09309659090909089 0.481 0.03536931818181817 0.02269230769230766
0 0.08043323863636363 0.4643653846153846 0.02867897727272727 0.03580769230769232
0 0.9038281250000001 0.2048076923076923 0.03876420454545466 0.036153846153846175
0 0.7939914772727273 0.08075 0.040482954545454544 0.04123076923076923
0 0.7356818181818181 0.0545 0.03113636363636366 0.04403846153846153
0 0.3392400568181818 0.31250961538461536 0.027201704545454553 0.04686538461538462
0 0.02811789772727273 0.05643269230769231 0.029786931818181817 0.04282692307692307
0 0.0915625 0.01526923076923077 0.0528409090909091 0.03053846153846154
0 0.2122372159090909 0.05125 0.030269886363636367 0.043923076923076926
0 0.741044034090909 0.6982115384615386 0.029417613636363606 0.059961538461538476
0 0.11353693181818182 0.8687596153846153 0.02906249999999999 0.0574423076923077
0 0.22460227272727273 0.07383653846153845 0.0302840909090909 0.03555769230769231
0 0.2415909090909091 0.06128846153846154 0.033380681818181816 0.059
0 0.22459517045454547 0.024682692307692305 0.029673295454545476 0.03848076923076923
0 0.24669034090909092 0.021336538461538462 0.04789772727272727 0.042673076923076925
0 0.7073011363636363 0.054048076923076914 0.03806818181818175 0.050596153846153846
0 0.3240980113636364 0.114 0.042031250000000006 0.04226923076923076
0 0.29597301136363635 0.19223076923076923 0.03151988636363636 0.05061538461538463
0 0.37594460227272725 0.3181057692307693 0.021036931818181823 0.05940384615384618
0 0.3162215909090909 0.2388846153846154 0.06025568181818184 0.05438461538461541
0 0.35700994318181817 0.2710961538461538 0.029985795454545435 0.027615384615384642
0 0.12981534090909091 0.9010192307692307 0.038380681818181835 0.04092307692307698
0 0.3574715909090909 0.2974519230769231 0.032130681818181864 0.0351346153846154
0 0.3293536931818182 0.2733942307692308 0.026576704545454556 0.04140384615384616
0 0.6678551136363636 0.3182596153846154 0.02767045454545457 0.029980769230769238
0 0.44074573863636357 0.02551923076923077 0.03367897727272724 0.05103846153846154
0 0.3272727272727272 0.3439326923076923 0.022329545454545453 0.028826923076923094
0 0.7680326704545454 0.008980769230769231 0.05294034090909105 0.017961538461538463
0 0.24391335227272723 0.16295192307692308 0.03120738636363636 0.035557692307692325
0 0.6716619318181819 0.348951923076923 0.030454545454545453 0.05482692307692311
0 0.9870738636363636 0.2676730769230769 0.025255681818181778 0.07026923076923078
0 0.2842400568181818 0.15604807692307696 0.028423295454545482 0.030134615384615388
0 0.13475852272727273 0.8502596153846154 0.029659090909090902 0.04801923076923082
0 0.2646164772727273 0.19035576923076922 0.03553977272727274 0.03932692307692306
0 0.9772159090909092 0.2618173076923077 0.040142045454545444 0.0763653846153846
0 0.3726988636363636 0.355 0.024914772727272674 0.03338461538461541
0 0.8794602272727272 0.3433269230769231 0.02457386363636357 0.05200000000000004
0 0.6863707386363637 0.35270192307692305 0.012798295454545442 0.04263461538461542
0 0.8656178977272727 0.32482692307692307 0.04325284090909098 0.043115384615384646
0 0.6858451704545454 0.4065769230769231 0.0332244318181818 0.038884615384615386
0 0.8581747159090909 0.30023076923076925 0.04151988636363639 0.040769230769230745
0 0.4438423295454546 0.237625 0.04603693181818185 0.06694230769230769
0 0.1526065340909091 0.869423076923077 0.036633522727272716 0.03361538461538454
0 0.1786505681818182 0.8366442307692308 0.03417613636363639 0.03417307692307689
0 0.182109375 0.8603365384615385 0.037855113636363645 0.03855769230769222
0 0.14833096590909092 0.9212115384615384 0.05737215909090909 0.05896153846153851
0 0.17139204545454545 0.902 0.04204545454545456 0.05600000000000001
0 0.29100142045454547 0.8195288461538461 0.07092329545454547 0.08667307692307691
0 0.3293323863636364 0.8146730769230769 0.03676136363636363 0.05519230769230778
0 0.6217897727272728 0.7332692307692308 0.039517045454545444 0.027423076923076904
0 0.3129616477272727 0.8692884615384615 0.044218749999999994 0.06180769230769239
0 0.3386576704545455 0.8784230769230769 0.017514204545454562 0.05207692307692305
0 0.3224431818181818 0.9048557692307692 0.024687499999999994 0.03809615384615385
0 0.35675426136363636 0.9015576923076923 0.02498579545454542 0.04392307692307698
0 0.326171875 0.9468461538461539 0.020099431818181787 0.050538461538461484
0 0.330625 0.9190480769230769 0.015227272727272726 0.06024999999999997
0 0.35201704545454543 0.9369326923076924 0.03389204545454547 0.07036538461538457
0 0.5089346590909091 0.9085480769230769 0.040482954545454544 0.033826923076923136
0 0.5283238636363636 0.9116634615384616 0.026420454545454577 0.045480769230769186
0 0.4984588068181818 0.9342019230769231 0.04478693181818186 0.02371153846153843
0 0.6180255681818182 0.466548076923077 0.03252840909090914 0.0351346153846154
0 0.5446306818181817 0.916048076923077 0.020909090909090867 0.04136538461538471
0 0.5448295454545454 0.9604134615384615 0.03659090909090908 0.04844230769230769
0 0.5233167613636364 0.9473461538461538 0.020099431818181867 0.029923076923076927
0 0.6609019886363636 0.9351442307692307 0.024389204545454568 0.04109615384615385
0 0.4987997159090909 0.9585 0.038593750000000024 0.032653846153846186
0 0.4776917613636364 0.9734711538461538 0.033366477272727284 0.051711538461538434
0 0.49497869318181825 0.9857115384615384 0.025326704545454524 0.028307692307692253
0 0.5191051136363636 0.9808846153846154 0.03176136363636366 0.03823076923076922
0 0.655390625 0.7204807692307692 0.05132102272727272 0.04388461538461537
0 0.6486363636363636 0.9772692307692308 0.05335227272727273 0.045461538461538435
0 0.6351491477272727 0.5126923076923078 0.03910511363636368 0.059961538461538476
0 0.6133451704545455 0.9827596153846153 0.04086647727272725 0.034480769230769245
0 0.6610440340909091 0.9111538461538462 0.030355113636363642 0.05223076923076917
0 0.6823082386363637 0.9121057692307691 0.0263778409090909 0.04340384615384614
0 0.674090909090909 0.9510865384615385 0.03204545454545455 0.045326923076923174
0 0.8339488636363637 0.9301923076923077 0.03772727272727265 0.048384615384615325
0 0.8329616477272727 0.8113846153846153 0.042883522727272805 0.0720384615384615
0 0.9421661931818183 0.839875 0.05796875000000008 0.11290384615384612
0 0.967578125 0.77375 0.05004261363636366 0.05484615384615392
0 0.9640056818181818 0.8920192307692308 0.03335227272727275 0.04407692307692311
0 0.9770383522727273 0.9191730769230769 0.045923295454545515 0.04461538461538459
0 0.6145667613636363 0.49887499999999996 0.037372159090909095 0.03232692307692308
0 0.30061079545454544 0.9332307692307692 0.04019886363636365 0.07153846153846152
0 0.1353053977272727 0.8052403846153846 0.04842329545454546 0.04186538461538469
0 0.9909375 0.8879903846153846 0.01812499999999999 0.0360192307692308
0 0.10685369318181817 0.6572307692307692 0.04419034090909091 0.046038461538461535
0 0.6482954545454546 0.7479038461538461 0.028352272727272698 0.031076923076923123
0 0.6128338068181818 0.7666442307692307 0.039843749999999935 0.0502884615384616
0 0.651669034090909 0.7696153846153847 0.045241477272727225 0.06353846153846157
0 0.7575142045454545 0.8675673076923077 0.053210227272727326 0.06290384615384623
0 0.4451775568181818 0.8481153846153846 0.05018465909090907 0.0440384615384616
0 0.6150355113636364 0.9613942307692308 0.03680397727272731 0.03748076923076925
0 0.6566122159090909 0.531423076923077 0.028025568181818207 0.059961538461538476
0 0.6297230113636364 0.7593365384615385 0.024303977272727293 0.03474999999999999
0 0.9871661931818181 0.8750865384615384 0.025667613636363707 0.04032692307692302
0 0.6692329545454545 0.8185384615384615 0.034431818181818195 0.03976923076923078
0 0.7501633522727272 0.9777692307692308 0.020241477272727272 0.027423076923077015
0 0.7672372159090909 0.9347596153846155 0.05282670454545462 0.06290384615384612
0 0.9891477272727273 0.7874519230769231 0.021704545454545417 0.08332692307692305
0 0.27822443181818185 0.8741442307692308 0.03963068181818183 0.059865384615384605
0 0.7823295454545455 0.9613365384615384 0.05042613636363636 0.07732692307692304
0 0.3040625 0.8650096153846154 0.0390625 0.06725000000000005
0 0.1619602272727273 0.8245192307692307 0.043948863636363654 0.044076923076923
0 0.7607670454545455 0.695625 0.02803977272727274 0.06325000000000008
0 0.7055681818181818 0.3871346153846154 0.03252840909090914 0.05715384615384615
0 0.6993394886363636 0.3002211538461539 0.04498579545454548 0.03232692307692308
0 0.7107670454545455 0.1913076923076923 0.06713068181818181 0.05807692307692308
0 0.8791122159090908 0.24026923076923076 0.02455965909090904 0.038884615384615406
0 0.6735653409090909 0.39345192307692306 0.03218749999999995 0.04263461538461542
0 0.6687144886363636 0.30397115384615386 0.041178977272727284 0.03982692307692304
0 0.5692329545454545 0.19060576923076925 0.040142045454545444 0.04355769230769229
0 0.58359375 0.15757692307692306 0.03565340909090904 0.04684615384615384
0 0.6190625 0.17397115384615386 0.03874999999999996 0.06559615384615385
0 0.7071306818181818 0.3309134615384615 0.03980113636363634 0.0327884615384615
0 0.44102982954545455 0.7987019230769231 0.031491477272727296 0.03044230769230766
0 0.7150852272727273 0.3599615384615385 0.04602272727272724 0.07403846153846154
0 0.8055610795454545 0.4878942307692308 0.017173295454545337 0.0317884615384616
0 0.9476633522727272 0.14964423076923075 0.024048295454545385 0.027711538461538454
0 0.2981392045454545 0.12571153846153846 0.02718750000000002 0.03807692307692307
0 0.43901988636363637 0.42265384615384616 0.04437500000000001 0.0660769230769231
0 0.26245738636363636 0.13658653846153848 0.017613636363636373 0.07655769230769233
0 0.9683025568181818 0.15207692307692308 0.025838068181818098 0.03353846153846153
0 0.35296875 0.38364423076923077 0.04204545454545458 0.04990384615384613
0 0.4309730113636363 0.3876923076923077 0.033991477272727284 0.06711538461538463
0 0.35022017045454545 0.5515576923076924 0.07776988636363637 0.10626923076923075
