0 0.6366690340909091 0.8641923076923077 0.04998579545454545 0.08061538461538453
0 0.1429616477272727 0.09600961538461537 0.06947443181818182 0.11271153846153846
0 0.8288991477272728 0.10816346153846154 0.05981534090909093 0.08701923076923078
0 0.9052698863636363 0.13746153846153847 0.030539772727272728 0.049115384615384616
0 0.8801278409090909 0.1430576923076923 0.02863636363636375 0.05857692307692309
0 0.871484375 0.11357692307692308 0.029758522727272793 0.016846153846153844
0 0.8639133522727271 0.18025000000000002 0.020014204545454592 0.03149999999999999
0 0.8463210227272726 0.15571153846153846 0.07142045454545466 0.07911538461538463
0 0.936640625 0.1087596153846154 0.028877840909090804 0.07578846153846154
0 0.9195454545454546 0.1385096153846154 0.022812499999999923 0.034057692307692296
0 0.03592329545454545 0.9822788461538461 0.0718465909090909 0.035442307692307704
0 0.11406960227272728 0.6061153846153846 0.051122159090909086 0.09803846153846157
0 0.20430397727272728 0.07754807692307693 0.06463068181818184 0.10886538461538461
0 0.12514204545454544 0.5444134615384616 0.049403409090909095 0.05075000000000008
0 0.8034872159090909 0.5037115384615385 0.05606534090909095 0.10392307692307691
0 0.8500568181818182 0.509548076923077 0.05434659090909106 0.11325000000000003
0 0.7819247159090907 0.4371538461538461 0.04916193181818184 0.08523076923076922
0 0.8246164772727272 0.3303269230769231 0.09315340909090915 0.06538461538461539
0 0.8550071022727272 0.43215384615384617 0.05455965909090905 0.0649230769230769
0 0.7791335227272728 0.3830192307692308 0.06232954545454545 0.06169230769230771
0 0.8175568181818181 0.43679807692307693 0.030056818181818136 0.07340384615384613
0 0.6977556818181818 0.16958653846153846 0.06622159090909084 0.044826923076923084
0 0.7402769886363636 0.16690384615384612 0.017059659090909077 0.030538461538461556
0 0.23855113636363637 0.081625 0.026846590909090876 0.03125
0 0.7356036931818182 0.12073076923076924 0.02311079545454543 0.0633076923076923
0 0.7211789772727273 0.14692307692307693 0.026846590909090876 0.035461538461538454
0 0.7063636363636364 0.10463461538461538 0.05840909090909092 0.049153846153846145
0 0.695127840909091 0.13191346153846153 0.0527556818181818 0.03924999999999999
0 0.6798934659090908 0.7856346153846153 0.03490056818181817 0.07542307692307687
0 0.7097585227272727 0.874673076923077 0.09059659090909088 0.10630769230769237
0 0.5610795454545454 0.6887596153846154 0.05982954545454546 0.08286538461538456
0 0.587215909090909 0.6747980769230769 0.024062499999999997 0.05678846153846159
0 0.6989701704545455 0.7655769230769232 0.027514204545454553 0.059576923076923
0 0.6081889204545454 0.6640865384615384 0.034389204545454514 0.037250000000000005
0 0.24982954545454544 0.04783653846153846 0.0397159090909091 0.05959615384615383
0 0.4053125 0.15757692307692306 0.03713068181818188 0.06330769230769231
0 0.5607386363636363 0.7194903846153846 0.05502840909090911 0.03817307692307697
0 0.5903409090909091 0.7376442307692308 0.0907102272727272 0.037250000000000005
0 0.4293821022727272 0.15758653846153844 0.042627840909090976 0.05959615384615383
0 0.45826704545454544 0.13570192307692308 0.03576704545454546 0.04190384615384614
0 0.6039630681818182 0.7038076923076924 0.03142045454545455 0.0434615384615384
0 0.43350852272727275 0.09846153846153846 0.07014204545454544 0.0716923076923077
0 0.6363920454545454 0.7087788461538461 0.039886363636363616 0.046557692307692376
0 0.6600142045454546 0.9844711538461539 0.05059659090909092 0.031057692307692265
0 0.7922230113636363 0.7418942307692307 0.05802556818181821 0.06732692307692317
0 0.23774857954545456 0.1092403846153846 0.05313920454545458 0.06759615384615385
0 0.7929900568181818 0.8183846153846154 0.04697443181818173 0.08861538461538469
0 0.10095170454545453 0.43982692307692306 0.051136363636363626 0.05811538461538461
0 0.1490625 0.45209615384615387 0.05815340909090909 0.05207692307692305
0 0.36758522727272724 0.9099711538461539 0.05318181818181818 0.048250000000000064
0 0.36259943181818177 0.8477596153846154 0.0471875 0.056326923076923115
0 0.38712357954545457 0.8629038461538461 0.05029829545454545 0.11180769230769227
0 0.3695241477272727 0.8732596153846154 0.04782670454545457 0.0377500000000001
0 0.6318394886363636 0.673826923076923 0.042769886363636385 0.03346153846153842
0 0.5567755681818182 0.2014326923076923 0.027386363636363677 0.06509615384615386
0 0.5938920454545454 0.23891346153846157 0.05659090909090905 0.06755769230769233
0 0.26566051136363633 0.19245192307692305 0.06495738636363635 0.12209615384615384
0 0.5902272727272727 0.2771442307692308 0.027528409090909086 0.04021153846153846
0 0.6126846590909092 0.29970192307692306 0.04056818181818182 0.05786538461538457
0 0.8029261363636363 0.4003076923076923 0.02306818181818183 0.04384615384615387
0 0.8229545454545453 0.38332692307692307 0.03178977272727272 0.0401923076923077
0 0.8448579545454545 0.41539423076923077 0.029943181818181876 0.035442307692307704
0 0.8699786931818181 0.3730576923076923 0.04169034090909094 0.07815384615384618
0 0.8393678977272727 0.3795192307692308 0.03626420454545451 0.03188461538461535
0 0.5373224431818181 0.37077884615384615 0.05464488636363632 0.06740384615384618
0 0.5824573863636364 0.3612980769230769 0.04210227272727271 0.07236538461538461
0 0.7708522727272726 0.8552403846153847 0.02911931818181818 0.06305769230769234
0 0.2852556818181818 0.17537499999999998 0.04295454545454547 0.12863461538461538
0 0.26673295454545454 0.11396153846153846 0.022017045454545456 0.02907692307692306
0 0.26029829545454547 0.09216346153846153 0.04133522727272731 0.033442307692307695
0 0.31102272727272723 0.116875 0.07730113636363635 0.05667307692307694
0 0.6031960227272727 0.8650769230769232 0.0360795454545455 0.06473076923076927
0 0.30243607954545454 0.05219230769230769 0.06870738636363637 0.07269230769230768
0 0.3247088068181818 0.08234615384615383 0.06603693181818183 0.0763076923076923
0 0.45514914772727266 0.030451923076923078 0.054218750000000024 0.060903846153846156
0 0.47689630681818185 0.03548076923076923 0.05046874999999996 0.06976923076923078
0 0.1706463068181818 0.23206730769230768 0.05421875 0.10682692307692304
0 0.12985085227272727 0.2680384615384615 0.059588068181818186 0.09303846153846153
0 0.16796164772727273 0.2793076923076923 0.024161931818181825 0.04869230769230768
0 0.14649147727272727 0.27711538461538465 0.03380681818181818 0.05450000000000001
0 0.16715909090909092 0.24550961538461538 0.02792613636363638 0.04359615384615385
0 0.13897727272727273 0.23315384615384616 0.038125000000000006 0.05523076923076923
0 0.6145028409090909 0.8412403846153846 0.05781249999999998 0.05824999999999993
0 0.19507102272727275 0.35161538461538455 0.03650568181818182 0.05523076923076923
0 0.18460227272727273 0.36614423076923075 0.045625000000000006 0.053788461538461535
0 0.2170809659090909 0.3567019230769231 0.038650568181818196 0.06686538461538463
0 0.2423153409090909 0.35415384615384615 0.020397727272727293 0.050153846153846125
0 0.2609659090909091 0.3808365384615385 0.04999999999999998 0.03824999999999997
0 0.2745525568181818 0.36392307692307696 0.04998579545454545 0.06915384615384616
0 0.19892755681818183 0.3938365384615385 0.07336647727272728 0.049057692307692344
0 0.2002840909090909 0.4484038461538462 0.043465909090909104 0.06007692307692304
0 0.25915482954545455 0.42632692307692305 0.05615056818181818 0.06742307692307693
0 0.23483664772727272 0.4357788461538462 0.03234375000000001 0.04901923076923073
0 0.09879261363636363 0.011692307692307693 0.03917613636363637 0.023384615384615386
0 0.23252840909090908 0.48061538461538467 0.04775568181818182 0.04900000000000004
0 0.20325994318181817 0.5171057692307692 0.05853693181818181 0.05524999999999998
0 0.009211647727272728 0.4608076923076923 0.018423295454545456 0.07819230769230769
0 0.2604190340909091 0.6060288461538461 0.044559659090909094 0.052865384615384634
0 0.2390838068181818 0.5710480769230769 0.03788352272727275 0.04744230769230762
0 0.2611008522727273 0.5691153846153846 0.04782670454545457 0.06538461538461539
0 0.2729332386363636 0.5588557692307693 0.03362215909090907 0.043596153846153875
0 0.5446875000000001 0.9173269230769231 0.05542613636363642 0.05723076923076921
0 0.5462286931818181 0.9504903846153846 0.06845170454545454 0.03998076923076916
0 0.5475710227272728 0.9745673076923077 0.04832386363636361 0.04632692307692314
0 0.06201704545454545 0.008182692307692307 0.026392045454545463 0.016365384615384615
0 0.23215198863636363 0.8873461538461539 0.056377840909090905 0.11176923076923077
0 0.28361505681818183 0.8764423076923077 0.05862215909090911 0.10811538461538467
0 0.3371803977272727 0.81375 0.0691335227272727 0.06450000000000004
0 0.29792613636363635 0.7942211538461539 0.05502840909090911 0.07086538461538466
0 0.3083167613636364 0.7551442307692307 0.0436221590909091 0.034519230769230747
0 0.3827201704545455 0.7501442307692308 0.040752840909090864 0.06632692307692309
0 0.4217400568181818 0.7407307692307692 0.04765625000000002 0.06746153846153854
0 0.3290909090909091 0.7414711538461538 0.09130681818181818 0.11201923076923077
0 0.32908380681818183 0.7093942307692308 0.06734375 0.11898076923076924
0 0.3737926136363636 0.6927884615384615 0.04071022727272731 0.062576923076923
0 0.013018465909090908 0.09457692307692306 0.026036931818181817 0.0969230769230769
0 0.39635653409090904 0.7108365384615385 0.0322585227272727 0.03817307692307697
0 0.42178977272727275 0.6688365384615383 0.0703125 0.07728846153846153
0 0.3412286931818182 0.4048076923076923 0.03475852272727273 0.07788461538461539
0 0.36905539772727275 0.41061538461538466 0.029730113636363607 0.0886923076923077
0 0.3502485795454546 0.4253942307692307 0.03700284090909092 0.07063461538461537
0 0.4667329545454546 0.3913173076923077 0.02852272727272725 0.05174999999999999
0 0.451875 0.38720192307692314 0.02548295454545454 0.05667307692307692
0 0.49870738636363643 0.5042403846153846 0.06284090909090902 0.07063461538461537
0 0.48978693181818184 0.48741346153846155 0.045511363636363586 0.061596153846153905
0 0.714559659090909 0.35847115384615386 0.024261363636363612 0.0336730769230769
0 0.015667613636363636 0.17964423076923075 0.03133522727272727 0.08901923076923078
0 0.6945809659090909 0.3427980769230769 0.02643465909090911 0.03521153846153847
0 0.8037997159090909 0.6033557692307693 0.038139204545454414 0.05044230769230773
0 0.7982173295454544 0.6585769230769231 0.053678977272727385 0.05838461538461541
0 0.8293181818181818 0.6442788461538461 0.035482954545454574 0.07982692307692306
0 0.8835795454545454 0.783076923076923 0.03960227272727272 0.10246153846153841
0 0.9258167613636363 0.8063076923076923 0.05367897727272722 0.0679230769230769
0 0.9519247159090909 0.763673076923077 0.05342329545454547 0.07657692307692307
0 0.9262571022727273 0.7303461538461538 0.03561079545454553 0.09503846153846157
0 0.8916903409090909 0.7466538461538461 0.04400568181818185 0.05957692307692311
0 0.8981960227272726 0.6985288461538461 0.05312499999999997 0.08813461538461535
0 0.1008096590909091 0.09888461538461539 0.04772727272727272 0.0725
0 0.6107244318181819 0.47810576923076925 0.05477272727272728 0.0976730769230769
0 0.5955113636363637 0.39925000000000005 0.04173295454545454 0.060038461538461534
0 0.6198579545454546 0.3615865384615385 0.034772727272727295 0.10240384615384615
0 0.49857954545454547 0.1975769230769231 0.04781249999999995 0.05884615384615386
0 0.4838068181818182 0.259375 0.047812500000000036 0.08355769230769229
0 0.5381321022727273 0.18640384615384617 0.04521306818181816 0.062384615384615406
0 0.5402840909090909 0.015048076923076923 0.04568181818181822 0.030096153846153845
0 0.5533735795454546 0.04570192307692308 0.03436079545454545 0.046519230769230764
0 0.5307883522727272 0.036230769230769226 0.037542613636363645 0.04996153846153845
0 0.9901775568181819 0.2378173076923077 0.019644886363636423 0.055134615384615386
0 0.06580255681818183 0.10175961538461538 0.04879261363636364 0.0739423076923077
0 0.9831747159090909 0.21241346153846155 0.03365056818181826 0.10940384615384616
0 0.9125852272727273 0.08792307692307692 0.045170454545454646 0.05515384615384616
0 0.906541193181818 0.1701923076923077 0.06617897727272731 0.04738461538461536
0 0.9596732954545455 0.20120192307692308 0.05789772727272726 0.1111346153846154
0 0.9930397727272727 0.14521153846153848 0.01392045454545448 0.04392307692307693
0 0.9834943181818182 0.1193653846153846 0.03301136363636365 0.055999999999999994
0 0.972080965909091 0.09954807692307692 0.04328125000000004 0.05255769230769232
0 0.953309659090909 0.13702884615384614 0.03880681818181809 0.05686538461538463
0 0.8257244318181818 0.06466346153846154 0.055994318181818124 0.055134615384615386
0 0.8728125000000001 0.08834615384615384 0.04326704545454551 0.056
