0 0.889375 0.33478846153846153 0.049062499999999946 0.05226923076923078
0 0.44709517045454544 0.22716346153846154 0.06345170454545448 0.07263461538461538
0 0.5044744318181817 0.9328365384615385 0.04213068181818185 0.047134615384615365
0 0.08974431818181818 0.9772211538461538 0.08335227272727272 0.045557692307692306
0 0.9034446022727274 0.29670192307692306 0.03924715909090908 0.05578846153846152
0 0.5509090909090909 0.836076923076923 0.060170454545454485 0.07119230769230765
0 0.6180255681818182 0.4653846153846154 0.06681818181818185 0.03938461538461542
0 0.886434659090909 0.18067307692307694 0.04187500000000002 0.06111538461538462
0 0.6413494318181818 0.7355961538461538 0.04366477272727274 0.0708076923076923
0 0.7755326704545453 0.5484134615384616 0.03598011363636369 0.07794230769230764
0 0.24852982954545452 0.38808653846153846 0.027485795454545447 0.05313461538461538
0 0.7012713068181818 0.819451923076923 0.03140625000000002 0.05136538461538469
0 0.22497869318181818 0.3810192307692308 0.03285511363636363 0.033576923076923094
0 0.36625710227272723 0.08645192307692308 0.034616477272727236 0.05201923076923076
0 0.5524360795454546 0.8699423076923077 0.05169034090909089 0.030115384615384554
0 0.4549431818181818 0.8212307692307692 0.024204545454545482 0.026576923076923064
0 0.06088068181818182 0.1335769230769231 0.018323863636363645 0.023038461538461546
0 0.5740269886363637 0.36283653846153846 0.05561079545454542 0.06821153846153846
0 0.700625 0.44418269230769236 0.05889204545454551 0.07086538461538461
0 0.46639914772727276 0.7711826923076923 0.035326704545454474 0.0805961538461539
0 0.31068181818181817 0.8947499999999999 0.022244318181818216 0.06376923076923081
0 0.08397727272727273 0.5922596153846155 0.0490625 0.0682115384615384
0 0.6777201704545455 0.18007692307692308 0.02879261363636361 0.05226923076923078
0 0.21459517045454543 0.6474230769230769 0.030838068181818192 0.061730769230769166
0 0.9860724431818181 0.6840865384615386 0.027855113636363657 0.07175000000000001
0 0.8373650568181819 0.9508461538461539 0.034019886363636426 0.06553846153846161
0 0.6270170454545455 0.49776923076923074 0.051676136363636355 0.05934615384615382
0 0.789609375 0.34070192307692304 0.054957386363636444 0.0788269230769231
0 0.9873792613636364 0.6340384615384616 0.025241477272727245 0.0637692307692307
0 0.9364843749999999 0.7171442307692307 0.04120738636363635 0.04694230769230774
0 0.7124005681818182 0.7497788461538462 0.056278409090909094 0.07440384615384615
0 0.9220951704545454 0.7432788461538461 0.033366477272727284 0.047826923076923086
0 0.3005397727272727 0.8659615384615383 0.045142045454545456 0.057576923076923074
0 0.3057741477272727 0.8327403846153846 0.05169034090909093 0.05136538461538458
0 0.07982954545454546 0.11853846153846154 0.060340909090909084 0.07261538461538461
0 0.983778409090909 0.9111346153846153 0.032443181818181864 0.06819230769230765
0 0.6346875 0.41889423076923077 0.04051136363636361 0.06332692307692303
0 0.8161008522727274 0.5420576923076923 0.047769886363636355 0.06288461538461547
0 0.9693892045454546 0.7857980769230769 0.06122159090909094 0.13640384615384615
0 0.9697159090909092 0.8752596153846154 0.0605681818181818 0.06024999999999997
0 0.803018465909091 0.982951923076923 0.0503835227272726 0.03409615384615388
0 0.6652911931818182 0.4322307692307692 0.03271306818181814 0.09299999999999997
0 0.674268465909091 0.7325961538461538 0.026463068181818174 0.03538461538461534
0 0.93125 0.37067307692307694 0.049062499999999946 0.05846153846153842
0 0.09575994318181819 0.6679903846153846 0.050383522727272735 0.044288461538461596
0 0.3889133522727272 0.2495480769230769 0.054985795454545426 0.0671730769230769
0 0.935830965909091 0.11053846153846154 0.018963068181818213 0.026576923076923078
0 0.7930752840909091 0.962173076923077 0.0558948863636364 0.0731538461538462
0 0.265859375 0.12028846153846154 0.014957386363636365 0.017730769230769227
0 0.735625 0.9842403846153847 0.05278409090909095 0.031519230769230744
0 0.44676846590909086 0.935048076923077 0.058877840909090894 0.04163461538461545
0 0.8586221590909091 0.5318846153846154 0.045142045454545414 0.028346153846153865
0 0.9867258522727272 0.49025 0.026548295454545533 0.06200000000000002
0 0.8442400568181818 0.49511538461538457 0.054303977272727295 0.05403846153846153
0 0.5138352272727272 0.9742019230769231 0.04122159090909088 0.03809615384615385
0 0.8347514204545454 0.5921153846153846 0.05234375000000003 0.05846153846153853
0 0.4096946022727273 0.2100673076923077 0.029502840909090885 0.0535576923076923
0 0.8144673295454545 0.12295192307692308 0.026178977272727364 0.040749999999999995
0 0.6770738636363636 0.8234423076923076 0.02355113636363634 0.05049999999999998
0 0.6942826704545454 0.9930673076923077 0.025667613636363627 0.013865384615384686
0 0.6855752840909091 0.6551442307692307 0.03140625000000002 0.0770576923076923
0 0.6529403409090908 0.3989326923076923 0.02815340909090908 0.038134615384615406
0 0.14417613636363635 0.5125384615384615 0.04775568181818182 0.0770769230769231
0 0.8056321022727272 0.5913653846153846 0.03598011363636369 0.05580769230769227
0 0.6700213068181818 0.7690961538461538 0.035014204545454515 0.04034615384615388
0 0.031967329545454545 0.5997884615384615 0.04580965909090909 0.04961538461538464
0 0.7948366477272728 0.6774423076923076 0.04973011363636379 0.06376923076923081
0 0.6446803977272727 0.12352884615384616 0.037286931818181816 0.0460576923076923
0 0.5864559659090909 0.43576923076923074 0.0700142045454545 0.06996153846153845
0 0.9453125 0.43709615384615386 0.02355113636363626 0.03896153846153844
0 0.6378125 0.6281346153846153 0.04318181818181823 0.05315384615384613
0 0.21515625 0.329625 0.022244318181818216 0.035442307692307704
0 0.4994318181818182 0.7640961538461539 0.0451420454545455 0.03984615384615379
0 0.7032457386363636 0.7860865384615384 0.03401988636363635 0.038980769230769194
0 0.5557031250000001 0.7044519230769231 0.04515625000000003 0.07351923076923081
0 0.05421164772727272 0.5577115384615384 0.04055397727272727 0.061115384615384565
0 0.6217826704545455 0.6697596153846154 0.038593750000000024 0.07440384615384615
0 0.15491477272727272 0.4599903846153846 0.02681818181818181 0.0190576923076923
0 0.013785511363636364 0.1480384615384615 0.02615056818181818 0.03723076923076923
0 0.82296875 0.5057403846153846 0.03664772727272721 0.038096153846153794
0 0.9723295454545454 0.47252884615384616 0.05534090909090914 0.08501923076923074
0 0.16870738636363636 0.49525961538461544 0.07196022727272727 0.07263461538461541
0 0.6970241477272727 0.49821153846153843 0.020269886363636337 0.02657692307692312
0 0.6747798295454545 0.7909615384615385 0.024218750000000015 0.0398461538461539
0 0.21482954545454547 0.4277980769230769 0.038607954545454556 0.06290384615384617
0 0.7850213068181818 0.45216346153846154 0.054957386363636444 0.07086538461538466
0 0.3577911931818182 0.581326923076923 0.05103693181818187 0.061115384615384676
0 0.34025568181818183 0.8949230769230769 0.04213068181818181 0.057038461538461586
0 0.265859375 0.24271153846153848 0.01401988636363637 0.017076923076923097
0 0.3548508522727273 0.34659615384615383 0.032059659090909125 0.15265384615384614
0 0.43990056818181816 0.9058173076923076 0.06999999999999997 0.05048076923076923
0 0.9070454545454545 0.16339423076923076 0.08571022727272731 0.051365384615384604
0 0.05813920454545454 0.6445192307692307 0.051022727272727275 0.059346153846153764
0 0.5373863636363636 0.7733942307692308 0.03991477272727276 0.046057692307692286
0 0.13338068181818183 0.7047403846153847 0.08374999999999999 0.0735192307692307
0 0.6724928977272727 0.36491346153846155 0.07328125000000005 0.04871153846153843
0 0.6273508522727272 0.6405288461538461 0.03140624999999994 0.07086538461538466
0 0.3800284090909091 0.4198269230769231 0.04318181818181819 0.06111538461538462
0 0.339140625 0.8566634615384616 0.038593750000000024 0.04959615384615389
0 0.39814630681818186 0.8795000000000001 0.014900568181818195 0.018384615384615388
0 0.1120028409090909 0.028403846153846155 0.05363636363636364 0.05680769230769231
0 0.44709517045454544 0.8579903846153846 0.0700142045454545 0.0682115384615384
0 0.3303125 0.36815384615384616 0.02355113636363638 0.03276923076923081
0 0.8569957386363637 0.5642019230769231 0.05234375000000003 0.04340384615384614
0 0.9544744318181819 0.3706634615384615 0.036647727272727366 0.047826923076923086
0 0.7945099431818182 0.5802980769230769 0.02813920454545463 0.06732692307692306
0 0.7127272727272728 0.24458653846153847 0.06477272727272722 0.07263461538461538
0 0.9675568181818182 0.13888461538461538 0.02093750000000001 0.023038461538461518
0 0.45730113636363634 0.18781730769230767 0.030852272727272766 0.03994230769230769
0 0.35214488636363633 0.7564326923076924 0.021761363636363627 0.026903846153846063
0 0.14419034090909089 0.012519230769230769 0.0281534090909091 0.025038461538461537
0 0.5252769886363636 0.29138461538461535 0.05234375000000003 0.08769230769230768
0 0.8857812499999999 0.24311538461538462 0.05102272727272721 0.07796153846153844
0 0.6119673295454545 0.13858653846153846 0.05169034090909089 0.04605769230769231
0 0.19816761363636362 0.33502884615384615 0.03017045454545456 0.06082692307692307
0 0.3675142045454546 0.7314519230769231 0.02318181818181817 0.03459615384615387
0 0.45428267045454546 0.1506153846153846 0.028821022727272674 0.036307692307692326
0 0.32119318181818185 0.1628653846153846 0.03889204545454545 0.06626923076923079
0 0.3993039772727273 0.07890384615384616 0.03017045454545456 0.03811538461538461
0 0.415731534090909 0.12292307692307693 0.037542613636363645 0.06626923076923079
0 0.3500284090909091 0.22912500000000002 0.04693181818181817 0.09713461538461539
0 0.11569602272727274 0.08176923076923076 0.03954545454545455 0.051730769230769226
0 0.6132741477272727 0.23203846153846153 0.03598011363636369 0.05226923076923078
0 0.6126207386363636 0.10404807692307692 0.052997159090909095 0.04251923076923077
0 0.32957386363636365 0.061201923076923084 0.05698863636363637 0.028134615384615383
0 0.9462997159090908 0.10169230769230768 0.018963068181818213 0.02834615384615385
0 0.45160511363636363 0.6256442307692308 0.06369318181818186 0.11617307692307698
0 0.40333096590909095 0.17102884615384617 0.03151988636363636 0.04448076923076922
0 0.15257812499999998 0.40537500000000004 0.04626420454545455 0.05082692307692303
0 0.16113636363636363 0.4779903846153846 0.025596590909090902 0.02744230769230771
0 0.23504261363636364 0.41096153846153843 0.03821022727272724 0.031769230769230786
0 0.2866690340909091 0.029461538461538463 0.05296875000000003 0.058923076923076925
0 0.7048721590909092 0.22023076923076926 0.018977272727272745 0.02569230769230769
0 0.9613494318181818 0.11408653846153846 0.018977272727272745 0.026557692307692313
0 0.4919105113636363 0.20812499999999998 0.058877840909090894 0.05048076923076923
0 0.9741051136363637 0.2134326923076923 0.03403409090909096 0.07351923076923075
0 0.6247301136363637 0.2590576923076923 0.04318181818181815 0.07084615384615382
0 0.9857457386363635 0.11777884615384615 0.0285085227272728 0.07528846153846153
0 0.49014914772727275 0.1583269230769231 0.0496164772727272 0.05719230769230771
0 0.9916335227272728 0.23425 0.016732954545454506 0.05492307692307693
0 0.38622869318181813 0.11975000000000001 0.028167613636363612 0.05626923076923078
0 0.3983025568181818 0.3462211538461538 0.07106534090909095 0.1497884615384615
0 0.1281036931818182 0.6551442307692308 0.030838068181818192 0.04809615384615383
0 0.8975568181818182 0.026778846153846157 0.04448863636363627 0.05355769230769231
0 0.01512784090909091 0.02276923076923077 0.028835227272727273 0.04084615384615385
0 0.3634375 0.1596923076923077 0.04693181818181817 0.05446153846153848
0 0.1545809659090909 0.4386538461538461 0.027485795454545447 0.021769230769230756
0 0.573046875 0.21565384615384617 0.05495738636363636 0.06376923076923076
0 0.1575994318181818 0.37904807692307696 0.05096590909090906 0.030865384615384583
0 0.678046875 0.13624038461538462 0.03205965909090908 0.04428846153846154
0 0.5485085227272727 0.25905769230769227 0.051676136363636355 0.07796153846153844
0 0.3151633522727273 0.035778846153846154 0.04157670454545452 0.04448076923076923
0 0.4318252840909091 0.14879807692307692 0.028167613636363695 0.039942307692307714
0 0.136484375 0.10083653846153846 0.018110795454545456 0.05355769230769231
0 0.2933664772727273 0.12125000000000001 0.062357954545454515 0.07261538461538462
0 0.17201704545454544 0.3391153846153846 0.0275 0.05446153846153845
0 0.34868607954545455 0.11975000000000001 0.049616477272727284 0.05626923076923078
0 0.13078125 0.16982692307692307 0.032187500000000015 0.039038461538461536
0 0.6862357954545455 0.107 0.04318181818181815 0.08149999999999999
0 0.9842471590909091 0.357375 0.02551136363636369 0.047826923076923086
0 0.19816051136363635 0.37814423076923076 0.03285511363636363 0.05628846153846156
0 0.5858025568181818 0.27278846153846154 0.04907670454545456 0.06642307692307693
0 0.7078196022727272 0.038000000000000006 0.10467329545454546 0.07600000000000001
0 0.6440340909090909 0.08588461538461538 0.04252840909090909 0.05403846153846154
0 0.8350710227272727 0.11807692307692308 0.016363636363636337 0.03807692307692307
0 0.14654119318181816 0.3323076923076923 0.03419034090909092 0.06626923076923079
0 0.15123579545454546 0.10265384615384615 0.016761363636363654 0.051730769230769226
0 0.9505539772727274 0.1065576923076923 0.048409090909090964 0.05934615384615386
0 0.3791903409090909 0.1975 0.035539772727272705 0.05446153846153845
0 0.9325639204545454 0.1961730769230769 0.054303977272727295 0.06199999999999999
0 0.14452414772727273 0.6560576923076923 0.020781249999999994 0.03357692307692304
0 0.26152698863636364 0.10400961538461537 0.08447443181818182 0.09440384615384614
0 0.9256889204545454 0.013932692307692307 0.0379403409090908 0.027865384615384615
0 0.3614275568181818 0.5253461538461538 0.037542613636363686 0.05900000000000001
0 0.6123011363636364 0.1815576923076923 0.0706534090909091 0.05226923076923078
0 0.02350852272727273 0.1194423076923077 0.04693181818181818 0.05265384615384615
0 0.886434659090909 0.3773076923076923 0.04318181818181815 0.0681923076923077
0 0.43785511363636365 0.07663461538461538 0.04693181818181813 0.05899999999999999
0 0.19011363636363637 0.40854807692307693 0.03017045454545456 0.06082692307692307
0 0.4613210227272727 0.1006826923076923 0.054971590909090894 0.0653653846153846
0 0.38019886363636357 0.14515384615384616 0.034857954545454574 0.045384615384615384
0 0.9479332386363637 0.2183173076923077 0.02879261363636361 0.051365384615384604
0 0.5808877840909091 0.01939423076923077 0.09813920454545459 0.03878846153846154
0 0.36611505681818185 0.5085480769230769 0.0442471590909091 0.04355769230769226
0 0.3262286931818182 0.09205769230769231 0.047599431818181805 0.04811538461538462
0 0.4271306818181818 0.18691346153846153 0.030852272727272766 0.04355769230769229
0 0.101953125 0.15439423076923076 0.029502840909090902 0.04267307692307692
0 0.16053267045454545 0.4212980769230769 0.052997159090909074 0.046942307692307686
0 0.5346164772727273 0.8304519230769232 0.05071022727272734 0.06532692307692302
0 0.8223153409090909 0.7022403846153846 0.04187500000000002 0.06201923076923077
0 0.7009517045454546 0.6975192307692307 0.0451420454545455 0.06200000000000002
0 0.09902698863636364 0.6254711538461538 0.037286931818181816 0.05667307692307698
