0 0.9040696022727271 0.798701923076923 0.021150568181818163 0.027403846153846154
0 0.32108664772727274 0.32317307692307695 0.019872159090909062 0.032384615384615394
0 0.6860582386363636 0.684875 0.017713068181818222 0.0336346153846154
0 0.7020454545454545 0.6915769230769231 0.02022727272727274 0.029576923076923067
0 0.7121661931818182 0.6537403846153848 0.016548295454545423 0.028019230769230755
0 0.6688636363636363 0.6851153846153846 0.01906249999999994 0.025576923076923098
0 0.6503764204545455 0.6852307692307692 0.0185653409090909 0.02134615384615389
0 0.6518607954545454 0.7094807692307692 0.02119318181818184 0.033807692307692386
0 0.6797017045454545 0.7079134615384616 0.019715909090909086 0.02713461538461541
0 0.6671519886363636 0.6364326923076924 0.01711647727272729 0.026788461538461553
0 0.5766193181818182 0.5736442307692308 0.022500000000000044 0.0324038461538462
0 0.6117400568181819 0.5984903846153847 0.01830965909090907 0.030596153846153894
0 0.35392045454545457 0.34358653846153847 0.018210227272727263 0.02490384615384613
0 0.6223224431818182 0.5782115384615385 0.015127840909090877 0.029346153846153827
0 0.6309161931818181 0.5602115384615385 0.023309659090909127 0.028230769230769136
0 0.5225923295454545 0.49759615384615385 0.020980113636363693 0.03992307692307691
0 0.5037428977272728 0.49690384615384614 0.019360795454545447 0.033769230769230774
0 0.4884161931818182 0.5084230769230769 0.02214488636363633 0.03138461538461537
0 0.5623011363636364 0.5570288461538461 0.020994318181818142 0.02617307692307684
0 0.5694673295454545 0.531423076923077 0.01995738636363638 0.02842307692307698
0 0.6730894886363636 0.5099615384615385 0.019872159090909104 0.028115384615384625
0 0.6904474431818182 0.5106826923076924 0.017372159090909115 0.0300576923076923
0 0.705028409090909 0.5263173076923077 0.021477272727272734 0.032711538461538445
0 0.375078125 0.32591346153846157 0.027031250000000003 0.028403846153846172
0 0.7101278409090909 0.47651923076923075 0.022727272727272728 0.029076923076923087
0 0.7150568181818181 0.4482884615384616 0.0279261363636364 0.03223076923076927
0 0.4958522727272727 0.4473365384615385 0.018636363636363642 0.02690384615384617
0 0.4805255681818182 0.4866442307692308 0.02465909090909093 0.028365384615384615
0 0.3588920454545454 0.24675 0.016676136363636337 0.02615384615384617
0 0.3260795454545455 0.22824038461538462 0.022556818181818174 0.02951923076923076
0 0.34242897727272725 0.23739423076923075 0.019176136363636364 0.02848076923076921
0 0.3547443181818182 0.22098076923076923 0.018607954545454577 0.026730769230769242
0 0.3478764204545455 0.25991346153846157 0.021803977272727305 0.024173076923076908
0 0.4510582386363636 0.22612500000000002 0.01984374999999996 0.030173076923076945
0 0.5983522727272728 0.42991346153846155 0.02332386363636366 0.029942307692307678
0 0.6012357954545454 0.38357692307692304 0.02156250000000001 0.02576923076923078
0 0.5919886363636363 0.3407884615384615 0.02130681818181818 0.03073076923076921
0 0.5671235795454546 0.3524038461538462 0.020525568181818245 0.030461538461538415
0 0.6017613636363636 0.35815384615384616 0.021903409090909112 0.026999999999999986
0 0.5511434659090909 0.36688461538461536 0.02038352272727276 0.02888461538461535
0 0.7013423295454545 0.3383846153846154 0.023565340909090956 0.029576923076923067
0 0.6980752840909091 0.30067307692307693 0.02424715909090908 0.03423076923076925
0 0.6831960227272728 0.34094230769230766 0.016505681818181742 0.029576923076923067
0 0.6929119318181818 0.3173076923076923 0.016676136363636376 0.025615384615384602
0 0.6804687500000001 0.3169807692307692 0.012443181818181805 0.023576923076923113
0 0.575987215909091 0.47 0.02274147727272726 0.04030769230769232
0 0.6780823863636364 0.30085576923076923 0.01678977272727272 0.02609615384615383
0 0.7109730113636363 0.24236538461538462 0.018025568181818177 0.026807692307692303
0 0.6826988636363637 0.2587884615384615 0.023551136363636423 0.033576923076923094
0 0.710262784090909 0.27147115384615383 0.019815340909090894 0.028980769230769216
0 0.7219460227272727 0.2544423076923077 0.014630681818181753 0.023423076923076935
0 0.7303338068181818 0.2666442307692308 0.017116477272727207 0.0294807692307692
0 0.7286079545454546 0.29146153846153844 0.02059659090909099 0.022461538461538474
0 0.7215625 0.31325 0.016250000000000077 0.023461538461538495
0 0.7386789772727272 0.31288461538461537 0.019289772727272784 0.02392307692307692
0 0.7257883522727272 0.33371153846153845 0.01973011363636362 0.027423076923076904
0 0.5684943181818182 0.38794230769230775 0.024318181818181742 0.036
0 0.7833522727272727 0.24166346153846152 0.02193181818181826 0.033173076923076895
0 0.7243892045454546 0.2243269230769231 0.021761363636363627 0.0316923076923077
0 0.7441335227272726 0.1945 0.024687499999999994 0.03142307692307693
0 0.7150639204545454 0.19648076923076924 0.022485795454545432 0.02946153846153845
0 0.6982386363636364 0.22767307692307692 0.02065340909090904 0.02549999999999998
0 0.9290411931818183 0.3307019230769231 0.02140625000000007 0.034519230769230747
0 0.9798579545454544 0.37630769230769234 0.018636363636363642 0.03042307692307691
0 0.9925994318181818 0.37328846153846157 0.014801136363636306 0.02696153846153848
0 0.9722159090909092 0.39842307692307694 0.02119318181818176 0.02976923076923075
0 0.9699360795454546 0.20708653846153846 0.020355113636363695 0.0309423076923077
0 0.5979048295454544 0.40363461538461537 0.022428977272727302 0.02399999999999998
0 0.9258380681818181 0.13170192307692308 0.020795454545454527 0.02975
0 0.9570241477272727 0.15222115384615384 0.01904829545454557 0.027634615384615393
0 0.9703409090909091 0.16472115384615385 0.016136363636363494 0.028942307692307715
0 0.9194176136363637 0.11156730769230769 0.020795454545454527 0.02790384615384615
0 0.9295241477272728 0.197625 0.019247159090909027 0.028942307692307715
0 0.9825923295454544 0.15577884615384616 0.016519886363636358 0.028942307692307687
0 0.9474289772727272 0.1939326923076923 0.020568181818181843 0.026326923076923074
0 0.9710014204545455 0.041461538461538466 0.02526988636363631 0.03126923076923077
0 0.9237357954545454 0.0861923076923077 0.022755681818181953 0.032384615384615394
0 0.9470738636363637 0.035798076923076926 0.023267045454545447 0.03217307692307692
0 0.4951775568181818 0.2885673076923077 0.021974431818181775 0.027903846153846137
0 0.9183806818181818 0.045875000000000006 0.023096590909090896 0.03375000000000001
0 0.9080610795454547 0.01125 0.01862215909090911 0.0225
0 0.9246306818181819 0.020682692307692305 0.015511363636363578 0.02594230769230769
0 0.9970738636363637 0.062875 0.005852272727272734 0.031173076923076918
0 0.9913920454545455 0.09544230769230769 0.017215909090909098 0.02838461538461538
0 0.842890625 0.08557692307692308 0.02066761363636357 0.02630769230769232
0 0.8676704545454544 0.08642307692307692 0.023892045454545527 0.025961538461538463
0 0.8892116477272727 0.097375 0.02365056818181831 0.028326923076923072
0 0.8679403409090909 0.13857692307692307 0.01974431818181815 0.028653846153846165
0 0.24491477272727274 0.38114423076923076 0.019147727272727257 0.029903846153846177
0 0.5490624999999999 0.26476923076923076 0.02028409090909095 0.029000000000000026
0 0.662421875 0.12413461538461538 0.021264204545454503 0.028499999999999987
0 0.6914914772727273 0.10386538461538462 0.0234375 0.0285
0 0.22482244318181815 0.3044326923076923 0.01583806818181819 0.026980769230769232
0 0.9027059659090909 0.13196153846153846 0.016718749999999973 0.026961538461538453
0 0.6103409090909091 0.07154807692307692 0.022556818181818174 0.02909615384615385
0 0.2224147727272727 0.28494230769230766 0.021590909090909115 0.02030769230769231
0 0.4876562499999999 0.15724038461538462 0.022812500000000003 0.03028846153846154
0 0.4635369318181819 0.1356153846153846 0.02107954545454542 0.02999999999999999
0 0.4533309659090909 0.098125 0.023252840909090914 0.03205769230769231
0 0.41009232954545455 0.15409615384615383 0.022002840909090923 0.03246153846153845
0 0.5403053977272727 0.24290384615384616 0.019644886363636423 0.02569230769230772
0 0.4074786931818182 0.12503846153846154 0.020724431818181864 0.026115384615384627
0 0.4012642045454546 0.1424903846153846 0.018749999999999985 0.027826923076923075
0 0.42063920454545456 0.18630769230769229 0.020369318181818228 0.03246153846153845
0 0.4429900568181818 0.20510576923076923 0.022173295454545473 0.028057692307692315
0 0.44506392045454546 0.12076923076923077 0.032088068181818225 0.03173076923076923
0 0.07202414772727272 0.016567307692307694 0.02251420454545455 0.03313461538461539
0 0.04489346590909091 0.007067307692307692 0.02367897727272727 0.014134615384615384
0 0.04191051136363636 0.048769230769230766 0.024985795454545448 0.02676923076923077
0 0.031363636363636364 0.03131730769230769 0.023380681818181818 0.02948076923076923
0 0.4774715909090909 0.4229807692307692 0.017301136363636373 0.02988461538461537
0 0.28757812499999996 0.4303173076923077 0.022713068181818154 0.027249999999999976
0 0.5252982954545454 0.2475192307692308 0.012982954545454527 0.02526923076923077
0 0.4884019886363637 0.4172692307692308 0.015355113636363639 0.027230769230769225
0 0.5022443181818181 0.42356730769230766 0.015795454545454553 0.03044230769230766
0 0.641171875 0.6397884615384616 0.021008522727272674 0.030115384615384554
0 0.6393181818181819 0.6131153846153846 0.02102272727272729 0.02865384615384611
0 0.6560085227272727 0.6045384615384616 0.015454545454545448 0.025730769230769224
0 0.6549289772727273 0.6277596153846153 0.01576704545454549 0.026557692307692313
0 0.6678267045454546 0.6130096153846154 0.01343749999999997 0.023019230769230823
0 0.629453125 0.5996057692307691 0.01754261363636367 0.026326923076923074
0 0.6376704545454545 0.5825865384615385 0.01786931818181816 0.025865384615384592
0 0.6770738636363636 0.5992692307692308 0.019488636363636323 0.03173076923076923
0 0.5065482954545455 0.23103846153846153 0.02028409090909087 0.028346153846153865
0 0.681825284090909 0.6278942307692308 0.021065340909090968 0.03194230769230772
0 0.5012286931818182 0.09238461538461538 0.016946022727272737 0.024692307692307697
0 0.5570525568181819 0.6272692307692308 0.017940340909090902 0.032038461538461474
0 0.5878764204545455 0.7347596153846153 0.023849431818181766 0.031519230769230744
0 0.2472443181818182 0.3196057692307692 0.01931818181818185 0.02594230769230771
0 0.20626420454545452 0.3220576923076923 0.021903409090909074 0.02661538461538457
0 0.4790411931818182 0.5584230769230769 0.02262784090909092 0.033307692307692295
0 0.5476988636363637 0.5322884615384614 0.02446022727272723 0.03350000000000003
0 0.46426846590909093 0.5839807692307691 0.021065340909090888 0.025076923076923115
0 0.5268394886363637 0.6123846153846154 0.015355113636363639 0.028384615384615366
0 0.5380823863636363 0.1511346153846154 0.016420454545454547 0.0308076923076923
0 0.54671875 0.6045865384615384 0.014744318181818176 0.02224999999999999
0 0.5354829545454546 0.5979326923076922 0.013039772727272737 0.03140384615384612
0 0.5080752840909091 0.5965673076923077 0.018593750000000044 0.028442307692307732
0 0.5116832386363637 0.8210865384615385 0.021292613636363648 0.03198076923076922
0 0.5298082386363636 0.5861057692307692 0.017144886363636355 0.02321153846153845
0 0.4923508522727273 0.8197596153846154 0.01808238636363639 0.024942307692307635
0 0.5596448863636364 0.5998365384615385 0.015454545454545448 0.02451923076923077
0 0.5458735795454546 0.5812019230769231 0.01595170454545457 0.027788461538461515
0 0.229140625 0.6346538461538461 0.020099431818181787 0.028384615384615366
0 0.248125 0.6565384615384615 0.021846590909090902 0.030923076923076893
0 0.5499005681818182 0.22706730769230768 0.018636363636363642 0.027019230769230764
0 0.21843039772727268 0.6159711538461539 0.02251420454545454 0.02748076923076916
0 0.30927556818181823 0.7057307692307693 0.021534090909090906 0.02465384615384614
0 0.3100639204545455 0.7264134615384615 0.016463068181818186 0.021019230769230783
0 0.38868607954545453 0.7897692307692308 0.023735795454545506 0.03126923076923075
0 0.10968039772727273 0.6096153846153847 0.02109374999999999 0.03103846153846151
0 0.10521306818181818 0.5589326923076923 0.02028409090909089 0.028019230769230755
0 0.018664772727272728 0.5628942307692308 0.02022727272727273 0.015980769230769236
0 0.02958806818181818 0.5484807692307692 0.019857954545454547 0.03076923076923077
0 0.05338778409090909 0.577548076923077 0.015582386363636362 0.042403846153846174
0 0.12845170454545454 0.6068557692307692 0.024545454545454527 0.030480769230769273
0 0.5319673295454546 0.26738461538461544 0.01973011363636362 0.02719230769230772
0 0.03512784090909091 0.6006826923076923 0.0209375 0.03101923076923076
0 0.04153409090909091 0.572201923076923 0.024005681818181815 0.0318269230769231
0 0.05123579545454546 0.6117115384615384 0.020227272727272726 0.02980769230769231
0 0.018686079545454547 0.5779807692307692 0.025923295454545456 0.02746153846153841
0 0.3936008522727273 0.6321153846153846 0.021093749999999953 0.03415384615384614
0 0.4209090909090909 0.6844711538461539 0.02380681818181817 0.03294230769230768
0 0.44046875 0.6969134615384615 0.018210227272727263 0.028557692307692242
0 0.4475071022727273 0.6786057692307692 0.022173295454545473 0.02855769230769235
0 0.426953125 0.6321153846153847 0.020014204545454592 0.026846153846153808
0 0.5414772727272728 0.5564519230769231 0.021647727272727287 0.031519230769230744
0 0.5223508522727273 0.28815384615384615 0.021434659090909056 0.028846153846153848
0 0.4377627840909091 0.6186923076923078 0.01856534090909098 0.026846153846153808
0 0.4641832386363637 0.6632211538461539 0.020071022727272722 0.02701923076923068
0 0.37974431818181825 0.6104326923076924 0.02227272727272728 0.035557692307692325
0 0.7273508522727273 0.5439615384615385 0.014985795454545552 0.022961538461538457
0 0.7341974431818182 0.5717596153846155 0.01825284090909086 0.025596153846153852
0 0.7415269886363638 0.5338173076923076 0.02151988636363633 0.029557692307692316
0 0.6906036931818181 0.5805865384615384 0.020042613636363657 0.028249999999999997
0 0.7430752840909091 0.5986826923076924 0.018735795454545533 0.028249999999999997
0 0.5780681818181819 0.6085769230769231 0.023153409090909106 0.031538461538461605
0 0.5218607954545454 0.5964423076923077 0.017954545454545435 0.032807692307692315
0 0.5315980113636364 0.2185 0.023536931818181808 0.029384615384615387
0 0.4652556818181818 0.6031730769230769 0.02119318181818184 0.021038461538461534
0 0.558125 0.5766730769230769 0.015852272727272763 0.025961538461538463
0 0.666640625 0.7924423076923077 0.023849431818181766 0.03600000000000005
0 0.6833664772727274 0.756625 0.018920454545454535 0.036365384615384556
0 0.6638281250000001 0.8512307692307692 0.027940340909090932 0.03350000000000003
0 0.7410085227272728 0.36120192307692306 0.024914772727272837 0.031750000000000035
0 0.6720880681818181 0.19959615384615387 0.02241477272727277 0.03034615384615385
0 0.6968181818181818 0.20475961538461537 0.02071022727272733 0.023019230769230768
0 0.6684375 0.14898076923076922 0.021590909090909074 0.03680769230769231
0 0.6146946022727273 0.032346153846153844 0.020838068181818124 0.032346153846153844
0 0.41751420454545457 0.3254519230769231 0.023210227272727316 0.02975
0 0.5731392045454545 0.08446153846153846 0.02434659090909089 0.026730769230769228
0 0.5908877840909091 0.05631730769230769 0.0169744318181818 0.025596153846153845
0 0.6301278409090909 0.0205 0.019545454545454533 0.03330769230769231
0 0.6463139204545455 0.03266346153846154 0.0175994318181818 0.027326923076923075
0 0.48540482954545455 0.05790384615384615 0.01723011363636363 0.025192307692307687
0 0.5193607954545455 0.05888461538461539 0.017443181818181778 0.029615384615384613
0 0.5083451704545454 0.011278846153846155 0.018053977272727326 0.02225
0 0.46735085227272727 0.02381730769230769 0.015553977272727256 0.02340384615384615
0 0.4525071022727273 0.034942307692307696 0.02183238636363637 0.030500000000000003
0 0.4556463068181818 0.010663461538461538 0.01728693181818184 0.021326923076923077
0 0.44185369318181816 0.27666346153846155 0.0238210227272727 0.034480769230769245
0 0.600184659090909 0.008625 0.01914772727272722 0.017096153846153848
0 0.6780681818181818 0.028846153846153848 0.01568181818181821 0.0305
0 0.6934375 0.027605769230769232 0.01840909090909096 0.023903846153846154
0 0.7262855113636364 0.01579807692307692 0.023508522727272826 0.03151923076923077
0 0.7473082386363636 0.012153846153846152 0.01984375000000004 0.02423076923076923
0 0.655674715909091 0.05110576923076923 0.017826704545454562 0.029673076923076924
0 0.6573508522727273 0.01176923076923077 0.022656249999999985 0.022884615384615385
0 0.7998508522727273 0.09522115384615384 0.023934659090909124 0.03567307692307692
0 0.8598011363636363 0.20982692307692308 0.022784090909091018 0.03380769230769233
0 0.878309659090909 0.19471153846153846 0.017301136363636293 0.028461538461538483
0 0.4029403409090909 0.311 0.022386363636363624 0.03253846153846157
0 0.8625426136363636 0.18463461538461537 0.01818181818181812 0.02550000000000001
0 0.8454545454545456 0.19485576923076922 0.01642045454545463 0.02936538461538461
0 0.8276136363636365 0.19277884615384616 0.019715909090909086 0.029942307692307706
0 0.7439772727272728 0.0769423076923077 0.022443181818181755 0.03357692307692308
0 0.7805326704545453 0.07015384615384616 0.021122159090909098 0.030000000000000002
0 0.7653551136363635 0.025134615384615384 0.024005681818181787 0.03288461538461539
0 0.7038920454545454 0.12496153846153844 0.020539772727272698 0.028461538461538455
0 0.7246732954545454 0.13385576923076925 0.022670454545454518 0.028480769230769237
0 0.6978053977272727 0.08084615384615385 0.01933238636363638 0.02584615384615384
0 0.6829048295454545 0.06145192307692307 0.018849431818181793 0.040019230769230765
0 0.5063352272727273 0.3472788461538462 0.021931818181818177 0.02971153846153844
0 0.4355894886363636 0.37856730769230773 0.014161931818181777 0.02363461538461537
0 0.6621803977272727 0.07722115384615384 0.023508522727272742 0.05075
0 0.7082102272727272 0.10448076923076922 0.015284090909090896 0.025230769230769227
0 0.7159943181818181 0.12804807692307693 0.009744318181818201 0.023326923076923082
0 0.7256818181818182 0.10561538461538462 0.021022727272727207 0.033769230769230774
0 0.7464701704545454 0.11076923076923076 0.021264204545454583 0.034730769230769225
0 0.7040411931818181 0.03786538461538461 0.01703125000000001 0.03061538461538461
0 0.7494815340909091 0.05089423076923077 0.02177556818181808 0.02748076923076923
0 0.5736008522727274 0.05792307692307692 0.019616477272727275 0.028038461538461536
0 0.18198153409090911 0.2974807692307692 0.01808238636363635 0.028230769230769243
0 0.19078835227272728 0.24696153846153843 0.020241477272727272 0.02511538461538459
0 0.4840553977272727 0.34602884615384616 0.021150568181818243 0.03198076923076922
0 0.19859375 0.22394230769230766 0.019772727272727296 0.028461538461538455
0 0.21358664772727273 0.251875 0.01884943181818183 0.022788461538461556
0 0.29018465909090907 0.24507692307692308 0.0181818181818182 0.02638461538461541
0 0.29754261363636364 0.2683846153846154 0.022301136363636346 0.027346153846153843
0 0.2975213068181818 0.2243269230769231 0.027599431818181787 0.03173076923076923
0 0.3068252840909091 0.24907692307692303 0.020809659090909097 0.022538461538461535
0 0.254921875 0.2837692307692308 0.015980113636363636 0.032615384615384574
0 0.26740767045454544 0.2612403846153846 0.025184659090909115 0.03321153846153845
0 0.23981534090909087 0.272125 0.020369318181818186 0.0336346153846154
0 0.24112926136363635 0.29680769230769233 0.01904829545454545 0.02549999999999998
0 0.4684517045454546 0.40775961538461536 0.019517045454545467 0.02863461538461536
0 0.2232599431818182 0.25975 0.02691761363636366 0.033576923076923094
0 0.26813210227272727 0.28833653846153845 0.013196022727272716 0.02286538461538459
0 0.281328125 0.28923076923076924 0.016889204545454527 0.029653846153846183
0 0.29821732954545455 0.29351923076923075 0.017428977272727287 0.029653846153846183
0 0.2839701704545455 0.26027884615384617 0.01583806818181819 0.030365384615384627
0 0.42340198863636364 0.04946153846153846 0.018650568181818174 0.026576923076923085
0 0.42575284090909093 0.08889423076923075 0.015909090909090894 0.024173076923076922
0 0.3915127840909091 0.07736538461538463 0.01947443181818187 0.02746153846153845
0 0.39118607954545453 0.10614423076923077 0.02498579545454542 0.03317307692307692
0 0.410987215909091 0.10327884615384615 0.01558238636363632 0.025711538461538456
0 0.23593039772727273 0.5057692307692307 0.01589488636363636 0.028384615384615366
0 0.4169105113636364 0.07834615384615384 0.02061079545454544 0.02769230769230769
0 0.3847017045454546 0.13184615384615386 0.02531249999999999 0.029653846153846142
0 0.33472301136363636 0.14869230769230768 0.021860795454545476 0.039230769230769215
0 0.34656250000000005 0.1315576923076923 0.018863636363636364 0.025538461538461527
0 0.34851562500000005 0.16674038461538462 0.022769886363636364 0.020557692307692305
0 0.3515127840909091 0.14759615384615385 0.015866477272727296 0.021500000000000012
0 0.3680752840909091 0.11023076923076922 0.022769886363636326 0.03207692307692308
0 0.3557741477272728 0.015182692307692307 0.02328125000000002 0.030365384615384614
0 0.34529829545454543 0.033826923076923074 0.01909090909090909 0.02523076923076923
0 0.35006392045454543 0.05478846153846154 0.02166193181818182 0.029961538461538467
0 0.25723721590909093 0.5070384615384615 0.025610795454545456 0.0300384615384616
0 0.37555397727272727 0.036980769230769234 0.02375000000000004 0.02523076923076923
0 0.37568181818181823 0.07291346153846154 0.01792613636363637 0.026480769230769224
0 0.3841761363636364 0.05857692307692308 0.020482954545454568 0.022384615384615385
0 0.3858238636363636 0.023653846153846154 0.019119318181818234 0.026576923076923078
0 0.3976278409090908 0.011826923076923077 0.025113636363636373 0.023653846153846154
0 0.4000071022727273 0.03731730769230769 0.019389204545454595 0.03001923076923077
0 0.44178267045454545 0.013961538461538461 0.01583806818181815 0.027923076923076922
0 0.44087357954545453 0.05064423076923077 0.019360795454545447 0.03398076923076923
0 0.4315411931818181 0.026759615384615385 0.024048295454545465 0.023442307692307696
0 0.42897017045454544 0.008903846153846153 0.016235795454545465 0.017807692307692306
0 0.2601065340909091 0.48410576923076926 0.025156250000000012 0.02721153846153847
0 0.41262784090909094 0.028144230769230772 0.015511363636363658 0.027134615384615385
0 0.41500000000000004 0.008211538461538461 0.012954545454545462 0.016423076923076922
0 0.4367684659090909 0.07058653846153846 0.028338068181818166 0.03267307692307693
0 0.4246803977272728 0.11152884615384615 0.02055397727272723 0.028096153846153844
0 0.4898508522727273 0.07780769230769231 0.018991477272727278 0.03223076923076924
0 0.5071022727272727 0.07574038461538463 0.020738636363636397 0.026903846153846157
0 0.0054687500000000005 0.7040480769230769 0.010937500000000001 0.032519230769230814
0 0.019801136363636365 0.6980480769230769 0.021193181818181816 0.031057692307692265
0 0.035703125 0.6880961538461539 0.02140625 0.030461538461538522
0 0.014176136363636365 0.6574807692307693 0.016874999999999998 0.02430769230769228
0 0.251875 0.5285961538461539 0.019147727272727257 0.025423076923076975
0 0.030078125 0.6422596153846154 0.02140625 0.02782692307692302
0 0.017855113636363638 0.6314134615384615 0.019034090909090907 0.02548076923076923
0 0.00762784090909091 0.6384423076923077 0.01525568181818182 0.03661538461538454
0 0.03181107954545454 0.664076923076923 0.02271306818181818 0.025192307692307736
0 0.050525568181818185 0.6533846153846153 0.020340909090909087 0.029576923076923067
0 0.06285511363636363 0.6421057692307692 0.02076704545454546 0.027519230769230775
0 0.07702414772727273 0.6284903846153848 0.018394886363636367 0.030173076923076917
0 0.08232244318181818 0.6505961538461539 0.023366477272727285 0.027538461538461633
0 0.07713068181818182 0.6690480769230769 0.019034090909090907 0.02109615384615379
0 0.03397017045454545 0.7169807692307693 0.025241477272727266 0.03103846153846151
0 0.23374289772727275 0.40175000000000005 0.020553977272727272 0.029153846153846148
0 0.01127130681818182 0.7228269230769231 0.021860795454545456 0.02980769230769231
0 0.008352272727272727 0.7463846153846154 0.016704545454545455 0.051615384615384674
0 0.038991477272727275 0.7394711538461538 0.01931818181818182 0.022326923076922994
0 0.032677556818181824 0.7612596153846154 0.019048295454545453 0.028249999999999997
0 0.05096590909090908 0.7222115384615384 0.01647727272727273 0.02892307692307696
0 0.050248579545454544 0.7514615384615384 0.018394886363636367 0.03403846153846152
0 0.019098011363636366 0.7847211538461538 0.019701704545454543 0.024980769230769247
0 0.021676136363636366 0.7353942307692307 0.015681818181818182 0.025288461538461603
0 0.016448863636363633 0.7605865384615385 0.01758522727272727 0.02936538461538458
0 0.0986434659090909 0.5892980769230769 0.020042613636363636 0.03148076923076924
0 0.26266335227272725 0.37709615384615386 0.018991477272727278 0.028000000000000004
0 0.13034801136363636 0.5840673076923077 0.019446022727272725 0.018442307692307643
0 0.11551846590909091 0.5824326923076923 0.016235795454545465 0.028211538461538493
0 0.1523934659090909 0.6087499999999999 0.02504261363636363 0.030384615384615406
0 0.13285511363636363 0.6361634615384616 0.020852272727272737 0.026596153846153926
0 0.14919034090909092 0.6411826923076922 0.017840909090909095 0.028480769230769237
0 0.16462357954545456 0.6502596153846154 0.016235795454545444 0.02224999999999999
0 0.15740767045454546 0.6261153846153846 0.017428977272727266 0.031461538461538485
0 0.020980113636363637 0.8862980769230769 0.022500000000000003 0.033096153846153914
0 0.017947443181818182 0.8507115384615385 0.019900568181818182 0.028115384615384625
0 0.0735440340909091 0.9160192307692308 0.023792613636363636 0.03338461538461541
0 0.5090696022727272 0.2736538461538462 0.02316761363636364 0.03246153846153845
0 0.09063920454545454 0.8933269230769231 0.02076704545454546 0.03134615384615387
0 0.08955255681818182 0.867403846153846 0.017741477272727287 0.023423076923076935
0 0.09799005681818182 0.8526057692307693 0.024218750000000008 0.02490384615384613
0 0.115625 0.8679903846153847 0.021420454545454545 0.03398076923076926
0 0.10848011363636365 0.8974230769230769 0.01926136363636364 0.03134615384615387
0 0.12882102272727272 0.9043076923076924 0.0196875 0.029884615384615315
0 0.09030539772727274 0.9416442307692308 0.020553977272727272 0.02782692307692302
0 0.0986434659090909 0.912326923076923 0.019502840909090914 0.02638461538461533
0 0.10462357954545455 0.9540384615384616 0.02188920454545454 0.02665384615384607
0 0.12586647727272726 0.9443269230769231 0.022073863636363624 0.027653846153846143
0 0.5234588068181818 0.14269230769230767 0.021803977272727305 0.028884615384615377
0 0.20514204545454548 0.2990096153846154 0.020113636363636358 0.026749999999999993
0 0.10986505681818182 0.9344903846153845 0.019502840909090893 0.02440384615384615
0 0.12034801136363636 0.9221730769230768 0.02649147727272726 0.02665384615384607
0 0.008032670454545456 0.8414903846153846 0.01606534090909091 0.029750000000000054
0 0.009708806818181818 0.8103461538461538 0.019417613636363636 0.03353846153846153
0 0.002727272727272727 0.9090576923076924 0.005454545454545454 0.03176923076923084
0 0.2461931818181818 0.8762980769230769 0.022670454545454556 0.030980769230769256
0 0.22173295454545458 0.8835865384615386 0.024460227272727272 0.03767307692307687
0 0.24372159090909093 0.9066826923076924 0.01997159090909091 0.025519230769230843
0 0.2578622159090909 0.8966538461538461 0.01953125 0.038884615384615434
0 0.20960227272727272 0.9170576923076923 0.018494318181818157 0.02592307692307696
0 0.26566761363636365 0.4013461538461538 0.019715909090909086 0.025730769230769224
0 0.18924005681818182 0.8961826923076923 0.01964488636363634 0.02725000000000003
0 0.1915909090909091 0.9210096153846153 0.017528409090909094 0.026788461538461553
0 0.20496448863636366 0.8568942307692308 0.02188920454545454 0.028365384615384615
0 0.21381392045454542 0.8381442307692308 0.02001420454545455 0.019865384615384583
0 0.23071732954545457 0.8511153846153847 0.02333806818181815 0.02773076923076926
0 0.012776988636363635 0.958076923076923 0.01828125 0.026961538461538426
0 0.02099431818181818 0.9650288461538461 0.019914772727272725 0.031403846153846234
0 0.13362926136363637 0.9844711538461538 0.021207386363636373 0.0306730769230769
0 0.15046875 0.9672980769230769 0.022869318181818196 0.027865384615384632
0 0.16501420454545454 0.9418269230769231 0.02369318181818183 0.03715384615384625
0 0.5065482954545455 0.23103846153846153 0.02028409090909087 0.028346153846153865
0 0.019382102272727273 0.9932596153846154 0.021889204545454545 0.013480769230769213
0 0.035688920454545456 0.9968269230769231 0.012002840909090913 0.006346153846153758
0 0.1304403409090909 0.8523846153846154 0.02028409090909091 0.03365384615384615
0 0.14857244318181817 0.8340096153846154 0.024105113636363636 0.025749999999999974
0 0.144765625 0.8568461538461538 0.01700284090909091 0.02334615384615382
0 0.15364346590909092 0.8987403846153846 0.020553977272727272 0.02748076923076927
0 0.15047585227272728 0.8745288461538462 0.02436079545454546 0.025057692307692257
0 0.13855113636363636 0.8870673076923077 0.016732954545454547 0.02609615384615383
0 0.1613849431818182 0.8446634615384616 0.018764204545454535 0.04567307692307692
0 0.17583806818181819 0.8448269230769231 0.012187500000000018 0.028153846153846127
0 0.35392045454545457 0.34358653846153847 0.018210227272727263 0.02490384615384613
0 0.18927556818181818 0.8446538461538462 0.020795454545454527 0.02780769230769227
0 0.19892045454545457 0.8810576923076923 0.02536931818181816 0.030576923076923144
0 0.16009232954545458 0.9208942307692308 0.024303977272727272 0.025057692307692257
0 0.17735795454545455 0.8868942307692308 0.013181818181818183 0.023019230769230823
0 0.17761363636363636 0.9133365384615385 0.013693181818181839 0.036750000000000026
0 0.16328125000000002 0.8822403846153846 0.015767045454545447 0.019865384615384583
0 0.16916903409090908 0.9045480769230769 0.010866477272727281 0.0277115384615384
0 0.2306534090909091 0.6990000000000001 0.022414772727272728 0.025423076923076868
0 0.26639914772727274 0.7071923076923077 0.023622159090909124 0.027884615384615386
0 0.4705042613636364 0.7671346153846154 0.021178977272727308 0.0291538461538462
0 0.30958806818181817 0.5739423076923078 0.024744318181818162 0.03230769230769233
0 0.7395525568181818 0.7299807692307693 0.022968750000000104 0.035461538461538454
0 0.7123011363636365 0.7166057692307692 0.024573863636363654 0.0318269230769231
0 0.705752840909091 0.778451923076923 0.016306818181818127 0.028211538461538493
0 0.7220525568181818 0.7699423076923076 0.022173295454545473 0.03219230769230771
0 0.6771661931818183 0.7314326923076924 0.022173295454545393 0.023865384615384663
0 0.6596661931818182 0.8229423076923077 0.024048295454545465 0.028923076923076853
0 0.28906960227272727 0.8950192307692307 0.024531249999999973 0.037346153846153876
0 0.29328835227272726 0.9233076923076923 0.02299715909090909 0.03373076923076916
0 0.19360795454545457 0.9771826923076923 0.01860795454545454 0.027865384615384632
0 0.26225852272727274 0.9702403846153845 0.022244318181818178 0.03040384615384605
0 0.36722301136363633 0.5389999999999999 0.02723011363636366 0.03423076923076925
0 0.25384232954545455 0.9890576923076922 0.020639204545454547 0.021884615384615377
0 0.27098011363636365 0.9909903846153847 0.014034090909090902 0.017634615384615304
0 0.2835014204545454 0.9684807692307693 0.020639204545454547 0.033923076923076785
0 0.28811789772727275 0.992173076923077 0.021036931818181823 0.01565384615384613
0 0.2996377840909091 0.9794615384615384 0.01723011363636363 0.024961538461538386
0 0.30193892045454546 0.9551826923076923 0.019843749999999997 0.02686538461538467
0 0.31880681818181816 0.9924903846153846 0.018749999999999985 0.015019230769230665
0 0.33700994318181815 0.9918365384615384 0.01862215909090911 0.016326923076923093
0 0.21695312500000002 0.8149711538461538 0.024389204545454526 0.026480769230769304
0 0.24870738636363637 0.7785192307692307 0.017386363636363648 0.026153846153846198
0 0.3940056818181818 0.5604326923076922 0.0238636363636363 0.03398076923076926
0 0.3036292613636364 0.8292788461538462 0.015809659090909086 0.030865384615384638
0 0.31585227272727273 0.8233076923076923 0.013977272727272732 0.026692307692307682
0 0.29120738636363636 0.8106634615384616 0.023835227272727275 0.03698076923076927
0 0.3121590909090909 0.7916057692307692 0.02053977272727274 0.022788461538461584
0 0.2767258522727273 0.7971634615384615 0.023622159090909086 0.03225000000000008
0 0.2932457386363636 0.7728365384615384 0.02444602272727274 0.031519230769230744
0 0.29164772727272725 0.7464326923076923 0.022414772727272728 0.026788461538461553
0 0.2677769886363636 0.7292980769230769 0.020667613636363612 0.02324999999999995
0 0.2703977272727273 0.7476153846153846 0.018920454545454577 0.02523076923076924
0 0.2848082386363636 0.7294903846153847 0.019218750000000003 0.026019230769230826
0 0.3929403409090909 0.5972884615384616 0.019630681818181808 0.02488461538461538
0 0.31398437500000004 0.7706442307692308 0.019928977272727275 0.023865384615384663
0 0.3155184659090909 0.7479807692307693 0.019502840909090935 0.025153846153846124
0 0.30548295454545454 0.7565192307692308 0.016278409090909062 0.02726923076923078
0 0.8602201704545455 0.7446057692307693 0.018991477272727278 0.02709615384615391
0 0.3396022727272727 0.820298076923077 0.018465909090909092 0.03444230769230763
0 0.3280965909090909 0.8303557692307691 0.01909090909090909 0.03074999999999991
0 0.36806818181818185 0.8543365384615385 0.017869318181818198 0.026249999999999957
0 0.41299005681818185 0.8630384615384615 0.02098011363636361 0.03484615384615375
0 0.4256392045454545 0.8536634615384615 0.016448863636363612 0.02371153846153843
0 0.34355823863636364 0.8448749999999999 0.01884943181818183 0.030750000000000017
0 0.4468039772727273 0.598375 0.020397727272727293 0.030057692307692407
0 0.35219460227272725 0.8539615384615384 0.01578125000000002 0.02373076923076929
0 0.2534161931818182 0.8520769230769232 0.023252840909090914 0.0267692307692308
0 0.24914772727272724 0.8325480769230769 0.018437499999999985 0.028211538461538493
0 0.26517045454545457 0.8224134615384615 0.020568181818181805 0.035442307692307704
0 0.2315127840909091 0.8274903846153845 0.019502840909090893 0.02098076923076928
0 0.238984375 0.8124711538461539 0.022173295454545473 0.029288461538461572
0 0.28068892045454547 0.7627019230769231 0.017940340909090902 0.021442307692307757
0 0.005440340909090909 0.6073653846153847 0.010880681818181819 0.036115384615384674
0 0.26841619318181814 0.7823846153846153 0.022769886363636364 0.03173076923076923
0 0.24944602272727276 0.794673076923077 0.01599431818181821 0.018461538461538397
0 0.4469034090909091 0.570875 0.022727272727272728 0.026403846153846187
0 0.2579403409090909 0.8048173076923076 0.016164772727272722 0.02690384615384617
0 0.24350142045454548 0.927076923076923 0.024275568181818186 0.023038461538461574
0 0.2400497159090909 0.945173076923077 0.015156250000000022 0.020192307692307693
0 0.25446022727272727 0.9515192307692308 0.019090909090909127 0.028846153846153848
0 0.4596022727272727 0.8812211538461538 0.016874999999999994 0.02782692307692313
0 0.4850994318181818 0.8808557692307691 0.018210227272727263 0.02794230769230775
0 0.4705610795454545 0.8959423076923076 0.020468750000000036 0.03149999999999999
0 0.2665340909090909 0.9287500000000001 0.020113636363636358 0.030153846153846166
0 0.29162642045454545 0.8681249999999999 0.01450284090909092 0.019634615384615344
0 0.31943181818181815 0.9094230769230769 0.022073863636363624 0.02665384615384607
0 0.3163565340909091 0.4339711538461538 0.027485795454545447 0.031634615384615365
0 0.4111931818181818 0.5670000000000001 0.017187499999999953 0.024461538461538406
0 0.32386363636363635 0.8681249999999999 0.023153409090909106 0.02605769230769233
0 0.31521306818181816 0.9375288461538461 0.02102272727272729 0.029057692307692333
0 0.28466619318181813 0.9419711538461539 0.019928977272727275 0.02251923076923073
0 0.3334943181818182 0.954875 0.017301136363636373 0.022826923076923085
0 0.31981534090909086 0.9664326923076922 0.024090909090909104 0.03705769230769217
0 0.33174005681818186 0.9335192307692307 0.01686079545454542 0.024615384615384636
0 0.2648011363636364 0.8684519230769231 0.01659090909090906 0.02348076923076919
0 0.2792258522727273 0.8734423076923077 0.0129971590909091 0.02169230769230764
0 0.3077911931818182 0.8998653846153847 0.014701704545454579 0.037192307692307754
0 0.276015625 0.9175576923076924 0.016406250000000015 0.027653846153846143
0 0.41173295454545455 0.62175 0.023267045454545447 0.032230769230769216
0 0.31924005681818185 0.8473653846153846 0.026576704545454556 0.024000000000000035
0 0.299140625 0.8509038461538462 0.01498579545454547 0.014461538461538536
0 0.3041832386363636 0.8826923076923077 0.02021306818181817 0.025038461538461503
0 0.2721022727272727 0.8936538461538461 0.015454545454545448 0.02984615384615381
0 0.3339630681818182 0.889125 0.011676136363636362 0.025711538461538362
0 0.32098011363636364 0.8890096153846153 0.017840909090909095 0.020211538461538555
0 0.3072088068181818 0.8627211538461539 0.018167613636363624 0.02024999999999995
0 0.441640625 0.8564038461538462 0.016491477272727293 0.030461538461538415
0 0.47427556818181815 0.8674134615384615 0.02318181818181817 0.03198076923076922
0 0.40174715909090913 0.8727211538461539 0.019573863636363677 0.022442307692307612
0 0.42023437500000005 0.5800865384615385 0.021292613636363568 0.032711538461538445
0 0.4280326704545455 0.8755961538461537 0.016576704545454568 0.022230769230769235
0 0.44334517045454547 0.8789134615384615 0.014360795454545473 0.018596153846153877
0 0.4835440340909091 0.9060288461538462 0.01862215909090911 0.023557692307692307
0 0.8696306818181818 0.9277403846153847 0.020397727272727293 0.02405769230769229
0 0.8584446022727273 0.9019038461538462 0.022372159090909092 0.03207692307692309
0 0.8778480113636363 0.9074711538461538 0.017769886363636352 0.02982692307692306
0 0.9015553977272728 0.8786153846153846 0.015610795454545467 0.029538461538461565
0 0.9152272727272727 0.8894038461538462 0.01744318181818194 0.026576923076923064
0 0.902890625 0.9046249999999999 0.02098011363636361 0.028403846153846227
0 0.9477840909090909 0.90475 0.018465909090909092 0.03180769230769235
0 0.4671875 0.6264134615384616 0.024886363636363693 0.035442307692307704
0 0.8920667613636364 0.890201923076923 0.017798295454545417 0.0318269230769231
0 0.8896377840909092 0.9366634615384616 0.020980113636363772 0.03067307692307701
0 0.8997869318181819 0.9552980769230769 0.018465909090909092 0.025211538461538487
0 0.9077556818181818 0.9668942307692308 0.01963068181818189 0.028403846153846227
0 0.7869034090909092 0.830798076923077 0.015454545454545448 0.028019230769230755
0 0.81609375 0.8062980769230769 0.01920454545454543 0.03221153846153846
0 0.7316335227272727 0.9147692307692308 0.02446022727272723 0.03226923076923072
0 0.7314275568181817 0.8815096153846154 0.01990056818181809 0.026942307692307675
0 0.71484375 0.8677596153846154 0.018664772727272707 0.029750000000000054
0 0.6910085227272728 0.8806634615384616 0.019062500000000024 0.030865384615384638
0 0.4949431818181818 0.5781538461538461 0.023948863636363657 0.033923076923076896
0 0.6879971590909091 0.9210769230769231 0.02301136363636362 0.03311538461538456
0 0.6565980113636364 0.892875 0.01990056818181817 0.0294807692307692
0 0.7520454545454546 0.9115384615384615 0.01968750000000002 0.03534615384615384
0 0.8105184659090909 0.7768269230769231 0.02098011363636361 0.030846153846153884
0 0.8274147727272727 0.7359423076923077 0.01997159090909083 0.026692307692307682
0 0.76546875 0.7454807692307692 0.023039772727272766 0.036038461538461554
0 0.8113423295454545 0.9689615384615385 0.017940340909090902 0.029038461538461582
0 0.17163352272727275 0.6281538461538462 0.015823863636363636 0.026846153846153808
0 0.8395241477272727 0.039413461538461536 0.01637784090909087 0.02490384615384615
0 0.8584019886363637 0.06883653846153846 0.0140767045454545 0.021480769230769234
0 0.5159161931818181 0.5699807692307692 0.02061079545454544 0.031153846153846133
0 0.8433877840909091 0.06304807692307692 0.021150568181818322 0.025519230769230777
0 0.06881392045454546 0.5965769230769231 0.020298295454545465 0.027153846153846053
0 0.7665198863636363 0.22706730769230768 0.016392045454545402 0.023942307692307697
0 0.7547443181818181 0.4929711538461539 0.01926136363636372 0.03132692307692311
0 0.7709730113636364 0.4986826923076923 0.016661931818181843 0.0339807692307692
0 0.7861150568181817 0.4944326923076923 0.018394886363636266 0.028403846153846172
0 0.7305113636363636 0.47584615384615386 0.024005681818181867 0.028115384615384625
0 0.7192613636363636 0.4964807692307693 0.01926136363636364 0.031923076923076964
0 0.7470312499999999 0.03129807692307692 0.015255681818181831 0.014903846153846151
0 0.8331534090909091 0.3745 0.02011363636363632 0.02696153846153848
0 0.512578125 0.6245384615384615 0.01973011363636362 0.028384615384615366
0 0.8231889204545454 0.35457692307692307 0.016946022727272816 0.025961538461538463
0 0.885859375 0.524423076923077 0.020298295454545402 0.033269230769230794
0 0.9010156250000001 0.7746826923076923 0.017940340909090902 0.025211538461538487
0 0.9614559659090909 0.7292692307692308 0.02092329545454548 0.02642307692307683
0 0.9690269886363635 0.7514903846153845 0.021917613636363565 0.029096153846153838
0 0.9640696022727273 0.7931249999999999 0.022769886363636326 0.03236538461538459
0 0.9275213068181817 0.7596153846153846 0.01754261363636367 0.02699999999999993
0 0.8843181818181818 0.25964423076923077 0.016676136363636216 0.025826923076923036
0 0.890809659090909 0.2991346153846154 0.021647727272727287 0.03580769230769232
0 0.9530397727272728 0.2817403846153846 0.020142045454545385 0.02832692307692311
0 0.5379474431818182 0.6269807692307692 0.01927556818181817 0.027769230769230765
0 0.9632954545454546 0.30304807692307695 0.021903409090909032 0.032826923076923066
0 0.9094247159090908 0.3283365384615385 0.019360795454545447 0.030442307692307716
0 0.9071732954545454 0.30543269230769227 0.019545454545454533 0.02328846153846151
0 0.926044034090909 0.2952403846153846 0.014673295454545513 0.029903846153846177
0 0.69390625 0.010067307692307693 0.024431818181818166 0.020134615384615386
0 0.675078125 0.00908653846153846 0.01552556818181819 0.01817307692307692
0 0.6689133522727272 0.03525 0.013792613636363608 0.03653846153846154
0 0.7811008522727273 0.14688461538461536 0.021747159090909015 0.029846153846153838
0 0.7847230113636363 0.11888461538461538 0.022343749999999864 0.027807692307692297
0 0.7664559659090909 0.1368653846153846 0.020838068181818124 0.02534615384615386
0 0.5119247159090908 0.7545384615384616 0.01916193181818183 0.028807692307692343
0 0.8010298295454544 0.15220192307692307 0.018110795454545456 0.027403846153846154
0 0.7654758522727273 0.11201923076923077 0.017571022727272734 0.024615384615384622
0 0.7825781249999999 0.09898076923076923 0.014474431818181734 0.015230769230769233
0 0.7722514204545454 0.0941826923076923 0.020951704545454544 0.02898076923076923
0 0.803231534090909 0.13283653846153848 0.019644886363636423 0.023019230769230768
0 0.805262784090909 0.11583653846153846 0.018707386363636305 0.024480769230769226
0 0.7543892045454544 0.17480769230769233 0.02744318181818189 0.034346153846153846
0 0.7743110795454545 0.18701923076923077 0.01615056818181819 0.02315384615384614
0 0.7734659090909091 0.16564423076923074 0.018607954545454577 0.023173076923076918
0 0.7418892045454545 0.14986538461538462 0.015596590909090935 0.01907692307692308
0 0.5190696022727272 0.7764519230769231 0.01990056818181817 0.03178846153846149
0 0.7335298295454545 0.1700961538461538 0.01765625000000001 0.02442307692307693
0 0.7744957386363637 0.20952884615384615 0.018423295454545494 0.025442307692307674
0 0.8113352272727273 0.19935576923076923 0.01767045454545446 0.029519230769230787
0 0.7627485795454546 0.20113461538461538 0.014474431818181895 0.020346153846153844
0 0.846981534090909 0.151625 0.02086647727272735 0.02471153846153845
0 0.8685298295454544 0.16509615384615384 0.018338068181818136 0.024307692307692308
0 0.8492045454545455 0.17179807692307694 0.018153409090909053 0.021942307692307712
0 0.8868821022727272 0.13962499999999997 0.020042613636363657 0.03086538461538461
0 0.9011931818181819 0.05675961538461539 0.019659090909090956 0.029019230769230776
0 0.9078267045454546 0.0740673076923077 0.021079545454545337 0.024865384615384616
0 0.3220880681818182 0.45228846153846153 0.019460227272727258 0.029576923076923067
0 0.6742826704545455 0.8751826923076924 0.016235795454545465 0.026442307692307692
0 0.9264346590909092 0.0047692307692307695 0.020511363636363553 0.009538461538461539
0 0.9402201704545454 0.016596153846153844 0.017144886363636435 0.02742307692307692
0 0.8900923295454546 0.1176826923076923 0.018167613636363586 0.01609615384615384
0 0.9032883522727272 0.11065384615384616 0.013849431818181818 0.021384615384615394
0 0.90578125 0.09261538461538461 0.013125000000000013 0.019038461538461535
0 0.9696164772727273 0.007942307692307693 0.021960227272727326 0.015307692307692305
0 0.7015838068181818 0.1728076923076923 0.04461647727272731 0.043769230769230755
0 0.7420525568181818 0.25256730769230773 0.021917613636363565 0.028942307692307715
0 0.9443821022727273 0.23582692307692307 0.018536931818181755 0.022730769230769218
0 0.9476278409090909 0.2567307692307692 0.022812499999999923 0.027230769230769253
0 0.6656036931818181 0.9273365384615385 0.023622159090909086 0.02725000000000003
0 0.9226065340909092 0.222 0.01583806818181815 0.02980769230769231
0 0.9384446022727272 0.22018269230769233 0.019644886363636423 0.027442307692307686
0 0.9667116477272728 0.26209615384615387 0.01916193181818167 0.02338461538461538
0 0.9668678977272727 0.24001923076923076 0.02359375000000002 0.02507692307692309
0 0.9111505681818183 0.20201923076923078 0.017954545454545435 0.024307692307692308
0 0.8947585227272726 0.22176923076923075 0.02028409090909087 0.028346153846153837
0 0.9094460227272727 0.22604807692307693 0.013636363636363507 0.029442307692307698
0 0.9935866477272728 0.02246153846153846 0.012826704545454507 0.03373076923076923
0 0.9926278409090908 0.0033750000000000004 0.014744318181818176 0.006673076923076923
0 0.9365411931818183 0.3104807692307692 0.015525568181818111 0.020999999999999977
0 0.5075710227272728 0.8668942307692307 0.01767045454545454 0.03044230769230766
0 0.9426349431818182 0.29903846153846153 0.018849431818181793 0.025884615384615346
0 0.9369389204545455 0.2778846153846154 0.014247159090909052 0.02465384615384614
0 0.9861789772727273 0.26053846153846155 0.02113636363636363 0.03203846153846153
0 0.970390625 0.28686538461538463 0.016235795454545385 0.027615384615384587
0 0.827549715909091 0.40521153846153846 0.01754261363636367 0.02726923076923078
0 0.8431321022727274 0.4134519230769231 0.01825284090909094 0.027673076923076897
0 0.8168892045454544 0.453125 0.019715909090909086 0.026134615384615336
0 0.8762357954545453 0.44129807692307693 0.022187500000000006 0.0336346153846154
0 0.9518039772727274 0.42287499999999995 0.02306818181818183 0.03321153846153848
0 0.9258167613636364 0.43300961538461535 0.01933238636363638 0.028711538461538476
0 0.5009090909090909 0.8395288461538462 0.02301136363636362 0.02982692307692306
0 0.9058806818181818 0.5040865384615385 0.0230113636363637 0.029134615384615342
0 0.9254829545454545 0.5235576923076923 0.020880681818181722 0.03173076923076923
0 0.9435937499999999 0.5079807692307692 0.019602272727272826 0.029999999999999933
0 0.9597869318181819 0.4945673076923077 0.019176136363636364 0.025673076923076965
0 0.9781107954545455 0.4929807692307693 0.02088068181818188 0.031730769230769285
0 0.7776775568181816 0.3827788461538461 0.017258522727272695 0.028365384615384615
0 0.7750568181818182 0.3555865384615384 0.020312499999999935 0.02601923076923077
0 0.7952485795454546 0.381 0.01921874999999996 0.030153846153846166
0 0.8059517045454547 0.3981442307692308 0.024005681818181787 0.028365384615384615
0 0.7615198863636362 0.36917307692307694 0.01900568181818181 0.036653846153846155
0 0.492421875 0.8536057692307693 0.024332386363636358 0.028365384615384615
0 0.8187357954545456 0.4898846153846154 0.01690340909090906 0.025884615384615454
0 0.809268465909091 0.4763173076923077 0.020241477272727272 0.021865384615384623
0 0.8346022727272726 0.4832307692307692 0.016704545454545604 0.02715384615384611
0 0.7361079545454546 0.5037115384615385 0.01684659090909093 0.029576923076923067
0 0.9141974431818182 0.8580288461538462 0.019019886363636343 0.03894230769230769
0 0.9345809659090908 0.85925 0.02038352272727276 0.030346153846153794
0 0.9419389204545454 0.8376346153846154 0.022883522727272586 0.03126923076923075
0 0.9247230113636363 0.8738173076923077 0.0183380681818183 0.02759615384615389
0 0.8662073863636363 0.8104807692307692 0.017357954545454423 0.030807692307692272
0 0.8765198863636363 0.8001730769230769 0.018664772727272707 0.02661538461538457
0 0.37450994318181813 0.5135384615384616 0.0241335227272727 0.026192307692307702
0 0.8888068181818182 0.8209038461538462 0.020965909090909077 0.033923076923076896
0 0.9812997159090909 0.9115288461538462 0.0171732954545455 0.030211538461538533
0 0.9146803977272726 0.8113653846153845 0.017684659090908994 0.03126923076923086
0 0.9834730113636364 0.880403846153846 0.01637784090909087 0.03953846153846154
0 0.993955965909091 0.90725 0.012088068181818169 0.029115384615384588
0 0.9590980113636363 0.9378461538461539 0.02407670454545445 0.03365384615384615
0 0.9642329545454544 0.9079230769230769 0.018153409090909213 0.038461538461538464
0 0.9833735795454545 0.9447980769230768 0.024474431818181843 0.027788461538461515
0 0.975184659090909 0.9640384615384615 0.019943181818181766 0.026730769230769186
0 0.9704545454545456 0.8942884615384615 0.014801136363636306 0.02511538461538462
0 0.3732883522727273 0.6414519230769231 0.021548295454545438 0.03417307692307689
0 0.9468252840909092 0.7170288461538462 0.020951704545454544 0.029326923076923077
0 0.9628622159090909 0.6923846153846153 0.02268465909090913 0.025038461538461614
0 0.9700213068181818 0.7091057692307693 0.022542613636363642 0.03228846153846158
0 0.9868465909090909 0.7065673076923076 0.01573863636363626 0.03501923076923073
0 0.9359019886363636 0.6606249999999999 0.02109374999999987 0.027442307692307766
0 0.9214701704545455 0.6696442307692309 0.018423295454545494 0.030480769230769166
0 0.9344673295454545 0.6815576923076924 0.02109374999999987 0.019961538461538454
0 0.9504403409090909 0.6595192307692308 0.017414772727272713 0.022461538461538474
0 0.9639559659090909 0.6645096153846154 0.017002840909090947 0.027442307692307658
0 0.9321164772727273 0.7029038461538462 0.024147727272727272 0.029923076923076927
0 0.3576207386363636 0.626596153846154 0.02044034090909089 0.02723076923076928
0 0.9104119318181819 0.7149615384615384 0.014744318181818176 0.021346153846153782
0 0.9189133522727272 0.7278461538461539 0.019048295454545408 0.02549999999999998
0 0.9774644886363636 0.6704711538461539 0.01740056818181818 0.0282884615384615
0 0.7378835227272728 0.6186538461538461 0.018750000000000065 0.026923076923076925
0 0.7553835227272727 0.6438846153846155 0.019517045454545467 0.025576923076923098
0 0.7407173295454544 0.6543653846153846 0.017883522727272772 0.027769230769230765
0 0.8138494318181819 0.6402307692307692 0.01744318181818194 0.02299999999999996
0 0.8157457386363636 0.6181538461538462 0.025184659090909115 0.025269230769230742
0 0.8006960227272728 0.2519326923076923 0.01502840909090915 0.024211538461538496
0 0.8106534090909091 0.23288461538461538 0.019971590909090994 0.028461538461538455
0 0.3296164772727273 0.7071346153846154 0.02173295454545452 0.023846153846153913
0 0.7487926136363637 0.5127403846153846 0.02119318181818176 0.023442307692307797
0 0.8734730113636363 0.061836538461538464 0.022116477272727343 0.030749999999999996
0 0.7765980113636364 0.2682980769230769 0.020894886363636414 0.033634615384615346
0 0.7953693181818182 0.2709615384615384 0.01968750000000002 0.03730769230769232
0 0.8432812500000001 0.39006730769230763 0.021761363636363707 0.025326923076923052
0 0.9927201704545454 0.3361730769230769 0.013849431818181818 0.03638461538461542
0 0.9905397727272726 0.3018365384615384 0.018920454545454615 0.03601923076923075
0 0.9878693181818182 0.2879615384615385 0.021335227272727245 0.033769230769230774
0 0.9625710227272727 0.18757692307692309 0.016022727272727234 0.021692307692307695
0 0.9599786931818183 0.22220192307692307 0.015553977272727176 0.01948076923076922
0 0.3446875 0.6901346153846154 0.018551136363636367 0.026384615384615437
0 0.7881036931818183 0.2947403846153846 0.022116477272727343 0.03321153846153848
0 0.9523934659090909 0.21009615384615385 0.016235795454545544 0.02515384615384618
0 0.8181818181818182 0.5766346153846155 0.021079545454545337 0.03007692307692316
0 0.9550994318181818 0.17299038461538463 0.01840909090909096 0.022749999999999996
0 0.8047940340909091 0.542701923076923 0.016519886363636358 0.022365384615384606
0 0.8177556818181819 0.5498365384615383 0.019090909090909006 0.025057692307692364
0 0.9687713068181818 0.4356057692307692 0.01927556818181809 0.030826923076923078
0 0.9913920454545455 0.44389423076923074 0.017215909090909098 0.029250000000000016
0 0.9911008522727273 0.4711634615384615 0.017798295454545417 0.026865384615384614
0 0.992265625 0.5069230769230769 0.01546874999999998 0.039115384615384566
0 0.3737926136363636 0.48479807692307686 0.025085227272727308 0.03074999999999996
0 0.3572443181818182 0.6883653846153847 0.014431818181818178 0.029923076923076927
0 0.9948934659090909 0.547826923076923 0.010213068181818259 0.02450000000000002
0 0.9819034090909091 0.42057692307692307 0.018096590909090923 0.02607692307692308
0 0.9915340909090908 0.39429807692307695 0.016931818181818124 0.028057692307692315
0 0.9946022727272728 0.4197884615384615 0.010795454545454579 0.02607692307692308
0 0.9515980113636363 0.5275288461538461 0.01862215909090911 0.026211538461538453
0 0.9833948863636363 0.5953557692307693 0.025965909090909213 0.03228846153846158
0 0.9612428977272726 0.5990673076923076 0.026803977272727278 0.02428846153846153
0 0.9672514204545454 0.6247788461538462 0.014360795454545473 0.03513461538461535
0 0.97453125 0.6445 0.01963068181818189 0.029423076923076944
0 0.9808664772727272 0.6192115384615384 0.01963068181818189 0.025153846153846124
0 0.37167613636363633 0.6881057692307693 0.016676136363636337 0.030442307692307772
0 0.9912215909090908 0.6366442307692307 0.0175568181818182 0.02971153846153844
0 0.9630255681818182 0.5373461538461538 0.017727272727272755 0.034000000000000016
0 0.9491974431818182 0.551923076923077 0.019446022727272805 0.024692307692307753
0 0.8930965909090909 0.5984711538461538 0.020852272727272816 0.02721153846153842
0 0.9309943181818183 0.5562884615384615 0.022897727272727278 0.028230769230769243
0 0.8828764204545455 0.6155576923076924 0.01967329545454549 0.02723076923076928
0 0.8740056818181817 0.5968076923076924 0.018380681818181734 0.022538461538461483
0 0.8664417613636364 0.6173076923076923 0.017088068181818142 0.030730769230769266
0 0.8564133522727272 0.7875096153846154 0.02203124999999999 0.030250000000000034
0 0.8369460227272728 0.9350769230769231 0.02136363636363631 0.03657692307692304
0 0.3461931818181818 0.666923076923077 0.021164772727272695 0.022576923076923095
0 0.81359375 0.8642403846153845 0.023465909090909065 0.02867307692307697
0 0.7928196022727273 0.8713461538461539 0.01808238636363639 0.02726923076923078
0 0.8206747159090909 0.8866730769230771 0.01916193181818183 0.030384615384615406
0 0.7253977272727273 0.6441634615384616 0.018522727272727302 0.027788461538461515
0 0.747784090909091 0.6811923076923078 0.020198863636363515 0.03669230769230766
0 0.8487784090909091 0.5927596153846154 0.0300852272727272 0.023788461538461547
0 0.825859375 0.21974038461538462 0.0214630681818182 0.029557692307692316
0 0.7969744318181817 0.3562115384615385 0.016193181818181787 0.01961538461538465
0 0.8106036931818181 0.34799038461538456 0.016178977272727255 0.02105769230769234
0 0.7844034090909091 0.343375 0.018323863636363603 0.02394230769230767
0 0.3529332386363636 0.654125 0.023423295454545426 0.025365384615384613
0 0.7966548295454546 0.3331346153846154 0.01342329545454552 0.028269230769230803
0 0.669296875 0.9550384615384615 0.020127840909090852 0.03076923076923077
0 0.6922301136363637 0.9443461538461538 0.01926136363636364 0.026346153846153932
0 0.6847585227272727 0.9666153846153845 0.016874999999999994 0.028115384615384625
0 0.6983948863636363 0.9704134615384615 0.019034090909090876 0.025173076923076985
0 0.70671875 0.9499038461538462 0.011903409090909166 0.02284615384615384
0 0.7330042613636363 0.9458076923076923 0.021207386363636373 0.03103846153846151
0 0.7383025568181819 0.8556057692307691 0.0214630681818182 0.03409615384615377
0 0.7028196022727272 0.8514615384615385 0.02188920454545458 0.03646153846153853
0 0.7148366477272727 0.7444038461538462 0.018707386363636305 0.025884615384615346
0 0.3424431818181818 0.7246442307692308 0.020056818181818148 0.030442307692307772
0 0.6670312500000001 0.7134999999999999 0.011448863636363639 0.031538461538461605
0 0.7472727272727273 0.7558653846153847 0.018437500000000027 0.02569230769230772
0 0.7298153409090908 0.7446250000000001 0.01417613636363631 0.027326923076923037
0 0.9896946022727273 0.1395576923076923 0.020213068181818207 0.02426923076923075
0 0.9930681818181818 0.16310576923076922 0.01386363636363635 0.036019230769230776
0 0.8949005681818182 0.4582692307692308 0.016306818181818207 0.025615384615384658
0 0.9110511363636363 0.4562884615384615 0.01775568181818182 0.03507692307692304
0 0.9293963068181817 0.45404807692307697 0.020582386363636376 0.024480769230769212
0 0.911299715909091 0.4219615384615385 0.01933238636363638 0.025615384615384658
0 0.899247159090909 0.42519230769230776 0.015170454545454475 0.029269230769230766
0 0.32464488636363636 0.7302211538461539 0.017812499999999988 0.025365384615384613
0 0.832734375 0.7119423076923077 0.01927556818181809 0.029192307692307705
0 0.8514630681818183 0.9862019230769231 0.022926136363636343 0.02759615384615389
0 0.8762144886363636 0.9886826923076923 0.02231534090909096 0.02263461538461535
0 0.7884446022727274 0.9529134615384615 0.0202698863636365 0.029211538461538455
0 0.7812997159090909 0.9291634615384615 0.02728693181818187 0.031673076923076866
0 0.7373721590909091 0.9902115384615386 0.020539772727272778 0.01934615384615396
0 0.7588139204545453 0.9472884615384616 0.01819602272727281 0.025692307692307608
0 0.7628480113636363 0.968576923076923 0.02521306818181818 0.0232307692307692
0 0.74140625 0.9705096153846154 0.018721590909090837 0.02286538461538459
0 0.7238565340909091 0.9710384615384615 0.01637784090909095 0.026730769230769186
0 0.479296875 0.6752884615384614 0.02220170454545454 0.033384615384615304
0 0.7832528409090909 0.9907403846153847 0.019232954545454494 0.018288461538461632
0 0.7490909090909091 0.9534423076923078 0.017443181818181778 0.033192307692307674
0 0.7950355113636363 0.9715384615384615 0.01615056818181819 0.027153846153846164
0 0.8192684659090911 0.9872788461538461 0.020411931818181826 0.025442307692307726
0 0.7991264204545455 0.9971826923076925 0.012059659090909104 0.005519230769230778
0 0.9925923295454546 0.120375 0.014815340909090839 0.024173076923076908
0 0.8743323863636363 0.6350192307692308 0.018607954545454577 0.021076923076923038
0 0.7206178977272728 0.690701923076923 0.021377840909090926 0.029634615384615433
0 0.7387713068181818 0.6947115384615384 0.015980113636363636 0.02580769230769223
0 0.7251207386363636 0.6715192307692308 0.02473011363636375 0.03103846153846151
0 0.4767613636363636 0.7425961538461539 0.019772727272727296 0.03146153846153838
0 0.6980539772727273 0.7334807692307692 0.022500000000000044 0.047769230769230724
0 0.8656818181818182 0.6599134615384615 0.01514204545454541 0.029865384615384672
0 0.8559019886363636 0.044528846153846155 0.018821022727272728 0.03221153846153846
0 0.7972798295454546 0.8476826923076923 0.02322443181818185 0.023596153846153812
0 0.7697372159090908 0.8774326923076923 0.02166193181818182 0.035596153846153826
0 0.7510227272727273 0.8009038461538462 0.01968750000000002 0.025153846153846124
0 0.6950781250000001 0.7995961538461538 0.01748579545454546 0.02100000000000003
0 0.7634943181818182 0.8508076923076923 0.0230113636363637 0.024384615384615397
0 0.8406889204545455 0.8619326923076923 0.016292613636363674 0.021634615384615384
0 0.8152769886363636 0.7561057692307691 0.015553977272727176 0.02371153846153843
0 0.3702059659090909 0.1600769230769231 0.02782670454545455 0.029461538461538476
0 0.8537144886363636 0.7245192307692307 0.01839488636363643 0.022230769230769127
0 0.8687144886363637 0.7687019230769231 0.019928977272727397 0.028173076923076988
0 0.8786789772727274 0.7457307692307692 0.021022727272727207 0.022538461538461483
0 0.8862357954545454 0.775673076923077 0.017727272727272755 0.04092307692307698
0 0.9515980113636363 0.8133173076923076 0.02279829545454555 0.025634615384615353
0 0.9721803977272727 0.8198557692307692 0.017968749999999967 0.02405769230769229
0 0.989950284090909 0.8248173076923077 0.019502840909090935 0.03190384615384611
0 0.9960866477272727 0.7871538461538461 0.007826704545454533 0.03661538461538454
0 0.9944815340909091 0.8652596153846154 0.011036931818181793 0.047596153846153844
0 0.7732954545454547 0.8368942307692308 0.02329545454545451 0.03190384615384621
0 0.08999289772727273 0.5017307692307692 0.02387784090909091 0.03073076923076921
0 0.9894673295454546 0.6604711538461538 0.01450284090909096 0.030211538461538533
0 0.9968323863636364 0.7142307692307692 0.006335227272727325 0.03176923076923084
0 0.9945880681818182 0.6839230769230769 0.010823863636363644 0.031192307692307745
0 0.8854971590909092 0.4744903846153846 0.021846590909090902 0.03698076923076927
0 0.8698224431818182 0.4669134615384616 0.015809659090909086 0.0303653846153846
0 0.8957457386363636 0.4375480769230769 0.016633522727272778 0.023365384615384625
0 0.8667826704545455 0.5862115384615384 0.015269886363636364 0.017807692307692292
0 0.6499431818181818 0.9350192307692308 0.016164772727272722 0.023076923076923078
0 0.6575994318181818 0.9487403846153847 0.01423295454545452 0.03709615384615388
0 0.7169105113636364 0.9274230769230769 0.024161931818181884 0.025999999999999964
0 0.2843039772727272 0.4057211538461538 0.020198863636363636 0.030173076923076917
0 0.08102272727272727 0.5231730769230769 0.02252840909090909 0.030500000000000027
0 0.718309659090909 0.9516538461538462 0.01272727272727278 0.023653846153846175
0 0.8672159090909091 0.9709807692307691 0.020539772727272778 0.02665384615384607
0 0.9230539772727272 0.9654711538461538 0.02011363636363632 0.030711538461538405
0 0.8845525568181819 0.9633269230769231 0.017684659090909157 0.024230769230769274
0 0.8391335227272727 0.9649423076923077 0.016363636363636337 0.02630769230769232
0 0.8264701704545455 0.956673076923077 0.017258522727272695 0.02688461538461531
0 0.835752840909091 0.9863942307692307 0.015284090909090896 0.02721153846153842
0 0.8529971590909091 0.9631826923076924 0.01397727272727261 0.02217307692307698
0 0.8543110795454545 0.9271153846153847 0.014843749999999904 0.02100000000000003
0 0.8717755681818182 0.9489903846153847 0.016164772727272722 0.02040384615384607
0 0.05317471590909091 0.45146153846153847 0.022769886363636364 0.03250000000000001
0 0.7704900568181817 0.9058846153846154 0.027968749999999917 0.03830769230769223
0 0.7947940340909092 0.9092692307692308 0.019985795454545527 0.03426923076923075
0 0.7543394886363637 0.9897980769230768 0.01765624999999993 0.02040384615384618
0 0.7770454545454545 0.9817596153846153 0.017159090909090968 0.018173076923076903
0 0.8074431818181819 0.9262211538461538 0.019659090909090956 0.02440384615384615
0 0.8122585227272728 0.9445192307692307 0.01985795454545457 0.022730769230769218
0 0.768955965909091 0.9942884615384615 0.011065340909090858 0.011423076923077029
0 0.8553409090909092 0.9478653846153846 0.020028409090909124 0.023576923076923058
0 0.8491051136363637 0.8789230769230769 0.0191477272727273 0.022384615384615357
0 0.8049431818181819 0.8877019230769231 0.018323863636363603 0.034365384615384624
0 0.03884232954545455 0.4634903846153846 0.021803977272727273 0.027673076923076953
0 0.8387997159090911 0.8892211538461539 0.017201704545454565 0.023865384615384663
0 0.820127840909091 0.9150769230769231 0.025170454545454583 0.02726923076923078
0 0.8544034090909091 0.859548076923077 0.016420454545454467 0.018365384615384638
0 0.8427769886363637 0.9129519230769231 0.01401988636363637 0.024173076923076908
0 0.835127840909091 0.9074903846153846 0.018693181818181772 0.021865384615384623
0 0.8217400568181819 0.9346538461538462 0.01007102272727261 0.01730769230769231
0 0.9664275568181818 0.9938557692307693 0.027571022727272843 0.012288461538461512
0 0.9940482954545454 0.9914807692307691 0.011903409090909084 0.01700000000000006
0 0.9971306818181819 0.95375 0.005738636363636312 0.033423076923076916
0 0.9921732954545455 0.9716442307692308 0.015653409090909065 0.03221153846153846
0 0.032237215909090906 0.48006730769230765 0.01910511363636364 0.027365384615384597
0 0.981044034090909 0.9867211538461539 0.015866477272727216 0.026557692307692313
0 0.6966477272727273 0.769625 0.01502840909090915 0.03651923076923079
0 0.06721590909090909 0.5729519230769231 0.018068181818181817 0.022788461538461584
0 0.8724005681818183 0.4989230769230769 0.01994318181818193 0.028384615384615366
0 0.0969815340909091 0.6369134615384615 0.022713068181818175 0.033096153846153914
0 0.09324573863636364 0.5663557692307692 0.013792613636363638 0.024173076923076908
0 0.005340909090909091 0.4929807692307693 0.010681818181818181 0.027961538461538447
0 0.014609375 0.47479807692307696 0.02231534090909091 0.0324423076923077
0 0.022890625 0.3435673076923077 0.02634943181818182 0.0348269230769231
0 0.043600852272727274 0.32643269230769234 0.021747159090909095 0.02605769230769233
0 0.060752840909090916 0.33096153846153853 0.020085227272727272 0.03226923076923077
0 0.08181107954545454 0.5781634615384615 0.018735795454545453 0.028519230769230738
0 0.27189630681818183 0.4117211538461538 0.01643465909090908 0.025788461538461586
0 0.06204545454545454 0.5277884615384616 0.02107954545454546 0.028961538461538466
0 0.04817471590909091 0.5453076923076923 0.018139204545454538 0.030423076923077018
0 0.06584517045454547 0.5523461538461539 0.02092329545454545 0.024346153846153896
0 0.5297585227272728 0.4502307692307692 0.020624999999999973 0.030615384615384645
0 0.5121235795454545 0.4511153846153846 0.015355113636363639 0.025500000000000037
0 0.5186931818181818 0.43138461538461537 0.01900568181818181 0.03065384615384615
0 0.6130255681818182 0.6322307692307693 0.02204545454545452 0.026153846153846198
0 0.6178125 0.6744038461538462 0.020454545454545423 0.029653846153846076
0 0.6092897727272727 0.7005480769230769 0.02028409090909087 0.02878846153846148
0 0.6373650568181819 0.7238461538461538 0.018338068181818216 0.03142307692307687
