0 0.26747159090909095 0.3241346153846154 0.05394886363636362 0.055615384615384594
0 0.30600852272727275 0.7014999999999999 0.0334943181818182 0.03526923076923072
0 0.4296448863636364 0.6275096153846154 0.029517045454545497 0.03774999999999999
0 0.3351491477272727 0.6042019230769231 0.0635369318181818 0.06882692307692301
0 0.3607102272727273 0.7818846153846155 0.027954545454545423 0.042423076923076924
0 0.3390127840909091 0.7991730769230769 0.017343750000000012 0.02088461538461541
0 0.34938210227272726 0.7678461538461538 0.025553977272727287 0.044384615384615356
0 0.8942968750000001 0.6509807692307692 0.04921874999999997 0.061730769230769277
0 0.3223792613636363 0.7789423076923077 0.026519886363636346 0.03784615384615386
0 0.28790482954545454 0.6614615384615385 0.039531249999999976 0.0678846153846154
0 0.29706676136363636 0.7326057692307693 0.028934659090909098 0.03655769230769229
0 0.27175426136363634 0.6950673076923077 0.037116477272727266 0.06201923076923077
0 0.3219602272727273 0.36318269230769235 0.04306818181818181 0.07701923076923074
0 0.2674147727272727 0.745 0.03713068181818184 0.048307692307692315
0 0.3010440340909091 0.9878749999999998 0.0558948863636364 0.024250000000000025
0 0.29296875 0.7730673076923077 0.03423295454545458 0.05090384615384621
0 0.28200994318181816 0.8055192307692308 0.045355113636363645 0.0773076923076924
0 0.3190625 0.8175769230769231 0.034431818181818195 0.05538461538461541
0 0.34943892045454544 0.8252403846153846 0.04009943181818185 0.07621153846153846
0 0.3131889204545455 0.858423076923077 0.06075284090909092 0.06469230769230766
0 0.509609375 0.9831538461538462 0.019446022727272725 0.029076923076922976
0 0.02051846590909091 0.9318942307692308 0.04103693181818182 0.06798076923076916
0 0.10240056818181818 0.9653942307692308 0.03360795454545455 0.06921153846153848
0 0.12285511363636364 0.005615384615384615 0.026136363636363624 0.01123076923076923
0 0.1224431818181818 0.9461442307692308 0.04454545454545455 0.10748076923076931
0 0.15889204545454547 0.9686250000000001 0.050227272727272704 0.06251923076923085
0 0.2613494318181818 0.9640288461538461 0.02835227272727274 0.07194230769230774
0 0.5023224431818182 0.9908942307692308 0.024303977272727293 0.018211538461538515
0 0.4199005681818182 0.9195576923076922 0.035227272727272746 0.05207692307692305
0 0.568125 0.9009134615384616 0.14295454545454545 0.11898076923076924
0 0.5136576704545455 0.9384615384615385 0.02268465909090913 0.05373076923076934
0 0.5630681818181817 0.9584807692307692 0.0826136363636364 0.04442307692307686
0 0.5541548295454546 0.9755384615384615 0.08424715909090902 0.048923076923076916
0 0.5041406249999999 0.9464230769230769 0.01498579545454547 0.04550000000000005
0 0.10671164772727272 0.016086538461538458 0.01845170454545456 0.02913461538461538
0 0.49664772727272727 0.9716442307692308 0.012954545454545462 0.02686538461538467
0 0.47113636363636363 0.9083076923076923 0.06397727272727267 0.10746153846153846
0 0.48166193181818184 0.9788269230769231 0.020255681818181884 0.04234615384615381
0 0.45007812500000005 0.9681346153846154 0.05589488636363631 0.0637307692307692
0 0.5695454545454546 0.6983269230769231 0.039687499999999994 0.08773076923076924
0 0.52296875 0.6931057692307692 0.052642045454545455 0.06963461538461535
0 0.5497017045454545 0.7073653846153847 0.030767045454545408 0.04550000000000005
0 0.5450426136363636 0.7419134615384615 0.03119318181818179 0.0520961538461538
0 0.5215482954545454 0.7547884615384616 0.05710227272727271 0.11184615384615379
0 0.5719744318181817 0.7723365384615385 0.04375000000000002 0.06140384615384617
0 0.09415482954545454 0.032394230769230765 0.021008522727272737 0.027057692307692303
0 0.4694389204545455 0.5472692307692308 0.03080965909090909 0.08611538461538468
0 0.9595028409090909 0.798298076923077 0.04360795454545461 0.05090384615384621
0 0.5008380681818182 0.5139519230769231 0.05039772727272722 0.06498076923076916
0 0.5000355113636363 0.46601923076923074 0.021605113636363606 0.06119230769230773
0 0.5240482954545455 0.4828076923076923 0.0336079545454545 0.08176923076923073
0 0.5416477272727273 0.4151057692307692 0.053607954545454556 0.0568653846153846
0 0.5614488636363636 0.4386634615384616 0.05079545454545453 0.04767307692307691
0 0.5652485795454546 0.4879519230769231 0.052798295454545396 0.06717307692307688
0 0.5934517045454545 0.44895192307692305 0.043607954545454526 0.03682692307692309
0 0.6032528409090909 0.4787403846153846 0.03440340909090913 0.056326923076923004
0 0.09159801136363636 0.011923076923076923 0.03228693181818181 0.023576923076923075
0 0.6216548295454545 0.43514423076923076 0.026406249999999964 0.028711538461538476
0 0.5960582386363636 0.40426923076923077 0.061605113636363645 0.05796153846153843
0 0.5816477272727273 0.3579711538461538 0.03920454545454541 0.06390384615384613
0 0.5924502840909092 0.33874038461538464 0.03680397727272731 0.04928846153846153
0 0.6466548295454545 0.443 0.03160511363636364 0.033576923076923094
0 0.62765625 0.469 0.023210227272727316 0.0476538461538461
0 0.6520667613636363 0.38369230769230767 0.05120738636363638 0.09261538461538461
0 0.6888707386363637 0.417 0.05680397727272721 0.06823076923076926
0 0.6782599431818181 0.45139423076923074 0.036406249999999994 0.028711538461538476
0 0.7634801136363637 0.8107596153846154 0.05960227272727278 0.07040384615384607
0 0.09064630681818181 0.06301923076923076 0.026832386363636374 0.03976923076923077
0 0.7656818181818181 0.825923076923077 0.0351988636363636 0.06823076923076926
0 0.7952840909090909 0.8291730769230768 0.03360795454545466 0.078
0 0.7312713068181819 0.9534711538461538 0.036803977272727224 0.06444230769230756
0 0.7096732954545455 0.9499519230769231 0.024005681818181787 0.054173076923076956
0 0.7226775568181818 0.9803942307692308 0.046803977272727254 0.03921153846153844
0 0.9441051136363637 0.8741249999999999 0.05201704545454546 0.0509038461538461
0 0.9083025568181817 0.9865192307692308 0.04200284090909098 0.02653846153846156
0 0.8436860795454545 0.9429134615384616 0.0704119318181819 0.06390384615384619
0 0.6464559659090909 0.4746923076923077 0.027201704545454595 0.05903846153846152
0 0.6742684659090908 0.4749615384615385 0.037201704545454545 0.039
0 0.058252840909090914 0.014701923076923076 0.03696022727272728 0.028096153846153844
0 0.7062642045454546 0.4643942307692308 0.03880681818181817 0.05471153846153849
0 0.7152769886363637 0.48822115384615383 0.03600852272727276 0.04386538461538456
0 0.6788636363636363 0.5063653846153846 0.0488068181818182 0.037923076923076976
0 0.760078125 0.5835576923076923 0.048821022727272734 0.07311538461538458
0 0.7558735795454545 0.5337211538461538 0.056406250000000054 0.06336538461538459
0 0.7236718750000001 0.5356153846153846 0.03200284090909095 0.08992307692307691
0 0.8292897727272727 0.5413076923076924 0.03999999999999995 0.054692307692307686
0 0.9054971590909091 0.5234326923076923 0.018806818181818195 0.025442307692307726
0 0.9263068181818181 0.4968942307692307 0.058806818181818314 0.08286538461538462
0 0.954502840909091 0.51775 0.03840909090909086 0.053076923076923015
0 0.06761363636363636 0.029432692307692306 0.03443181818181818 0.04113461538461539
0 0.9417045454545455 0.534798076923077 0.028011363636363674 0.036288461538461436
0 0.9315056818181818 0.5710961538461539 0.048409090909090964 0.06119230769230768
0 0.9567045454545454 0.6344615384615385 0.04761363636363634 0.06876923076923075
0 0.929502840909091 0.645298076923077 0.029204545454545375 0.062288461538461515
0 0.9457031250000001 0.6951250000000001 0.05200284090909093 0.06013461538461546
0 0.8947017045454545 0.7013557692307693 0.05960227272727278 0.054173076923076956
0 0.9567045454545454 0.750375 0.045198863636363544 0.06986538461538469
0 0.9948579545454546 0.7503653846153846 0.010284090909090922 0.08069230769230776
0 0.983515625 0.7357403846153846 0.02600852272727265 0.04278846153846154
0 0.9849147727272727 0.7828653846153846 0.024801136363636414 0.04926923076923078
0 0.0759659090909091 0.08906730769230768 0.057215909090909095 0.1069423076923077
0 0.8338849431818183 0.7530769230769231 0.02759943181818175 0.04388461538461537
0 0.33249999999999996 0.14786538461538462 0.043579545454545426 0.04003846153846152
0 0.11672585227272726 0.12333653846153847 0.04353693181818183 0.0630576923076923
0 0.4475923295454546 0.047605769230769236 0.05012784090909094 0.07059615384615385
0 0.3559588068181818 0.042798076923076925 0.02177556818181816 0.07471153846153847
0 0.3794957386363636 0.029778846153846152 0.035440340909090894 0.058249999999999996
0 0.3916477272727273 0.07399038461538462 0.02531249999999999 0.03701923076923077
0 0.41012784090909093 0.04931730769230769 0.03088068181818183 0.0630576923076923
0 0.6983451704545455 0.08534615384615384 0.04643465909090909 0.05284615384615384
0 0.4445596590909091 0.0959326923076923 0.04607954545454545 0.04798076923076924
0 0.44328835227272734 0.1435673076923077 0.046576704545454574 0.05140384615384615
0 0.3574786931818182 0.1586442307692308 0.0501278409090909 0.05551923076923078
0 0.3326917613636364 0.12073076923076924 0.029190340909090926 0.03319230769230769
0 0.3992471590909091 0.1583076923076923 0.048607954545454586 0.0575769230769231
0 0.44531960227272727 0.22341346153846153 0.019247159090909027 0.028788461538461537
0 0.3946875 0.2408942307692308 0.04051136363636361 0.06648076923076925
0 0.4260795454545455 0.22753846153846152 0.03139204545454541 0.049346153846153866
0 0.05571732954545454 0.45613461538461536 0.07038352272727272 0.14599999999999996
0 0.24380681818181815 0.253923076923077 0.03340909090909092 0.04319230769230771
0 0.23267045454545457 0.2638653846153846 0.057727272727272745 0.085
0 0.2827840909090909 0.4360961538461538 0.03275568181818182 0.05584615384615383
0 0.32531249999999995 0.43062500000000004 0.059971590909090905 0.06678846153846152
0 0.2528267045454546 0.3553365384615384 0.02749999999999998 0.04932692307692309
0 0.10501420454545456 0.09016346153846155 0.022187499999999985 0.03848076923076923
0 0.255859375 0.4261923076923077 0.03143465909090908 0.05561538461538464
0 0.238359375 0.3751538461538461 0.025724431818181837 0.05126923076923076
0 0.21727982954545452 0.3797596153846154 0.037855113636363645 0.044980769230769206
0 0.22335227272727273 0.42667307692307693 0.03928977272727272 0.05657692307692311
0 0.2015625 0.4179615384615385 0.05644886363636365 0.054653846153846185
0 0.7628267045454545 0.023442307692307693 0.038039772727272686 0.046884615384615386
0 0.7497301136363635 0.057249999999999995 0.023721590909090814 0.04215384615384615
0 0.770234375 0.06996153846153845 0.031122159090909207 0.048846153846153845
0 0.7413352272727273 0.09170192307692308 0.045454545454545456 0.04817307692307693
0 0.6777769886363636 0.03408653846153847 0.02509943181818184 0.03067307692307692
0 0.11318892045454546 0.04642307692307692 0.02140624999999999 0.043730769230769226
0 0.6657528409090909 0.013384615384615384 0.019176136363636364 0.026769230769230767
0 0.650234375 0.01951923076923077 0.025809659090909112 0.03903846153846154
0 0.6385582386363636 0.031259615384615386 0.022656249999999985 0.036326923076923076
0 0.6624360795454546 0.05957692307692307 0.03205965909090908 0.057115384615384616
0 0.6402982954545454 0.06807692307692308 0.03173295454545451 0.040115384615384615
0 0.6165909090909092 0.08058653846153846 0.034517045454545474 0.04436538461538461
0 0.6289701704545455 0.007961538461538461 0.02649147727272724 0.015923076923076922
0 0.6141548295454545 0.05344230769230769 0.041491477272727326 0.03726923076923076
0 0.6068323863636365 0.02583653846153846 0.04147727272727271 0.04813461538461538
0 0.5385085227272728 0.10395192307692307 0.05542613636363634 0.06182692307692307
0 0.3219886363636364 0.04326923076923076 0.05059659090909092 0.07957692307692307
0 0.5550639204545454 0.14147115384615383 0.058565340909090935 0.07551923076923077
0 0.5995099431818182 0.13627884615384617 0.0456676136363636 0.08590384615384616
0 0.5733664772727273 0.1947980769230769 0.051249999999999976 0.05759615384615385
0 0.6113636363636363 0.21273076923076925 0.050539772727272704 0.07173076923076925
0 0.6392542613636363 0.17237499999999997 0.05751420454545448 0.08448076923076922
0 0.8466761363636363 0.03786538461538462 0.04985795454545458 0.05334615384615385
0 0.9911718749999999 0.14900961538461538 0.017428977272727245 0.08778846153846155
0 0.9892542613636363 0.31726923076923075 0.021264204545454423 0.06465384615384616
0 0.8285511363636363 0.09450961538461537 0.024062499999999917 0.06182692307692307
0 0.82140625 0.1409903846153846 0.01812499999999999 0.046250000000000006
0 0.3599431818181818 0.1225673076923077 0.02840909090909087 0.02951923076923076
0 0.8147798295454546 0.10866346153846153 0.02231534090909096 0.033519230769230766
0 0.802578125 0.12919230769230772 0.02231534090909096 0.04153846153846154
0 0.811122159090909 0.1759230769230769 0.03380681818181812 0.05380769230769231
0 0.8346519886363637 0.22665384615384615 0.039730113636363674 0.05523076923076923
0 0.822450284090909 0.2556826923076923 0.04600852272727287 0.05663461538461539
0 0.8409303977272728 0.2948557692307692 0.04811079545454546 0.07363461538461537
0 0.8104190340909092 0.4034134615384615 0.030752840909090876 0.06078846153846156
0 0.8082244318181818 0.4423942307692308 0.02440340909090918 0.02774999999999996
0 0.8355539772727273 0.4338076923076923 0.029289772727272734 0.033038461538461496
0 0.8519105113636364 0.40968269230769233 0.03075284090909104 0.031057692307692317
0 0.8896661931818183 0.9652692307692308 0.0640482954545455 0.05319230769230763
0 0.8314062499999999 0.398125 0.029772727272727163 0.039634615384615414
0 0.7467329545454546 0.29273076923076924 0.06247159090909102 0.07996153846153843
0 0.7328267045454545 0.3251057692307692 0.054176136363636426 0.06805769230769228
0 0.5122159090909091 0.3574807692307692 0.10590909090909091 0.10638461538461542
0 0.4292471590909091 0.39382692307692313 0.05125000000000006 0.0627692307692308
0 0.45901988636363633 0.35681730769230774 0.047329545454545444 0.03898076923076925
0 0.47244318181818185 0.39250000000000007 0.03903409090909085 0.03369230769230771
0 0.47122159090909094 0.42686538461538465 0.018068181818181858 0.039
0 0.49928267045454544 0.4235576923076923 0.040014204545454485 0.04296153846153841
0 0.41728693181818177 0.4612211538461538 0.0488068181818182 0.052211538461538476
0 0.3222301136363636 0.6817115384615384 0.03721590909090908 0.05038461538461536
0 0.4207102272727273 0.43280769230769234 0.0488068181818182 0.06276923076923074
0 0.45511363636363633 0.4281826923076923 0.02684659090909096 0.03767307692307687
0 0.4558451704545455 0.4737788461538462 0.0370880681818182 0.05748076923076926
0 0.48488636363636367 0.4565961538461539 0.021960227272727242 0.04823076923076926
0 0.46487926136363633 0.4853461538461538 0.034644886363636426 0.04757692307692309
0 0.41607244318181813 0.5276346153846154 0.05223011363636369 0.11100000000000006
0 0.44999289772727274 0.5457980769230769 0.01953125 0.09051923076923087
0 0.15447443181818182 0.5380673076923076 0.04187499999999999 0.05948076923076925
0 0.1748224431818182 0.5767211538461539 0.03163352272727274 0.04559615384615381
0 0.21462357954545455 0.5606346153846153 0.046321022727272745 0.07715384615384606
