0 0.7398650568181818 0.27253846153846156 0.019360795454545447 0.026846153846153808
0 0.9539204545454545 0.5127019230769231 0.023607954545454553 0.028749999999999977
0 0.5758948863636364 0.2527980769230769 0.016818181818181864 0.021865384615384596
0 0.37512784090909096 0.2697307692307692 0.01798295454545458 0.027153846153846164
0 0.21563210227272728 0.2068173076923077 0.02001420454545455 0.02555769230769229
0 0.19318892045454544 0.5288942307692307 0.023252840909090914 0.03294230769230768
0 0.09581676136363636 0.004663461538461538 0.018252840909090903 0.009326923076923076
0 0.2359161931818182 0.5413942307692308 0.01740056818181818 0.029980769230769182
0 0.8476846590909091 0.6835865384615385 0.022670454545454598 0.0306730769230769
0 0.9847869318181818 0.02878846153846154 0.027954545454545385 0.034769230769230774
0 0.9732670454545456 0.04068269230769231 0.01889204545454555 0.027365384615384618
0 0.8553480113636364 0.8217980769230769 0.02183238636363637 0.029557692307692316
0 0.5721235795454546 0.11654807692307693 0.02146306818181812 0.029980769230769238
0 0.7428196022727271 0.35099038461538457 0.018650568181818174 0.023326923076923124
0 0.45353693181818183 0.41273076923076923 0.02465909090909093 0.029192307692307705
0 0.03860795454545454 0.9664134615384615 0.01934659090909091 0.02651923076923081
0 0.6927769886363636 0.28069230769230763 0.021491477272727266 0.02396153846153848
0 0.7928409090909092 0.4039134615384615 0.02076704545454546 0.02748076923076927
0 0.11526988636363637 0.5144903846153845 0.024545454545454547 0.03528846153846147
0 0.572265625 0.20685576923076923 0.02407670454545461 0.029442307692307698
0 0.36243607954545454 0.6047211538461539 0.02069602272727272 0.025365384615384613
0 0.5921946022727272 0.9484903846153847 0.018650568181818258 0.02651923076923081
0 0.4323650568181818 0.14446153846153847 0.019616477272727275 0.028000000000000004
0 0.221484375 0.22586538461538463 0.01964488636363638 0.025307692307692302
0 0.16480823863636365 0.12431730769230771 0.015866477272727275 0.02555769230769232
0 0.7796661931818182 0.7584807692307691 0.020951704545454544 0.028346153846153754
0 0.8621164772727272 0.30515384615384616 0.014914772727272728 0.025038461538461558
0 0.12464488636363637 0.092125 0.02386363636363638 0.029442307692307698
0 0.9828196022727272 0.6126057692307693 0.02322443181818185 0.029134615384615342
0 0.46161221590909096 0.4330096153846154 0.023196022727272704 0.027096153846153853
0 0.5761363636363637 0.2308076923076923 0.018465909090909092 0.022653846153846156
0 0.18480823863636367 0.05909615384615385 0.024019886363636358 0.032307692307692315
0 0.971846590909091 0.060625000000000005 0.016051136363636462 0.018673076923076924
0 0.5516264204545455 0.34248076923076926 0.023423295454545388 0.03169230769230773
0 0.32671164772727274 0.5209711538461538 0.01964488636363634 0.028019230769230755
0 0.8662784090909091 0.26386538461538456 0.022840909090908988 0.025807692307692285
0 0.1283309659090909 0.3067980769230769 0.021718749999999988 0.02582692307692309
0 0.02335227272727273 0.11649038461538462 0.016335227272727276 0.026826923076923068
0 0.3045028409090909 0.4789326923076923 0.022670454545454556 0.03190384615384611
0 0.5564417613636364 0.8697692307692307 0.014360795454545473 0.017384615384615425
0 0.588465909090909 0.24115384615384616 0.016619318181818166 0.029192307692307705
0 0.80578125 0.7762596153846153 0.01889204545454539 0.023980769230769174
0 0.19887784090909089 0.8816923076923078 0.017528409090909094 0.022730769230769218
0 0.7594602272727274 0.3517980769230769 0.015113636363636345 0.033865384615384644
0 0.09394886363636364 0.6176442307692307 0.021250000000000012 0.02971153846153844
0 0.2226065340909091 0.9218461538461539 0.01933238636363638 0.027615384615384642
0 0.741903409090909 0.9862692307692308 0.022073863636363746 0.02746153846153841
0 0.39142045454545454 0.9638269230769231 0.019176136363636364 0.031461538461538485
0 0.3621164772727273 0.062259615384615385 0.018607954545454577 0.02601923076923077
0 0.7838068181818181 0.8543557692307692 0.019772727272727216 0.027557692307692276
0 0.07070312499999999 0.5166634615384614 0.021150568181818184 0.029403846153846194
0 0.845752840909091 0.5840576923076923 0.021903409090909032 0.029653846153846183
0 0.09632102272727273 0.10091346153846152 0.024630681818181822 0.03148076923076923
0 0.847109375 0.3011923076923077 0.01813920454545452 0.025307692307692302
0 0.7980539772727273 0.5708269230769232 0.020994318181818142 0.027000000000000038
0 0.7483664772727273 0.3329423076923077 0.02125000000000005 0.02173076923076925
0 0.1809659090909091 0.12308653846153846 0.01707386363636363 0.028019230769230782
0 0.11618607954545453 0.042451923076923075 0.019815340909090914 0.028634615384615383
0 0.018075284090909093 0.91975 0.021718750000000002 0.029076923076923087
0 0.5332599431818182 0.5019615384615385 0.02166193181818182 0.02750000000000002
0 0.8816832386363636 0.5071923076923077 0.020781249999999994 0.02123076923076916
0 0.7641761363636363 0.30897115384615387 0.023607954545454553 0.02555769230769229
0 0.36357244318181814 0.7153557692307693 0.0160085227272727 0.02086538461538466
0 0.7456676136363637 0.8083653846153847 0.020426136363636358 0.0392692307692308
0 0.02644886363636364 0.9517115384615384 0.021960227272727274 0.025884615384615346
0 0.800518465909091 0.3823365384615385 0.018650568181818174 0.03228846153846158
0 0.8692968749999999 0.28892307692307695 0.017940340909090902 0.021230769230769216
0 0.5505184659090909 0.413673076923077 0.019048295454545408 0.02423076923076922
0 0.7827698863636363 0.5972788461538462 0.020426136363636358 0.029442307692307698
0 0.3305610795454545 0.6555384615384615 0.018593750000000006 0.02557692307692299
0 0.23591619318181814 0.6915 0.01788352272727273 0.021423076923076895
0 0.12940340909090908 0.05199038461538461 0.01707386363636363 0.026980769230769225
0 0.9052130681818181 0.9873942307692306 0.02125000000000005 0.025211538461538487
