0 0.37970170454545454 0.7395576923076923 0.021107954545454565 0.026384615384615437
0 0.321875 0.5217788461538462 0.017613636363636373 0.025980769230769214
0 0.5102911931818181 0.41210576923076925 0.013821022727272753 0.018403846153846194
0 0.49807528409090907 0.40751923076923074 0.012940340909090929 0.019961538461538454
0 0.5299431818181818 0.27460576923076924 0.01576704545454549 0.023057692307692272
0 0.35403409090909094 0.9029903846153846 0.021107954545454565 0.02759615384615389
0 0.3435724431818182 0.8928173076923077 0.0126846590909091 0.026365384615384575
0 0.35706676136363635 0.8863942307692307 0.015610795454545467 0.019211538461538478
0 0.3676065340909091 0.8713942307692307 0.01637784090909091 0.019057692307692248
0 0.35313920454545455 0.8759038461538462 0.01386363636363639 0.012423076923076884
0 0.35647017045454543 0.8586826923076922 0.01572443181818185 0.024096153846153795
0 0.3647088068181818 0.8608942307692308 0.015383522727272746 0.024980769230769247
0 0.15062499999999998 0.6507211538461538 0.022556818181818195 0.029442307692307587
0 0.45335937499999995 0.7039423076923077 0.015298295454545509 0.02276923076923083
0 0.05622159090909091 0.9778846153846154 0.01610795454545455 0.021653846153846135
0 0.13099431818181817 0.9969423076923078 0.01670454545454544 0.006115384615384519
0 0.22803267045454545 0.5410576923076924 0.014730113636363644 0.025653846153846107
0 0.7175284090909091 0.618576923076923 0.013011363636363672 0.022192307692307733
0 0.6895951704545454 0.6186346153846154 0.01262784090909097 0.023500000000000052
0 0.9631107954545454 0.8876923076923078 0.01781249999999995 0.02630769230769232
0 0.9305397727272726 0.8451923076923077 0.02048295454545449 0.02926923076923082
0 0.9175426136363637 0.8578076923076923 0.020909090909090787 0.031576923076922996
0 0.8988707386363637 0.8632788461538461 0.02055397727272715 0.026788461538461553
0 0.13475142045454544 0.6752211538461539 0.01788352272727273 0.0234807692307693
0 0.8909375 0.8518653846153846 0.01974431818181815 0.027307692307692286
0 0.822450284090909 0.7242884615384615 0.023394886363636402 0.027653846153846143
0 0.821171875 0.7500865384615384 0.02359375000000002 0.028249999999999997
0 0.8034019886363637 0.7588846153846154 0.020099431818181787 0.02996153846153854
0 0.8175284090909091 0.7745 0.01883522727272726 0.02830769230769236
0 0.9970099431818181 0.69625 0.005980113636363688 0.019230769230769232
0 0.9913707386363636 0.7123365384615384 0.017258522727272695 0.02924999999999996
0 0.9923082386363636 0.6804423076923076 0.015383522727272786 0.03465384615384612
0 0.9607102272727274 0.3755192307692307 0.025170454545454583 0.036346153846153854
0 0.9632599431818182 0.42263461538461533 0.027173295454545447 0.03130769230769231
0 0.12231534090909091 0.6838076923076923 0.02090909090909091 0.02946153846153845
0 0.31218039772727274 0.8601634615384615 0.01740056818181818 0.02394230769230767
0 0.9067400568181818 0.37296153846153846 0.022542613636363642 0.02807692307692312
0 0.33673295454545454 0.8729903846153846 0.02022727272727274 0.030980769230769256
0 0.9237713068181819 0.3274326923076923 0.01578125000000002 0.018019230769230725
0 0.9282315340909091 0.3075384615384616 0.01947443181818187 0.028423076923076926
0 0.9106889204545454 0.318 0.020099431818181947 0.030692307692307706
0 0.9167471590909092 0.28954807692307694 0.018636363636363642 0.029326923076923077
0 0.9104332386363635 0.26084615384615384 0.01529829545454559 0.02438461538461534
0 0.9057315340909091 0.2695384615384615 0.013735795454545558 0.02015384615384619
0 0.8907741477272727 0.2715192307692308 0.018281250000000006 0.028192307692307687
0 0.1512784090909091 0.6757884615384615 0.02113636363636363 0.028730769230769226
0 0.8987357954545455 0.2892307692307692 0.019573863636363598 0.028423076923076926
0 0.9920383522727273 0.18546153846153846 0.015923295454545506 0.03292307692307693
0 0.8792471590909091 0.38249038461538465 0.015312499999999962 0.01948076923076922
0 0.9942258522727272 0.004336538461538462 0.011548295454545448 0.008596153846153847
0 0.8926775568181817 0.004 0.01933238636363638 0.007846153846153846
0 0.7573366477272727 0.010701923076923078 0.02311079545454543 0.02125
0 0.7589772727272727 0.05066346153846154 0.023011363636363538 0.02459615384615385
0 0.7595525568181819 0.07273076923076924 0.019190340909090896 0.027461538461538464
0 0.7920170454545453 0.07598076923076924 0.02531250000000007 0.033692307692307695
0 0.3799431818181818 0.895201923076923 0.0189488636363636 0.026211538461538453
0 0.2536505681818182 0.3103653846153846 0.013210227272727288 0.019076923076923054
0 0.7786150568181818 0.09227884615384616 0.017798295454545417 0.03175000000000001
0 0.7934303977272728 0.10169230769230769 0.018650568181818174 0.027192307692307693
0 0.8538423295454546 0.1108076923076923 0.01487215909090913 0.021961538461538466
0 0.7805965909090908 0.13965384615384616 0.01568181818181813 0.02553846153846154
0 0.8236860795454546 0.14385576923076923 0.02637784090909082 0.026288461538461542
0 0.8316406249999999 0.188 0.018593750000000044 0.027346153846153843
0 0.825078125 0.16832692307692307 0.022457386363636287 0.024307692307692308
0 0.8411505681818183 0.23147115384615385 0.020028409090909124 0.032980769230769216
0 0.8087642045454544 0.2162596153846154 0.014744318181818176 0.01805769230769231
0 0.8238068181818182 0.22076923076923077 0.020369318181818228 0.027461538461538464
0 0.3002556818181818 0.6671057692307691 0.02187500000000001 0.028711538461538476
0 0.308828125 0.8881923076923077 0.024502840909090908 0.031538461538461494
0 0.8090056818181818 0.2395865384615385 0.02144886363636367 0.030288461538461566
0 0.8279048295454546 0.24497115384615384 0.017911931818181837 0.024249999999999997
0 0.84015625 0.28315384615384614 0.01659090909090902 0.04023076923076921
0 0.831747159090909 0.29721153846153847 0.013494318181818182 0.014192307692307683
0 0.82390625 0.28139423076923076 0.018210227272727343 0.025442307692307674
0 0.8166193181818183 0.2935576923076923 0.017159090909090968 0.026692307692307682
0 0.7965767045454545 0.32409615384615387 0.022017045454545456 0.03007692307692305
0 0.7997869318181817 0.29853846153846153 0.02017045454545445 0.028153846153846182
0 0.8160369318181818 0.3181538461538462 0.019176136363636364 0.02488461538461538
0 0.24425426136363634 0.2919423076923077 0.022911931818181852 0.02865384615384611
0 0.828934659090909 0.3358076923076923 0.02113636363636363 0.030461538461538467
0 0.7039772727272727 0.29171153846153847 0.019346590909090914 0.028153846153846127
0 0.6964559659090909 0.22575961538461536 0.020838068181818124 0.028673076923076916
0 0.6889772727272727 0.24771153846153846 0.023267045454545447 0.024230769230769247
0 0.6766122159090909 0.22522115384615385 0.021434659090909056 0.03136538461538462
0 0.6622869318181818 0.29536538461538464 0.023153409090909027 0.03019230769230767
0 0.6616193181818182 0.31858653846153845 0.01926136363636364 0.02463461538461539
0 0.31271306818181815 0.916826923076923 0.023295454545454553 0.028961538461538358
0 0.6609730113636364 0.3318653846153846 0.01541193181818185 0.020269230769230755
0 0.6590127840909091 0.33847115384615384 0.011548295454545448 0.011057692307692308
0 0.24894886363636362 0.2681923076923077 0.021477272727272734 0.02976923076923075
0 0.6576704545454546 0.34941346153846153 0.02011363636363632 0.02582692307692309
0 0.65046875 0.3744230769230769 0.023465909090909065 0.032346153846153886
0 0.6381534090909091 0.3456442307692308 0.02093750000000001 0.030903846153846195
0 0.7475355113636365 0.2986153846153846 0.025071022727272695 0.029346153846153827
0 0.643203125 0.3198846153846154 0.020468749999999956 0.03307692307692305
0 0.6516335227272727 0.45771153846153845 0.021051136363636435 0.027653846153846143
0 0.6709730113636364 0.45924038461538463 0.02220170454545454 0.026211538461538453
0 0.6557244318181819 0.4798173076923077 0.020028409090909124 0.02494230769230769
0 0.67421875 0.4817403846153846 0.0181818181818182 0.02571153846153847
0 0.7047727272727272 0.6229903846153847 0.02338068181818179 0.032057692307692336
0 0.2646875 0.2566923076923077 0.025397727272727266 0.03765384615384618
0 0.7139062500000001 0.6615961538461538 0.019943181818181846 0.032115384615384594
0 0.753622159090909 0.8722307692307691 0.02215909090909094 0.029692307692307688
0 0.7201988636363637 0.8836538461538461 0.02005681818181827 0.029576923076923067
0 0.7307741477272728 0.9025576923076923 0.02160511363636369 0.025307692307692357
0 0.7386789772727272 0.880221153846154 0.019573863636363598 0.029903846153846177
0 0.5751420454545454 0.8961634615384615 0.024176136363636417 0.031173076923076994
0 0.5576775568181819 0.905875 0.01842329545454541 0.031442307692307735
0 0.607862215909091 0.7027115384615384 0.023025568181818234 0.033692307692307764
0 0.5846377840909092 0.7261057692307693 0.02171875000000003 0.029211538461538455
0 0.5722940340909091 0.7116826923076923 0.01995738636363638 0.027865384615384632
0 0.3331960227272727 0.7455192307692307 0.019062499999999982 0.033807692307692275
0 0.3207528409090909 0.2134423076923077 0.02323863636363638 0.03146153846153846
0 0.5774857954545455 0.6874711538461539 0.02204545454545452 0.029134615384615342
0 0.5623366477272728 0.6722884615384616 0.023366477272727258 0.02946153846153845
0 0.5566974431818181 0.6989423076923078 0.02001420454545451 0.025615384615384602
0 0.5549005681818181 0.7236442307692307 0.021534090909090944 0.029903846153846177
0 0.5339843750000001 0.7248557692307692 0.02322443181818185 0.03490384615384611
0 0.31762073863636364 0.7510865384615385 0.021860795454545476 0.0335961538461539
0 0.5175213068181819 0.715375 0.01947443181818179 0.02828846153846161
0 0.52703125 0.6962884615384616 0.02119318181818184 0.02746153846153841
0 0.5256178977272727 0.7421249999999999 0.020411931818181826 0.027019230769230792
0 0.5137002840909091 0.7557211538461539 0.022713068181818195 0.03221153846153846
0 0.33293323863636365 0.22894230769230772 0.0204971590909091 0.03126923076923078
0 0.41203125 0.9739038461538463 0.02357954545454549 0.03753846153846161
0 0.3948792613636364 0.9645865384615385 0.020099431818181787 0.03394230769230776
0 0.3763068181818181 0.9857788461538461 0.023153409090909106 0.028442307692307732
0 0.37792613636363637 0.9589230769230769 0.01750000000000007 0.029961538461538432
0 0.3524715909090909 0.7497403846153846 0.025085227272727308 0.0359807692307693
0 0.3365340909090909 0.9921057692307692 0.022869318181818175 0.015788461538461498
0 0.34683948863636366 0.981701923076923 0.023025568181818192 0.029326923076923077
0 0.3491690340909091 0.9618173076923077 0.01390625000000003 0.021403846153846145
0 0.3624573863636364 0.9609807692307692 0.014971590909090898 0.02842307692307698
0 0.37365767045454545 0.9315096153846154 0.026150568181818178 0.033403846153846166
0 0.3499147727272727 0.23518269230769234 0.017329545454545438 0.03271153846153847
0 0.16675426136363636 0.3989615384615384 0.013678977272727266 0.01784615384615385
0 0.17928267045454546 0.3979903846153846 0.014275568181818198 0.01998076923076926
0 0.1754971590909091 0.3732980769230769 0.02499999999999999 0.031942307692307666
0 0.1777840909090909 0.34613461538461543 0.026363636363636367 0.03138461538461537
0 0.2498721590909091 0.34242307692307694 0.020681818181818187 0.03480769230769235
0 0.7182599431818182 0.2992115384615385 0.02279829545454539 0.031653846153846116
0 0.2328267045454546 0.36159615384615384 0.02392045454545455 0.03442307692307688
0 0.3347372159090909 0.37712500000000004 0.024502840909090908 0.03128846153846156
0 0.43795454545454543 0.41765384615384615 0.018806818181818195 0.027923076923076943
0 0.4188636363636364 0.4146923076923077 0.019573863636363598 0.03319230769230773
0 0.3582954545454546 0.2136346153846154 0.017215909090909098 0.023653846153846147
0 0.3479332386363636 0.9393846153846154 0.02569602272727273 0.03307692307692305
0 0.37342329545454545 0.5125576923076922 0.02028409090909087 0.029192307692307705
0 0.35660511363636366 0.5198461538461538 0.020113636363636358 0.02980769230769231
0 0.35926136363636363 0.49336538461538465 0.022670454545454518 0.025192307692307736
0 0.3529190340909091 0.4723076923076924 0.021264204545454544 0.029384615384615387
0 0.22586647727272727 0.33610576923076924 0.026079545454545435 0.03090384615384614
0 0.19110795454545454 0.8432019230769231 0.024488636363636355 0.02617307692307684
0 0.19201704545454545 0.8701057692307693 0.025028409090909098 0.02878846153846148
0 0.17058948863636364 0.8987596153846155 0.018480113636363624 0.02748076923076927
0 0.18485085227272727 0.8910769230769231 0.022826704545454535 0.03249999999999996
0 0.3679900568181818 0.20178846153846156 0.020951704545454544 0.028115384615384598
0 0.1387997159090909 0.8655288461538462 0.022230113636363645 0.030826923076923026
0 0.12169034090909091 0.8587307692307693 0.020568181818181805 0.03003846153846155
0 0.10036931818181817 0.8542980769230769 0.022926136363636364 0.02463461538461539
0 0.10617187500000001 0.8791153846153846 0.022173295454545452 0.027192307692307665
0 0.34500710227272724 0.7243365384615384 0.022826704545454535 0.02617307692307684
0 0.36921875 0.23365384615384616 0.02221590909090907 0.03361538461538462
0 0.3553693181818182 0.25959615384615387 0.020397727272727293 0.026999999999999986
0 0.34653409090909093 0.27595192307692307 0.019630681818181808 0.029865384615384617
0 0.28640625 0.5218461538461538 0.018749999999999985 0.029499999999999953
0 0.10529829545454544 0.9707596153846153 0.012670454545454547 0.018326923076923133
0 0.5056605113636364 0.46889423076923076 0.023849431818181846 0.02571153846153847
0 0.31517045454545456 0.5432019230769232 0.024147727272727272 0.033250000000000036
0 0.2806818181818182 0.596951923076923 0.018267045454545473 0.026019230769230826
0 0.27811789772727274 0.5779807692307692 0.01771306818181818 0.013884615384615438
0 0.26745738636363636 0.5700961538461539 0.02227272727272728 0.02549999999999998
0 0.2627627840909091 0.5954615384615385 0.01856534090909094 0.026461538461538443
0 0.11641335227272727 0.6241346153846155 0.024275568181818186 0.03242307692307695
0 0.11066051136363636 0.5999423076923077 0.023309659090909086 0.02734615384615379
0 0.13207386363636361 0.5901634615384616 0.024204545454545465 0.027903846153846137
0 0.3718607954545455 0.8838942307692308 0.019914772727272743 0.022596153846153846
0 0.6149715909090909 0.3166634615384616 0.020624999999999973 0.02928846153846152
0 0.09973011363636365 0.638 0.027045454545454553 0.033230769230769175
0 0.6026704545454545 0.3040576923076923 0.01772727272727267 0.023115384615384635
0 0.6196448863636363 0.29241346153846154 0.01900568181818181 0.022980769230769207
0 0.601484375 0.2791442307692308 0.021803977272727305 0.0288653846153846
0 0.28834517045454544 0.6453076923076924 0.02075284090909093 0.028692307692307614
0 0.3195809659090909 0.6881730769230769 0.02262784090909088 0.029923076923076927
0 0.3223650568181818 0.6600288461538462 0.02413352272727274 0.03632692307692316
0 0.6207102272727273 0.27042307692307693 0.020624999999999973 0.028730769230769226
0 0.5757599431818182 0.025249999999999998 0.021917613636363645 0.027269230769230768
0 0.5806463068181817 0.04789423076923077 0.021803977272727225 0.028057692307692315
0 0.06246448863636364 0.9225961538461539 0.02569602272727273 0.0339615384615384
0 0.11166193181818182 0.9940673076923077 0.01230113636363636 0.011865384615384536
0 0.5721377840909091 0.06552884615384615 0.025610795454545497 0.0320576923076923
0 0.5687286931818182 0.09621153846153846 0.025241477272727245 0.032499999999999994
0 0.1911647727272727 0.01730769230769231 0.024318181818181805 0.03461538461538462
0 0.06095170454545454 0.9014615384615384 0.01508522727272727 0.018384615384615388
0 0.211875 0.026 0.025454545454545476 0.03338461538461538
0 0.04578835227272727 0.9228076923076923 0.015468750000000002 0.02111538461538465
0 0.13077414772727272 0.6090769230769232 0.019588068181818172 0.016346153846153847
0 0.23023437499999996 0.06279807692307693 0.01450284090909092 0.02551923076923077
0 0.23504261363636364 0.04366346153846153 0.018636363636363642 0.023480769230769225
0 0.24336647727272726 0.06999038461538461 0.018323863636363645 0.029288461538461534
0 0.07660511363636363 0.6357019230769231 0.01985795454545455 0.029057692307692333
0 0.25931818181818184 0.06653846153846155 0.016164772727272722 0.025730769230769227
0 0.5311079545454546 0.15651923076923077 0.022727272727272728 0.02988461538461537
0 0.5356747159090909 0.13449038461538462 0.023678977272727296 0.027711538461538468
0 0.08463068181818181 0.21703846153846154 0.021875 0.027076923076923103
0 0.10052556818181818 0.2087403846153846 0.02210227272727272 0.02982692307692306
0 0.039801136363636365 0.9017499999999999 0.023607954545454543 0.027384615384615292
0 0.1625213068181818 0.6386153846153846 0.022002840909090902 0.027423076923076904
0 0.061143465909090915 0.7363557692307692 0.020298295454545454 0.02748076923076927
0 0.31267045454545456 0.8314615384615385 0.021164772727272737 0.029769230769230805
0 0.10894886363636364 0.1714326923076923 0.027215909090909086 0.02951923076923076
0 0.08718039772727272 0.6492403846153847 0.009928977272727275 0.012942307692307727
0 0.08191051136363638 0.005663461538461538 0.02038352272727273 0.011326923076923076
0 0.06623579545454546 0.010442307692307692 0.018579545454545453 0.020884615384615383
0 0.08499289772727273 0.022374999999999996 0.02038352272727274 0.025326923076923073
0 0.05302556818181818 0.020711538461538462 0.015596590909090909 0.027076923076923075
0 0.06797585227272727 0.03298076923076923 0.028053977272727272 0.027846153846153847
0 0.10556818181818181 0.19127884615384616 0.023607954545454533 0.022173076923076924
0 0.48513494318181816 0.12303846153846154 0.017826704545454562 0.02523076923076924
0 0.49801846590909093 0.13981730769230769 0.02387784090909091 0.022173076923076924
0 0.32734375 0.8418076923076924 0.02130681818181818 0.03130769230769226
0 0.52796875 0.11371153846153846 0.024857954545454544 0.032538461538461544
0 0.1332315340909091 0.655673076923077 0.025241477272727287 0.0220384615384615
0 0.5118963068181818 0.12322115384615386 0.02407670454545461 0.039480769230769236
0 0.4607528409090909 0.10192307692307692 0.01670454545454544 0.027038461538461542
0 0.5035227272727273 0.09966346153846155 0.016136363636363657 0.024596153846153844
0 0.4881818181818182 0.10053846153846153 0.015227272727272766 0.02084615384615385
0 0.47549005681818185 0.09435576923076923 0.01657670454545449 0.024980769230769233
0 0.47325994318181813 0.11774038461538462 0.020894886363636334 0.02509615384615384
0 0.4842613636363636 0.08076923076923077 0.017528409090909056 0.02465384615384614
0 0.5003551136363636 0.07901923076923077 0.015369318181818253 0.023961538461538465
0 0.3001278409090909 0.44750961538461537 0.019545454545454533 0.023211538461538502
0 0.30497869318181814 0.46735576923076927 0.019928977272727275 0.02321153846153845
0 0.13432528409090908 0.6316442307692308 0.021747159090909095 0.029673076923076937
0 0.30550426136363634 0.4896442307692308 0.02504261363636363 0.02340384615384613
0 0.2934090909090909 0.5218173076923077 0.009517045454545438 0.0217115384615385
0 0.3045738636363637 0.5256923076923077 0.017613636363636373 0.028961538461538466
0 0.2934943181818182 0.5531057692307693 0.021903409090909112 0.029634615384615322
0 0.31002840909090906 0.5154903846153847 0.012613636363636356 0.008442307692307666
0 0.3076065340909091 0.5063173076923076 0.019474431818181828 0.012173076923076892
0 0.4938352272727272 0.48906730769230766 0.01803977272727271 0.02659615384615387
0 0.49932528409090904 0.47992307692307695 0.01348011363636365 0.014538461538461544
0 0.5097443181818182 0.44922115384615385 0.01803977272727271 0.029980769230769182
0 0.5068821022727273 0.4277211538461539 0.019985795454545444 0.02459615384615383
