0 0.32583806818181815 0.29917307692307693 0.023238636363636343 0.029269230769230766
0 0.2634375 0.24927884615384616 0.021193181818181802 0.027096153846153825
0 0.24704545454545457 0.0903173076923077 0.018323863636363645 0.025557692307692306
0 0.9881889204545454 0.05249999999999999 0.021860795454545435 0.024846153846153844
0 0.20863636363636362 0.8608173076923077 0.02210227272727273 0.03090384615384625
0 0.980752840909091 0.03189423076923077 0.023096590909090896 0.021403846153846152
0 0.992997159090909 0.027259615384615386 0.013977272727272772 0.026826923076923075
0 0.2760795454545455 0.1639423076923077 0.019289772727272746 0.02750000000000002
0 0.30479403409090905 0.2500769230769231 0.017684659090909115 0.03026923076923076
0 0.003224431818181818 0.5740096153846154 0.006392045454545455 0.021980769230769245
0 0.6004545454545455 0.95925 0.018607954545454497 0.028038461538461616
0 0.01658380681818182 0.19404807692307693 0.02075284090909091 0.027096153846153853
0 0.2590767045454545 0.13145192307692308 0.018011363636363607 0.02736538461538461
0 0.05775568181818181 0.3923653846153846 0.020312500000000008 0.028115384615384625
0 0.7673579545454546 0.4166923076923077 0.017954545454545435 0.026576923076923064
0 0.311953125 0.3394711538461538 0.02205965909090909 0.03601923076923075
0 0.04425426136363637 0.9968653846153847 0.015980113636363636 0.0057692307692307696
0 0.024737215909090907 0.9864230769230771 0.02413352272727273 0.027153846153846164
0 0.7221448863636364 0.0075096153846153845 0.02446022727272731 0.014903846153846155
0 0.3043821022727273 0.14710576923076923 0.020241477272727272 0.024596153846153858
0 0.23507102272727273 0.8231057692307692 0.02198863636363635 0.04225000000000005
0 0.4021164772727273 0.47713461538461543 0.021903409090909112 0.02965384615384613
0 0.2919602272727273 0.1658653846153846 0.01815340909090909 0.027423076923076904
0 0.19019886363636365 0.48719230769230776 0.02042613636363638 0.029346153846153883
0 0.014836647727272728 0.4720673076923077 0.021576704545454545 0.0294807692307692
0 0.2944176136363636 0.1333942307692308 0.018863636363636364 0.023942307692307697
0 0.342421875 0.018625 0.01274147727272727 0.016673076923076922
0 0.3324147727272727 0.008538461538461538 0.015823863636363657 0.017038461538461537
0 0.2870738636363636 0.46003846153846156 0.019062500000000024 0.030384615384615406
0 0.2506036931818182 0.48705769230769225 0.02134943181818182 0.03007692307692305
0 0.15306107954545453 0.6208942307692308 0.018423295454545453 0.021980769230769245
0 0.2713920454545455 0.45323076923076927 0.017698863636363606 0.02665384615384618
0 0.2259801136363636 0.13857692307692307 0.01948863636363636 0.03203846153846154
0 0.2093678977272727 0.042201923076923074 0.01867897727272728 0.02386538461538461
0 0.25921164772727273 0.07432692307692308 0.01717329545454546 0.02042307692307692
0 0.26928267045454546 0.05910576923076923 0.020894886363636376 0.027711538461538454
0 0.1753977272727273 0.16812500000000002 0.020738636363636355 0.027365384615384625
0 0.019225852272727273 0.2192596153846154 0.020838068181818183 0.02594230769230771
0 0.08253551136363636 0.9185769230769232 0.017684659090909084 0.023076923076923078
0 0.6448792613636364 0.006730769230769231 0.021235795454545518 0.013423076923076925
0 0.9773863636363636 0.10678846153846154 0.012301136363636318 0.015538461538461536
0 0.17605113636363637 0.2138076923076923 0.024687499999999994 0.024538461538461547
0 0.03639914772727273 0.43174999999999997 0.024247159090909087 0.033576923076923094
0 0.22995738636363636 0.08225961538461538 0.018977272727272707 0.026711538461538464
0 0.1818039772727273 0.1430192307692308 0.018323863636363624 0.02438461538461537
0 0.36381392045454547 0.13439423076923077 0.02473011363636363 0.032173076923076915
0 0.32550426136363636 0.12575 0.023082386363636364 0.029500000000000005
0 0.398203125 0.6262019230769231 0.022372159090909092 0.02782692307692313
0 0.14595170454545456 0.47113461538461543 0.022613636363636346 0.027076923076923103
0 0.6215625 0.3185192307692308 0.023096590909090896 0.03203846153846153
0 0.3081534090909091 0.3035576923076923 0.0191477272727273 0.026692307692307682
0 0.7226065340909091 0.9915865384615384 0.03384943181818179 0.016826923076923076
0 0.6505681818181818 0.3466442307692308 0.01670454545454544 0.02059615384615386
0 0.5829048295454545 0.9627596153846154 0.017798295454545417 0.028903846153846103
0 0.23536931818181817 0.10226923076923077 0.017102272727272716 0.021153846153846155
0 0.2703977272727273 0.49778846153846157 0.01968749999999998 0.029192307692307705
0 0.009588068181818182 0.783298076923077 0.018892045454545457 0.026442307692307692
0 0.2788210227272727 0.47854807692307694 0.01812499999999999 0.02324999999999995
0 0.16013494318181817 0.46325 0.01589488636363636 0.021230769230769216
0 0.09821022727272727 0.9430673076923076 0.018181818181818188 0.02451923076923077
0 0.3578196022727273 0.21242307692307694 0.01995738636363638 0.023461538461538468
0 0.5857102272727274 0.2971153846153846 0.021789772727272692 0.025153846153846124
0 0.9778480113636363 0.06808653846153846 0.01953125 0.029980769230769238
0 0.006768465909090909 0.5943269230769231 0.013536931818181818 0.024576923076923024
0 0.2538849431818182 0.19860576923076925 0.01916193181818179 0.027365384615384625
0 0.1478977272727273 0.5064038461538461 0.018323863636363624 0.02665384615384618
0 0.07686789772727272 0.39385576923076926 0.022855113636363632 0.03221153846153846
0 0.03991477272727272 0.3719326923076923 0.02076704545454545 0.031557692307692356
0 0.6406534090909091 0.32134615384615384 0.018068181818181775 0.020423076923076933
0 0.34998579545454545 0.005865384615384615 0.017159090909090926 0.01173076923076923
0 0.6989701704545456 0.007336538461538461 0.019985795454545444 0.014673076923076922
0 0.16852982954545456 0.19167307692307692 0.019730113636363636 0.02976923076923075
0 0.13616477272727273 0.6254711538461538 0.01610795454545455 0.023134615384615333
0 0.7324928977272727 0.9585961538461539 0.019247159090909186 0.02169230769230775
0 0.8128196022727271 0.08391346153846155 0.020468749999999956 0.027711538461538468
0 0.12515625 0.6130673076923078 0.015710227272727275 0.016057692307692353
0 0.33022017045454544 0.14321153846153845 0.019985795454545444 0.027423076923076904
0 0.04105823863636364 0.3103942307692308 0.020326704545454547 0.023557692307692307
0 0.40943892045454544 0.5845384615384615 0.01958806818181813 0.022115384615384617
0 0.005497159090909091 0.9861634615384617 0.010994318181818181 0.027673076923076897
0 0.4163210227272728 0.6321249999999999 0.016278409090909062 0.026403846153846187
0 0.15975142045454546 0.2932884615384615 0.025071022727272737 0.029961538461538484
0 0.27497869318181817 0.13864423076923077 0.02117897727272727 0.02690384615384617
0 0.15857244318181818 0.4388557692307692 0.019786931818181808 0.023942307692307725
0 0.17307528409090908 0.4814134615384615 0.01927556818181817 0.02863461538461536
0 0.1461221590909091 0.44934615384615384 0.016732954545454547 0.02111538461538465
0 0.11468039772727273 0.6484134615384616 0.015809659090909086 0.02098076923076917
0 0.29215198863636366 0.26833653846153843 0.021036931818181823 0.025519230769230735
0 0.29102272727272727 0.4964423076923076 0.020511363636363633 0.03019230769230767
0 0.35223011363636364 0.1464519230769231 0.01767045454545454 0.026826923076923054
0 0.15998579545454544 0.49360576923076926 0.0196875 0.02551923076923079
0 0.20880681818181818 0.11763461538461539 0.024090909090909062 0.03203846153846153
0 0.06869318181818182 0.5093557692307692 0.020028409090909083 0.025903846153846208
0 0.7309872159090909 0.020480769230769236 0.019446022727272805 0.021307692307692312
0 0.6574218749999999 0.32872115384615386 0.017201704545454565 0.02548076923076923
0 0.44235085227272725 0.5801346153846153 0.01958806818181821 0.02723076923076928
0 0.2641619318181818 0.17728846153846153 0.0191477272727273 0.026500000000000003
0 0.21843039772727274 0.8393557692307693 0.01990056818181817 0.024942307692307635
0 0.9860298295454545 0.1260673076923077 0.014843749999999904 0.02501923076923078
0 0.3503835227272727 0.19136538461538463 0.020681818181818187 0.02457692307692308
0 0.30954545454545457 0.16888461538461538 0.01840909090909092 0.026307692307692292
0 0.7105610795454546 0.01566346153846154 0.017769886363636352 0.021634615384615384
0 0.25478693181818185 0.11011538461538463 0.020482954545454568 0.024269230769230765
0 0.4153267045454545 0.44743269230769234 0.024318181818181826 0.02721153846153847
0 0.1813494318181818 0.45847115384615383 0.01696022727272725 0.024326923076923034
0 0.24545454545454548 0.1723173076923077 0.018636363636363642 0.026942307692307703
0 0.508203125 0.5354134615384615 0.0197301136363637 0.02509615384615387
0 0.25720170454545455 0.7082788461538462 0.01696022727272727 0.023250000000000062
0 0.13173295454545456 0.6539711538461539 0.01863636363636362 0.022250000000000096
0 0.7759375 0.10187500000000001 0.025823863636363728 0.03182692307692307
0 0.8277840909090909 0.09406730769230769 0.018267045454545473 0.026442307692307692
0 0.7993821022727272 0.46920192307692304 0.05018465909090899 0.051826923076923055
0 0.7746448863636363 0.3892403846153846 0.018977272727272745 0.03101923076923076
0 0.994715909090909 0.3673653846153846 0.010568181818181895 0.02015384615384619
0 0.5258877840909091 0.17935576923076924 0.02279829545454547 0.028480769230769237
0 0.931356534090909 0.9825961538461538 0.018792613636363663 0.02392307692307681
0 0.6601846590909091 0.894326923076923 0.021676136363636352 0.029653846153846183
0 0.5863707386363637 0.9937403846153846 0.018423295454545494 0.012519230769230751
0 0.4969673295454546 0.32679807692307694 0.022400568181818157 0.028480769230769237
0 0.8262002840909091 0.7412211538461538 0.01916193181818183 0.023788461538461547
0 0.6970099431818183 0.032971153846153844 0.01910511363636362 0.028134615384615386
0 0.792471590909091 0.18765384615384614 0.020795454545454527 0.03107692307692307
0 0.49421164772727266 0.96 0.01941761363636366 0.029769230769230805
0 0.11043323863636365 0.9099711538461539 0.017627840909090906 0.02794230769230764
0 0.5925284090909091 0.8075673076923077 0.021164772727272695 0.0324807692307692
0 0.8964630681818182 0.5257403846153846 0.018721590909091 0.02486538461538463
0 0.9650994318181819 0.8625576923076923 0.022869318181818213 0.030346153846153905
0 0.6094744318181818 0.9025384615384615 0.02017045454545453 0.02746153846153841
0 0.5086363636363637 0.3139711538461538 0.012670454545454568 0.015326923076923075
0 0.5012997159090908 0.79575 0.02515624999999997 0.03361538461538454
0 0.9258451704545454 0.5195865384615385 0.015582386363636402 0.024557692307692273
0 0.8865838068181818 0.7605384615384616 0.021860795454545435 0.032115384615384594
0 0.7941548295454546 0.08759615384615384 0.019247159090909186 0.02707692307692309
0 0.5975355113636364 0.9839807692307693 0.024332386363636358 0.02276923076923083
0 0.326875 0.16802884615384617 0.017642045454545476 0.029403846153846138
0 0.8683948863636363 0.7194903846153846 0.01974431818181815 0.025365384615384613
0 0.8660085227272727 0.7554230769230769 0.02022727272727274 0.025653846153846215
0 0.6623721590909091 0.005942307692307692 0.01659090909090902 0.011884615384615384
0 0.7156960227272727 0.4052403846153846 0.019999999999999976 0.02594230769230771
0 0.9348224431818182 0.46906730769230776 0.018480113636363624 0.02613461538461539
0 0.6246022727272728 0.9504326923076923 0.02028409090909095 0.02228846153846149
0 0.6758877840909091 0.9165673076923078 0.02220170454545454 0.02817307692307688
0 0.5635440340909091 0.9858365384615384 0.021633522727272755 0.02832692307692311
0 0.50546875 0.22648076923076926 0.0244034090909091 0.0323076923076923
0 0.5126207386363636 0.35678846153846155 0.020411931818181826 0.02723076923076928
0 0.8222514204545455 0.05301923076923077 0.017855113636363548 0.033192307692307695
0 0.5109801136363636 0.967576923076923 0.021164772727272775 0.032115384615384594
0 0.8407457386363636 0.2037403846153846 0.0230539772727273 0.029480769230769227
0 0.9627840909090909 0.10882692307692308 0.01985795454545457 0.026269230769230777
0 0.4707954545454545 0.6521250000000001 0.02076704545454546 0.03317307692307692
0 0.6124147727272727 0.7953557692307692 0.026619318181818195 0.03290384615384618
0 0.7544247159090909 0.40473076923076917 0.01958806818181813 0.02780769230769232
0 0.8906463068181818 0.09177884615384614 0.020269886363636337 0.030365384615384614
0 0.7674644886363637 0.11549999999999999 0.019701704545454553 0.027499999999999993
0 0.45325284090909096 0.8993653846153845 0.02017045454545453 0.027769230769230765
0 0.7739275568181818 0.07670192307692308 0.017911931818181837 0.02321153846153846
0 0.37206676136363637 0.1837403846153846 0.014332386363636408 0.018250000000000016
0 0.8065767045454545 0.76425 0.02465909090909093 0.024846153846153875
0 0.43468749999999995 0.8939903846153846 0.022443181818181834 0.024557692307692273
0 0.5598082386363636 0.9434230769230769 0.01612215909090904 0.021653846153846135
0 0.5361150568181818 0.9495192307692307 0.022173295454545473 0.027884615384615386
0 0.7738210227272727 0.1805 0.019403409090909044 0.028307692307692305
0 0.6250142045454545 0.910298076923077 0.017386363636363648 0.026365384615384575
0 0.9782102272727274 0.18339423076923078 0.021874999999999967 0.032249999999999994
0 0.8636789772727272 0.6569807692307692 0.02906250000000005 0.0351153846153846
0 0.842372159090909 0.15814423076923076 0.019289772727272784 0.024134615384615407
0 0.8913494318181818 0.5047307692307693 0.02011363636363648 0.025038461538461614
0 0.6416477272727273 0.3709615384615384 0.01835227272727275 0.03057692307692309
0 0.5179261363636364 0.8687596153846153 0.02017045454545461 0.02275000000000008
0 0.6625213068181819 0.9410865384615384 0.020241477272727272 0.02809615384615387
0 0.5122088068181818 0.8199711538461538 0.019985795454545444 0.027288461538461536
0 0.8522727272727273 0.7091346153846154 0.02017045454545461 0.029115384615384588
0 0.39379261363636364 0.67475 0.022556818181818174 0.026576923076923064
0 0.5839133522727272 0.895625 0.019360795454545447 0.024326923076923142
0 0.9938636363636365 0.15691346153846153 0.012272727272727253 0.0330576923076923
0 0.4954261363636363 0.8226634615384615 0.017301136363636373 0.022942307692307706
0 0.8443678977272726 0.026519230769230767 0.01742897727272741 0.029269230769230766
0 0.6454687499999999 0.9461538461538461 0.02144886363636359 0.029038461538461582
0 0.0023650568181818182 0.8196442307692308 0.0047301136363636365 0.022826923076923085
0 0.4585156249999999 0.6329711538461538 0.021747159090909095 0.029749999999999943
0 0.6240482954545454 0.35512499999999997 0.020454545454545423 0.028480769230769237
0 0.8372301136363638 0.055365384615384615 0.01659090909090902 0.01761538461538461
0 0.4281036931818182 0.9111730769230769 0.01825284090909094 0.023615384615384562
0 0.9728551136363636 0.12820192307692307 0.015340909090909027 0.028711538461538448
0 0.5161292613636363 0.8941923076923077 0.02098011363636361 0.03373076923076927
0 0.8314701704545455 0.07324038461538462 0.020156250000000077 0.022173076923076924
0 0.5318394886363635 0.3539519230769231 0.020724431818181784 0.029480769230769255
0 0.6070667613636364 0.8265384615384614 0.02407670454545461 0.03065384615384615
0 0.4923011363636363 0.3518942307692308 0.021676136363636352 0.027942307692307693
0 0.2654971590909091 0.226125 0.02093750000000001 0.02505769230769231
0 0.7059446022727273 0.9690673076923076 0.026747159090909068 0.02771153846153851
0 0.8703053977272727 0.5512403846153846 0.01663352272727262 0.022980769230769207
0 0.9659446022727274 0.496701923076923 0.022571022727272707 0.029442307692307698
0 0.7706960227272727 0.20122115384615383 0.02252840909090911 0.026711538461538464
0 0.6381605113636364 0.8833365384615385 0.023991477272727255 0.03594230769230769
0 0.9461008522727273 0.4551346153846154 0.019417613636363577 0.02661538461538462
0 0.7355752840909091 0.04341346153846154 0.0191051136363637 0.02382692307692308
0 0.8801917613636363 0.8556057692307693 0.020241477272727272 0.03101923076923076
0 0.9961789772727272 0.39028846153846153 0.007642045454545448 0.02023076923076925
0 0.4476846590909091 0.9225096153846155 0.023409090909090935 0.030134615384615416
0 0.5690696022727273 0.9602403846153847 0.015696022727272663 0.028249999999999997
0 0.9470951704545455 0.8956826923076923 0.021747159090909015 0.027288461538461536
0 0.38036931818181813 0.7658557692307693 0.018494318181818237 0.02524999999999999
0 0.7593394886363637 0.06600961538461539 0.02061079545454544 0.02748076923076923
0 0.7109659090909091 0.4275769230769231 0.0201136363636364 0.02549999999999998
0 0.8268892045454546 0.7656346153846154 0.020454545454545583 0.026692307692307682
0 0.6752840909090909 0.07758653846153846 0.015113636363636425 0.022442307692307695
0 0.6061789772727273 0.9945576923076924 0.01909090909090917 0.010884615384615324
0 0.4745170454545455 0.9632211538461538 0.021789772727272772 0.030442307692307772
0 0.6815767045454546 0.049826923076923074 0.021420454545454524 0.029846153846153852
0 0.8882386363636363 0.5774038461538461 0.021051136363636435 0.030692307692307762
0 0.42967329545454547 0.5673846153846153 0.022727272727272728 0.023269230769230705
0 0.615674715909091 0.9308653846153846 0.02098011363636361 0.02888461538461535
0 0.7748082386363635 0.22597115384615385 0.02401988636363632 0.03021153846153845
0 0.5507528409090909 0.965125 0.02161931818181814 0.02817307692307688
0 0.8433877840909091 0.17974038461538464 0.019928977272727234 0.020865384615384605
0 0.5313778409090909 0.9756442307692307 0.019346590909090914 0.02674999999999994
0 0.8059730113636363 0.7406923076923076 0.02075284090909093 0.024846153846153875
0 0.868984375 0.1985576923076923 0.022627840909091 0.029923076923076927
0 0.5056605113636364 0.37528846153846157 0.018849431818181793 0.026807692307692303
0 0.42588778409090916 0.9360096153846155 0.025269886363636394 0.03140384615384612
0 0.5169673295454545 0.29842307692307696 0.023252840909090914 0.02665384615384618
0 0.09458096590909092 0.90525 0.017684659090909095 0.020807692307692294
0 0.7274076704545455 0.9786730769230769 0.018650568181818174 0.02230769230769235
0 0.4965980113636364 0.6645865384615384 0.020468750000000036 0.027403846153846154
0 0.6632102272727273 0.06309615384615386 0.02119318181818184 0.024730769230769237
0 0.9276136363636364 0.13088461538461538 0.020255681818181805 0.025692307692307677
0 0.9130042613636363 0.5264326923076923 0.017088068181818142 0.024711538461538507
0 0.9565767045454546 0.19043269230769233 0.024573863636363734 0.03151923076923077
0 0.9450142045454545 0.5107884615384616 0.019545454545454533 0.026461538461538443
0 0.5279474431818182 0.2259807692307692 0.019019886363636343 0.022730769230769245
0 0.7774573863636363 0.6247884615384615 0.022670454545454435 0.030538461538461528
0 0.7920951704545455 0.010634615384615385 0.026235795454545494 0.02126923076923077
0 0.8059232954545454 0.06375000000000001 0.018863636363636326 0.024230769230769233
0 0.3906676136363636 0.6986730769230769 0.019687499999999938 0.026230769230769203
0 0.6368465909090909 0.9691826923076924 0.020909090909090867 0.03044230769230766
0 0.41395596590909095 0.8959134615384615 0.019928977272727234 0.03090384615384625
0 0.77875 0.7723846153846153 0.02798295454545461 0.02892307692307696
0 0.7779119318181817 0.03364423076923077 0.019545454545454533 0.030749999999999996
0 0.9635014204545456 0.16821153846153847 0.024360795454545423 0.028461538461538483
0 0.4727769886363636 0.8970961538461538 0.02075284090909093 0.029192307692307705
0 0.7151633522727273 0.060528846153846155 0.02183238636363637 0.028711538461538455
0 0.9430184659090909 0.9715576923076924 0.01674715909090904 0.022076923076923
0 0.9275355113636364 0.5013269230769231 0.015241477272727299 0.016384615384615348
0 0.7913139204545455 0.7811442307692308 0.019105113636363538 0.026480769230769197
0 0.9555326704545454 0.004413461538461538 0.011775568181818291 0.008826923076923076
0 0.4982883522727272 0.8464807692307692 0.01958806818181821 0.026846153846153808
0 0.9100568181818183 0.5052788461538462 0.017329545454545358 0.0210961538461539
0 0.9553977272727273 0.022942307692307692 0.021960227272727326 0.02973076923076923
0 0.44969460227272723 0.11823076923076924 0.022713068181818195 0.03288461538461539
0 0.9396803977272729 0.10090384615384615 0.018963068181818213 0.03165384615384616
0 0.37493607954545455 0.7078173076923077 0.02061079545454544 0.03163461538461547
0 0.7823011363636364 0.4074423076923077 0.01707386363636361 0.02480769230769232
0 0.5311505681818182 0.3232596153846154 0.02000000000000006 0.026788461538461553
0 0.5253622159090909 0.24882692307692306 0.017059659090909077 0.025230769230769213
0 0.49943892045454547 0.9028269230769231 0.017968750000000047 0.02369230769230768
0 0.025127840909090905 0.26329807692307694 0.019147727272727275 0.02671153846153849
0 0.7613849431818182 0.8147788461538461 0.02632102272727269 0.034403846153846125
0 0.49909801136363635 0.8787307692307692 0.01958806818181813 0.026346153846153932
0 0.5276278409090909 0.20359615384615384 0.02011363636363632 0.02396153846153845
0 0.9675710227272728 0.7729807692307693 0.022443181818181914 0.032115384615384594
0 0.6561292613636364 0.9172884615384616 0.022372159090909092 0.02807692307692312
0 0.9043252840909091 0.622 0.027173295454545447 0.03373076923076916
0 0.717890625 0.03449038461538461 0.023082386363636364 0.028134615384615386
0 0.7558238636363637 0.9700961538461538 0.018380681818181897 0.028807692307692343
0 0.5154971590909091 0.33253846153846156 0.018636363636363642 0.025807692307692285
0 0.9084730113636365 0.8497884615384615 0.01953125 0.02865384615384611
0 0.24414772727272727 0.1382596153846154 0.01937499999999998 0.027365384615384625
0 0.4978835227272727 0.9293653846153845 0.026079545454545473 0.031538461538461605
0 0.6353267045454545 0.9270192307692308 0.019232954545454574 0.02746153846153841
0 0.8023153409090908 0.1073076923076923 0.019829545454545346 0.027
0 0.8187428977272727 0.11 0.014332386363636408 0.028307692307692305
0 0.940703125 0.14832692307692308 0.022514204545454417 0.03107692307692307
0 0.5856747159090909 0.9147403846153846 0.020298295454545402 0.02524999999999999
0 0.9482954545454544 0.659 0.020085227272727255 0.02876923076923084
0 0.549268465909091 0.8751442307692308 0.021008522727272674 0.02809615384615387
0 0.48817471590909084 0.6432788461538461 0.021747159090909095 0.029903846153846066
0 0.8118252840909093 0.020403846153846154 0.019701704545454553 0.02342307692307692
0 0.2301065340909091 0.7937788461538461 0.020838068181818204 0.02167307692307689
0 0.22711647727272724 0.7712692307692308 0.019886363636363636 0.02665384615384618
0 0.9235227272727272 0.10556730769230768 0.015909090909090973 0.028865384615384612
0 0.7916903409090907 0.7521923076923077 0.01894886363636368 0.02299999999999996
0 0.8988565340909092 0.8687692307692307 0.02075284090909093 0.02899999999999997
0 0.9841051136363635 0.3438365384615385 0.0206534090909092 0.025442307692307674
0 0.9800426136363637 0.14861538461538462 0.021676136363636352 0.029038461538461527
0 0.5806747159090908 0.9377692307692307 0.019815340909090894 0.025730769230769224
0 0.7956605113636364 0.03618269230769231 0.018053977272727326 0.02851923076923077
0 0.6272159090909091 0.9889423076923077 0.02156249999999993 0.022115384615384617
0 0.5420099431818182 0.24533653846153844 0.017059659090909077 0.024403846153846123
0 0.3960724431818182 0.7526153846153847 0.023480113636363677 0.03992307692307691
0 0.9600497159090909 0.14161538461538462 0.020269886363636337 0.02611538461538464
0 0.9072940340909091 0.10826923076923077 0.017144886363636272 0.026269230769230777
0 0.5509517045454545 0.22851923076923075 0.0191477272727273 0.02315384615384614
0 0.8075568181818181 0.7840961538461538 0.017897727272727305 0.022615384615384596
0 0.3858025568181818 0.7277307692307693 0.022230113636363683 0.028115384615384625
0 0.9976349431818182 0.343875 0.004673295454545403 0.024442307692307652
0 0.5432102272727273 0.20927884615384615 0.018636363636363642 0.02609615384615383
0 0.8102414772727274 0.04138461538461538 0.016164772727272722 0.021884615384615388
0 0.022421875 0.3882884615384615 0.023025568181818182 0.03126923076923075
0 0.24282670454545452 0.06675 0.019147727272727257 0.025730769230769227
0 0.36178267045454543 0.18744230769230769 0.013338068181818163 0.01988461538461539
0 0.2552414772727273 0.15471153846153846 0.02130681818181818 0.022461538461538474
0 0.03850142045454546 0.33660576923076924 0.02251420454545455 0.029673076923076937
0 0.23420454545454544 0.21169230769230768 0.0181818181818182 0.028115384615384625
0 0.6368678977272727 0.34084615384615385 0.017002840909090867 0.023346153846153874
0 0.006029829545454546 0.22562499999999996 0.012059659090909091 0.022749999999999996
0 0.3812002840909091 0.14023076923076924 0.011974431818181829 0.020653846153846172
0 0.169609375 0.13185576923076922 0.01788352272727273 0.02228846153846153
0 0.6747656249999999 0.02670192307692308 0.019985795454545444 0.026442307692307696
0 0.3438920454545455 0.16836538461538464 0.018068181818181817 0.024307692307692308
0 0.054779829545454545 0.4122692307692308 0.02024147727272727 0.029923076923076927
0 0.2784943181818182 0.21252884615384615 0.021051136363636355 0.029480769230769255
0 0.19593039772727272 0.032019230769230765 0.018536931818181834 0.02580769230769231
0 0.40607954545454544 0.604153846153846 0.021903409090909032 0.025807692307692337
0 0.08133522727272728 0.9428269230769231 0.018210227272727274 0.02750000000000002
0 0.6705681818181818 0.342 0.018323863636363603 0.02311538461538458
0 0.6012642045454545 0.9181442307692308 0.017642045454545476 0.024096153846153795
0 0.16520596590909092 0.15223076923076923 0.0167471590909091 0.020423076923076933
0 0.5155681818181818 0.8474423076923078 0.020795454545454527 0.02569230769230772
0 0.33051136363636363 0.20040384615384618 0.022073863636363624 0.0298846153846154
0 0.8351704545454546 0.03432692307692308 0.01900568181818181 0.023153846153846157
0 0.08855823863636364 0.8934519230769231 0.018110795454545456 0.02148076923076926
0 0.3609090909090909 0.014673076923076922 0.018323863636363603 0.024076923076923076
0 0.36763494318181816 0.002971153846153846 0.016235795454545423 0.005942307692307692
0 0.023906249999999997 0.5942980769230769 0.0225 0.03363461538461529
0 0.6451420454545455 0.3889038461538462 0.02593749999999999 0.03334615384615385
0 0.11534801136363636 0.6267499999999999 0.017258522727272737 0.021346153846153782
0 0.32539772727272726 0.26573076923076927 0.023238636363636343 0.030461538461538467
0 0.216171875 0.8128076923076922 0.018536931818181834 0.02892307692307696
0 0.27475852272727275 0.11525961538461539 0.02017045454545453 0.024326923076923086
0 0.004609375 0.20409615384615384 0.00921875 0.027076923076923075
0 0.17581676136363636 0.11325961538461538 0.020156249999999997 0.024865384615384616
0 0.1865340909090909 0.19254807692307693 0.017954545454545435 0.030096153846153856
0 0.057514204545454535 0.5299326923076924 0.01974431818181818 0.026096153846153942
0 0.37802556818181815 0.5960192307692308 0.02230113636363643 0.030615384615384537
0 0.2406818181818182 0.7599903846153846 0.01937499999999998 0.02821153846153838
0 0.7516193181818182 0.9828173076923077 0.03406250000000002 0.034365384615384624
0 0.14667613636363636 0.27590384615384617 0.02235795454545454 0.030269230769230788
0 0.03639914772727273 0.40225000000000005 0.021633522727272727 0.02780769230769232
0 0.16878551136363637 0.4558269230769231 0.013224431818181821 0.021538461538461517
0 0.6605326704545454 0.3894711538461539 0.018906250000000003 0.025865384615384592
0 0.32357244318181816 0.3233076923076923 0.018110795454545456 0.025730769230769224
0 0.9884801136363636 0.07933653846153846 0.019517045454545467 0.026826923076923068
0 0.12750710227272727 0.637625 0.015014204545454535 0.021980769230769134
0 0.2802627840909091 0.7293173076923077 0.021264204545454544 0.026788461538461553
0 0.26480823863636366 0.7235192307692309 0.017911931818181796 0.024115384615384653
0 0.20355823863636366 0.06647115384615385 0.02521306818181818 0.03332692307692307
0 0.6715340909090909 0.31729807692307693 0.01997159090909091 0.02494230769230769
0 0.3402059659090909 0.13110576923076922 0.015866477272727296 0.023557692307692307
0 0.24759232954545454 0.22224038461538462 0.016718750000000015 0.027673076923076925
0 0.6548366477272727 0.3668173076923077 0.015582386363636402 0.023865384615384608
0 0.6855823863636363 0.014759615384615385 0.020482954545454568 0.02728846153846154
0 0.40581676136363637 0.6477692307692309 0.018991477272727278 0.024576923076923135
0 0.3748011363636364 0.15471153846153846 0.017301136363636373 0.023000000000000017
0 0.17250710227272725 0.5107307692307693 0.020213068181818186 0.025653846153846107
0 0.32825284090909085 0.028826923076923073 0.02090909090909091 0.025538461538461538
0 0.09831676136363637 0.9218076923076923 0.01654829545454546 0.0208846153846153
0 0.24552556818181817 0.7201346153846154 0.01937499999999998 0.02892307692307696
0 0.6976917613636364 0.9863557692307692 0.022599431818181772 0.027288461538461536
0 0.41876420454545454 0.6562403846153846 0.018465909090909092 0.026826923076923165
0 0.2659872159090909 0.09386538461538461 0.019588068181818172 0.024538461538461533
0 0.36542613636363636 0.16413461538461538 0.012073863636363636 0.016115384615384636
0 0.2536647727272727 0.7400192307692308 0.018750000000000024 0.024961538461538497
0 0.3166122159090909 0.011182692307692307 0.018963068181818175 0.022288461538461538
0 0.6170383522727273 0.969326923076923 0.020383522727272677 0.035038461538461484
0 0.1481747159090909 0.6401442307692308 0.01643465909090908 0.021980769230769134
