0 0.8140198863636363 0.22991346153846154 0.0246022727272728 0.02944230769230767
0 0.46833096590909096 0.9854711538461537 0.02958806818181816 0.029057692307692333
0 0.6953480113636363 0.946375 0.05754261363636362 0.06301923076923073
0 0.6584872159090909 0.7511057692307693 0.05526988636363632 0.057096153846153845
0 0.6515553977272727 0.8081153846153847 0.05200284090909093 0.0595
0 0.6681178977272727 0.7828076923076923 0.04441761363636361 0.05219230769230766
0 0.7477059659090909 0.6212211538461538 0.059730113636363574 0.07098076923076928
0 0.03887073863636364 0.8614519230769232 0.06933238636363637 0.0817884615384616
0 0.09129971590909092 0.6306442307692308 0.054076704545454546 0.08955769230769241
0 0.030575284090909094 0.6250865384615385 0.05705965909090909 0.08628846153846155
0 0.011768465909090909 0.5727596153846155 0.023536931818181818 0.06982692307692308
0 0.1781605113636364 0.7500673076923077 0.07794034090909094 0.08271153846153856
0 0.4643607954545454 0.9583365384615385 0.029687500000000047 0.027096153846153798
0 0.21485795454545453 0.9501346153846154 0.04454545454545453 0.06280769230769224
0 0.2522159090909091 0.9466442307692308 0.06551136363636365 0.10671153846153848
0 0.19945312499999998 0.9825673076923076 0.04634943181818181 0.034596153846153756
0 0.2658096590909091 0.9661346153846153 0.05965909090909091 0.06765384615384616
0 0.10198863636363636 0.953721153846154 0.0849715909090909 0.09236538461538467
0 0.13514204545454545 0.863423076923077 0.07017045454545455 0.10419230769230771
0 0.9796732954545455 0.26478846153846153 0.040653409090909094 0.10619230769230771
0 0.42821022727272734 0.36785576923076924 0.05340909090909086 0.07813461538461537
0 0.7198366477272727 0.5504134615384616 0.04617897727272726 0.0883269230769231
0 0.6362357954545454 0.5344615384615385 0.053636363636363704 0.042500000000000045
0 0.4811363636363637 0.9806730769230769 0.02622159090909088 0.03588461538461532
0 0.6693678977272728 0.5143365384615385 0.04450284090909089 0.03867307692307695
0 0.7882315340909091 0.5660769230769231 0.03265625000000001 0.041423076923076965
0 0.8160369318181818 0.4599134615384615 0.02082386363636375 0.02513461538461537
0 0.6748934659090909 0.4565480769230769 0.029048295454545518 0.03921153846153844
0 0.5712499999999999 0.4452019230769231 0.02139204545454546 0.028826923076923094
0 0.43612215909090907 0.42850961538461535 0.04664772727272724 0.07986538461538462
0 0.47140625 0.39888461538461534 0.05534090909090914 0.07223076923076924
0 0.43622869318181823 0.7501634615384616 0.06884943181818177 0.06290384615384612
0 0.4933309659090909 0.7399903846153846 0.03200284090909087 0.06959615384615384
0 0.42335227272727266 0.8123653846153847 0.05721590909090913 0.07523076923076924
0 0.9735653409090909 0.8516346153846154 0.0230113636363637 0.036769230769230776
0 0.3713920454545455 0.7526634615384615 0.05613636363636369 0.08448076923076925
0 0.33331676136363636 0.7450865384615386 0.056463068181818184 0.05540384615384616
0 0.34784801136363636 0.7691153846153846 0.032286931818181805 0.04399999999999999
0 0.5059517045454546 0.683076923076923 0.05994318181818188 0.08342307692307692
0 0.5019744318181818 0.6222596153846154 0.03409090909090909 0.05959615384615386
0 0.47197443181818177 0.5941153846153846 0.04377840909090908 0.059923076923076864
0 0.535340909090909 0.6362692307692308 0.05252840909090912 0.056923076923076965
0 0.4357102272727273 0.5739423076923078 0.05122159090909091 0.06934615384615385
0 0.4885440340909091 0.5624903846153846 0.06410511363636363 0.0652115384615384
0 0.36274147727272726 0.6124903846153846 0.05034090909090905 0.07386538461538456
0 0.9870667613636364 0.9127980769230769 0.025866477272727326 0.051826923076923055
0 0.402627840909091 0.5788653846153846 0.03008522727272728 0.03830769230769234
0 0.37225142045454546 0.5664134615384615 0.03970170454545457 0.07036538461538457
0 0.8893892045454546 0.39205769230769233 0.029602272727272613 0.06346153846153846
0 0.8691264204545455 0.40676923076923077 0.022286931818181897 0.033769230769230774
0 0.6180823863636363 0.2744423076923077 0.037329545454545414 0.07588461538461537
0 0.6338494318181819 0.24943269230769227 0.02605113636363633 0.06798076923076922
0 0.7048295454545456 0.25340384615384615 0.04323863636363636 0.0759230769230769
0 0.6504758522727273 0.23353846153846153 0.03171875000000006 0.06380769230769232
0 0.6780894886363636 0.2245480769230769 0.029815340909090923 0.056249999999999974
0 0.7866690340909092 0.200375 0.03788352272727267 0.07082692307692308
0 0.5983167613636363 0.3631923076923077 0.05007102272727273 0.0419615384615385
0 0.7894531250000001 0.25885576923076925 0.05024147727272728 0.060750000000000005
0 0.86921875 0.23952884615384618 0.03857954545454541 0.05432692307692308
0 0.8240980113636364 0.28433653846153845 0.03521306818181813 0.03990384615384615
0 0.8595525568181818 0.18614423076923078 0.04186079545454549 0.07936538461538463
0 0.9083238636363636 0.13966346153846154 0.06900568181818188 0.058942307692307704
0 0.9849786931818181 0.12777884615384613 0.02194602272727263 0.02763461538461538
0 0.7398366477272728 0.05645192307692308 0.052201704545454544 0.06401923076923077
0 0.7109801136363636 0.024961538461538462 0.03517045454545453 0.049923076923076924
0 0.6790838068181818 0.036125 0.03620738636363638 0.06759615384615385
0 0.669609375 0.023721153846153847 0.05072443181818179 0.04744230769230769
0 0.5943110795454545 0.31827884615384616 0.058480113636363656 0.08232692307692308
0 0.7378835227272728 0.020442307692307694 0.04400568181818185 0.04088461538461539
0 0.7688423295454545 0.028711538461538462 0.03615056818181825 0.057423076923076924
0 0.703828125 0.06660576923076923 0.04242897727272728 0.05455769230769231
0 0.7315340909090909 0.08682692307692308 0.041335227272727225 0.05273076923076923
0 0.6234943181818182 0.006471153846153847 0.04670454545454545 0.012942307692307694
0 0.6327343750000001 0.03852884615384616 0.05228693181818182 0.06771153846153846
0 0.5961363636363637 0.02864423076923077 0.039034090909090935 0.05728846153846154
0 0.5695596590909091 0.013778846153846154 0.04164772727272726 0.027557692307692307
0 0.7776420454545455 0.07103846153846154 0.06982954545454541 0.07480769230769233
0 0.8543039772727273 0.05109615384615385 0.0522443181818183 0.05138461538461538
0 0.8130397727272727 0.18604807692307693 0.02923295454545444 0.06182692307692306
0 0.835987215909091 0.021471153846153845 0.05458806818181811 0.04294230769230769
0 0.8717542613636364 0.013807692307692307 0.03509943181818187 0.02707692307692308
0 0.24465198863636364 0.19085576923076925 0.05930397727272727 0.0724423076923077
0 0.24872869318181817 0.1355576923076923 0.06365056818181819 0.055999999999999994
0 0.2810653409090909 0.17223076923076924 0.04284090909090909 0.06496153846153846
0 0.29004261363636363 0.14040384615384613 0.03440340909090909 0.05869230769230768
0 0.29948153409090905 0.09341346153846154 0.05134943181818183 0.049596153846153845
0 0.25605113636363636 0.09785576923076925 0.048948863636363645 0.05890384615384616
0 0.27060369318181815 0.3498846153846154 0.06188920454545454 0.07019230769230769
0 0.22360795454545457 0.353125 0.051505681818181846 0.04559615384615381
0 0.6677130681818182 0.8940288461538461 0.030681818181818213 0.04836538461538468
0 0.2550568181818182 0.30872115384615384 0.027443181818181808 0.04221153846153844
0 0.2645028409090909 0.30038461538461536 0.027102272727272746 0.03534615384615384
0 0.23603693181818183 0.31598076923076923 0.014431818181818178 0.034000000000000016
0 0.20998579545454543 0.32172115384615385 0.04142045454545454 0.04667307692307694
0 0.21293323863636363 0.27140384615384616 0.06325284090909089 0.0603846153846154
0 0.022904829545454544 0.08948076923076924 0.04580965909090909 0.08023076923076923
0 0.01735085227272727 0.13282692307692306 0.034417613636363635 0.044769230769230756
0 0.05151988636363636 0.011182692307692308 0.03252840909090909 0.02194230769230769
0 0.05519176136363637 0.10655769230769231 0.05359375 0.052730769230769234
0 0.09891335227272728 0.09474038461538462 0.04407670454545456 0.06186538461538461
0 0.9876917613636365 0.9604038461538461 0.02461647727272733 0.06530769230769227
0 0.06595880681818182 0.07356730769230768 0.033423295454545456 0.0545576923076923
0 0.09580255681818181 0.03634615384615384 0.07723011363636363 0.07269230769230768
0 0.050411931818181814 0.15122115384615387 0.05238636363636363 0.04898076923076923
0 0.1328125 0.20264423076923077 0.060937500000000006 0.09005769230769231
0 0.09246448863636364 0.236375 0.04387784090909092 0.08082692307692307
0 0.12860085227272727 0.24008653846153846 0.03776988636363637 0.04517307692307694
0 0.1390980113636364 0.28076923076923077 0.05467329545454545 0.07065384615384618
0 0.3961221590909091 0.3709903846153846 0.021477272727272734 0.04159615384615384
0 0.33832386363636363 0.3621826923076923 0.04647727272727273 0.050442307692307675
0 0.33749999999999997 0.40117307692307697 0.06105113636363631 0.059576923076923055
0 0.8377982954545454 0.19114423076923076 0.03690340909090895 0.07240384615384617
0 0.20043323863636367 0.9195865384615385 0.02311079545454547 0.07394230769230778
0 0.25938920454545455 0.37499038461538464 0.03409090909090909 0.043173076923076904
0 0.22204545454545455 0.3975961538461538 0.05207386363636363 0.0577307692307692
0 0.19132102272727272 0.3511923076923077 0.027443181818181808 0.04519230769230769
0 0.2563849431818182 0.4312403846153846 0.060071022727272716 0.07709615384615386
0 0.9115269886363635 0.19342307692307692 0.03455965909090915 0.05811538461538461
0 0.9173508522727274 0.18110576923076926 0.03964488636363632 0.0364423076923077
0 0.5393252840909091 0.5819615384615384 0.04129261363636371 0.062576923076923
0 0.5174431818181818 0.5948942307692309 0.03204545454545455 0.036711538461538414
0 0.159453125 0.944298076923077 0.03887784090909092 0.06371153846153846
0 0.1576633522727273 0.9669615384615384 0.0751846590909091 0.0660769230769231
0 0.2000568181818182 0.8664615384615385 0.022812500000000003 0.05511538461538455
0 0.9893394886363637 0.13115384615384612 0.021321022727272713 0.06253846153846153
0 0.99078125 0.19222115384615385 0.018437500000000027 0.06155769230769229
0 0.3962997159090909 0.1542403846153846 0.044616477272727224 0.05959615384615386
0 0.3610866477272727 0.16377884615384614 0.038735795454545426 0.054826923076923086
0 0.3769318181818182 0.19278846153846155 0.043437499999999976 0.04926923076923078
0 0.5974928977272728 0.3889711538461538 0.025383522727272734 0.02209615384615381
0 0.6235298295454546 0.41220192307692305 0.0306676136363636 0.05167307692307693
0 0.6229190340909091 0.513423076923077 0.03333806818181814 0.06146153846153842
0 0.6677769886363637 0.2652788461538461 0.03203125000000002 0.04371153846153847
0 0.6021519886363637 0.4312211538461539 0.041178977272727284 0.06751923076923073
0 0.21568892045454546 0.8736346153846153 0.02069602272727272 0.036846153846153896
0 0.9909659090909091 0.8610865384615385 0.018068181818181858 0.05663461538461536
0 0.9829403409090909 0.8851249999999999 0.019488636363636402 0.04340384615384614
0 0.21323153409090911 0.45191346153846157 0.06657670454545456 0.08094230769230776
0 0.06597301136363636 0.4883461538461538 0.07708806818181818 0.09980769230769226
0 0.08315340909090908 0.4632788461538461 0.058409090909090904 0.0834038461538461
0 0.2777627840909091 0.22365384615384612 0.04117897727272724 0.05323076923076921
0 0.14022017045454546 0.12378846153846154 0.058082386363636364 0.08319230769230769
0 0.10827414772727274 0.14211538461538462 0.04390625000000001 0.06653846153846155
0 0.08670454545454545 0.18491346153846155 0.04428977272727272 0.09005769230769231
0 0.4799644886363636 0.09869230769230768 0.047002840909090876 0.06976923076923076
0 0.16417613636363637 0.883673076923077 0.06505681818181816 0.10715384615384621
0 0.5821377840909091 0.07666346153846153 0.031974431818181805 0.04013461538461538
0 0.5588068181818181 0.06583653846153846 0.0170170454545454 0.02344230769230769
0 0.6850852272727272 0.44784615384615384 0.027840909090909124 0.06119230769230768
0 0.8888636363636363 0.1857211538461538 0.02659090909090913 0.047096153846153836
0 0.8651136363636364 0.7053173076923077 0.031278409090909065 0.04628846153846153
0 0.8524928977272727 0.6815 0.026889204545454473 0.044846153846153834
0 0.9660511363636364 0.8800096153846154 0.023039772727272766 0.04263461538461542
0 0.9566051136363637 0.966701923076923 0.044460227272727366 0.06659615384615383
0 0.9043607954545455 0.9229711538461538 0.023920454545454592 0.037250000000000005
0 0.8897159090909091 0.9725576923076923 0.04940340909090905 0.0547307692307693
0 0.9238210227272727 0.9777307692307692 0.02792613636363648 0.04453846153846159
0 0.8183735795454545 0.6695288461538461 0.04867897727272725 0.0670192307692307
0 0.8833451704545454 0.610375 0.042059659090908946 0.05428846153846157
0 0.8799644886363635 0.5763461538461538 0.04740056818181819 0.052923076923076885
0 0.48782670454545446 0.9491346153846153 0.027414772727272742 0.04415384615384611
0 0.4554971590909091 0.9357788461538462 0.04051136363636361 0.04794230769230771
0 0.5792826704545454 0.48294230769230767 0.04384943181818182 0.039769230769230834
0 0.8189488636363635 0.25754807692307696 0.018551136363636447 0.02621153846153848
0 0.6982599431818182 0.41132692307692303 0.05146306818181821 0.06930769230769229
0 0.7029048295454546 0.37621153846153843 0.04649147727272722 0.05600000000000001
0 0.8283025568181818 0.6032211538461538 0.05109375000000004 0.06082692307692307
0 0.8464488636363637 0.4639903846153846 0.07872159090909085 0.0871730769230769
0 0.9004332386363636 0.4809230769230769 0.03609374999999995 0.06842307692307695
0 0.8888423295454545 0.4367596153846154 0.027002840909090896 0.04382692307692306
0 0.7893892045454546 0.504576923076923 0.031164772727272805 0.03453846153846155
0 0.7701775568181817 0.5302115384615385 0.03921875000000002 0.0613076923076923
0 0.7557102272727273 0.5616634615384616 0.03778409090909094 0.07205769230769236
0 0.7332670454545455 0.5195096153846154 0.039318181818181745 0.04444230769230772
0 0.8991903409090909 0.2572884615384615 0.07718750000000005 0.09280769230769229
0 0.7578267045454545 0.489875 0.0382954545454546 0.05836538461538466
0 0.8888068181818182 0.5334711538461538 0.04909090909090901 0.065173076923077
0 0.9378125 0.640875 0.056164772727272674 0.08398076923076915
0 0.9112926136363636 0.620596153846154 0.0405681818181819 0.05153846153846156
0 0.9137571022727272 0.701701923076923 0.06640625 0.06201923076923077
0 0.8343892045454545 0.7180576923076922 0.045397727272727326 0.06680769230769233
0 0.8927982954545454 0.7320769230769231 0.04261363636363636 0.05838461538461541
0 0.8581036931818182 0.7511153846153847 0.04867897727272725 0.05038461538461536
0 0.5185298295454545 0.9049134615384615 0.031661931818181846 0.044288461538461485
0 0.4908025568181818 0.9042115384615385 0.04464488636363637 0.06861538461538452
0 0.6611292613636364 0.47009615384615383 0.04186079545454549 0.039653846153846165
0 0.5337713068181817 0.8856057692307692 0.04430397727272727 0.033903846153846146
0 0.4307528409090909 0.9664615384615385 0.05196022727272733 0.06707692307692306
0 0.105625 0.6679711538461539 0.05116477272727273 0.06651923076923072
0 0.07624289772727272 0.6954903846153846 0.02521306818181818 0.051788461538461554
0 0.10087357954545455 0.7242500000000001 0.03941761363636364 0.07223076923076924
0 0.13640625 0.7144230769230769 0.03386363636363637 0.03007692307692305
0 0.12753551136363636 0.6830192307692308 0.03296874999999999 0.059884615384615356
0 0.5867471590909091 0.5143461538461538 0.04326704545454551 0.049192307692307716
0 0.7124999999999999 0.3152115384615385 0.060965909090909036 0.0795
0 0.7686647727272727 0.39671153846153845 0.015369318181818092 0.025384615384615363
0 0.6531605113636364 0.5018173076923077 0.035298295454545485 0.030750000000000017
0 0.7711789772727272 0.3503076923076924 0.018750000000000065 0.02576923076923078
0 0.6562997159090909 0.4355288461538461 0.03146306818181823 0.04455769230769234
0 0.6020738636363636 0.5387788461538461 0.03610795454545457 0.05782692307692306
0 0.062450284090909094 0.6677403846153847 0.03487215909090909 0.06074999999999995
0 0.04186789772727273 0.6394903846153845 0.04992897727272727 0.0514807692307693
0 0.002627840909090909 0.6412500000000001 0.005227272727272727 0.06646153846153846
0 0.11219460227272728 0.7795961538461538 0.059048295454545444 0.0661153846153846
0 0.1303196022727273 0.7360384615384615 0.048565340909090905 0.04388461538461537
0 0.2398721590909091 0.8600769230769231 0.041022727272727266 0.05034615384615386
0 0.2263210227272727 0.8258653846153846 0.059147727272727296 0.06346153846153846
0 0.49907670454545455 0.9887115384615385 0.03190340909090906 0.022576923076923095
0 0.17232954545454546 0.8147596153846153 0.06207386363636362 0.07267307692307697
0 0.2313068181818182 0.9055096153846154 0.046846590909090935 0.049365384615384644
0 0.2562428977272727 0.8760673076923076 0.03884943181818181 0.06451923076923079
0 0.9630823863636363 0.5088173076923077 0.01812499999999999 0.023288461538461563
0 0.9783806818181818 0.5034519230769231 0.043238636363636444 0.08182692307692305
0 0.9781178977272728 0.5667307692307693 0.04362215909090914 0.07288461538461534
0 0.9742471590909091 0.7249423076923077 0.051505681818181805 0.08757692307692312
0 0.9786860795454545 0.6470288461538461 0.04262784090909089 0.09663461538461539
0 0.5878977272727273 0.90975 0.04849431818181816 0.045461538461538435
0 0.46173295454545454 0.8919903846153847 0.044801136363636314 0.045980769230769276
0 0.8073863636363637 0.5769230769230769 0.05801136363636368 0.08550000000000008
0 0.5947656250000001 0.9935865384615384 0.028139204545454547 0.012826923076922998
0 0.6770383522727272 0.922201923076923 0.01927556818181817 0.02582692307692309
0 0.6148508522727273 0.9015096153846153 0.05362215909090909 0.07244230769230772
0 0.5733096590909091 0.8596826923076922 0.03846590909090907 0.06674999999999996
0 0.536690340909091 0.8511826923076923 0.04463068181818184 0.05963461538461537
0 0.604609375 0.8373846153846154 0.07055397727272729 0.0685
0 0.6283877840909091 0.8851826923076922 0.054928977272727296 0.06748076923076918
0 0.6734588068181818 0.9790961538461538 0.04356534090909093 0.041807692307692323
0 0.6710937499999999 0.9967596153846154 0.022187500000000006 0.00648076923076924
0 0.7040767045454545 0.9842403846153847 0.04213068181818185 0.031519230769230744
