0 0.2690340909090909 0.29499038461538457 0.02465909090909093 0.03167307692307692
0 0.6471377840909092 0.21269230769230768 0.024644886363636317 0.028846153846153848
0 0.37431818181818177 0.636923076923077 0.018806818181818195 0.031115384615384628
0 0.3893607954545455 0.6154230769230769 0.02130681818181818 0.028846153846153848
0 0.37264204545454543 0.5823365384615384 0.021306818181818142 0.029403846153846083
0 0.37640625 0.6026923076923076 0.02130681818181818 0.027153846153846164
0 0.3981321022727272 0.5967596153846154 0.022968750000000024 0.0277115384615384
0 0.4254971590909091 0.561125 0.022556818181818174 0.03336538461538455
0 0.4144247159090909 0.539625 0.02296874999999994 0.02771153846153851
0 0.44701704545454546 0.5105000000000001 0.02465909090909093 0.028269230769230748
0 0.4029332386363636 0.573 0.025071022727272775 0.02430769230769228
0 0.3962571022727273 0.5498076923076922 0.025071022727272775 0.031115384615384628
0 0.6465127840909091 0.1855384615384615 0.02171875000000003 0.025461538461538452
0 0.36846590909090904 0.682451923076923 0.018806818181818154 0.02713461538461541
0 0.3787002840909091 0.6649134615384615 0.023394886363636323 0.02828846153846161
0 0.41338068181818177 0.6982884615384616 0.018380681818181813 0.023769230769230796
0 0.40565340909090913 0.6787692307692307 0.022982954545454556 0.028846153846153848
0 0.3929048295454546 0.720346153846154 0.023394886363636323 0.028269230769230748
0 0.39708806818181813 0.6977211538461539 0.01588068181818183 0.029403846153846083
0 0.3805823863636364 0.6971634615384615 0.018806818181818195 0.026019230769230826
0 0.33441761363636363 0.6898076923076922 0.0175568181818182 0.030538461538461528
0 0.09752840909090908 0.36456730769230766 0.02423295454545454 0.03621153846153848
0 0.10943181818181817 0.3442019230769231 0.01963068181818183 0.029403846153846138
0 0.7442826704545454 0.27914423076923073 0.01921874999999996 0.02601923076923077
0 0.08331676136363636 0.34533653846153844 0.02171875 0.02601923076923077
0 0.08248579545454546 0.31818269230769225 0.020880681818181823 0.029403846153846138
0 0.10421164772727275 0.30517307692307694 0.020894886363636355 0.028269230769230748
0 0.03631392045454545 0.29951923076923076 0.022144886363636363 0.030538461538461528
0 0.03485085227272727 0.3283653846153846 0.020894886363636365 0.028269230769230748
0 0.050518465909090905 0.31648076923076923 0.022144886363636363 0.030538461538461528
0 0.06409801136363637 0.330625 0.02339488636363636 0.028288461538461554
0 0.20845170454545456 0.32326923076923075 0.020482954545454568 0.030538461538461528
0 0.22558238636363637 0.3122403846153846 0.020482954545454568 0.03225000000000002
0 0.2120028409090909 0.27434615384615385 0.0208806818181818 0.02546153846153848
0 0.7891903409090908 0.23502884615384617 0.022982954545454473 0.031673076923076894
0 0.4127556818181819 0.2794326923076923 0.019630681818181808 0.03225000000000002
0 0.45474431818181815 0.2180673076923077 0.02005681818181819 0.028288461538461526
0 0.4363565340909091 0.23673076923076922 0.01921874999999996 0.027153846153846136
0 0.42257102272727276 0.22682692307692306 0.0208806818181818 0.025461538461538452
0 0.46372869318181825 0.19063461538461537 0.014616477272727302 0.025461538461538452
0 0.4476349431818182 0.19034615384615386 0.01921874999999996 0.027153846153846164
0 0.43803267045454547 0.20702884615384615 0.020894886363636414 0.027711538461538454
0 0.42967329545454547 0.26445192307692306 0.01588068181818183 0.0339423076923077
0 0.4181889204545454 0.2520096153846154 0.014616477272727302 0.03167307692307692
0 0.40063920454545454 0.25087499999999996 0.02130681818181818 0.0339423076923077
0 0.7772869318181819 0.2556826923076923 0.018380681818181734 0.026596153846153842
0 0.3325355113636364 0.22570192307692308 0.026321022727272728 0.027711538461538454
0 0.3225071022727273 0.24605769230769228 0.027997159090909104 0.02884615384615382
0 0.33149147727272726 0.2701057692307692 0.022556818181818174 0.029403846153846138
0 0.25858664772727274 0.48306730769230766 0.023821022727272743 0.0277115384615384
0 0.25357244318181815 0.4556346153846154 0.01796875000000001 0.029423076923076944
0 0.23727982954545457 0.5353846153846153 0.020468749999999994 0.027153846153846164
0 0.22328125 0.5775288461538461 0.02005681818181819 0.026596153846153926
0 0.22536931818181818 0.5506538461538462 0.021732954545454562 0.030538461538461528
0 0.010532670454545454 0.02432692307692308 0.02106534090909091 0.0345
0 0.39061079545454547 0.04893269230769231 0.02380681818181817 0.033942307692307695
0 0.8033948863636362 0.2503076923076923 0.022982954545454473 0.030538461538461528
0 0.10609375 0.110875 0.022982954545454556 0.031096153846153836
0 0.11987926136363636 0.09927884615384615 0.020468749999999994 0.02601923076923077
0 0.36972301136363633 0.1317980769230769 0.022968750000000024 0.027711538461538454
0 0.40063920454545454 0.11766346153846154 0.017954545454545435 0.022057692307692306
0 0.38852272727272724 0.1318076923076923 0.017130681818181823 0.025461538461538452
0 0.4035653409090909 0.1357596153846154 0.015454545454545448 0.019788461538461522
0 0.4089914772727272 0.14990384615384614 0.017130681818181823 0.024307692307692308
0 0.41338068181818177 0.17903846153846154 0.021732954545454562 0.029423076923076916
0 0.059296875000000006 0.36767307692307694 0.020468750000000004 0.028846153846153848
0 0.07287642045454545 0.36003846153846153 0.015866477272727275 0.027153846153846164
0 0.7286079545454546 0.2191923076923077 0.021306818181818264 0.028269230769230776
0 0.04822443181818182 0.3515576923076923 0.01670454545454545 0.022615384615384596
0 0.09752130681818182 0.27858653846153847 0.020894886363636376 0.024903846153846186
0 0.22912642045454545 0.18808653846153847 0.019218750000000003 0.02490384615384616
0 0.21576704545454548 0.19147115384615385 0.01588068181818183 0.020365384615384622
0 0.1159090909090909 0.27802884615384615 0.01755681818181818 0.02601923076923077
0 0.09188920454545454 0.23078846153846155 0.017130681818181823 0.028846153846153848
0 0.0774715909090909 0.22372115384615388 0.018380681818181813 0.028288461538461526
0 0.06598011363636364 0.20900961538461538 0.02130681818181818 0.028288461538461554
0 0.03652698863636364 0.2330576923076923 0.02004261363636364 0.023192307692307696
0 0.050099431818181814 0.22060576923076924 0.017130681818181816 0.027711538461538454
0 0.7403125 0.3982211538461538 0.02465909090909093 0.031096153846153822
0 0.03777698863636363 0.2084423076923077 0.019218750000000003 0.02488461538461538
0 0.3958380681818182 0.19063461538461537 0.022556818181818174 0.02657692307692309
0 0.37557528409090907 0.17309615384615382 0.02214488636363633 0.0311153846153846
0 0.3818323863636363 0.1533076923076923 0.017130681818181823 0.023192307692307696
0 0.36157670454545454 0.1510384615384615 0.0208806818181818 0.02657692307692309
0 0.3609446022727273 0.18751923076923074 0.01796875000000001 0.029423076923076916
0 0.34527698863636364 0.18355769230769228 0.020894886363636376 0.028269230769230776
0 0.34590909090909094 0.15697115384615384 0.019630681818181808 0.02601923076923077
0 0.3195809659090909 0.12190384615384615 0.02214488636363637 0.030538461538461528
0 0.3231392045454546 0.09674038461538462 0.020880681818181843 0.027711538461538454
0 0.7593181818181818 0.38435576923076925 0.02005681818181819 0.02601923076923077
0 0.3147798295454546 0.14905769230769228 0.021718749999999988 0.028269230769230776
0 0.33274857954545456 0.07212500000000001 0.020894886363636376 0.026019230769230777
0 0.35363636363636364 0.05487499999999999 0.01670454545454544 0.02998076923076923
0 0.3369247159090909 0.051480769230769226 0.017542613636363627 0.02319230769230769
0 0.34590909090909094 0.028855769230769233 0.022982954545454556 0.02659615384615385
0 0.617265625 0.07269230769230768 0.02171874999999995 0.02942307692307693
0 0.6266690340909091 0.05402884615384615 0.016292613636363674 0.02490384615384615
0 0.6429616477272727 0.060250000000000005 0.017968750000000047 0.030538461538461542
0 0.6609303977272728 0.061384615384615385 0.018792613636363663 0.028269230769230776
0 0.7981747159090908 0.061384615384615385 0.022571022727272707 0.035076923076923075
0 0.7085582386363636 0.5724423076923076 0.024644886363636397 0.034499999999999996
0 0.7664204545454545 0.043278846153846154 0.021732954545454642 0.03394230769230769
0 0.7829261363636365 0.050346153846153846 0.017130681818181902 0.03111538461538462
0 0.7802130681818181 0.09617307692307692 0.022556818181818174 0.028846153846153848
0 0.7764559659090909 0.06958653846153846 0.029247159090908973 0.025442307692307688
0 0.7386363636363636 0.17225 0.022982954545454556 0.030538461538461556
0 0.7411434659090909 0.14396153846153847 0.02214488636363625 0.029423076923076944
0 0.7894034090909091 0.13463461538461538 0.02005681818181819 0.027730769230769232
0 0.7954545454545454 0.1103076923076923 0.03551136363636364 0.028846153846153848
0 0.8472656249999999 0.12161538461538461 0.024644886363636397 0.028846153846153834
0 0.8685724431818183 0.10720192307692308 0.028821022727272674 0.029403846153846152
0 0.3509232954545455 0.2426730769230769 0.02380681818181821 0.032230769230769216
0 0.7545170454545456 0.6205192307692307 0.02465909090909093 0.026576923076923064
0 0.8336860795454545 0.14339423076923077 0.027571022727272684 0.0339423076923077
0 0.595965909090909 0.03649038461538462 0.024232954545454547 0.03732692307692308
0 0.891768465909091 0.04186538461538462 0.02339488636363624 0.03338461538461538
0 0.9400213068181817 0.07551923076923076 0.02632102272727269 0.03507692307692308
0 0.922684659090909 0.061663461538461535 0.02423295454545463 0.02998076923076923
0 0.8997017045454545 0.07722115384615384 0.025909090909090923 0.03732692307692308
0 0.9231036931818182 0.035653846153846154 0.01921874999999996 0.023192307692307693
0 0.9080610795454547 0.030846153846153846 0.01754261363636367 0.027153846153846157
0 0.9013707386363637 0.012307692307692308 0.020894886363636254 0.024615384615384615
0 0.8854971590909091 0.008913461538461539 0.02088068181818188 0.017826923076923077
0 0.7474147727272729 0.595346153846154 0.022982954545454473 0.029423076923076944
0 0.9659232954545455 0.01160576923076923 0.027159090909090914 0.022634615384615385
0 0.9922585227272727 0.02008653846153846 0.015482954545454513 0.03394230769230769
0 0.9456605113636364 0.034519230769230774 0.023394886363636402 0.0345
0 0.9648792613636363 0.04017307692307692 0.02171874999999995 0.027730769230769232
0 0.9822159090909092 0.05318269230769231 0.019630681818181728 0.02771153846153846
0 0.9665482954545456 0.0693076923076923 0.021732954545454642 0.030538461538461528
0 0.9905681818181818 0.07354807692307694 0.018806818181818195 0.033365384615384616
0 0.8389275568181819 0.8715769230769231 0.023678977272727376 0.03207692307692309
0 0.9127272727272726 0.920826923076923 0.019034090909090876 0.029769230769230805
0 0.832578125 0.7848365384615384 0.021150568181818163 0.02805769230769237
0 0.6364914772727274 0.623625 0.024232954545454547 0.036211538461538434
0 0.8772017045454544 0.793423076923077 0.019886363636363636 0.024615384615384636
0 0.902159090909091 0.8197596153846154 0.01903409090909104 0.025750000000000082
0 0.8909446022727271 0.804298076923077 0.021150568181818163 0.02348076923076919
0 0.8613423295454545 0.780826923076923 0.020298295454545402 0.029192307692307705
0 0.8118536931818183 0.9700673076923076 0.01944602272727264 0.02405769230769229
0 0.8266619318181818 0.9520288461538462 0.018607954545454577 0.02690384615384617
0 0.8315198863636364 0.9268365384615386 0.021562500000000092 0.02463461538461539
0 0.9820880681818182 0.7819711538461539 0.02241477272727269 0.02463461538461528
0 0.8513991477272728 0.8990673076923077 0.01734375000000005 0.02748076923076927
0 0.8833380681818181 0.8667115384615385 0.018607954545454417 0.026923076923076925
0 0.6400426136363636 0.6626538461538461 0.02130681818181818 0.027153846153846164
0 0.871278409090909 0.8475288461538462 0.019886363636363636 0.02748076923076927
0 0.8471732954545454 0.8025769230769232 0.01818181818181812 0.024615384615384636
0 0.9051136363636364 0.8959134615384615 0.02241477272727285 0.02805769230769237
0 0.8939062499999999 0.918826923076923 0.020312500000000098 0.030346153846153905
0 0.8826988636363636 0.8907596153846155 0.02241477272727269 0.02463461538461539
0 0.8547798295454545 0.8260576923076922 0.024105113636363674 0.024615384615384636
0 0.830887784090909 0.8123173076923076 0.020298295454545565 0.029211538461538455
0 0.7769673295454546 0.7814038461538462 0.01734375000000005 0.025769230769230725
0 0.8107954545454544 0.7845480769230769 0.019034090909090876 0.0229038461538462
0 0.7644886363636364 0.8034423076923076 0.018607954545454577 0.02750000000000002
0 0.6494389204545455 0.6417211538461538 0.027571022727272763 0.029403846153846083
0 0.8327911931818183 0.8967788461538463 0.02157670454545446 0.032057692307692336
0 0.9082883522727272 0.8715865384615386 0.02200284090909076 0.0229038461538462
0 0.8649360795454545 0.9594711538461539 0.024105113636363674 0.02805769230769237
0 0.8091051136363636 0.9397211538461538 0.02241477272727269 0.03436538461538451
0 0.7962073863636363 0.9205384615384615 0.019460227272727337 0.022346153846153856
0 0.8494957386363637 0.9334230769230769 0.021150568181818163 0.029769230769230805
0 0.7200781250000001 0.9904711538461538 0.020298295454545482 0.019057692307692355
0 0.7725213068181819 0.9586250000000001 0.016917613636363592 0.0229038461538462
0 0.7816122159090909 0.9809423076923077 0.019872159090909104 0.025192307692307625
0 0.801072443181818 0.98725 0.01734374999999989 0.025192307692307625
0 0.6600923295454545 0.6663365384615385 0.021321022727272713 0.029980769230769293
0 0.7894389204545454 0.9013557692307692 0.022826704545454456 0.02863461538461536
0 0.895390625 0.878451923076923 0.01734375000000005 0.02748076923076927
0 0.900887784090909 0.8443846153846154 0.02748579545454549 0.03149999999999999
0 0.009609375 0.869326923076923 0.01921875 0.03419230769230764
0 0.031001420454545455 0.8893173076923077 0.020127840909090908 0.02667307692307693
0 0.04534090909090909 0.8991826923076924 0.020539772727272722 0.028980769230769216
0 0.06097301136363636 0.913375 0.02098011363636364 0.030711538461538405
0 0.08943892045454545 0.9081634615384615 0.02311079545454545 0.02609615384615383
0 0.08644176136363636 0.9301923076923077 0.020553977272727283 0.023769230769230796
0 0.07424005681818181 0.9440961538461538 0.023536931818181818 0.03303846153846155
0 0.6343963068181818 0.6982884615384616 0.022571022727272707 0.029423076923076944
0 0.044701704545454544 0.9919038461538461 0.02269886363636364 0.016192307692307725
0 0.15730113636363635 0.8826538461538462 0.020113636363636358 0.02607692307692308
0 0.17720880681818182 0.8733749999999999 0.02311079545454543 0.028403846153846227
0 0.16136363636363635 0.8632403846153845 0.01883522727272728 0.02086538461538466
0 0.15794744318181816 0.8377307692307693 0.02055397727272729 0.03130769230769226
0 0.17399857954545456 0.8070096153846154 0.018423295454545432 0.02667307692307693
0 0.19562500000000005 0.815125 0.023125000000000003 0.030134615384615416
0 0.19926136363636363 0.9681538461538461 0.0175568181818182 0.027807692307692377
0 0.21338778409090908 0.9646730769230769 0.014133522727272712 0.024346153846153785
0 0.22923295454545453 0.9632307692307692 0.0175568181818182 0.024923076923076992
0 0.7125213068181818 0.7110192307692308 0.025071022727272695 0.032230769230769216
0 0.22237926136363637 0.9823557692307692 0.02098011363636365 0.019134615384615253
0 0.20610795454545458 0.9945096153846154 0.02269886363636362 0.0109807692307693
0 0.1814914772727273 0.9612019230769231 0.01883522727272728 0.02667307692307693
0 0.1802059659090909 0.9936442307692307 0.018849431818181814 0.012711538461538488
0 0.16500710227272727 0.9893173076923077 0.02183238636363635 0.02028846153846156
0 0.146171875 0.9771442307692307 0.01927556818181817 0.02840384615384612
0 0.16286931818181818 0.9658365384615385 0.02355113636363636 0.02667307692307693
0 0.17206676136363638 0.9385961538461538 0.020553977272727272 0.03361538461538465
0 0.12968749999999998 0.9235192307692308 0.01798295454545454 0.02665384615384618
0 0.17806107954545453 0.8994711538461538 0.02140624999999999 0.02725000000000003
0 0.6907954545454547 0.7163942307692307 0.018380681818181813 0.031673076923076866
0 0.1427414772727273 0.8632403846153845 0.02440340909090908 0.02667307692307693
0 0.13803267045454545 0.889028846153846 0.01927556818181817 0.02609615384615383
0 0.05283380681818182 0.8658461538461538 0.021832386363636366 0.029576923076923067
0 0.05647017045454545 0.8380288461538461 0.02140625 0.02725000000000003
0 0.032279829545454546 0.8064326923076923 0.019275568181818185 0.028980769230769216
0 0.05154829545454545 0.8160000000000001 0.020113636363636358 0.02607692307692308
0 0.08088068181818181 0.8197596153846154 0.023977272727272722 0.030134615384615416
0 0.2127414772727273 0.6670192307692309 0.023977272727272722 0.03303846153846155
0 0.2570596590909091 0.6531153846153847 0.020965909090909077 0.028384615384615366
0 0.29816051136363636 0.6890576923076923 0.01927556818181817 0.03188461538461546
0 0.6813991477272727 0.6985673076923077 0.024644886363636397 0.032249999999999966
0 0.24871448863636364 0.7162884615384616 0.019701704545454553 0.03303846153846155
0 0.20675426136363637 0.7215096153846154 0.02140624999999999 0.02840384615384612
0 0.2043963068181818 0.6928173076923076 0.02012784090909089 0.028980769230769216
0 0.1928409090909091 0.6760192307692308 0.02355113636363638 0.03246153846153856
0 0.09479403409090909 0.6997788461538461 0.02183238636363637 0.02782692307692313
0 0.01215909090909091 0.6479038461538461 0.019261363636363635 0.024923076923076885
0 0.03356534090909091 0.6710865384615385 0.020113636363636365 0.028403846153846227
0 0.007897727272727272 0.6916634615384615 0.015795454545454543 0.02086538461538455
0 0.011732954545454545 0.6734038461538461 0.019261363636363635 0.024923076923076885
0 0.01879971590909091 0.9930865384615384 0.026548295454545453 0.01274999999999999
0 0.39291193181818185 0.2330576923076923 0.022556818181818174 0.031115384615384628
0 0.7845951704545455 0.6799038461538461 0.018792613636363663 0.032230769230769216
0 0.07809659090909092 0.9898750000000001 0.02269886363636363 0.02024999999999995
0 0.07466619318181818 0.9727884615384615 0.02268465909090909 0.0220384615384615
0 0.18577414772727271 0.835125 0.01626420454545453 0.029557692307692316
0 0.18919744318181816 0.9348173076923078 0.01455965909090909 0.02840384615384612
0 0.18427556818181817 0.915701923076923 0.02184659090909088 0.02028846153846156
0 0.2883167613636364 0.6725288461538462 0.02098011363636365 0.02782692307692302
0 0.3257741477272727 0.6623942307692308 0.02225852272727275 0.02724999999999992
0 0.3189275568181818 0.6476057692307692 0.02311079545454547 0.030134615384615305
0 0.30993607954545455 0.6177596153846154 0.02569602272727273 0.02840384615384612
0 0.27889204545454543 0.6163076923076923 0.01670454545454544 0.023192307692307696
0 0.8031889204545454 0.6895192307692308 0.02171875000000011 0.032230769230769216
0 0.28916903409090905 0.6009423076923077 0.02183238636363637 0.023769230769230796
0 0.19454545454545452 0.8571442307692309 0.01755681818181816 0.021442307692307757
0 0.20011363636363635 0.8780192307692307 0.02355113636363634 0.030730769230769266
0 0.2240909090909091 0.820346153846154 0.01840909090909092 0.024346153846153896
0 0.2007599431818182 0.8423653846153846 0.01626420454545453 0.024346153846153896
0 0.21274147727272724 0.8301923076923077 0.0188352272727273 0.024346153846153785
0 0.239296875 0.7455673076923078 0.02140624999999999 0.03594230769230769
0 0.15925426136363638 0.6927980769230769 0.022116477272727284 0.028750000000000088
0 0.2413849431818182 0.7881442307692308 0.022542613636363642 0.02348076923076919
0 0.15275568181818183 0.8045769230769231 0.023835227272727275 0.03169230769230773
0 0.8232457386363637 0.6940480769230769 0.020894886363636254 0.026596153846153815
0 0.2023792613636364 0.7523461538461539 0.019928977272727275 0.03169230769230762
0 0.18720880681818183 0.7623269230769231 0.019928977272727275 0.027000000000000038
0 0.11049715909090908 0.8594423076923077 0.015596590909090914 0.02288461538461545
0 0.10030539772727275 0.8474134615384615 0.01603693181818183 0.021134615384615293
0 0.10095880681818183 0.8242403846153846 0.019076704545454556 0.02405769230769229
0 0.11418323863636362 0.8151346153846154 0.019502840909090914 0.02111538461538465
0 0.8187286931818182 0.9896346153846154 0.017542613636363506 0.020730769230769178
0 0.8586647727272727 0.9133461538461538 0.01579545454545439 0.023769230769230796
0 0.8751065340909091 0.9145288461538462 0.02413352272727274 0.03444230769230763
0 0.881640625 0.9420096153846155 0.022002840909090923 0.026326923076923074
0 0.8399573863636363 0.7115865384615384 0.02005681818181819 0.02771153846153851
0 0.7548934659090908 0.93175 0.021491477272727266 0.022576923076923095
0 0.8211505681818181 0.8361249999999999 0.01974431818181815 0.02971153846153844
0 0.8084161931818182 0.7642500000000001 0.01535511363636356 0.018999999999999993
0 0.7241832386363637 0.8203750000000001 0.01711647727272729 0.023173076923076946
0 0.730759943181818 0.7995865384615384 0.017997159090909032 0.024365384615384646
0 0.7132102272727273 0.8812692307692308 0.011846590909090874 0.018999999999999993
0 0.7513849431818183 0.9124519230769231 0.01535511363636356 0.01721153846153844
0 0.816981534090909 0.9166153846153846 0.020184659090909142 0.025538461538461486
0 0.8156605113636364 0.8099807692307692 0.011406249999999962 0.023769230769230796
0 0.6636363636363636 0.8533461538461539 0.01974431818181815 0.024961538461538497
0 0.8585511363636363 0.7135576923076923 0.02130681818181818 0.027153846153846164
0 0.6487144886363636 0.8682019230769231 0.026775568181818213 0.026134615384615336
0 0.646299715909091 0.8001826923076923 0.019303977272727316 0.027903846153846244
0 0.6548579545454545 0.7882980769230769 0.020624999999999973 0.020788461538461544
0 0.9900710227272728 0.805826923076923 0.01974431818181831 0.033269230769230794
0 0.9755823863636363 0.7995865384615384 0.012727272727272617 0.020788461538461544
0 0.8895880681818181 0.7770192307692307 0.01974431818181815 0.025538461538461486
0 0.8990198863636365 0.63 0.021931818181818098 0.03207692307692309
0 0.8299218750000001 0.6531634615384615 0.021491477272727266 0.026134615384615336
0 0.8233380681818182 0.629403846153846 0.020624999999999973 0.028499999999999987
0 0.837599431818182 0.6795961538461538 0.014034090909090902 0.029115384615384588
0 0.8631463068181818 0.7384519230769231 0.022144886363636408 0.030557692307692282
0 0.8386931818181819 0.8346346153846154 0.014488636363636266 0.019615384615384594
0 0.8468110795454545 0.8471057692307692 0.021065340909090968 0.023173076923076835
0 0.8577769886363636 0.861375 0.021065340909090804 0.03148076923076924
0 0.9968963068181819 0.755923076923077 0.00620738636363637 0.03207692307692309
0 0.9865553977272726 0.7485 0.02061079545454544 0.026730769230769297
0 0.9718536931818181 0.622875 0.020184659090908982 0.026134615384615336
0 0.8808167613636364 0.6237692307692307 0.016235795454545385 0.026730769230769186
0 0.8713849431818183 0.6136730769230769 0.018423295454545494 0.025538461538461486
0 0.8665553977272729 0.41586538461538464 0.01842329545454533 0.026730769230769186
0 0.8505397727272727 0.41824038461538465 0.0179829545454545 0.027903846153846192
0 0.8428764204545455 0.7441057692307692 0.020894886363636414 0.03167307692307698
0 0.859971590909091 0.39448076923076925 0.0175568181818182 0.02315384615384614
0 0.8472514204545455 0.39922115384615386 0.013167613636363611 0.020788461538461544
0 0.7943821022727271 0.3710096153846154 0.021491477272727266 0.027326923076923092
0 0.7827556818181818 0.38526923076923075 0.014914772727272728 0.022576923076923095
0 0.7739772727272727 0.40338461538461534 0.016676136363636376 0.029115384615384644
0 0.7930610795454546 0.4042788461538461 0.022372159090909092 0.03090384615384614
0 0.8016264204545455 0.4669423076923077 0.019303977272727316 0.02434615384615384
0 0.8224573863636363 0.4767403846153846 0.0215056818181818 0.027326923076923037
0 0.7300994318181818 0.4856634615384615 0.016676136363636376 0.026134615384615336
0 0.7597159090909091 0.4137788461538462 0.018863636363636326 0.02374999999999999
0 0.7848011363636364 0.7296826923076923 0.018380681818181897 0.031096153846153766
0 0.7004900568181818 0.4642788461538462 0.016235795454545465 0.028519230769230793
0 0.8354048295454546 0.43427884615384615 0.017542613636363506 0.02436538461538459
0 0.7588423295454546 0.5245673076923076 0.02061079545454544 0.027903846153846137
0 0.7426065340909092 0.5385288461538461 0.018877840909091018 0.027326923076923037
0 0.7443607954545454 0.5619903846153846 0.018863636363636326 0.024365384615384646
0 0.7827556818181818 0.5296153846153846 0.018437499999999864 0.033269230769230794
0 0.7959232954545453 0.5379326923076924 0.015795454545454553 0.02971153846153844
0 0.7827556818181818 0.5640673076923077 0.024573863636363734 0.035634615384615334
0 0.9633025568181818 0.5979326923076922 0.02589488636363639 0.027326923076923037
0 0.9940198863636364 0.5438653846153845 0.011846590909090954 0.029692307692307688
0 0.7987997159090909 0.7364711538461539 0.018792613636363663 0.029980769230769182
0 0.9951136363636363 0.5168461538461538 0.008778409090909019 0.023153846153846084
0 0.9926988636363636 0.4714038461538461 0.014488636363636427 0.020192307692307693
0 0.9887784090909091 0.45476923076923076 0.022443181818181755 0.018999999999999993
0 0.9374147727272728 0.6204999999999999 0.01974431818181815 0.022576923076922984
0 0.9549644886363637 0.6231730769230769 0.014474431818181734 0.02315384615384619
0 0.9435582386363636 0.607423076923077 0.02413352272727274 0.022576923076923095
0 0.7531321022727272 0.3389326923076923 0.01535511363636372 0.02494230769230769
0 0.6787713068181819 0.6498942307692308 0.021065340909090888 0.03148076923076924
0 0.6921519886363636 0.11321153846153846 0.018877840909090938 0.023769230769230768
0 0.7000497159090909 0.04015384615384616 0.023252840909090914 0.03326923076923077
0 0.8190696022727273 0.7384519230769231 0.023394886363636402 0.03167307692307698
0 0.7108025568181818 0.017875000000000002 0.019303977272727237 0.030288461538461542
0 0.5782883522727272 0.010576923076923078 0.019303977272727316 0.021153846153846155
0 0.61734375 0.004932692307692307 0.01931818181818185 0.009865384615384614
0 0.074140625 0.2977403846153846 0.02268465909090909 0.03840384615384615
0 0.2931889204545455 0.1524519230769231 0.025383522727272734 0.026634615384615402
0 0.3230113636363636 0.17800961538461538 0.022840909090909068 0.05024999999999999
0 0.30984375 0.20227884615384617 0.015539772727272723 0.019749999999999993
0 0.29699573863636364 0.2104326923076923 0.02600852272727273 0.0300576923076923
0 0.002386363636363636 0.6583076923076923 0.004772727272727272 0.017807692307692292
0 0.048203125000000006 0.9380865384615384 0.021065340909090912 0.02851923076923085
0 0.37014204545454543 0.20816346153846155 0.02380681818181817 0.032249999999999994
0 0.9327059659090909 0.6674615384615386 0.027571022727272843 0.031115384615384628
0 0.039651988636363635 0.9731346153846154 0.018877840909090914 0.023769230769230796
0 0.004360795454545454 0.9758076923076923 0.008721590909090908 0.025538461538461486
0 0.996640625 0.8965096153846154 0.006718750000000026 0.027326923076923148
0 0.7159943181818181 0.6496923076923078 0.021051136363636435 0.038615384615384586
0 0.3314275568181818 0.9395769230769232 0.01711647727272725 0.017230769230769192
0 0.39570312500000004 0.9018557692307693 0.021065340909090888 0.027326923076923037
0 0.38648437500000005 0.9146153846153846 0.021065340909090888 0.025538461538461597
0 0.3788068181818182 0.9232307692307692 0.017102272727272674 0.022576923076923095
0 0.6960298295454546 0.6571153846153845 0.02061079545454544 0.04276923076923079
0 0.7993607954545454 0.9559038461538462 0.01579545454545439 0.020192307692307693
0 0.9057599431818182 0.6734038461538461 0.025497159090909157 0.036192307692307676
0 0.789921875 0.9624423076923078 0.021491477272727266 0.029692307692307688
0 0.8447656250000001 0.9547115384615386 0.022372159090909092 0.033269230769230794
0 0.8368678977272727 0.9731346153846154 0.030269886363636287 0.028500000000000095
0 0.8351136363636364 0.9895384615384615 0.0179829545454545 0.020923076923076916
0 0.7728124999999999 0.9900673076923078 0.014488636363636266 0.019596153846153732
0 0.7881676136363637 0.9960673076923076 0.016221590909091012 0.007865384615384677
0 0.7668892045454545 0.9107596153846155 0.014914772727272728 0.027326923076923037
0 0.777421875 0.9092788461538462 0.011406250000000123 0.020788461538461544
0 0.878984375 0.7711730769230769 0.008338068181818188 0.013076923076923099
0 0.8982954545454546 0.7616634615384615 0.01096590909090913 0.019019230769230743
0 0.9343821022727273 0.6391826923076923 0.02339488636363624 0.025442307692307726
0 0.884474431818182 0.7480096153846154 0.02369318181818175 0.03563461538461544
0 0.8210724431818183 0.6719615384615385 0.023252840909090914 0.021384615384615394
0 0.12433238636363636 0.8638365384615384 0.017102272727272716 0.026134615384615447
0 0.20571732954545452 0.8962115384615384 0.020184659090909104 0.0291153846153847
0 0.2184375 0.8537403846153846 0.02369318181818183 0.027326923076923148
0 0.1728125 0.8391826923076923 0.01053977272727273 0.023173076923076835
0 0.3467826704545454 0.966 0.015355113636363639 0.022576923076923095
0 0.35708806818181815 0.954721153846154 0.014914772727272728 0.028519230769230738
0 0.33230113636363634 0.9582884615384616 0.016221590909090932 0.021384615384615394
0 0.34458806818181814 0.9434326923076923 0.01798295454545454 0.028519230769230738
0 0.9629971590909091 0.6892403846153846 0.02465909090909093 0.027134615384615302
0 0.31387784090909093 0.9695673076923076 0.020624999999999973 0.038019230769230625
0 0.2906889204545454 0.6334903846153846 0.016093750000000018 0.04401923076923074
0 0.23790482954545455 0.8065961538461538 0.02012784090909089 0.02053846153846155
0 0.25029119318181814 0.8105769230769231 0.011463068181818213 0.020961538461538417
0 0.32613636363636367 0.7110288461538462 0.023210227272727278 0.026403846153846187
0 0.33727982954545455 0.7213076923076923 0.019502840909090893 0.02430769230769228
0 0.39826704545454544 0.5207499999999999 0.026931818181818234 0.03226923076923083
0 0.38310369318181825 0.5251442307692309 0.023849431818181846 0.0318653846153846
0 0.5165411931818181 0.44884615384615384 0.01927556818181817 0.021538461538461517
0 0.451875 0.5234615384615384 0.019034090909090876 0.020615384615384667
0 0.9538068181818182 0.7067692307692307 0.020482954545454648 0.027153846153846164
0 0.7018323863636364 0.15241346153846153 0.015653409090909145 0.021750000000000005
0 0.8564204545454545 0.1707403846153846 0.015227272727272766 0.027480769230769243
0 0.8718607954545454 0.17044230769230767 0.023267045454545447 0.03149999999999999
0 0.6644034090909091 0.1338076923076923 0.018607954545454577 0.025769230769230766
0 0.6493892045454545 0.10460576923076922 0.0181818181818182 0.0280576923076923
0 0.6899928977272727 0.010413461538461538 0.016491477272727293 0.018326923076923074
0 0.636278409090909 0.008067307692307693 0.019034090909090876 0.016134615384615386
0 0.7092400568181817 0.08141346153846155 0.019446022727272725 0.022903846153846146
0 0.7198082386363637 0.09801923076923076 0.023678977272727296 0.036653846153846155
0 0.7779616477272726 0.006346153846153846 0.020724431818181864 0.012692307692307692
0 0.9425213068181819 0.721201923076923 0.020468749999999956 0.02771153846153851
0 0.8760866477272727 0.1458269230769231 0.0207244318181817 0.023461538461538468
0 0.31992187499999997 0.020721153846153844 0.010582386363636348 0.018326923076923074
0 0.29137073863636365 0.1713076923076923 0.01353693181818178 0.016038461538461547
0 0.21058948863636362 0.0077788461538461535 0.019446022727272725 0.015557692307692307
0 0.23194602272727274 0.010644230769230769 0.019034090909090917 0.021288461538461537
0 0.22010653409090908 0.020423076923076926 0.024105113636363636 0.029192307692307694
0 0.22793323863636364 0.03559615384615384 0.020298295454545482 0.025192307692307687
0 0.5108735795454545 0.42325 0.020298295454545482 0.03549999999999996
0 0.25825994318181816 0.5079423076923076 0.01717329545454546 0.021653846153846135
0 0.2810511363636364 0.1295673076923077 0.01659090909090906 0.03125
0 0.9245596590909092 0.7245961538461538 0.017954545454545435 0.028846153846153848
0 0.2985227272727273 0.13397115384615382 0.01835227272727275 0.01925000000000001
0 0.2779474431818182 0.16209615384615383 0.01990056818181821 0.028269230769230776
0 0.2878977272727273 0.1041826923076923 0.01889204545454547 0.02963461538461539
0 0.21030539772727275 0.12775 0.01990056818181817 0.02692307692307694
0 0.23766335227272728 0.14929807692307692 0.02188920454545454 0.029634615384615377
0 0.2177627840909091 0.14761538461538462 0.01691761363636363 0.022230769230769235
0 0.20358664772727272 0.14391346153846155 0.011434659090909067 0.021557692307692295
0 0.18966619318181818 0.14290384615384616 0.016406250000000015 0.024923076923076937
0 0.1707599431818182 0.1095673076923077 0.016406249999999997 0.024249999999999997
0 0.472421875 0.32134615384615384 0.024872159090909077 0.03030769230769229
0 0.9097301136363637 0.7112980769230769 0.021732954545454642 0.035057692307692345
0 0.22721590909090905 0.16613461538461538 0.02187500000000001 0.020192307692307693
0 0.09142755681818181 0.07286538461538461 0.02188920454545454 0.0356923076923077
0 0.05039772727272727 0.08768269230769231 0.020397727272727265 0.022211538461538456
0 0.24909801136363638 0.19239423076923076 0.020894886363636376 0.025596153846153852
0 0.26203125 0.1957596153846154 0.017897727272727305 0.021557692307692323
0 0.2500923295454545 0.2129326923076923 0.01492897727272726 0.020865384615384633
0 0.21627130681818182 0.23515384615384616 0.02188920454545454 0.020884615384615383
0 0.22 0.2546826923076923 0.020397727272727293 0.020865384615384633
0 0.12699573863636363 0.2287596153846154 0.01740056818181818 0.026942307692307675
0 0.13221590909090908 0.2536730769230769 0.017897727272727263 0.022884615384615423
0 0.9237215909090909 0.7896442307692307 0.022982954545454473 0.029980769230769293
0 0.23421874999999998 0.23582692307692307 0.016818181818181822 0.02626923076923079
0 0.17847301136363636 0.19172115384615385 0.022883522727272707 0.026942307692307703
0 0.17897017045454547 0.2179903846153846 0.022883522727272745 0.025596153846153852
0 0.063828125 0.18128846153846156 0.01740056818181818 0.027615384615384615
0 0.11157670454545456 0.13280769230769232 0.020397727272727272 0.0276153846153846
0 0.2602911931818182 0.1573846153846154 0.01541193181818181 0.021538461538461545
0 0.26053977272727274 0.17589423076923077 0.017897727272727263 0.018173076923076927
0 0.19612926136363634 0.20283653846153846 0.022372159090909092 0.03028846153846154
0 0.30331676136363633 0.11158653846153846 0.015923295454545426 0.028288461538461526
0 0.1603196022727273 0.08196153846153847 0.019389204545454532 0.028269230769230762
0 0.9164133522727272 0.7653173076923078 0.022571022727272707 0.02544230769230762
0 0.14490056818181818 0.04930769230769231 0.013437499999999991 0.02357692307692307
0 0.13097301136363637 0.05300961538461538 0.02038352272727272 0.024249999999999994
0 0.11953125 0.060413461538461534 0.016420454545454547 0.026942307692307696
0 0.20543323863636365 0.544423076923077 0.01637784090909087 0.02453846153846152
0 0.5233380681818182 0.414951923076923 0.01812499999999999 0.02374999999999999
0 0.3961221590909091 0.16035576923076922 0.01872159090909092 0.034057692307692296
0 0.24227982954545454 0.04750961538461538 0.01637784090909091 0.022173076923076917
0 0.2487215909090909 0.08315384615384616 0.021051136363636355 0.026923076923076925
0 0.26772727272727276 0.07523076923076923 0.020482954545454526 0.023769230769230768
0 0.2440411931818182 0.021375000000000005 0.021065340909090926 0.03167307692307693
0 0.40084517045454543 0.3351442307692307 0.020894886363636414 0.03167307692307692
0 0.9053409090909091 0.7452307692307691 0.022982954545454636 0.030538461538461528
0 0.22327414772727272 0.057019230769230766 0.020468749999999994 0.026923076923076925
0 0.25865767045454546 0.05266346153846154 0.01754261363636367 0.024557692307692315
0 0.194609375 0.058596153846153846 0.020468749999999994 0.026923076923076925
0 0.29814630681818177 0.18807692307692306 0.012286931818181827 0.021384615384615394
0 0.2820596590909091 0.1916346153846154 0.02221590909090907 0.033269230769230766
0 0.2618821022727273 0.027721153846153843 0.01813920454545456 0.02217307692307692
0 0.2776704545454545 0.036423076923076926 0.01696022727272727 0.025346153846153848
0 0.2940482954545454 0.04078846153846154 0.01812499999999999 0.030884615384615382
0 0.30662642045454547 0.030490384615384617 0.01637784090909091 0.02613461538461538
0 0.3607315340909091 0.010692307692307694 0.025156250000000012 0.019807692307692307
0 0.8675355113636364 0.7624903846153847 0.01921874999999996 0.02205769230769236
0 0.5055752840909091 0.011076923076923076 0.021150568181818163 0.022153846153846152
0 0.48794744318181815 0.0066442307692307695 0.02214488636363633 0.013288461538461539
0 0.3120099431818182 0.2676153846153846 0.020894886363636334 0.02488461538461538
0 0.006640625 0.2319807692307692 0.01328125 0.027153846153846164
0 0.005596590909090909 0.20709615384615385 0.011193181818181817 0.030538461538461528
0 0.019332386363636364 0.20398076923076922 0.01713068181818182 0.01865384615384616
0 0.007684659090909091 0.18163461538461537 0.015369318181818182 0.022615384615384624
0 0.010355113636363636 0.161 0.01502840909090909 0.023192307692307696
0 0.10164062500000001 0.047009615384615386 0.020468750000000015 0.02828846153846154
0 0.08242187499999999 0.04814423076923077 0.017968749999999988 0.02601923076923077
0 0.5719318181818182 0.8691153846153847 0.022982954545454556 0.032807692307692315
0 0.07406960227272727 0.06850961538461539 0.01711647727272728 0.02490384615384616
0 0.14614346590909089 0.016182692307692308 0.020894886363636355 0.02771153846153846
0 0.02184659090909091 0.22292307692307692 0.019630681818181814 0.027153846153846164
0 0.028529829545454546 0.3841346153846154 0.014616477272727274 0.022615384615384596
0 0.12337357954545455 0.31540384615384615 0.02214488636363637 0.034499999999999996
0 0.3897727272727272 0.3710769230769231 0.02130681818181818 0.028846153846153848
0 0.44973011363636367 0.3781346153846154 0.022556818181818174 0.030538461538461528
0 0.4509872159090909 0.29809615384615384 0.025071022727272695 0.02546153846153848
0 0.47876420454545454 0.28706730769230765 0.02130681818181818 0.029403846153846138
0 0.529112215909091 0.257375 0.022571022727272707 0.032249999999999994
0 0.6945667613636364 0.879576923076923 0.023394886363636323 0.03338461538461541
0 0.47187500000000004 0.4680769230769231 0.021732954545454562 0.030538461538461528
0 0.42800426136363634 0.4593076923076923 0.020894886363636414 0.029961538461538432
0 0.4472230113636364 0.45648076923076925 0.01921875000000004 0.034499999999999996
0 0.5477059659090909 0.584875 0.02382102272727278 0.035634615384615334
0 0.5272301136363636 0.5916730769230768 0.02130681818181818 0.031115384615384628
0 0.502372159090909 0.31902884615384614 0.021732954545454562 0.029980769230769238
0 0.5270241477272727 0.4785384615384615 0.023394886363636323 0.02773076923076926
0 0.5115696022727273 0.4669423076923077 0.01921875000000004 0.023769230769230796
0 0.5186647727272727 0.5048365384615384 0.01670454545454544 0.026019230769230718
0 0.5034161931818182 0.5102115384615384 0.022968750000000024 0.032230769230769216
0 0.6740838068181818 0.8724999999999999 0.023394886363636402 0.035076923076923096
0 0.4912997159090909 0.48844230769230773 0.020468749999999956 0.02942307692307689
0 0.5063423295454546 0.48617307692307693 0.013792613636363608 0.030538461538461528
0 0.5042471590909091 0.5715865384615385 0.02130681818181818 0.035057692307692234
0 0.4862855113636364 0.5653653846153847 0.01964488636363634 0.03169230769230773
0 0.4676917613636364 0.5653653846153847 0.020894886363636414 0.032807692307692315
0 0.4624786931818182 0.5331250000000001 0.016292613636363595 0.027134615384615302
0 0.49151278409090904 0.4202788461538462 0.01921875000000004 0.029980769230769238
0 0.4852414772727273 0.6340865384615385 0.021732954545454562 0.03563461538461544
0 0.4727130681818182 0.6428557692307691 0.02005681818181819 0.03055769230769239
0 0.9887073863636363 0.12530769230769231 0.02258522727272724 0.0328076923076923
0 0.7996377840909091 0.5800673076923076 0.021321022727272713 0.029403846153846083
0 0.9571448863636363 0.12133653846153845 0.022982954545454473 0.02828846153846154
0 0.9558948863636364 0.14623076923076922 0.02130681818181818 0.023769230769230768
0 0.8702485795454545 0.2401153846153846 0.024644886363636397 0.03280769230769229
0 0.9216335227272728 0.2737788461538462 0.018806818181818195 0.027711538461538454
0 0.9028338068181818 0.2740576923076923 0.020468749999999956 0.02942307692307689
0 0.9383451704545455 0.2259807692307692 0.018792613636363663 0.030538461538461556
0 0.9458664772727272 0.20476923076923076 0.019630681818181728 0.02657692307692309
0 0.9609019886363636 0.2163653846153846 0.022144886363636408 0.033923076923076924
0 0.9462855113636363 0.16489423076923077 0.02296874999999994 0.03278846153846153
0 0.8898863636363636 0.15867307692307694 0.019630681818181728 0.032807692307692315
0 0.8288849431818183 0.5458557692307693 0.020468749999999956 0.02771153846153851
0 0.8817329545454545 0.12642307692307692 0.021732954545454482 0.0328076923076923
0 0.8405823863636364 0.16489423076923077 0.022130681818181716 0.029403846153846166
0 0.8407883522727272 0.1926153846153846 0.02171874999999995 0.027153846153846164
0 0.8629332386363636 0.2149519230769231 0.017542613636363506 0.024326923076923062
0 0.8460085227272726 0.2180576923076923 0.017130681818181902 0.032807692307692315
0 0.8618892045454545 0.1926153846153846 0.019630681818181728 0.021500000000000012
0 0.87484375 0.26840384615384616 0.02130681818181818 0.029423076923076944
0 0.8621022727272728 0.2814134615384615 0.022556818181818174 0.03621153846153848
0 0.9013707386363637 0.3724807692307692 0.020042613636363657 0.030538461538461528
0 0.8854900568181818 0.37729807692307693 0.01921874999999996 0.027711538461538454
0 0.8288778409090909 0.5150192307692307 0.02130681818181818 0.029423076923076837
0 0.9826349431818183 0.34306730769230764 0.024644886363636397 0.0339423076923077
0 0.9769886363636363 0.3719230769230769 0.02005681818181819 0.02488461538461538
0 0.9746946022727272 0.3953942307692308 0.020468749999999956 0.025442307692307674
0 0.9914204545454546 0.4016153846153846 0.017159090909090968 0.03338461538461541
0 0.9920454545454546 0.3722019230769231 0.015909090909090973 0.03563461538461539
0 0.995390625 0.3306346153846154 0.009218750000000013 0.032807692307692315
0 0.996015625 0.27802884615384615 0.00796875000000002 0.03167307692307692
0 0.995809659090909 0.1527403846153846 0.008380681818181785 0.03563461538461539
0 0.9251846590909092 0.2472019230769231 0.028409090909090908 0.029980769230769238
0 0.9182954545454546 0.22315384615384615 0.02130681818181818 0.023769230769230768
0 0.8857031250000001 0.44545192307692305 0.02296874999999994 0.03167307692307692
0 0.7693465909090907 0.5085192307692307 0.02005681818181819 0.031115384615384628
0 0.6876704545454545 0.44318269230769225 0.02130681818181818 0.028288461538461554
0 0.916825284090909 0.20421153846153844 0.02339488636363624 0.026576923076923064
0 0.905965909090909 0.2372884615384615 0.02005681818181819 0.027153846153846136
0 0.9015767045454546 0.13265384615384615 0.018806818181818195 0.037346153846153834
0 0.7275710227272728 0.14368269230769232 0.018380681818181734 0.03563461538461539
0 0.7332102272727273 0.24436538461538462 0.01963068181818189 0.029961538461538484
0 0.7190056818181818 0.2358846153846154 0.017130681818181902 0.026576923076923064
0 0.7137784090909091 0.16037500000000002 0.018380681818181897 0.028288461538461526
0 0.8539559659090908 0.3046057692307692 0.017968749999999967 0.024903846153846186
0 0.8142613636363637 0.5365192307692308 0.020482954545454648 0.027153846153846164
0 0.8531178977272728 0.3716346153846154 0.019644886363636423 0.02773076923076926
0 0.8618892045454545 0.3498557692307693 0.020482954545454648 0.028288461538461554
0 0.865234375 0.3275192307692308 0.02632102272727269 0.031115384615384628
0 0.8410014204545455 0.39000961538461537 0.020468749999999956 0.02601923076923077
0 0.6671946022727273 0.5110576923076923 0.01964488636363634 0.02488461538461549
0 0.6824431818181819 0.4658076923076923 0.021732954545454482 0.027153846153846164
0 0.7093892045454546 0.49126923076923074 0.02130681818181818 0.02715384615384611
0 0.8075781250000001 0.49126923076923074 0.022144886363636408 0.02715384615384611
0 0.6870383522727272 0.507951923076923 0.023394886363636402 0.031096153846153878
0 0.6778551136363636 0.48617307692307693 0.024232954545454547 0.023769230769230796
0 0.6377414772727273 0.2551057692307692 0.022556818181818258 0.02998076923076921
0 0.808203125 0.5565961538461539 0.020894886363636414 0.02546153846153848
0 0.7557670454545454 0.29216346153846157 0.017130681818181902 0.022634615384615406
0 0.7384303977272727 0.3014903846153846 0.020042613636363657 0.027711538461538454
0 0.6730468749999999 0.156125 0.020468749999999956 0.032249999999999994
0 0.6916335227272727 0.14028846153846156 0.02005681818181819 0.028846153846153848
0 0.7108522727272728 0.13265384615384615 0.018380681818181813 0.024884615384615394
0 0.23561079545454547 0.45620192307692314 0.018806818181818195 0.028288461538461554
0 0.22536931818181818 0.42480769230769233 0.022556818181818174 0.026576923076923064
0 0.22997159090909092 0.4420576923076923 0.02005681818181819 0.015846153846153864
0 0.03213778409090909 0.12841346153846156 0.01964488636363636 0.026596153846153842
0 0.06598011363636364 0.08316346153846155 0.018806818181818185 0.024326923076923076
0 0.8019389204545455 0.5169999999999999 0.020894886363636254 0.028846153846153848
0 0.06431107954545455 0.10634615384615384 0.01796875 0.023192307692307682
0 0.053650568181818174 0.1286923076923077 0.02005681818181818 0.027153846153846164
0 0.044460227272727276 0.10691346153846154 0.022556818181818185 0.0254423076923077
0 0.16938920454545456 0.235875 0.018380681818181813 0.027711538461538482
0 0.10693181818181818 0.25709615384615386 0.02130681818181818 0.027153846153846164
0 0.1954971590909091 0.2514423076923077 0.018806818181818195 0.019230769230769232
0 0.22578835227272726 0.21269230769230768 0.021718749999999988 0.028846153846153848
0 0.15246448863636364 0.2531346153846154 0.01964488636363636 0.02488461538461538
0 0.08186079545454544 0.09474999999999999 0.018806818181818185 0.02715384615384615
0 0.1267684659090909 0.02631730769230769 0.02171875000000001 0.029403846153846152
0 0.7875213068181818 0.49578846153846157 0.02296874999999994 0.028269230769230803
0 0.05950284090909091 0.15415384615384614 0.02173295454545454 0.030538461538461528
0 0.09083806818181818 0.12643269230769233 0.024232954545454547 0.028288461538461526
0 0.005191761363636364 0.29554807692307694 0.010014204545454545 0.03167307692307692
0 0.26757102272727273 0.21693269230769233 0.02005681818181819 0.028288461538461526
0 0.19320312499999998 0.23304807692307694 0.019218750000000003 0.024326923076923086
0 0.2071946022727273 0.22372115384615388 0.01796875000000001 0.022634615384615378
0 0.45745738636363636 0.3238365384615384 0.02380681818181817 0.027134615384615358
0 0.48231534090909084 0.3139423076923077 0.018380681818181813 0.02546153846153848
0 0.2308309659090909 0.269375 0.015809659090909086 0.022634615384615406
0 0.11265625 0.3239230769230769 0.017017045454545462 0.020192307692307693
0 0.9677982954545453 0.853 0.022556818181818174 0.028846153846153848
0 0.5105113636363636 0.9883942307692306 0.02156250000000001 0.022903846153846094
0 0.43966619318181815 0.8950576923076923 0.01862215909090903 0.030923076923077
0 0.3859517045454546 0.9649134615384616 0.022840909090909068 0.029788461538461555
0 0.39631392045454544 0.9445865384615385 0.020724431818181864 0.02805769230769237
0 0.35761363636363636 0.927701923076923 0.02198863636363635 0.028634615384615467
0 0.37263494318181817 0.9471634615384615 0.024105113636363636 0.029788461538461555
0 0.40033380681818187 0.9926826923076922 0.019446022727272725 0.014326923076922946
0 0.372421875 0.9896153846153847 0.03129261363636364 0.02076923076923079
0 0.3531747159090909 0.984951923076923 0.019019886363636385 0.02405769230769218
0 0.40984374999999995 0.9554615384615385 0.01903409090909096 0.025769230769230836
0 0.9878551136363637 0.8428076923076923 0.02423295454545463 0.02546153846153848
0 0.4229545454545454 0.9371442307692309 0.02241477272727269 0.02463461538461539
0 0.4288849431818181 0.9594711538461539 0.02157670454545454 0.02690384615384617
0 0.4151420454545454 0.9798076923076923 0.02622159090909096 0.025192307692307625
0 0.24342329545454547 0.9775096153846153 0.02198863636363639 0.029788461538461448
0 0.29798295454545454 0.9861057692307692 0.019460227272727258 0.02748076923076916
0 0.3781321022727273 0.8919038461538461 0.020724431818181784 0.029192307692307705
0 0.6067329545454545 0.853548076923077 0.02198863636363639 0.033788461538461524
0 0.6247017045454546 0.771375 0.023267045454545447 0.026326923076923074
0 0.6456392045454545 0.7696634615384615 0.022840909090909068 0.028634615384615467
0 0.9774431818181818 0.9915384615384614 0.02241477272727269 0.016615384615384587
0 0.9772017045454546 0.8224423076923078 0.02048295454545449 0.028846153846153848
0 0.9941122159090909 0.9932596153846154 0.01177556818181813 0.013173076923076748
0 0.9898792613636364 0.9752211538461538 0.020241477272727272 0.02748076923076916
0 0.9706676136363637 0.9737884615384615 0.021562500000000092 0.025769230769230836
0 0.955653409090909 0.9577596153846153 0.01775568181818182 0.02805769230769226
0 0.9702485795454546 0.9445865384615385 0.01819602272727281 0.030365384615384544
0 0.7746377840909091 0.9342788461538462 0.022002840909090923 0.02690384615384617
0 0.6966051136363636 0.946875 0.02156250000000001 0.029211538461538566
0 0.6798934659090908 0.9222596153846153 0.020298295454545482 0.02690384615384617
0 0.6756676136363636 0.9371442307692309 0.022840909090909068 0.02463461538461539
0 0.6524005681818181 0.9274038461538462 0.018607954545454497 0.025769230769230725
0 0.6776349431818182 0.8023653846153846 0.020468749999999956 0.029423076923076944
0 0.6549431818181818 0.9024999999999999 0.02113636363636363 0.026346153846153825
0 0.704637784090909 0.9933365384615386 0.01734375000000005 0.013326923076922981
0 0.7171164772727273 0.9654903846153846 0.020312500000000015 0.02863461538461536
0 0.7416477272727273 0.9514615384615385 0.018607954545454417 0.026923076923076925
0 0.7575071022727274 0.9560384615384615 0.019019886363636343 0.024615384615384636
0 0.7568678977272728 0.9896153846153847 0.020298295454545402 0.02076923076923079
0 0.6966051136363636 0.8180480769230769 0.02156250000000001 0.033788461538461524
0 0.7084517045454546 0.8369423076923077 0.02241477272727269 0.030346153846153905
0 0.6667897727272727 0.8289230769230769 0.022840909090909068 0.025769230769230836
0 0.6625568181818182 0.8077403846153846 0.019460227272727337 0.02348076923076919
0 0.7118963068181818 0.8049134615384615 0.020468749999999956 0.032249999999999966
0 0.9903764204545454 0.615701923076923 0.019247159090909027 0.029403846153846194
0 0.9886931818181818 0.5899711538461538 0.02005681818181819 0.024326923076923142
0 0.6649005681818182 0.2370096153846154 0.021732954545454562 0.032249999999999994
0 0.9951846590909091 0.5814903846153846 0.00963068181818178 0.0277115384615384
0 0.9838849431818182 0.5631057692307693 0.019644886363636423 0.029403846153846083
0 0.984090909090909 0.4881634615384615 0.02005681818181819 0.029980769230769182
0 0.829509943181818 0.601 0.01754261363636367 0.023769230769230796
0 0.8136292613636364 0.6134423076923077 0.020894886363636254 0.028269230769230748
0 0.8288849431818183 0.5747019230769231 0.022144886363636408 0.026596153846153815
0 0.8169744318181817 0.5877019230769231 0.018380681818181897 0.024326923076923142
0 0.41463778409090907 0.7237403846153847 0.02171875000000003 0.026019230769230826
0 0.3977130681818182 0.7474999999999999 0.02130681818181818 0.027153846153846164
0 0.3820454545454545 0.7342115384615385 0.01670454545454544 0.02546153846153848
0 0.6830752840909091 0.22427884615384616 0.02632102272727269 0.0339423076923077
0 0.28135653409090905 0.8363076923076923 0.020894886363636376 0.036192307692307676
0 0.29368607954545456 0.8199038461538461 0.02214488636363637 0.027153846153846164
0 0.2905539772727273 0.7941730769230769 0.024232954545454547 0.028846153846153848
0 0.3402627840909091 0.7508942307692308 0.020894886363636376 0.03055769230769239
0 0.32919744318181815 0.7359038461538462 0.01964488636363634 0.02430769230769228
0 0.35008522727272723 0.686125 0.017954545454545476 0.02771153846153851
0 0.349453125 0.62475 0.019218750000000003 0.027153846153846164
0 0.26046875 0.93275 0.021732954545454562 0.028846153846153848
0 0.2293394886363636 0.9265192307692308 0.023821022727272743 0.028846153846153848
0 0.20698863636363637 0.9367115384615385 0.023409090909090935 0.031115384615384628
0 0.693934659090909 0.20222115384615386 0.02130681818181818 0.02601923076923077
0 0.21534801136363638 0.9109711538461539 0.020894886363636376 0.0282884615384615
0 0.22328125 0.886923076923077 0.01670454545454544 0.031115384615384628
0 0.23706676136363633 0.8665673076923077 0.020894886363636376 0.024326923076923034
0 0.240625 0.891173076923077 0.019630681818181808 0.030538461538461528
0 0.23352272727272727 0.8411153846153846 0.019630681818181808 0.028846153846153848
0 0.240625 0.8213173076923077 0.015454545454545448 0.02205769230769225
0 0.27593039772727274 0.7435384615384615 0.019218750000000003 0.030538461538461528
0 0.26026278409090914 0.735625 0.02214488636363637 0.03394230769230776
0 0.3170809659090909 0.688673076923077 0.01964488636363634 0.029423076923076944
0 0.36011363636363636 0.6431346153846154 0.019630681818181808 0.028846153846153848
