0 0.3566122159090909 0.45143269230769234 0.053877840909090875 0.05517307692307692
0 0.8683096590909091 0.6597596153846154 0.04642045454545447 0.06894230769230773
0 0.4610582386363636 0.7979903846153847 0.022372159090909092 0.03425
0 0.4581392045454545 0.8246538461538462 0.04281250000000006 0.05334615384615386
0 0.4432954545454546 0.8487019230769232 0.06275568181818182 0.05663461538461536
0 0.4316193181818182 0.7406730769230769 0.0277272727272727 0.03161538461538461
0 0.42943181818181825 0.7696538461538462 0.027244318181818192 0.03161538461538461
0 0.4354332386363636 0.7180192307692308 0.026150568181818216 0.033192307692307674
0 0.4728196022727273 0.6419519230769232 0.033906250000000006 0.044826923076923084
0 0.44339488636363633 0.6286730769230768 0.02900568181818184 0.058076923076923054
0 0.4256178977272727 0.6781923076923076 0.03268465909090908 0.06749999999999994
0 0.4151917613636364 0.820451923076923 0.04529829545454544 0.05436538461538458
0 0.8705610795454546 0.7039903846153845 0.02299715909090917 0.03171153846153848
0 0.4066122159090909 0.7979134615384614 0.03845170454545454 0.060403846153846204
0 0.3890980113636363 0.7751442307692309 0.039133522727272746 0.07155769230769227
0 0.39854403409090916 0.7428365384615384 0.039474431818181846 0.05344230769230773
0 0.4011221590909091 0.7022307692307692 0.04133522727272731 0.05399999999999997
0 0.40039772727272727 0.6784807692307693 0.04278409090909092 0.054653846153846074
0 0.41144886363636357 0.62025 0.04468749999999997 0.05919230769230775
0 0.3982315340909091 0.6459423076923076 0.03651988636363634 0.039038461538461564
0 0.3523366477272727 0.6576634615384616 0.061036931818181775 0.09109615384615385
0 0.36723721590909086 0.62025 0.04660511363636364 0.060499999999999964
0 0.6162357954545454 0.3812788461538461 0.03707386363636367 0.06317307692307692
0 0.8487002840909091 0.708875 0.025241477272727245 0.08174999999999999
0 0.6026775568181818 0.39207692307692305 0.03708806818181812 0.05669230769230773
0 0.5832741477272727 0.4999615384615385 0.018991477272727278 0.02988461538461537
0 0.6055894886363636 0.6111346153846153 0.035042613636363656 0.06619230769230772
0 0.6302414772727273 0.5959038461538462 0.030710227272727278 0.06030769230769233
0 0.59953125 0.5660384615384615 0.05579545454545451 0.05096153846153846
0 0.6523082386363637 0.5953173076923077 0.027258522727272725 0.05213461538461541
0 0.6388068181818182 0.5493461538461539 0.02605113636363633 0.05576923076923077
0 0.9247727272727272 0.42464423076923075 0.02136363636363631 0.03236538461538459
0 0.9041690340909092 0.4456442307692308 0.03612215909090902 0.08817307692307691
0 0.9018750000000001 0.5220961538461538 0.032556818181818124 0.07438461538461534
0 0.9830397727272726 0.7795673076923076 0.03332386363636353 0.03844230769230771
0 0.8609232954545455 0.5103846153846153 0.056477272727272716 0.07300000000000001
0 0.8815269886363637 0.550673076923077 0.030525568181818195 0.041999999999999954
0 0.8527840909090909 0.5554903846153847 0.03610795454545465 0.03375000000000002
0 0.8950071022727273 0.5833846153846154 0.03509943181818187 0.06061538461538458
0 0.8721164772727273 0.6074903846153846 0.04426136363636359 0.04959615384615389
0 0.8626988636363635 0.5854519230769231 0.032556818181818124 0.03444230769230763
0 0.8314204545454544 0.577875 0.03815340909090911 0.093673076923077
0 0.8029332386363636 0.5692692307692307 0.036122159090909184 0.03650000000000003
0 0.7884303977272729 0.5461923076923076 0.06308238636363632 0.04407692307692311
0 0.7787642045454546 0.578903846153846 0.027471590909090793 0.029615384615384682
0 0.9922798295454546 0.853625 0.015440340909090916 0.09840384615384619
0 0.8041974431818182 0.6143846153846154 0.050866477272727195 0.05373076923076923
0 0.7678267045454544 0.6037115384615385 0.03815340909090911 0.059923076923076864
0 0.7609588068181818 0.6495096153846154 0.04680397727272734 0.05648076923076924
0 0.7464630681818182 0.6102500000000001 0.0269602272727273 0.04407692307692311
0 0.7256036931818183 0.6033557692307693 0.03205965909090908 0.08401923076923076
0 0.7429048295454546 0.571 0.047315340909090835 0.03719230769230764
0 0.7512926136363638 0.5458557692307693 0.027471590909090956 0.040634615384615484
0 0.747478693181818 0.49936538461538466 0.04424715909090906 0.06200000000000002
0 0.7284019886363637 0.5296634615384616 0.026463068181818174 0.0550961538461538
0 0.7042329545454545 0.5327596153846154 0.03306818181818186 0.06267307692307687
0 0.9497230113636363 0.9230673076923077 0.033309659090909154 0.052788461538461624
0 0.7161931818181818 0.47664423076923074 0.046789772727272645 0.06336538461538459
0 0.6815980113636364 0.5503269230769231 0.03663352272727276 0.06750000000000005
0 0.6561647727272727 0.5475769230769231 0.026448863636363642 0.08953846153846154
0 0.2391477272727273 0.41196153846153843 0.021051136363636393 0.04857692307692306
0 0.20277698863636362 0.395125 0.05359375 0.051173076923076946
0 0.23460227272727271 0.3659615384615385 0.04832386363636361 0.06153846153846154
0 0.28078125000000004 0.2694423076923077 0.06795454545454546 0.05765384615384613
0 0.3195454545454545 0.23477884615384617 0.042102272727272745 0.07125000000000002
0 0.3001633522727273 0.24547115384615387 0.04353693181818179 0.05636538461538465
0 0.30566761363636363 0.1790576923076923 0.03446022727272726 0.046653846153846136
0 0.9487784090909092 0.956125 0.02005681818181819 0.033826923076923136
0 0.28126420454545453 0.15735576923076922 0.027755681818181808 0.051173076923076925
0 0.28652698863636367 0.20788461538461536 0.03444602272727273 0.04080769230769231
0 0.27097301136363633 0.19169230769230772 0.025355113636363627 0.03823076923076925
0 0.2300568181818182 0.23800961538461538 0.03159090909090911 0.05571153846153846
0 0.2578125 0.2509711538461538 0.04497159090909095 0.04925
0 0.24561079545454545 0.17096153846153847 0.04928977272727271 0.08488461538461539
0 0.2520738636363636 0.2179326923076923 0.037329545454545456 0.0440576923076923
0 0.14129261363636364 0.3458846153846154 0.045454545454545456 0.07192307692307694
0 0.11161931818181818 0.2704134615384616 0.0684375 0.08163461538461539
0 0.13961647727272727 0.2519423076923077 0.036363636363636376 0.07969230769230766
0 0.9697869318181819 0.9553557692307691 0.024232954545454467 0.05482692307692317
0 0.12693181818181817 0.20465384615384613 0.05886363636363636 0.046000000000000006
0 0.1101846590909091 0.23899038461538463 0.05886363636363637 0.07840384615384614
0 0.08506392045454546 0.10552884615384615 0.057428977272727263 0.04859615384615385
0 0.08338778409090909 0.06536538461538462 0.05120738636363637 0.0693076923076923
0 0.08242897727272727 0.145375 0.048323863636363644 0.03628846153846155
0 0.052997159090909095 0.048519230769230766 0.04880681818181818 0.052461538461538455
0 0.04941051136363636 0.09322115384615384 0.026321022727272724 0.04471153846153846
0 0.019801136363636365 0.06439423076923077 0.03960227272727273 0.06348076923076924
0 0.026924715909090905 0.10908653846153846 0.03015625 0.047942307692307694
0 0.012144886363636365 0.12463461538461539 0.02428977272727273 0.03369230769230769
0 0.9779261363636365 0.9901057692307693 0.04278409090909092 0.019788461538461578
0 0.04605823863636363 0.1382403846153846 0.03205965909090909 0.05182692307692308
0 0.07309659090909092 0.18133653846153847 0.036363636363636376 0.05636538461538462
0 0.0372159090909091 0.18100000000000002 0.04019886363636364 0.049230769230769245
0 0.016690340909090908 0.15735576923076924 0.033380681818181816 0.04728846153846154
0 0.6355610795454546 0.4959230769230769 0.04223011363636366 0.09365384615384618
0 0.6739701704545454 0.4883461538461538 0.046803977272727254 0.06200000000000002
0 0.6907528409090908 0.45219230769230767 0.027471590909090873 0.0241153846153846
0 0.6625213068181819 0.4401346153846154 0.034076704545454556 0.045461538461538435
0 0.6752414772727273 0.416375 0.040198863636363574 0.054403846153846136
0 0.6798224431818182 0.3953653846153846 0.03916193181818181 0.04684615384615387
0 0.9884943181818181 0.9702211538461538 0.0230113636363637 0.05075000000000008
0 0.6988991477272727 0.3902019230769231 0.03663352272727276 0.04751923076923073
0 0.7151775568181818 0.42911538461538457 0.04171874999999992 0.04130769230769229
0 0.7327272727272726 0.3926153846153846 0.06664772727272722 0.07299999999999995
0 0.6287926136363636 0.31302884615384613 0.03624999999999998 0.04178846153846152
0 0.6354332386363637 0.26395192307692306 0.04953124999999992 0.08844230769230768
0 0.6781463068181818 0.2537403846153846 0.04450284090909089 0.053442307692307706
0 0.699140625 0.266125 0.02836647727272731 0.05005769230769231
0 0.6571448863636363 0.2581057692307692 0.030511363636363663 0.06609615384615386
0 0.682265625 0.30209615384615385 0.05061079545454545 0.0422692307692308
0 0.6483522727272727 0.3397596153846154 0.05241477272727269 0.06317307692307692
0 0.8263139204545453 0.5128365384615385 0.021434659090909136 0.028134615384615376
0 0.9069460227272728 0.9443461538461538 0.03028409090909082 0.037923076923076976
0 0.6917826704545454 0.33247115384615383 0.047372159090909124 0.051519230769230755
0 0.7874431818181816 0.28095192307692307 0.049886363636363645 0.07971153846153844
0 0.7962357954545454 0.30087499999999995 0.04593750000000005 0.0660961538461538
0 0.8154403409090908 0.331 0.051335227272727255 0.06511538461538464
0 0.836796875 0.30525 0.04379261363636353 0.08357692307692309
0 0.8192116477272727 0.2445 0.04092329545454538 0.05053846153846154
0 0.8549289772727271 0.2901826923076923 0.048465909090909094 0.09428846153846154
0 0.8441619318181818 0.22312500000000002 0.032670454545454544 0.041788461538461545
0 0.87484375 0.2719615384615385 0.04522727272727261 0.10350000000000001
0 0.8911789772727274 0.26005769230769227 0.051335227272727255 0.07969230769230766
0 0.9072514204545453 0.9813942307692308 0.023309659090909044 0.0365961538461539
0 0.8999786931818182 0.23454807692307694 0.06532670454545456 0.05005769230769228
0 0.9815767045454545 0.24984615384615383 0.03684659090909099 0.07580769230769231
0 0.9851633522727273 0.1951826923076923 0.029673295454545435 0.05782692307692309
0 0.9593821022727272 0.21679807692307693 0.03194602272727274 0.06317307692307692
0 0.9254545454545454 0.2119423076923077 0.042357954545454456 0.06415384615384616
0 0.9448650568181818 0.15910576923076922 0.04348011363636366 0.07144230769230771
0 0.981825284090909 0.027971153846153847 0.036349431818181864 0.055942307692307694
0 0.8618252840909091 0.045384615384615384 0.06421875000000005 0.07565384615384615
0 0.8307599431818182 0.02325 0.053792613636363645 0.0465
0 0.7938565340909091 0.07671153846153846 0.040042613636363716 0.09653846153846153
0 0.8921448863636363 0.9616538461538462 0.022784090909091018 0.04161538461538459
0 0.7623721590909092 0.04171153846153846 0.03627840909090904 0.04684615384615384
0 0.7663778409090909 0.09166346153846154 0.06596590909090917 0.05690384615384616
0 0.7348508522727273 0.06005769230769231 0.03328124999999993 0.061653846153846156
0 0.7853551136363636 0.13079807692307693 0.05954545454545465 0.046634615384615385
0 0.7462357954545454 0.11222115384615385 0.03153409090909098 0.030019230769230767
0 0.7535369318181818 0.14501923076923076 0.03911931818181813 0.03715384615384614
0 0.7129616477272727 0.11222115384615385 0.0443607954545454 0.08694230769230768
0 0.6849360795454545 0.10747115384615386 0.03853693181818181 0.05848076923076924
0 0.6449502840909092 0.09285576923076923 0.05078125 0.06244230769230769
0 0.7018678977272728 0.027259615384615386 0.05720170454545452 0.05451923076923077
0 0.8863139204545455 0.9878557692307691 0.036576704545454544 0.022250000000000096
0 0.7071235795454546 0.057692307692307696 0.029190340909090843 0.033192307692307695
0 0.6723863636363636 0.04029807692307692 0.04261363636363636 0.08059615384615385
0 0.6484517045454545 0.025288461538461537 0.03911931818181813 0.050576923076923075
0 0.6102130681818182 0.03714423076923077 0.04553977272727273 0.07428846153846154
0 0.37404119318181817 0.21882692307692306 0.03748579545454544 0.05230769230769231
0 0.3881676136363636 0.18564423076923076 0.038068181818181834 0.029673076923076937
0 0.40229403409090914 0.2071153846153846 0.02134943181818186 0.057
0 0.39220170454545455 0.24225 0.02883522727272729 0.05388461538461538
0 0.4911008522727273 0.15714423076923079 0.039786931818181805 0.05544230769230769
0 0.44900568181818185 0.023634615384615386 0.05940340909090908 0.04607692307692308
0 0.8622017045454545 0.9684807692307693 0.04451704545454534 0.06242307692307699
0 0.39941051136363637 0.020990384615384612 0.05132102272727272 0.041980769230769224
0 0.01768465909090909 0.6206634615384615 0.03536931818181818 0.06886538461538462
0 0.06782670454545454 0.5462211538461539 0.03875 0.04590384615384616
0 0.09519176136363637 0.5331057692307692 0.034389204545454556 0.04459615384615384
0 0.35843749999999996 0.41432692307692304 0.04579545454545452 0.04719230769230768
0 0.26571022727272725 0.39608653846153846 0.035880681818181805 0.05959615384615386
0 0.2822159090909091 0.40613461538461537 0.04306818181818181 0.081
0 0.28269176136363633 0.4728653846153846 0.05072443181818183 0.07192307692307688
0 0.2532670454545455 0.43788461538461537 0.01963068181818185 0.029153846153846148
0 0.24608664772727273 0.5185384615384615 0.05791193181818179 0.07126923076923078
0 0.693984375 0.7987788461538462 0.03498579545454545 0.04563461538461542
0 0.24871448863636364 0.45990384615384616 0.03828124999999998 0.04988461538461538
0 0.22502840909090913 0.4893846153846154 0.02440340909090906 0.08034615384615384
0 0.15876420454545453 0.4262115384615385 0.05838068181818181 0.053769230769230784
0 0.15899857954545454 0.4663846153846154 0.06078125000000001 0.05896153846153851
0 0.19703835227272729 0.4275096153846154 0.026803977272727278 0.03951923076923079
0 0.2023011363636364 0.4725384615384616 0.037329545454545456 0.0699615384615385
0 0.22049005681818185 0.4336730769230769 0.023934659090909083 0.03369230769230771
0 0.6747443181818181 0.8334423076923076 0.04548295454545452 0.051230769230769205
0 0.7100213068181819 0.9839807692307692 0.03990056818181815 0.032038461538461585
0 0.6793963068181817 0.9869615384615386 0.025127840909090905 0.02607692307692308
0 0.6809588068181818 0.9532884615384616 0.035184659090909065 0.0446538461538461
0 0.9847443181818182 0.6030096153846154 0.030511363636363663 0.09944230769230776
0 0.6447017045454545 0.9370096153846154 0.04343750000000006 0.09032692307692312
0 0.6188423295454545 0.8922019230769231 0.06205965909090909 0.03571153846153845
0 0.6110866477272728 0.9209038461538461 0.025866477272727242 0.02030769230769231
0 0.6144460227272727 0.9471730769230768 0.030511363636363663 0.037807692307692355
0 0.6188423295454545 0.9781346153846153 0.03723011363636361 0.04373076923076925
0 0.5888494318181818 0.9394615384615385 0.02792613636363632 0.0756153846153846
0 0.5914346590909091 0.984971153846154 0.03931818181818183 0.029403846153846194
0 0.5728125 0.9538173076923078 0.02482954545454548 0.04271153846153842
0 0.5712642045454545 0.902701923076923 0.031022727272727237 0.04690384615384624
0 0.5580752840909091 0.9296634615384615 0.028451704545454506 0.05321153846153849
0 0.9887997159090909 0.6786730769230769 0.022400568181818157 0.07015384615384608
0 0.5358380681818182 0.902701923076923 0.052244318181818225 0.05671153846153837
0 0.5580752840909091 0.979375 0.03154829545454551 0.03921153846153855
0 0.5417826704545454 0.9503173076923076 0.03205965909090908 0.0455192307692308
0 0.5280823863636364 0.9784807692307692 0.03775568181818179 0.04303846153846153
0 0.5097159090909091 0.9636250000000001 0.03826704545454545 0.07071153846153853
0 0.4825639204545455 0.9489230769230769 0.056377840909090905 0.051115384615384694
0 0.47687500000000005 0.9854903846153847 0.035681818181818106 0.02901923076923072
0 0.4484303977272727 0.9860192307692308 0.054303977272727295 0.027307692307692394
0 0.03188920454545455 0.719576923076923 0.024005681818181815 0.03042307692307691
0 0.06152698863636363 0.7863269230769231 0.021974431818181817 0.029730769230769193
0 0.904140625 0.739375 0.025241477272727245 0.04271153846153842
0 0.05794744318181819 0.7631538461538462 0.032173295454545454 0.03596153846153844
0 0.05871448863636364 0.7178461538461538 0.03166193181818181 0.026961538461538537
0 0.06612215909090909 0.8195192307692307 0.042414772727272725 0.04634615384615378
0 0.023991477272727272 0.8302403846153846 0.047982954545454544 0.05117307692307684
0 0.03214488636363637 0.8821153846153846 0.061306818181818185 0.07192307692307688
0 0.05462357954545454 0.8669038461538461 0.038821022727272725 0.05257692307692303
0 0.10290482954545453 0.8433942307692309 0.0791903409090909 0.06501923076923077
0 0.0862997159090909 0.7852884615384615 0.039843750000000004 0.055346153846153906
0 0.10928977272727272 0.7576153846153846 0.06232954545454545 0.04011538461538464
0 0.119765625 0.7164615384615385 0.053650568181818174 0.04634615384615389
0 0.8915198863636363 0.7805673076923076 0.08201704545454547 0.05917307692307689
0 0.07608664772727272 0.7347884615384616 0.037798295454545466 0.034576923076923005
0 0.1212997159090909 0.6919134615384614 0.037286931818181816 0.05255769230769228
0 0.08885653409090909 0.7029807692307692 0.02862215909090909 0.03873076923076921
0 0.07123579545454546 0.6846538461538462 0.034232954545454546 0.04911538461538466
0 0.04341619318181818 0.6745769230769231 0.025326704545454545 0.06680769230769222
0 0.07946732954545455 0.6612211538461539 0.05964488636363636 0.06332692307692309
0 0.10435369318181818 0.6533653846153846 0.04592329545454545 0.059269230769230866
0 0.1480752840909091 0.8014230769230769 0.041548295454545456 0.11592307692307686
0 0.17923295454545454 0.8456057692307691 0.03178977272727274 0.05625
0 0.16206676136363637 0.8797884615384616 0.04274147727272726 0.05253846153846153
0 0.8719105113636364 0.7375480769230769 0.03830965909090897 0.04636538461538453
0 0.1405255681818182 0.8961730769230769 0.055198863636363636 0.06411538461538467
0 0.23196022727272728 0.93075 0.02931818181818184 0.028923076923076853
0 0.2298721590909091 0.9514423076923076 0.01926136363636364 0.026076923076922973
0 0.23762073863636368 0.9805384615384616 0.0364346590909091 0.03892307692307694
0 0.24200994318181818 0.960798076923077 0.025127840909090905 0.03232692307692308
0 0.2669318181818182 0.9813846153846154 0.04647727272727273 0.037230769230769255
0 0.2493465909090909 0.9775192307692308 0.02386363636363638 0.0238076923076923
0 0.26064630681818185 0.9505865384615385 0.03475852272727273 0.036865384615384536
0 0.25269176136363636 0.9114615384615384 0.03475852272727273 0.045923076923076914
0 0.19657670454545453 0.9542692307692309 0.02386363636363634 0.04988461538461538
0 0.9068394886363635 0.6765384615384614 0.03424715909090911 0.06834615384615389
0 0.2286150568181818 0.8879423076923078 0.027627840909090894 0.06349999999999996
0 0.1936434659090909 0.8992788461538461 0.04563920454545452 0.06690384615384608
0 0.15720880681818183 0.9437788461538461 0.07663352272727274 0.07086538461538466
0 0.1856889204545455 0.9879134615384616 0.01884943181818183 0.024173076923076908
0 0.16056107954545454 0.9786538461538461 0.0364346590909091 0.04196153846153834
0 0.32556107954545455 0.7908653846153846 0.053792613636363645 0.054884615384615316
0 0.33425426136363634 0.82475 0.05046875 0.05880769230769239
0 0.4900071022727273 0.5924903846153846 0.048167613636363675 0.05532692307692315
0 0.49560369318181813 0.6856923076923077 0.056434659090909035 0.062576923076923
0 0.47151988636363634 0.6787692307692308 0.03940340909090911 0.05399999999999997
0 0.8919673295454544 0.7039903846153847 0.02163352272727259 0.037826923076923105
0 0.4493821022727273 0.6669230769230768 0.02529829545454546 0.0368846153846154
0 0.4508451704545454 0.7008365384615385 0.017514204545454524 0.03755769230769226
0 0.5152982954545454 0.7485865384615384 0.042329545454545474 0.07113461538461541
0 0.5055752840909091 0.8144423076923076 0.05205965909090906 0.07903846153846159
0 0.4768678977272728 0.8022692307692307 0.024815340909090867 0.05861538461538465
0 0.48975852272727277 0.7703173076923077 0.022386363636363624 0.03821153846153847
0 0.49 0.7304807692307693 0.03161931818181817 0.04280769230769229
0 0.45959517045454545 0.7314615384615385 0.030156250000000027 0.04215384615384619
0 0.47078835227272725 0.7538557692307692 0.02626420454545456 0.03951923076923068
0 0.44597301136363643 0.7759134615384616 0.03600852272727268 0.05071153846153847
